3000
3
8.314480,241.694349,37.978999
8.240860,241.566001,37.786234
8.218113,241.582381,37.667005
8.257487,241.478063,37.336815
8.255249,241.489971,37.235114
8.225921,241.444808,37.052663
8.367337,241.257700,37.079723
8.382480,241.243843,37.175712
8.681875,241.248041,37.542730
8.704276,241.228837,37.652780
8.751234,241.081895,37.663292
9.124775,241.079980,38.437757
9.268226,240.999672,38.378759
9.225551,240.791533,38.407592
9.252418,240.764676,38.506519
9.276897,240.737205,38.622180
9.299341,240.701856,38.716824
9.309903,240.671160,38.818861
9.312860,240.581566,39.141514
9.328812,240.499307,39.166830
9.314830,240.163070,39.473426
9.373787,239.935265,39.764146
9.313052,239.578366,39.831670
9.635767,239.361391,40.027071
9.630828,239.309302,40.086627
9.666425,239.254860,40.224365
9.750414,239.140444,40.333129
9.858662,239.039257,40.301364
9.870347,238.972162,40.342410
9.879010,238.825450,40.418478
9.953078,238.727578,40.687488
9.984147,238.716658,40.946927
10.045430,238.715006,41.078568
10.055256,238.770690,41.333007
10.056867,238.799807,41.352745
10.043890,238.711235,41.410478
10.058247,238.730640,41.478845
10.361937,238.778924,41.730288
10.365753,238.774273,42.114949
10.396572,238.640590,42.736162
10.461792,238.569903,42.899304
10.828791,238.664062,43.263224
11.036411,238.660933,43.362910
11.417965,238.715715,43.575872
11.517801,238.616176,43.839240
11.706024,238.646305,43.926027
11.738984,238.603805,44.047722
11.744431,238.577375,44.164931
11.836343,238.445483,44.372729
11.876766,238.402932,44.443542
11.880967,238.408855,44.443641
11.870717,238.423521,44.470287
11.855690,238.419635,44.716617
12.170498,238.340874,44.724649
12.390757,238.412471,44.666649
12.454592,238.344033,44.813609
12.427531,238.286704,45.454436
12.419680,238.298293,45.464811
12.441853,238.260531,45.344041
12.431809,238.316637,45.469590
13.034075,238.394917,45.843144
13.080160,238.428281,46.209725
13.358794,238.315765,46.675957
13.384153,238.312724,46.710573
13.428456,238.320628,46.778834
13.506358,238.404407,47.032049
13.652571,238.271576,47.320028
13.680229,238.326493,47.411351
14.108614,238.443488,47.473189
14.241913,238.432526,47.666114
14.627770,238.680877,47.756965
14.645269,238.626667,47.885447
14.666469,238.634295,48.001971
14.890614,238.513528,48.513502
14.992335,238.429645,48.916926
14.999132,238.328595,49.044163
15.019098,238.157930,49.504483
15.052029,238.139564,49.679632
15.491343,238.174201,49.686840
15.522209,238.145518,49.890375
15.787897,238.134900,49.945196
15.764259,237.897363,50.029987
16.442629,238.022280,49.868827
16.727224,237.830094,50.040555
16.775640,237.606635,50.044605
16.815238,237.569694,50.218023
17.072963,237.642965,50.439477
17.119221,237.392944,50.475504
17.175081,237.391577,50.614724
17.189569,237.163494,50.516593
17.225263,237.124596,50.665758
17.675597,237.131521,50.612360
17.828564,236.968392,50.903482
18.015342,236.969478,50.875232
18.270105,236.961896,51.003657
18.348829,236.928267,51.222050
18.335241,236.906669,51.257787
18.476804,236.772678,51.196877
18.622296,236.427075,51.740431
18.598505,236.428672,51.797213
18.810157,236.197688,52.178587
19.061296,236.172629,52.704776
19.143801,236.070163,53.065620
19.352552,235.996878,52.764154
20.024043,235.950800,52.887512
20.062471,235.919381,52.852986
20.345467,235.915889,52.791411
20.434029,235.837438,52.259793
20.539766,235.886984,52.053593
20.831135,235.627752,52.159262
21.568345,235.530628,52.003792
21.790926,235.456260,51.943092
21.875083,235.572884,51.969541
21.980455,235.515179,51.744706
22.160149,235.434815,51.677521
22.903360,235.358391,51.485484
23.092564,235.440516,51.398711
23.301903,235.297702,51.372639
24.041869,235.185399,52.008258
24.812343,235.156569,51.936608
24.968587,235.118215,51.920152
25.069296,235.037560,51.731910
25.455077,235.187518,51.850731
26.498517,235.364973,51.527638
26.557778,235.322574,51.380166
26.764004,235.186421,51.718779
26.948114,235.199101,51.461475
27.104049,235.363405,51.505960
27.110749,235.262140,51.310924
27.868302,235.126187,51.358792
28.023154,235.058985,51.093632
28.642727,234.959924,51.240629
28.882391,234.853061,51.118862
28.990991,234.517617,51.009675
29.329503,234.388158,50.525118
29.994648,234.323121,50.868376
29.884276,234.136257,50.765555
30.159700,234.169125,50.748450
30.513088,234.248542,50.569506
30.695787,233.798891,49.867649
30.814514,233.723828,49.439433
31.420178,233.804729,49.781261
31.675105,233.650051,49.804565
32.106695,233.742860,49.531631
32.148477,233.729232,49.366985
32.651354,233.776959,49.234819
32.966220,233.868313,48.443465
33.102298,233.748955,48.565522
33.232255,233.765336,48.431371
33.561023,233.792578,47.498721
33.686986,233.884367,47.117110
34.272041,233.412992,46.854699
34.428833,233.561822,46.493836
34.481057,233.526665,46.279046
35.076888,233.358709,45.739981
35.066694,233.323195,45.637144
35.330224,233.257386,45.624028
35.540410,233.391995,45.472553
35.693647,233.393734,45.664575
35.694119,233.393577,45.664046
36.939020,232.967730,45.818296
37.097716,232.869234,45.628518
37.097265,232.864166,45.617730
37.115336,232.831337,45.534790
38.256893,232.964440,45.176235
38.255114,232.950739,45.164347
38.408144,232.970929,44.784205
39.175988,232.952979,44.666286
39.254524,232.885183,44.389977
39.951070,232.848934,44.435205
39.838218,232.584547,44.514478
40.167141,232.951307,44.326178
40.437086,232.819069,44.195874
40.735100,232.645513,44.278117
41.082699,232.474975,44.541458
41.277800,232.380426,44.765120
41.358639,232.381639,44.757025
41.413048,232.375406,44.745833
41.747630,232.066629,45.218905
41.968156,232.140720,45.576855
41.858624,231.800196,45.598568
43.506529,231.915605,45.257775
44.588924,232.030934,44.962080
44.616535,232.072801,45.012318
44.617089,232.072862,45.012318
46.123597,231.987515,43.861094
46.124131,231.987596,43.861082
46.133905,232.015896,43.884958
47.426213,231.882660,43.639201
47.426749,231.882761,43.639179
47.817919,231.872845,43.995078
48.761204,231.968813,43.738961
49.178146,231.649431,43.423155
50.154803,231.932970,43.120709
51.540903,231.820298,41.684111
51.542980,231.820836,41.689424
51.556446,231.811534,41.727015
52.278344,231.550915,41.762233
52.548679,231.874612,42.003741
53.330988,232.083635,41.888825
54.336359,232.023449,41.781467
54.400206,232.092835,41.569981
54.521966,232.099361,41.639462
54.948959,232.110022,41.660395
55.851229,231.781986,42.058360
56.184354,231.702918,42.241208
56.184918,231.703010,42.241187
56.186425,231.710117,42.228436
56.691432,231.596240,41.949007
56.727409,231.635909,42.005238
57.084020,231.511543,42.256614
57.240444,231.592688,41.863688
57.959883,231.898355,41.296755
58.019604,231.939822,41.199636
58.049468,231.908747,41.253455
58.502109,231.564441,40.526300
59.154302,231.722979,40.097514
59.487903,231.617632,40.349835
60.289263,231.620676,40.633120
60.290096,231.618875,40.637116
60.943650,232.143437,41.058842
61.407733,232.058497,41.270361
61.410148,232.060657,41.277359
62.490297,232.766591,41.392788
63.427263,232.528948,41.411901
63.659446,232.583608,41.349179
64.953118,232.646213,41.391415
65.287763,232.525756,41.645877
65.294017,232.540527,41.697646
65.973005,232.789381,42.166227
66.672545,232.527131,42.609252
66.772176,232.524309,42.710109
67.091788,232.410485,42.946783
69.201363,232.901669,42.425365
69.248993,232.958832,42.477930
70.693409,232.717193,42.449407
71.921851,232.698624,42.190669
72.210449,232.619488,42.117202
73.222223,232.588093,41.826784
73.023928,232.199679,41.688129
75.440920,232.406290,41.460457
75.441850,232.407640,41.458145
76.401684,232.390735,42.366286
76.401437,232.390245,42.381667
76.402019,232.386527,42.393759
76.407169,232.387445,42.350011
76.735489,232.253635,42.307125
78.458831,232.230135,42.970624
79.397928,232.037793,42.539632
79.743500,231.877970,42.776570
79.896958,231.396591,42.752344
80.467208,230.925017,42.598941
81.392649,230.887013,43.120141
81.779957,230.619544,42.789775
81.781367,230.615040,42.803993
82.293219,230.240899,41.971559
82.378692,230.282075,41.991594
83.138537,230.073876,41.432029
84.138097,229.923961,41.977491
84.143164,229.925522,41.990596
84.360213,229.971128,41.936132
84.680520,229.933523,41.802705
84.929016,230.030006,41.673462
86.039284,229.831975,41.903756
86.605157,229.701508,42.283574
86.603234,229.691048,42.265292
86.603038,229.686883,42.249660
87.280251,229.572839,42.305400
87.275357,229.561383,42.287649
87.561275,229.356305,41.474214
87.878188,228.842153,41.666408
88.158094,228.887109,41.591148
88.218736,228.864806,41.468155
88.998830,229.002758,41.509216
89.306273,229.110154,41.335887
89.607977,228.917729,41.349037
89.846557,229.029661,40.809372
90.093148,228.976706,40.602101
90.376420,228.797728,39.956383
91.071832,228.868116,39.777383
92.039586,228.477137,38.930939
92.471128,228.586710,39.389015
92.970444,228.714977,39.392281
92.946774,228.646895,39.354689
94.252281,228.735074,39.368911
94.277040,228.699098,39.304593
94.803985,228.771374,39.496856
95.044650,228.631453,38.739183
96.033082,228.613320,37.950516
96.274177,228.418667,38.120545
97.811448,228.494369,38.055533
99.108700,228.483297,38.144404
99.354624,228.580373,38.007403
100.479010,228.457310,37.721568
101.563420,228.651345,38.023054
101.597520,228.626345,37.902675
101.599056,228.629625,37.898020
102.159474,228.529872,37.956053
102.417501,228.624232,37.822698
102.707884,228.700097,37.796961
102.950446,228.550699,37.547337
103.671037,228.491828,37.727596
104.266724,228.345889,37.686116
104.908466,228.217544,37.860869
105.755491,228.033177,37.812803
106.013673,228.168774,37.908940
106.014532,228.168661,37.909176
106.985408,228.126129,38.056087
107.591938,228.099812,38.095323
107.838336,227.962400,38.247990
108.809114,228.001548,38.158305
109.891614,227.728461,38.251183
109.895630,227.678676,38.237778
110.420811,227.726132,38.231379
110.792304,227.700007,38.349418
111.200789,227.790141,38.698627
111.440699,227.842640,38.867881
111.995994,228.015729,38.423423
112.520428,228.034882,38.787214
112.180969,227.727870,38.611472
113.001582,227.388503,38.912380
113.005290,227.348930,38.937356
113.398682,227.312548,38.949308
113.668410,227.266790,38.537499
113.978745,226.822414,38.774854
114.409457,226.572870,39.052819
115.414135,226.154101,39.634344
115.487148,225.973447,39.796513
115.566308,226.031390,39.834033
115.566988,226.039556,39.869548
116.461132,225.922613,39.853398
116.990144,225.850727,40.025651
116.993145,225.855417,40.043984
117.406483,225.766249,40.411595
117.407581,225.766574,40.413658
117.960970,225.823543,40.838346
118.212050,225.607361,40.975451
118.213316,225.608327,40.981644
118.436403,225.442267,40.402391
118.840044,225.368260,40.440299
119.251891,225.195918,40.620014
119.513038,225.003065,40.829959
119.603143,225.053423,40.742690
121.032399,225.432042,40.671916
121.402605,225.478278,40.543595
121.416351,225.497329,40.535967
121.852303,225.262139,39.923603
122.347727,224.941376,39.687305
122.422990,224.873359,39.766492
122.529851,224.719297,39.660672
122.685853,224.459083,39.497636
123.252647,224.511005,39.164160
123.368078,224.340733,38.869811
123.796554,224.255253,38.780195
124.084673,224.379345,38.645585
124.538591,224.537912,38.580273
124.820103,224.496050,38.615146
125.438894,224.290957,38.653867
125.710434,224.288502,38.328750
126.638548,223.819009,38.562590
126.836389,223.861204,38.521516
127.332490,223.923107,38.488451
127.386812,223.806169,38.230460
128.236210,223.611814,37.903935
128.314370,223.338675,37.622264
129.319533,223.326028,37.587500
129.654467,223.242578,37.769991
129.670381,223.210123,37.652938
130.178996,222.789602,37.882606
130.341709,222.719189,37.547223
130.341795,222.715659,37.548171
130.945951,222.344112,38.006377
131.459174,222.337461,38.041163
132.352033,221.890845,37.914394
132.567047,221.949493,37.849052
132.610033,221.968697,37.893487
133.034782,221.741507,37.955308
133.243320,221.638511,37.996329
133.378806,221.623576,37.604688
133.414478,221.639430,37.645108
133.884486,221.616580,37.493083
134.296829,221.388110,37.154901
134.605528,221.294065,37.002298
135.531895,220.931570,36.971142
135.749683,220.969726,36.953978
135.766426,220.880631,37.047307
136.090850,220.992046,36.957943
136.206871,220.603197,37.039435
136.704115,220.306397,36.999281
137.483033,220.039369,37.124235
137.862761,219.953185,37.179608
138.205907,219.697966,36.980145
138.396482,219.435605,37.028962
138.890122,219.333972,36.937749
139.037850,219.199317,36.764642
139.154815,219.051351,36.380163
139.742847,218.470949,36.160328
139.953367,218.534626,36.141911
140.441796,218.462525,35.606627
140.885339,218.363475,35.538731
140.881102,218.363550,35.481276
141.053364,218.373420,35.386474
141.059376,218.368744,35.383817
141.026319,218.189214,35.300663
141.469632,218.006725,34.738636
141.472035,218.003084,34.737689
141.745571,217.595581,34.846387
142.074318,217.475492,34.677593
143.222204,216.939881,34.015835
143.226074,216.901581,34.051687
143.348842,216.567872,34.055281
143.405852,216.553927,34.073631
143.770142,216.468072,34.062706
144.234067,216.132908,34.002046
144.325581,215.888524,33.894111
144.322034,215.563235,33.979580
144.378749,215.546328,33.889793
144.863031,215.572925,33.792981
144.900535,215.588043,33.779632
145.091222,215.535884,33.670437
145.456492,215.263397,33.353046
145.615437,214.950390,33.223534
146.001683,214.629109,33.391592
146.242463,214.441199,33.270553
146.615884,214.293976,32.967512
147.339475,213.988591,32.979422
147.804045,213.961535,33.016363
148.413330,213.934293,32.928162
148.171204,213.562503,32.742129
148.561080,212.655667,32.825596
148.448146,212.564618,32.802354
148.339543,212.316679,32.798912
148.350926,212.038292,32.878351
148.283847,211.687963,32.955467
148.324214,211.572162,33.042545
148.208450,211.271300,32.707739
148.244880,211.148605,32.734212
148.100407,211.142732,32.751953
147.734854,210.561462,32.818606
147.681865,210.292501,32.689258
147.578527,210.263175,32.695955
147.260490,210.163622,32.773673
147.091374,209.531356,32.828900
146.957574,209.003165,32.726343
146.600173,208.646894,32.519253
146.204223,208.151751,32.535747
146.083948,208.117659,32.386283
145.644141,207.316498,32.056878
145.589265,207.276559,32.206530
145.392246,206.473646,32.084570
145.288087,206.306447,32.032621
145.094992,206.048712,32.245343
144.787829,205.672427,32.167663
144.668122,205.606374,32.224362
144.682623,205.384411,32.124974
144.717904,205.273019,32.173887
144.739617,205.052466,32.236346
144.629365,204.171626,32.613839
144.069210,203.623884,32.773441
144.175173,203.493706,32.855265
143.582173,203.378513,32.758476
143.535651,203.387073,32.745399
143.035272,202.512411,32.610745
143.121481,201.896196,32.299236
143.031737,201.871256,32.292379
142.867040,201.782178,32.232415
142.878968,201.559764,32.373107
142.851884,201.332338,32.260402
142.689318,200.914783,32.318072
142.583089,200.325806,31.884902
142.247447,199.339647,32.033221
142.092928,199.242830,32.034530
141.821577,198.534171,32.027912
141.582066,198.440790,31.856640
141.469644,198.438672,31.887378
140.684885,196.405219,31.678311
140.939241,195.573251,31.402763
140.576415,195.019292,31.406354
140.529396,194.980060,31.461465
140.337426,194.213722,31.652021
140.180442,193.944426,31.849083
139.480737,193.075977,31.767052
139.457675,193.083413,31.785079
139.152229,192.800791,31.948516
138.716626,192.614409,31.907051
138.432011,192.320169,31.791452
138.283080,192.212608,31.774681
138.198534,191.919240,31.734875
137.897490,191.382154,31.623802
137.790019,191.207627,31.285116
136.529421,190.166298,29.735020
136.335216,189.816465,29.800457
136.083839,189.686695,29.861261
135.665821,189.070954,29.309681
135.489604,189.002252,29.401205
135.623060,188.514521,29.466515
134.915006,188.077271,29.534614
134.763427,187.125717,28.985307
134.361016,185.850084,28.968479
133.600443,185.520208,28.745016
133.408851,185.258458,28.863455
133.168546,185.095593,28.905714
133.165975,185.096425,28.903915
132.913663,184.864737,28.583137
131.844577,184.100206,28.649127
131.714051,183.563978,28.640117
131.133880,182.710933,28.199364
131.132678,182.710343,28.199340
131.164537,182.667843,28.168698
130.259168,181.248402,28.188200
130.114447,181.014628,28.199089
129.481466,180.581720,28.369895
128.206653,179.881111,28.434852
127.902284,179.345306,28.557039
127.606970,178.799102,28.491177
127.605994,178.798395,28.491288
127.911054,178.643438,28.588457
127.562306,178.038511,28.299015
127.323500,177.449042,28.261141
127.368666,177.276229,28.071883
127.408143,177.192066,28.054857
127.440361,176.785185,28.237555
127.439417,176.784414,28.237602
127.546959,176.375379,28.307874
127.316840,176.360331,28.307097
126.686059,175.535845,28.236344
126.492774,175.390057,28.118624
125.491761,174.817248,27.825820
125.346493,174.711236,27.656185
125.271727,174.740871,27.683274
125.113660,174.306403,27.897225
125.112662,174.305788,27.897019
124.677846,173.644247,27.670144
124.450139,173.435095,27.402039
124.259885,173.103297,27.451909
123.448384,172.756893,26.862825
122.613454,171.763821,26.821238
122.621480,171.756257,26.813727
122.636478,171.697091,26.779921
122.635868,171.696116,26.779464
121.964876,170.772901,26.527522
121.629273,170.164942,26.419390
121.145715,169.867782,26.513953
120.891515,169.695048,26.566316
120.420709,169.255666,26.580086
119.281842,168.250871,26.153751
118.966055,167.847003,25.963312
118.116141,166.755169,25.378710
117.176574,166.555839,25.037711
117.031344,166.502794,25.023084
117.029895,166.502763,25.023122
117.020883,166.511130,25.027822
116.196670,166.212165,24.814979
116.018426,165.904463,24.892885
114.979777,164.767475,24.907377
114.711616,164.336057,25.066855
114.072476,163.848005,25.030336
113.975472,163.518537,25.039273
113.601399,162.786842,24.900639
112.921236,162.696953,25.032331
112.625527,162.588754,24.853756
112.125278,162.160089,24.977533
110.824737,161.651491,24.840603
110.479232,160.837066,25.387972
109.361165,160.205899,25.353240
107.367062,157.949925,25.008035
106.981432,157.307392,25.013955
106.980352,157.307144,25.014146
106.571858,157.212869,25.098180
106.162951,157.140931,25.089564
105.830082,156.956546,25.064611
104.984511,156.719308,25.114547
104.983423,156.719059,25.114425
104.581259,156.057142,24.983661
104.013713,155.180178,24.965833
103.280018,155.033028,24.984863
102.634105,154.631819,25.107671
102.633179,154.631443,25.107598
102.066178,154.199657,25.111251
102.061835,154.197707,25.141642
102.027632,154.204725,25.121769
102.103897,154.141292,25.150151
101.457720,153.129066,25.180330
101.442172,153.133429,25.198397
100.977853,152.553624,25.073755
100.299316,151.997683,25.029701
99.845978,151.898268,24.881477
99.417283,151.650993,24.823157
97.734650,150.176596,24.891402
97.403704,148.882142,24.898434
96.805332,148.143189,24.621087
96.044815,147.807162,24.036750
93.803970,146.397354,24.226105
92.301290,145.325710,23.902405
92.229639,145.136905,23.996218
90.930647,144.437025,24.340782
90.736577,144.383758,23.986652
90.602688,144.049928,24.046300
89.836817,143.339831,23.950787
89.837879,143.336646,23.952779
89.822940,143.333489,23.955900
89.661378,142.743654,23.774956
89.189630,142.187978,23.670001
89.195035,142.181853,23.659909
89.199963,142.172549,23.666064
88.582889,141.272008,23.923010
88.146382,140.521962,23.823202
87.712847,140.218408,23.964414
87.676134,139.838558,24.302075
87.469036,139.182933,24.563880
87.468462,139.182197,24.564337
87.455243,139.150905,24.546240
87.533513,139.083529,24.581108
86.300832,137.671733,25.151031
86.252184,137.692875,25.130671
85.497865,137.086912,25.290841
84.544177,136.130293,25.250526
83.363068,134.946735,25.597740
82.752786,134.475997,25.802650
81.084923,132.479660,25.822516
79.978435,131.441145,26.079644
79.919356,131.446637,26.090436
77.242033,129.528287,26.405929
77.228896,129.509163,26.432021
76.685198,128.848729,26.588015
76.488880,128.457455,26.033297
76.271981,127.790118,26.413108
75.703754,127.204899,25.851066
75.703154,127.202122,25.861305
75.126705,126.525204,25.678768
75.163501,126.484484,25.607506
75.054057,126.429835,25.644386
74.349496,125.159992,25.979353
74.246690,125.142395,25.868204
72.978065,124.190576,26.309655
72.506961,123.444194,26.194560
72.286822,123.337814,26.220015
72.029690,123.378012,26.232369
71.991820,123.259279,26.037976
71.284454,121.910123,25.654698
71.197777,121.393866,25.688067
71.162348,121.400993,25.640872
71.025453,120.900247,25.438914
70.710034,120.965559,25.492842
69.117717,119.496565,25.186051
69.078103,118.868236,25.051016
68.682224,118.678172,25.428465
68.762632,118.635895,25.396337
68.595380,117.874047,25.449471
68.584614,117.642802,25.560377
67.785112,117.110114,25.722470
67.811182,117.118567,25.700176
67.711114,116.883880,25.406751
67.351547,116.288833,25.185140
67.303519,116.283592,25.168298
66.585789,115.631770,24.884583
65.885390,115.217438,24.328964
66.182875,115.205266,24.281588
65.736187,114.589945,24.311698
65.712822,114.475906,24.351349
64.894594,113.674986,24.366470
64.760265,112.836039,24.316249
64.014898,110.859974,24.314840
63.232901,110.180232,24.469485
62.409323,109.464265,24.222481
61.843727,108.466478,23.967994
61.386950,107.791796,23.914301
60.817508,107.152048,24.005903
60.038228,106.056812,23.368463
60.028360,106.043786,23.386411
59.655236,105.603538,23.250486
59.365378,105.108075,23.434482
59.362555,104.763626,23.555952
59.398429,104.727041,23.551965
58.913519,104.134942,23.657194
58.114598,103.486643,23.664575
58.043381,103.513409,23.706764
57.364043,102.714298,23.720689
57.124622,102.572814,23.952666
57.008070,102.021293,23.800366
56.624672,101.809391,23.810583
56.566535,101.837807,23.817483
56.520051,101.856967,23.811256
56.091133,101.371938,23.921146
56.138206,101.261079,23.973965
55.795126,100.822789,24.164578
55.727763,100.837889,24.131410
53.928629,99.582281,24.019081
53.885723,99.604028,24.017209
53.681302,99.141016,23.944163
53.527327,98.701439,24.295154
53.615333,98.560612,24.354084
53.593164,98.389374,24.444167
52.711688,97.411862,24.754586
52.657965,97.414761,24.784051
53.061259,97.248090,24.780735
53.105217,97.207601,24.789516
52.967170,96.738034,25.145102
52.995176,96.590762,25.144331
53.087640,96.511915,25.153620
53.204161,96.400249,25.172242
52.815394,95.640615,25.041768
52.861675,95.599867,25.058649
52.890205,95.584226,25.059777
52.682368,95.206583,25.125205
52.777281,95.064549,25.206161
52.090875,94.164244,24.926817
52.189826,93.874750,25.010153
52.230112,93.845806,24.998918
52.265057,93.822731,25.015355
52.364866,93.612108,24.897253
52.341913,93.003692,25.018235
52.241896,92.629426,24.900445
52.252102,92.159297,25.052788
52.202380,92.146799,25.018132
51.793865,91.449685,24.722356
51.775678,91.440611,24.777469
51.700833,90.699350,24.586203
51.633218,90.264090,24.990199
51.637603,90.173903,24.971318
51.446148,89.898978,25.046355
51.254799,89.575560,25.277542
51.192972,89.325109,25.363344
51.251100,89.270019,25.392281
50.822325,88.604054,25.642833
50.696965,88.169778,25.463060
50.755048,88.110733,25.459290
50.899343,87.883601,25.580125
50.562694,87.511452,25.691155
50.484232,87.103429,25.620914
50.173812,86.767590,25.659668
50.027447,86.334338,25.463533
50.167241,86.196717,25.857171
50.081212,86.199073,25.860091
49.539523,85.473113,25.816738
49.470903,85.082935,26.182163
49.378971,84.522468,26.427881
49.454697,84.271384,26.357691
48.815055,83.783260,26.408381
48.783097,83.384245,26.718941
48.955726,83.202533,26.810766
48.923747,83.087550,26.682911
48.229711,82.303887,26.923757
48.226960,82.304619,26.927219
48.156226,81.937479,26.911321
48.021336,81.600239,26.859375
47.740039,81.022246,26.565739
46.938896,80.251817,26.806955
46.669894,79.610141,26.813391
46.630893,79.348514,26.996009
46.700579,79.115764,26.800758
46.814492,78.332998,26.856693
46.580316,77.964552,26.493579
46.236231,77.280616,26.640559
46.245091,77.274262,26.636352
46.386369,77.048665,26.687251
46.245828,76.736336,26.476239
46.366880,76.542867,26.449002
46.211655,75.803975,26.647054
45.937754,75.459628,26.412484
45.841463,74.914389,26.460305
45.607918,74.476349,26.244451
45.465123,74.283071,26.432041
45.340733,73.708740,26.772989
45.217451,73.515334,26.702715
44.981995,72.811283,26.309859
44.400512,72.175664,26.278870
44.273933,71.998566,26.341226
44.203359,71.983312,26.372631
44.431473,71.523020,26.596960
44.460827,70.959541,26.604421
44.217607,70.470496,26.582879
44.108413,70.300423,26.518831
43.898090,69.978558,26.755347
43.797770,69.757092,26.673921
43.845215,69.699105,26.662797
43.779542,69.641953,26.615214
43.829869,69.590113,26.587827
43.999487,69.208093,26.629586
44.032548,69.179541,26.605517
44.315526,68.238392,26.605785
44.007645,67.769915,26.710074
44.048260,67.681415,26.670287
43.905864,67.434725,26.774865
43.984024,67.237872,26.866074
43.734653,66.716389,26.856265
43.993267,66.207776,26.958843
43.906967,66.080540,26.906395
43.933834,65.792968,26.900163
43.955139,65.044084,26.650570
43.533052,64.467777,26.368356
43.471330,64.310432,26.350300
43.401587,63.715665,26.557837
42.908946,63.034917,26.727062
42.858356,62.854660,26.695148
42.741591,62.751248,26.749695
42.582880,62.549467,26.838282
42.095973,62.027816,26.988000
41.985508,61.632987,27.142793
42.004775,61.574921,27.226403
41.983689,61.569697,27.213803
41.925957,61.470565,27.245327
41.802474,61.292220,27.247577
41.724836,60.802044,27.317898
41.359094,59.943278,27.090371
41.209529,59.501094,27.022896
41.135995,59.412769,26.995644
40.970090,59.183468,26.982756
40.961608,58.751147,27.125471
40.986518,58.524170,27.252644
40.981469,58.358324,27.197230
41.011539,57.915393,27.206749
41.177608,57.607310,27.212341
40.964693,57.057580,27.287428
41.060242,56.645212,27.170802
41.145417,56.060414,27.321764
41.130574,55.275394,27.449623
41.113973,55.085588,27.493597
41.211912,54.771937,27.571417
41.168366,54.600418,27.578297
41.105017,53.909243,27.633737
41.718696,53.051348,27.744565
41.701210,53.020528,27.862467
41.786003,52.933579,27.830074
41.783667,52.473467,27.815141
41.732627,52.390293,27.776576
41.698593,52.012700,27.834654
41.696851,51.824819,27.928285
41.674586,51.302091,27.917416
41.918626,50.990099,28.014988
41.793711,50.825338,28.026098
41.746892,50.751062,28.093188
42.416836,50.304281,28.095554
42.509724,50.062875,28.032126
42.692897,49.514919,28.139426
42.977345,49.350068,27.893698
43.423375,48.792835,28.252621
43.469482,48.725755,28.242419
43.472522,48.721228,28.245262
43.585987,48.423237,28.338178
43.863741,47.789446,28.421208
43.847878,47.771659,28.441058
43.899444,47.635839,28.421197
43.797715,47.497738,28.387995
43.759755,47.176358,28.481071
44.412302,46.465065,28.418935
44.699114,45.993265,28.391676
44.987722,45.865543,28.198617
45.257435,45.734661,28.229380
45.192144,45.418371,28.429464
45.193251,45.418466,28.428222
45.155774,45.374136,28.402180
45.154645,45.229090,28.374199
45.669474,44.792961,28.433914
45.937698,44.497479,28.460144
45.887587,44.425596,28.471197
45.902902,43.957702,28.230825
45.997870,43.816254,28.284939
45.995859,43.744952,28.123601
46.217729,43.724158,28.087432
46.466802,43.710586,28.086450
46.882981,43.293089,28.080341
47.196240,43.235939,28.080749
47.592260,43.061355,27.990238
47.611045,43.045079,28.037399
47.736537,43.078134,28.110424
48.056279,42.876384,28.050677
48.425683,42.775845,27.982148
48.535343,42.671371,27.812157
48.982178,42.716436,27.757813
49.400165,42.507325,27.847271
49.677491,42.419053,27.875912
49.816617,42.529151,27.960391
50.018949,42.477561,28.050107
50.593642,41.961742,28.081653
50.806888,41.896725,28.161096
51.143659,41.718837,28.252815
51.508168,41.859479,28.542689
51.551271,41.883180,28.541140
51.943298,41.664240,28.422660
52.525191,41.590487,28.646111
52.862366,41.561113,28.611375
53.032581,41.625434,28.691082
53.197966,41.733595,28.622135
53.726796,41.694381,28.581236
54.404256,41.395277,28.652765
54.795541,41.423901,28.723110
54.926683,41.294657,28.740795
55.405735,40.952245,28.940087
55.427034,40.939218,28.988711
56.238529,40.341211,28.833239
56.560193,40.215258,28.761014
56.888934,40.248676,28.559254
57.089764,40.044378,28.499802
57.504039,39.853129,28.499518
57.625678,39.855820,28.340838
57.737154,39.952353,28.238873
58.082271,40.141849,27.916573
58.368054,40.008430,27.782574
58.855420,40.079342,27.531285
59.435897,39.988068,27.615454
59.783506,39.911134,27.675097
60.118755,39.613971,27.562191
60.508248,39.476626,27.199759
60.625407,39.554623,27.071436
61.051134,39.596096,27.101444
61.376404,39.489542,27.039906
61.521050,39.585957,27.078843
61.643995,39.666623,27.130444
61.643109,39.686509,27.074383
61.786675,39.259194,27.169109
61.787528,39.259185,27.168932
62.304811,38.993650,27.173007
62.216260,38.840626,27.269502
62.363916,38.704506,27.252785
62.516535,38.520344,27.123172
62.804604,38.700235,26.883566
62.972020,38.532006,26.948614
62.992816,38.423425,26.871935
63.330905,38.269947,26.827225
63.642160,38.223478,26.631157
63.808045,38.316443,26.697026
63.976851,38.411834,26.666459
63.984406,38.412231,26.664835
64.082815,38.485089,26.723271
64.693051,38.709799,26.727265
64.877740,38.775025,26.571030
65.218228,38.979706,26.420548
65.662091,39.209848,26.150576
66.016334,39.340410,26.477609
66.321604,39.204175,26.373240
66.967353,38.620260,26.155617
67.254917,38.636131,25.779630
67.438984,38.748392,25.764484
67.612607,38.762129,25.661926
67.610239,38.760792,25.649470
68.235820,38.475660,25.468231
68.432582,38.590874,25.539189
68.861511,38.691139,25.423109
68.897594,38.750559,25.323953
69.438956,38.355597,25.470204
70.089717,38.004484,24.959919
70.090125,38.005992,24.957817
70.430596,37.992950,24.599755
70.449859,38.017564,24.619406
70.697464,38.074424,24.299407
71.266406,37.969008,24.090816
71.492258,38.094188,24.163826
71.754215,38.231366,24.043662
72.083447,37.974780,23.937823
72.341435,37.754036,23.887841
72.787496,37.510433,23.638290
72.787959,37.507599,23.636295
73.072023,37.453920,23.476092
73.437354,37.192800,23.562735
74.284232,37.459599,23.569949
74.611950,37.295806,23.628588
75.025096,37.373856,23.345388
75.623380,37.238826,23.367896
75.888592,37.380348,23.245353
76.075771,37.291114,23.109669
76.074966,37.329448,23.001702
76.407985,37.472587,22.918001
76.408827,37.473008,22.918788
76.753225,37.446727,23.052104
77.652532,38.001882,22.807585
78.264208,37.488090,22.659348
78.305601,37.545114,22.693358
79.820149,37.643871,22.325615
80.186508,37.769018,22.409883
80.190164,37.759816,22.403506
80.192242,37.752215,22.398870
80.196496,37.759532,22.405824
80.418786,37.841662,22.268858
80.637640,37.585473,22.156471
80.814247,37.435333,22.132903
81.317872,37.629192,22.182892
81.924855,37.155773,22.270058
81.933730,37.188480,22.290016
82.157580,37.313484,22.368933
82.564628,37.269820,22.562195
82.577283,37.242882,22.547668
82.733932,37.336841,22.475355
82.913314,37.380586,22.450644
82.952170,37.345295,22.541564
83.545567,37.570478,22.619695
83.546412,37.569906,22.621461
83.965472,37.577092,22.264610
84.318481,37.744870,22.356177
84.960461,37.892545,22.615195
85.022304,37.790927,22.561188
86.850188,37.729647,22.323447
88.298844,38.604858,22.286652
88.311273,38.602274,22.277552
88.757792,38.870918,22.213284
88.915751,38.632565,22.152366
89.303327,38.830465,21.904395
89.720922,38.896720,22.020603
89.724376,38.914717,22.002116
89.869024,38.785168,21.894693
90.270265,38.967748,21.994240
90.865021,38.631071,21.812301
90.975911,38.617306,22.025384
91.422396,38.657807,21.944755
91.801409,38.693869,21.762891
92.633871,38.401929,21.642147
92.640753,38.436818,21.663059
92.758912,38.552627,21.707412
92.965623,38.415323,21.741010
92.974915,38.434791,21.768579
93.015197,38.501818,21.813231
93.014935,38.505579,21.806574
93.445894,38.704890,21.582415
93.706715,38.695045,21.476593
94.374432,38.762264,21.554692
95.113340,39.234743,21.563358
95.154376,39.133240,21.503477
95.153775,39.143101,21.497247
96.187818,39.836867,21.351039
97.310940,40.019203,21.481194
97.427699,39.859127,21.458842
97.814909,39.870029,21.307675
97.836746,39.903764,21.336237
98.344824,40.168305,20.891709
98.814591,40.390558,20.989656
99.322227,40.468446,20.988919
99.359448,40.482560,20.948338
99.832809,40.234192,20.839958
100.342231,40.266727,20.681647
100.338190,40.287421,20.620904
100.566397,40.101118,20.598869
101.138259,40.304202,20.158347
101.229837,40.202294,20.145855
101.421212,40.221699,20.076474
102.125158,40.525176,19.986522
102.125699,40.525089,19.986163
102.681956,40.659237,20.033902
103.124390,40.476797,19.740172
103.355069,40.331966,19.648994
103.369885,40.302090,19.660800
103.593782,40.158113,19.653455
104.108501,40.414336,19.279319
104.366991,40.525111,19.246357
104.902762,40.402422,19.039389
105.597377,40.304986,19.020508
106.314684,40.681605,18.692181
106.952693,40.520441,18.473371
108.013699,40.740343,17.992219
108.277156,39.926797,17.888059
108.277531,39.924320,17.887395
109.083029,40.046402,18.042031
109.084055,40.046992,18.042277
109.085434,40.049769,18.043832
109.837519,39.852418,17.874609
110.705336,39.920941,17.953142
110.942862,39.643396,17.883617
111.804075,39.649994,17.387846
111.903604,39.577206,17.266856
111.984451,39.470323,17.223100
112.090587,39.347801,17.213215
112.652419,39.607087,17.305585
113.476048,39.688763,17.411483
114.224321,40.027912,17.581796
114.614957,40.262846,17.174194
114.616704,40.269804,17.176738
114.683261,40.237154,17.137998
114.754196,40.234674,17.143404
115.331286,40.503423,16.876238
115.953439,40.766533,16.898608
116.091982,40.876783,16.956922
116.092517,40.877361,16.956956
116.971041,40.860678,16.542542
117.564161,41.133731,16.272425
118.288117,41.020025,16.369915
118.288118,41.036572,16.364900
118.780529,40.860291,16.397596
119.979260,40.870148,16.598689
120.354336,41.044680,16.716025
120.365347,41.069712,16.725996
121.439837,41.306106,16.775129
121.604858,41.461290,16.490722
122.383142,41.598498,16.128760
122.383612,41.598866,16.128665
123.105285,41.979483,15.986489
123.884326,41.485834,15.860806
123.901970,41.519662,15.866387
123.902482,41.519491,15.866461
124.393046,41.763050,15.821113
125.325460,41.722248,15.607214
126.607975,41.805440,15.416503
126.619975,41.768971,15.407128
126.858623,41.786660,15.476505
127.114673,41.536359,15.469749
127.190485,41.565222,15.487936
127.298993,41.447169,15.489246
127.673219,41.639312,15.448655
127.993504,41.727137,15.506674
128.313254,41.671026,15.253410
128.313740,41.670914,15.253396
128.700720,41.365174,15.144029
128.567225,40.942187,15.222441
129.102929,40.642892,15.243528
129.292503,40.607420,15.223416
129.381181,40.640761,15.287970
130.065582,40.358395,15.407415
130.112112,40.362744,15.412341
130.331237,40.347688,15.515144
130.397411,40.232567,15.584589
131.210133,39.733291,15.445557
131.209976,39.727070,15.443255
131.113495,39.074505,15.510489
132.018675,39.112387,15.529394
132.413061,38.882063,15.472620
132.647285,38.783453,15.297786
132.848133,39.017159,15.314773
132.987189,38.910780,15.406182
134.559888,39.265064,15.648169
134.885035,39.035867,15.519839
135.535140,39.243093,15.638801
135.943219,39.143485,15.736181
136.731927,39.571752,15.798741
137.248826,39.832730,15.880110
137.250306,39.838000,15.885315
138.048969,40.178078,15.812959
138.851300,39.826650,15.865065
138.852584,39.822708,15.869598
139.191797,39.150319,15.820503
140.597148,39.558508,15.091355
140.601457,39.580017,15.093327
141.822636,39.640844,15.287749
141.822740,39.649427,15.277663
141.823191,39.653344,15.275545
142.597943,39.717037,15.034292
143.293663,40.003606,14.764420
143.864851,40.226733,14.580562
144.249982,40.165786,14.639925
145.010909,40.093886,14.705071
146.243064,40.291903,14.717270
146.401123,40.279664,14.655779
146.418345,40.341386,14.639198
146.418831,40.341829,14.639207
146.735418,40.538375,14.733043
146.819266,40.451205,14.722220
147.022306,40.249031,14.712159
147.385751,40.428819,14.475888
148.351794,40.500503,14.519911
149.431638,40.402778,14.774416
149.621091,40.159593,14.825952
150.505203,40.367814,14.861758
151.441109,40.517420,14.551938
151.264866,40.067183,14.583233
152.290575,40.403228,14.436430
152.291417,40.411909,14.436331
153.067419,40.517471,14.473099
153.155219,40.441613,14.511304
153.270123,40.372175,14.504538
154.609727,40.569481,14.492465
155.980504,40.658577,14.521669
156.357749,40.355209,14.455902
156.601909,40.154982,14.429810
156.887431,40.209319,14.641438
156.888501,40.207026,14.643660
156.890568,40.201887,14.650605
157.671594,39.977600,14.510061
157.697589,40.030614,14.453916
157.701670,40.044442,14.458229
157.891849,40.216113,14.512453
157.968605,40.289062,14.520636
158.456987,40.195705,14.280917
158.866240,40.187786,13.758619
159.508711,40.593921,13.375255
159.791758,40.483011,13.199638
159.855100,40.620540,13.184277
161.576672,40.389995,13.128008
161.577173,40.390325,13.127992
161.585017,40.423094,13.138522
162.687052,40.595447,12.607193
164.003513,41.297299,12.610427
166.054137,41.710747,12.387192
166.168664,41.635177,12.415977
166.412787,41.449298,12.518236
166.891569,41.208291,12.450855
167.355737,40.963890,12.503077
167.451245,41.182625,12.513572
167.527746,41.055540,12.475529
168.153716,41.378789,12.602025
168.154904,41.376984,12.603548
168.930712,41.311687,12.633732
170.174490,41.708038,12.370147
171.338764,41.662419,12.090177
171.777572,42.133752,12.129119
173.123875,42.219459,11.753484
173.168117,42.331826,11.672065
174.729612,42.570047,11.726686
175.116411,42.850864,11.633456
175.117172,42.854358,11.637670
175.131971,42.926588,11.681345
175.574153,43.375858,11.768002
175.578834,43.398313,11.773606
175.427851,42.987611,11.803694
176.217508,43.246987,11.888318
176.653875,43.000923,11.822087
176.655295,43.000223,11.822022
176.657153,42.994767,11.820457
176.686998,42.821628,11.859907
177.140538,43.014971,11.813963
178.815921,42.934971,11.532881
179.633906,43.361243,11.403741
179.690984,43.341553,11.442039
179.789205,43.463025,11.471619
179.872790,43.573923,11.499271
180.143956,43.659663,11.529887
180.144385,43.659999,11.529777
180.552799,43.473955,11.463917
180.914876,44.105263,11.402065
180.921816,44.083918,11.396468
181.633241,44.319695,11.444968
181.815912,44.416057,11.341123
181.845435,44.357894,11.356179
181.841650,44.380431,11.362748
182.560952,44.585887,11.399707
183.277608,44.242823,11.575053
184.721820,44.649710,11.685513
185.117360,44.353819,11.610683
185.169842,44.466214,11.521487
185.171640,44.466024,11.521594
185.173414,44.510631,11.542239
185.173798,44.510844,11.542151
185.364474,44.705690,11.590253
185.864222,44.558173,11.554638
186.236764,44.469726,11.477764
186.543553,44.905143,11.567441
187.612956,45.252882,11.623955
187.613299,45.253577,11.624014
187.614227,45.292024,11.618460
188.394537,45.340258,11.672426
189.017262,46.116180,11.471181
189.017017,46.122541,11.474232
189.486391,45.992280,11.431738
189.487660,45.988682,11.429026
189.834966,45.737010,11.352857
190.189314,45.565547,11.220800
190.576310,45.852654,11.163635
190.850054,46.164471,11.121251
191.140324,46.304473,11.138631
192.106520,46.529009,10.755357
192.287904,46.396165,10.915892
192.903226,46.500144,10.775624
192.904222,46.526583,10.774464
193.863247,46.846303,10.537995
194.502091,46.492480,10.421324
195.066147,46.491112,10.320938
195.067035,46.485711,10.321647
195.226162,45.932438,10.401789
195.659363,46.760280,10.354758
195.817503,46.740041,10.389203
196.130251,46.501513,10.331706
196.026233,46.347334,10.100378
196.031956,46.338442,10.099796
197.025993,46.198670,9.832996
197.026446,46.198403,9.832947
197.027911,46.192614,9.831656
197.869203,46.094099,9.646204
198.383569,46.483013,9.657317
198.679023,46.259585,9.613652
199.412984,46.171064,9.687241
199.619527,46.498842,9.682328
199.911429,47.022808,9.570555
200.235734,46.724066,9.542398
200.243527,46.675202,9.548594
201.182094,46.797879,9.632078
201.272734,47.023363,9.579332
202.521826,47.327574,9.633157
202.522240,47.327896,9.633162
202.538152,47.405687,9.643374
203.084919,47.496161,9.684901
203.348898,47.259982,9.666898
203.862471,47.486171,9.604582
204.287004,47.596178,9.523029
204.909321,47.771947,9.356121
205.487496,47.773062,9.288984
206.089715,47.905814,9.162165
206.535415,48.069366,9.206401
206.535829,48.069678,9.206295
206.693307,48.368112,9.234007
206.798955,48.165152,9.219173
206.801903,48.167565,9.226500
207.049089,47.937091,9.172258
207.632023,47.983347,9.248070
207.581781,47.849069,9.269389
207.763730,48.140327,9.174118
208.114081,48.488386,9.181140
208.667165,47.906909,9.085606
208.667610,47.905947,9.085660
208.958473,47.897610,8.953172
209.359893,48.089633,9.001185
209.738625,48.098248,8.920302
209.743180,48.084609,8.923859
210.105426,48.130427,8.887271
210.194415,47.963197,8.930408
210.196796,48.023099,8.966371
210.309169,47.913160,8.998864
210.320607,47.976139,9.010563
210.215104,47.705447,9.035976
210.214750,47.718425,9.031270
210.215171,47.718724,9.031205
211.230033,47.648706,9.066977
211.230451,47.649029,9.066937
211.474071,47.445419,9.010110
211.714346,47.241667,8.958544
212.138984,47.259325,8.855076
212.604667,47.384100,8.723169
213.220593,47.624455,8.716189
213.321884,47.906448,8.691055
213.324686,47.905889,8.691545
213.436089,47.869740,8.689606
213.664677,48.235838,8.642053
214.062751,48.938181,8.858194
214.062293,48.951346,8.862262
214.372385,49.003063,8.794673
214.591912,48.811403,8.746983
214.594554,48.817844,8.750242
214.895633,48.746426,8.827079
214.896111,48.746909,8.827111
214.896582,48.747399,8.827139
215.574855,48.753419,8.831472
215.681169,48.746507,8.847879
216.218615,49.063242,8.692900
216.755946,49.433544,8.542294
217.179841,49.646965,8.603980
217.565003,49.261225,8.515686
217.565834,49.258651,8.515172
217.631780,49.412924,8.531888
218.202244,49.454407,8.726448
218.738574,49.151944,8.885740
219.104848,49.364372,8.990964
219.650697,49.203217,9.062822
219.725102,49.338876,9.048075
219.813632,49.423932,9.035767
220.216163,49.133598,8.990231
221.181656,49.191814,9.038152
221.372248,49.156985,9.063303
221.410550,49.151942,9.070079
222.028663,48.890783,8.753622
222.031835,48.910980,8.762609
222.725203,49.054994,8.722090
223.305825,49.182134,8.654319
223.408169,49.377160,8.728419
224.133355,49.716599,8.749836
224.133953,49.717192,8.749817
224.170368,49.781774,8.739713
224.575415,49.839716,8.863178
224.709513,50.004583,8.899612
224.752412,50.023499,8.861172
224.753054,50.024228,8.861159
225.178510,50.150516,8.871061
225.208423,50.246125,8.862404
225.237137,50.300965,8.854071
225.206516,50.093503,8.875186
225.219793,50.036762,8.839113
225.637693,50.151839,8.877887
225.685546,50.278061,8.863648
226.116478,50.634341,8.891915
226.137042,50.712066,8.884946
226.219152,50.903923,8.859848
226.654033,50.740869,8.822715
227.114081,50.972153,8.883226
227.178670,51.046954,8.863802
227.325156,50.909256,8.850549
227.495790,50.810268,9.139812
227.781891,50.894119,9.138835
228.364170,50.827900,9.110124
228.400645,50.792118,9.083461
228.570370,50.616167,9.224813
229.420292,50.875439,9.247211
230.045866,51.118216,9.334117
230.061523,51.145135,9.338763
230.089815,51.207425,9.335452
230.100403,51.203110,9.355197
230.116964,51.259758,9.354129
230.678488,51.251957,9.721604
231.234099,51.534287,9.799958
231.456160,51.588829,9.696709
231.830280,51.650561,9.736552
231.850288,51.716538,9.734848
232.166399,51.814842,9.780680
232.104061,51.560483,9.797221
232.084995,51.494304,9.798792
232.068977,51.313238,9.829836
232.046450,51.246710,9.838025
232.160176,51.211316,9.876796
232.476040,51.077016,9.469943
232.642679,50.686073,9.495530
232.681333,50.703262,9.478919
232.955611,50.459642,9.537873
232.952117,50.479583,9.574344
233.076135,50.200783,9.603912
233.239764,49.742329,9.428475
233.265127,49.740486,9.417437
233.567034,49.802776,9.458088
233.540927,49.730292,9.465603
233.702364,49.590561,9.528088
234.002082,49.523499,9.594255
234.100045,49.397097,9.524868
234.087479,49.359546,9.530520
234.418163,49.347436,9.570143
234.655047,49.056037,9.247762
234.731547,48.773932,9.480826
235.061114,48.423681,9.462479
235.061201,48.299508,9.539603
235.230148,47.994377,9.611174
235.203633,47.862275,9.623942
235.524916,47.736249,9.621463
235.526328,47.736576,9.620685
236.281482,47.923216,9.565033
236.336227,47.682425,9.539660
236.297200,47.531300,9.496646
236.300920,47.531871,9.494702
236.562337,47.414370,9.530018
236.460110,46.857742,9.591934
236.665909,46.452421,9.709928
237.472906,46.415133,9.995909
237.474338,46.414787,9.994659
237.381434,46.082458,9.938289
237.394286,45.998369,9.933223
238.070047,45.648373,9.822247
238.064251,45.593427,9.876155
238.063888,45.591459,9.876300
238.051868,45.542913,9.933583
237.975513,45.258074,9.997593
238.113755,45.005919,9.919740
238.242756,44.617054,9.846811
238.277357,44.426531,9.779035
238.819483,44.337175,10.109474
238.796808,44.180189,10.122961
238.742039,44.002435,10.073538
238.702522,43.434150,9.915454
238.782976,43.291423,9.880611
238.871467,43.130755,9.983599
238.834124,42.680090,9.977782
238.855791,42.670757,10.042288
238.905335,42.514281,9.996341
239.007675,42.465587,10.031593
239.061100,42.040699,10.397434
239.028397,41.925188,10.420009
239.026839,41.924215,10.421022
239.102352,41.817895,10.371920
239.102277,41.817090,10.372025
239.176583,41.763418,10.503103
239.176521,41.762626,10.503202
239.593878,41.536641,10.881512
239.804056,41.195087,11.380204
240.062847,41.068900,11.447974
240.091197,41.074252,11.534958
240.178882,40.475814,11.781819
240.152032,39.994175,11.837599
240.151989,39.993197,11.837509
240.127709,39.842010,12.139308
240.075837,39.526603,12.181773
240.075876,39.525986,12.181805
240.143842,38.979019,12.262172
240.177522,39.047930,12.387188
240.407410,39.072221,12.469314
240.407455,39.071620,12.469341
240.439398,39.210706,12.581660
240.471081,39.175798,12.700785
240.471136,39.175201,12.700804
240.465784,39.171376,12.705550
240.465865,39.170783,12.705547
240.490856,39.093635,12.683708
240.508831,38.841954,12.667865
240.633739,38.510583,12.559068
240.664635,38.428286,12.532067
240.778299,37.768933,12.518763
240.850206,37.607183,12.455490
241.006200,37.209194,12.523822
240.883546,37.020745,12.771114
241.424854,37.219115,12.714939
241.662289,37.096245,12.831025
241.692383,36.986738,12.783997
242.034830,36.783269,12.805141
241.993493,36.411332,12.846129
241.993162,36.410484,12.846349
241.992484,36.409114,12.845443
241.974721,36.398268,12.863035
241.974921,36.397583,12.862928
242.029054,36.269002,12.875930
241.991033,35.959333,12.858408
241.897314,35.591062,12.938585
242.003648,35.308250,12.833440
241.913821,34.913945,12.922952
241.975709,34.063303,13.352028
241.914621,33.835602,13.547387
241.932994,33.318298,13.526311
242.141872,33.065377,13.616065
242.268804,32.881978,13.928018
242.270413,32.517556,14.094703
242.300122,32.438832,14.061676
242.394767,32.349023,14.398065
242.394774,32.348532,14.398116
242.517500,32.057317,14.386983
242.732719,31.983961,14.433274
242.806755,31.926891,14.638233
242.882575,31.958767,14.825038
242.836114,31.533091,14.951831
242.866442,31.050579,15.298980
242.911432,31.026939,15.442967
242.968286,30.897963,15.547123
242.911058,30.597879,15.563940
242.911087,30.597406,15.563951
242.903028,30.595902,15.574375
243.020644,30.204832,15.846623
243.016871,30.205185,15.851650
242.936864,29.727551,16.059816
242.994932,29.435869,16.380575
243.236361,29.088164,17.017873
243.345520,28.872224,17.048630
243.366355,28.191130,17.020573
243.361069,28.132760,16.982264
243.413412,28.099000,17.075331
243.443509,27.678043,17.433327
243.480881,27.587738,17.376341
243.612430,27.349013,17.529865
244.064110,27.272456,17.848902
244.239758,27.323520,17.912418
244.239885,27.323009,17.912272
244.258957,27.171906,17.813064
244.326970,27.030290,17.986793
244.343621,26.526190,17.939530
244.575144,26.470943,18.067164
244.568648,26.436561,18.043789
244.582244,26.401806,18.020158
244.592377,26.302234,18.011527
244.871647,26.337231,18.097923
245.024392,26.387713,18.154664
245.061254,25.639715,18.293927
245.091693,25.320561,18.405092
245.114685,25.263400,18.362098
245.206417,25.651306,18.585722
245.263862,25.498592,18.493383
244.964014,25.041979,18.593126
244.946777,24.956589,18.635089
245.122075,24.761446,18.871520
245.049192,24.628395,18.878384
245.057780,24.606478,18.861867
245.185775,24.348612,19.216612
245.175553,24.306700,19.188365
245.077117,24.218514,19.431659
245.088462,24.154574,19.380623
245.178537,24.086172,19.652033
245.213200,23.954984,19.563675
245.248280,23.869782,19.505316
245.265801,23.825561,19.472007
245.141667,23.621775,19.933849
245.157467,23.582417,19.901490
244.994904,23.571840,20.115116
245.009985,23.523929,20.073693
244.864343,22.885516,20.188574
244.872724,22.790898,20.161604
244.806859,22.148936,20.116926
244.823831,22.109292,20.081083
244.914508,21.987660,20.386816
244.919581,21.946129,20.349932
245.103539,21.934915,20.425106
245.103719,21.904962,20.407069
245.064027,21.495822,20.479188
245.053695,21.416444,20.470197
245.102099,21.270260,20.483943
245.230161,20.778487,20.607166
245.452607,20.782959,20.615905
245.490498,20.709369,20.593299
245.547197,20.729738,20.906028
245.525507,20.743263,20.998332
245.518466,20.811347,21.136034
245.448394,20.777738,21.309686
245.509191,20.792747,21.600710
245.578476,20.728174,21.924475
245.813825,20.767250,22.039163
245.811791,20.778156,22.101224
245.788771,20.834112,22.168429
245.836246,20.796134,22.742717
245.817565,20.990456,22.965876
245.741901,20.945097,23.108710
245.698918,20.551646,23.344729
245.682023,20.589000,23.387584
245.682596,20.104452,23.347927
245.671341,20.127373,23.384458
245.881117,20.095299,23.582596
245.886385,20.064525,23.712842
245.869637,20.101474,23.754399
245.853172,20.137738,23.807000
245.883217,20.019812,24.192934
245.871542,20.045493,24.226205
245.853023,20.086254,24.279448
245.914851,19.649694,24.461214
245.887728,19.326425,24.634730
245.928650,19.234484,24.935186
245.901452,19.292731,25.007783
245.855871,19.229057,25.234298
245.817716,19.305277,25.429957
245.645763,19.344124,25.749738
245.642637,19.385211,26.077701
245.584823,19.514385,26.735246
245.729594,19.704010,27.384102
245.689001,19.768538,27.504961
245.689365,19.840194,27.595150
245.727105,19.903664,27.919422
245.698128,19.926389,28.058789
245.667443,19.987162,28.140352
245.586122,19.447225,28.130647
245.655684,19.303961,28.537453
245.769245,19.395494,28.719848
245.768774,19.396456,28.720519
245.716840,19.505861,28.881834
245.676145,19.514503,29.008496
245.595692,19.528735,29.252926
245.601031,19.469562,29.610936
245.564012,19.454357,29.864429
245.549262,19.484838,29.910990
245.547539,19.542198,29.978848
245.329122,19.633277,30.381507
245.391959,19.817112,30.635295
245.350462,19.293987,30.858101
245.386689,19.292855,30.876218
245.319778,19.342868,30.985205
245.171878,19.470602,31.258966
245.179984,19.318392,31.677928
245.100120,19.346853,31.881592
245.089262,19.367778,31.905803
245.124781,19.385502,31.987410
244.963421,19.474831,32.733545
244.932281,19.536177,32.832514
244.833690,19.276968,33.125414
244.873162,19.142674,33.340261
244.828937,19.174606,33.444514
244.828829,19.174725,33.445087
244.796193,19.237128,33.550741
244.810046,19.465547,33.919529
244.861752,19.267959,34.456107
244.945601,19.193528,34.674059
244.823083,18.907808,34.994187
244.739647,19.043704,35.277269
244.742884,19.042192,35.278271
244.669011,19.157835,35.450243
244.787419,19.388795,35.804853
244.787336,19.388775,35.805366
244.816386,19.317019,36.504870
244.719867,18.853770,36.722247
244.624153,18.971912,37.440607
244.565758,18.464512,37.821579
244.494267,18.591914,38.090071
244.471231,18.593367,38.095489
244.188881,18.177450,39.054579
244.260038,18.880883,39.363687
244.244425,18.910586,39.381601
244.282041,18.912886,39.931016
244.123298,19.304904,40.688529
244.181578,19.421002,40.914537
243.619630,19.473036,41.530625
243.607338,19.964271,43.019885
243.630350,19.310919,44.435292
243.390138,19.197893,45.245362
243.278529,19.383683,45.650730
243.419205,19.488980,45.913167
243.542036,19.643701,46.462824
243.320505,20.033162,47.296221
243.263714,19.977442,47.369188
243.263861,19.977727,47.369629
243.348008,19.891128,47.863502
243.219227,19.957347,48.691530
243.199874,20.088681,48.951384
243.199849,20.088883,48.951830
243.135897,20.114350,49.298746
243.201453,20.297477,49.653354
243.309914,20.895057,50.402375
243.237713,21.023371,50.652421
243.090786,21.281681,51.232554
243.090752,21.281771,51.232970
243.156089,21.161336,51.549741
243.162952,21.112772,51.703074
243.226243,21.041131,51.968936
243.238682,20.526054,52.823078
243.240368,20.523101,52.824302
243.320301,20.644010,53.131481
243.318827,20.646604,53.131437
243.242751,20.744771,53.406965
243.147965,20.930158,53.739754
243.077825,21.049173,54.010126
243.077779,21.049357,54.010517
242.965333,21.259488,54.380482
243.040289,21.235505,55.435321
243.040280,21.235750,55.435690
243.063741,21.194143,55.476107
243.010205,21.214807,55.728143
243.207658,21.371563,56.065491
243.065825,21.687269,56.266439
243.103506,21.941004,56.352067
243.219942,21.777061,57.024931
242.418323,21.540182,58.168980
242.400542,21.486211,58.686789
242.435533,21.499589,58.704225
242.621114,21.535841,59.729503
242.706178,21.809161,60.598629
242.634210,22.582245,61.750529
242.691882,22.589466,61.798936
242.811620,22.576193,61.950027
242.823013,22.557588,62.074580
242.891371,22.583255,62.514114
242.817884,22.712991,62.846407
242.848995,22.724451,62.862870
242.834545,22.799780,64.037568
242.782400,22.898761,64.305608
242.791278,22.875456,64.317820
242.791891,22.874195,64.318556
242.625280,22.747256,65.037736
242.624251,22.748950,65.037887
242.515301,22.946788,65.548742
242.409690,23.120870,65.948867
242.408139,23.123659,65.948964
242.408061,23.123781,65.949359
242.407945,23.123892,65.949801
242.332136,23.233684,66.254853
242.330819,23.229586,66.255406
242.285604,23.133463,66.686604
242.275947,23.151148,66.742414
242.265969,23.169283,66.745786
242.265918,23.169356,66.746194
242.199595,23.257736,67.124253
242.126542,23.731192,67.524441
241.925341,23.339970,68.347073
241.646082,23.369930,68.533757
241.556313,23.462899,68.912979
241.549022,23.475418,68.912752
241.546183,23.636173,69.305077
241.546136,23.636186,69.305495
241.546089,23.636198,69.305913
241.439925,23.753138,69.675245
241.328050,23.197900,69.953683
241.276651,23.254564,70.030959
241.183376,23.385496,70.414399
241.183253,23.385454,70.414793
241.183130,23.385413,70.415186
240.994880,23.328163,70.495797
240.699288,23.349125,70.656639
240.603858,23.476774,71.041707
240.245226,23.430187,71.877988
240.262909,23.301220,72.478813
240.117890,23.367081,72.953403
240.149665,23.542440,73.276025
240.043546,23.253556,73.683422
239.992723,22.659662,74.359759
240.054653,22.496360,75.997382
240.089194,22.448700,76.080816
239.944146,22.586784,76.534110
239.800034,22.783401,77.038550
239.741221,23.065296,77.581773
239.741286,23.065448,77.582227
239.600558,23.251987,78.038060
239.809329,22.991213,78.948584
239.804412,22.988814,78.978933
239.766359,23.047846,79.040872
239.672348,23.146485,79.429115
239.676281,22.580861,79.644357
239.727337,22.513762,79.709315
239.730898,22.814507,80.974001
239.746332,22.827483,80.981229
239.386182,23.621386,81.982636
239.529596,24.275425,82.574386
239.665898,24.435732,83.039151
239.435288,24.092064,83.991733
239.309346,23.943066,84.655106
238.888140,23.875054,84.956484
238.779353,24.028539,85.454039
238.782720,24.023495,85.457169
238.619437,23.524919,85.955948
238.543941,23.489257,85.988724
238.467636,23.581904,86.180458
238.085653,23.475998,86.440748
238.145664,23.442523,87.634065
238.089302,23.369687,87.770298
237.972235,23.435345,87.824282
237.883059,23.409666,87.843071
237.942321,23.670105,87.888387
237.941913,23.670573,87.888698
237.848030,23.510351,88.468614
237.841911,23.505119,88.470749
237.456920,24.322732,89.487277
237.279743,24.265232,89.624428
237.091553,24.509305,90.321021
236.704505,24.652385,92.180328
236.685131,24.678252,92.180288
236.560994,24.700570,92.217625
236.581020,24.752525,92.233592
236.614668,25.940567,93.843859
236.494444,26.106026,94.416235
236.368050,25.562591,94.983798
236.130698,25.739587,95.771822
236.000408,25.885049,96.353227
235.902586,25.965908,96.572748
235.888276,25.945203,97.401926
235.875306,25.979848,97.408809
235.655136,25.964911,97.774971
235.789471,26.090163,98.826852
235.536946,26.284045,99.314121
235.308266,26.152241,100.135282
235.145594,26.156340,100.565073
235.121997,26.187095,100.579966
235.118571,26.185462,100.579923
235.102860,26.196961,101.761873
235.008942,26.052424,102.019170
235.009706,26.050877,102.019783
235.052237,25.904656,102.723007
235.055900,25.899768,102.725440
234.995809,25.967206,102.773831
234.880746,26.393016,104.436159
234.933075,26.660895,104.524376
234.631125,26.432501,105.741389
234.766753,27.345167,106.314186
234.771381,27.367582,106.311423
234.803794,27.324820,106.357556
234.824563,27.188061,106.949128
234.810954,27.238892,106.996557
234.957041,27.994021,108.071085
234.959015,29.217045,108.425172
234.915780,29.278298,108.478224
234.805560,29.466211,109.099554
234.364947,29.394456,110.294387
234.295500,29.532278,110.524901
234.166146,29.680735,111.248587
234.237318,29.574044,111.459411
234.177428,29.232118,112.974695
234.209198,29.162176,113.025950
234.129759,29.242777,113.078185
234.263554,29.844003,113.970007
234.240768,29.873111,114.053781
234.006073,30.072639,114.750800
233.968348,30.128073,114.796079
233.701107,30.263791,115.971644
233.678327,30.204992,115.988821
233.237977,30.488375,116.892989
233.028774,30.444095,117.445735
232.863586,30.695225,118.853683
232.699765,31.315970,119.178339
232.698857,31.314701,119.178835
232.726548,31.271538,119.205232
232.723039,31.267111,119.211884
232.692498,31.256354,119.208834
232.674742,31.232010,119.224584
232.673968,31.231920,119.225191
232.525716,31.445068,119.865093
232.378558,31.341744,120.308813
232.378105,31.341970,120.309136
232.301587,31.575511,120.996444
232.301259,31.670605,121.107833
232.336685,31.751988,121.132132
232.088964,31.576643,121.504199
231.936654,31.732126,122.076423
231.938530,31.731980,122.077302
232.098617,31.570253,122.654583
232.050401,31.660702,123.366133
231.741997,31.499811,124.527624
232.124607,31.598127,124.820354
232.131587,31.600171,124.821149
232.136318,31.546520,124.860635
232.141091,31.592840,124.889393
232.014829,31.728759,125.509727
231.980604,31.810196,125.583076
231.697024,31.554612,126.758055
231.994079,32.250685,127.618746
231.983573,32.233138,127.625011
231.813986,32.272614,128.494948
231.815757,32.275633,128.495318
231.604603,32.191713,128.845441
231.621124,32.183033,128.855069
231.498701,32.352137,129.392865
231.512724,32.350371,129.409426
231.509269,32.449985,129.416752
231.641018,32.257850,130.179234
231.641311,32.257781,130.179737
231.782590,32.464659,130.580324
231.407163,32.473655,131.818916
231.317620,32.516436,131.980695
231.293729,32.508817,131.981160
231.170155,32.299633,132.436171
231.122143,32.258123,133.032594
230.994240,32.449954,133.496388
230.882769,32.636415,133.980547
230.947219,32.665397,133.995038
230.782324,32.726099,134.646733
230.582796,32.577578,135.383725
230.730734,33.342980,135.758303
231.089154,33.436188,135.936274
231.226628,33.394783,136.239850
231.132904,33.197627,136.407324
231.130972,33.244483,137.012340
230.650466,33.699795,138.606275
230.713248,33.474274,139.757865
230.735055,33.463235,139.768420
230.876831,33.513813,139.795722
230.858852,33.332260,140.434735
230.864482,33.331929,140.436119
230.740828,33.551878,142.709570
230.786626,33.543269,142.789970
230.621473,33.711743,143.311837
230.316266,33.649482,143.409735
230.620340,34.693584,144.604992
229.950370,34.365134,145.214401
229.950506,34.035644,146.203483
229.616276,34.110554,147.129428
229.339914,34.122679,147.749752
229.418884,34.177854,147.796858
229.406802,34.177526,147.799622
229.378926,34.191300,147.815856
229.371349,34.189797,147.818252
229.370973,34.189679,147.818648
229.371877,34.186618,147.821970
229.331163,34.254180,147.843066
229.272657,34.033649,147.947207
229.205364,35.277709,148.280629
229.205668,35.278872,148.280974
229.301915,35.282755,148.365943
229.355816,35.233734,149.238708
229.278900,35.045888,149.864583
229.278746,35.045870,149.865001
228.810875,34.943010,149.946591
228.757820,34.976662,149.962086
228.774682,34.987561,149.964180
228.889416,35.273510,150.909215
228.882240,35.268815,150.925515
228.882616,35.268978,150.925961
229.051635,35.111238,151.654273
229.037481,35.153671,151.661881
228.874204,35.390989,152.185965
228.612061,35.387742,153.255792
228.566809,35.377127,154.035502
228.541735,35.265305,154.054849
228.304144,35.550872,154.789281
228.451474,35.815038,155.206566
228.405866,35.880736,155.236740
228.487407,35.983224,155.838560
228.671191,36.386888,157.203263
228.530069,36.318589,158.299576
228.520873,36.313072,158.311740
228.527689,36.287409,158.321572
228.163842,36.048895,158.946699
228.291036,35.870812,159.384350
228.190878,35.741579,159.644457
227.994929,35.843022,160.064297
227.993545,35.844916,160.064152
227.866606,35.911316,160.503922
227.670108,36.090928,161.142592
227.669972,36.091257,161.142989
227.737923,36.128935,161.155990
227.663969,36.281117,161.391270
227.657350,36.289961,161.390096
227.723920,36.197715,161.552538
227.723947,36.197736,161.552995
227.714783,36.209959,161.551258
227.714854,36.209924,161.551726
227.758852,36.260176,161.933776
226.973256,36.567684,162.850260
226.983120,36.566371,162.853771
226.910852,36.661308,162.912787
226.932695,36.632995,162.933976
226.932182,36.629133,162.935681
226.932243,36.628383,162.937794
226.803599,36.638490,163.077843
227.069035,37.119110,163.919643
227.182702,37.181579,163.959636
227.056357,37.309465,164.308331
227.441501,37.555976,164.942547
227.511727,37.557186,165.030877
227.511741,37.557322,165.031294
227.301484,37.590844,165.591028
227.398989,37.847384,165.598884
227.399970,37.847301,165.599475
227.663740,38.082355,165.808599
227.598347,38.046718,165.847887
227.500103,37.953481,165.909660
227.552282,37.881652,165.996416
227.549114,37.883646,165.998231
227.357495,38.083507,166.645453
227.299741,38.008893,166.766545
227.165413,38.196672,166.967423
227.165382,38.196761,166.967849
226.908503,38.837017,168.419991
226.976815,38.742766,168.539854
226.974427,38.746214,168.542002
226.536702,39.358988,169.323924
226.515237,39.376177,169.320763
226.220550,39.649078,170.119596
226.346000,40.235373,170.892343
226.336673,40.234219,170.900872
226.243218,40.180824,171.332960
226.001963,40.411065,171.880289
225.847395,40.622920,172.163041
225.776409,40.372770,172.296934
225.727519,40.440468,172.303929
225.799314,40.419544,172.388184
225.799293,40.419692,172.388604
225.834066,40.371643,172.423313
225.834058,40.371772,172.423746
225.730842,40.452119,172.691409
225.807174,40.635749,172.680013
225.803001,40.638199,172.684218
225.801043,40.637078,172.690381
225.647611,40.848922,172.926628
225.643372,40.847256,172.930824
225.641820,40.848587,172.930792
225.625144,41.171691,173.290627
225.493839,41.663125,173.827176
225.538677,41.600625,173.890751
225.539796,41.575152,174.337306
225.457019,41.430357,175.112464
225.459401,41.429915,175.113279
225.799952,41.612593,175.424149
225.800261,41.612551,175.424665
225.677378,41.790822,175.578069
225.680166,41.829629,175.650496
225.587648,41.922204,175.897609
225.653095,41.978140,176.230559
225.555462,42.063726,176.485284
225.555765,42.063818,176.485802
225.319060,42.433851,176.835753
225.368105,42.515976,177.359727
225.117744,42.047156,178.153620
224.875279,42.042350,178.442517
224.712025,42.532528,179.380961
224.858555,43.080750,179.558092
224.032578,43.089277,180.173536
224.056793,43.039407,180.208156
223.859559,43.269397,180.525459
223.985491,43.214149,180.798456
223.986091,43.213737,180.799201
223.957777,43.216661,181.201331
223.764666,42.534470,181.731602
223.781868,42.530816,182.317757
223.654026,43.451941,182.757559
223.688012,43.441790,182.783591
223.801367,44.406015,183.250856
223.765641,44.401839,183.616710
223.772591,44.375109,183.676898
223.762868,44.379018,183.681682
223.787296,44.287188,183.860964
223.816717,44.245677,183.897386
223.826161,44.247019,183.901849
223.605015,44.452648,184.398508
223.519469,44.548002,184.601605
223.767243,44.698188,184.748392
223.064180,44.237041,185.688585
223.083912,44.297773,186.024117
223.115173,44.167611,186.226014
222.240266,44.352654,187.151938
222.259071,44.482849,187.509493
222.314902,44.441540,187.818640
222.157254,44.657213,188.191686
222.156332,44.599348,188.221041
222.083415,44.687300,188.411177
222.351325,44.796669,188.511791
222.497855,44.574286,188.854189
222.277777,45.283093,189.276179
222.276532,45.286038,189.275588
222.443070,45.787308,189.662460
222.453960,45.977790,190.021587
222.257102,46.243771,190.296976
222.267058,46.263052,190.328536
222.272002,46.333874,190.430836
222.299649,46.430815,190.717992
222.304784,46.424174,190.725598
222.394877,46.632980,191.164665
222.324547,46.449488,191.355917
222.359592,46.156798,191.770968
222.662333,46.454952,192.118199
221.863936,47.560583,192.648156
221.888322,47.525700,192.696897
221.476572,47.520251,193.532931
221.518724,47.496856,193.682805
221.255605,48.509568,193.867135
221.260835,48.905283,194.626891
221.114427,48.847747,195.087616
221.108566,48.865417,195.095168
221.065219,49.100252,195.711398
221.048133,49.536425,195.862318
220.915218,49.676013,196.066345
220.518574,51.085183,196.581613
220.460974,51.302502,196.543868
220.114390,51.505351,197.504363
220.108946,51.499191,197.522314
219.508355,52.018687,198.829550
219.498226,52.070440,198.871733
219.230884,51.439027,199.516808
218.885668,51.660227,200.167487
219.023542,52.013511,200.367492
219.042695,51.985944,200.397093
218.966205,51.979724,200.452213
218.814291,51.689007,200.829994
218.825652,51.672926,200.846176
218.678809,51.725543,201.358836
218.784429,51.635390,201.577421
218.513991,52.240109,201.899101
218.426888,52.341264,202.043349
218.385749,52.402058,202.016241
218.260686,52.442210,202.246879
217.601040,52.269382,202.613840
217.509532,52.326057,202.843512
217.608291,52.608689,203.058156
217.583838,52.681989,203.061232
217.520836,52.734623,203.028390
217.149983,53.425727,203.497346
217.076686,53.205010,203.700264
216.583499,53.039298,203.787384
215.944689,54.006078,204.645525
215.476787,54.845084,204.762169
214.835153,54.518541,205.993205
214.549877,54.836912,206.214277
214.182428,54.809324,207.096452
213.930937,55.399648,207.408057
213.952018,55.663579,207.613911
213.202076,55.828399,208.354721
213.181961,55.923566,208.330311
213.125565,55.954213,208.359410
213.051673,56.016454,208.292738
212.990007,55.975992,208.346980
212.897859,56.045014,208.321378
212.885767,56.138630,208.369589
212.699321,56.222992,208.305593
212.567182,56.408061,208.428739
212.520218,56.629432,208.432968
212.174649,56.998141,208.827221
211.893138,57.272526,209.071972
211.838731,57.256419,209.109703
211.816961,57.255717,209.089231
211.816458,57.255830,209.089323
211.704484,57.515000,209.009547
211.590011,57.204057,209.211807
211.507855,57.075505,209.442142
211.355726,57.181057,209.517197
211.342324,57.314761,209.508930
211.077408,57.545400,209.795962
210.933036,57.723871,209.804242
210.627013,57.318713,210.225066
210.292918,57.335894,210.182434
209.657649,57.093741,210.387405
209.437916,58.273752,210.708410
209.300354,58.291626,210.772276
208.398578,59.053895,211.354509
208.399060,59.056000,211.354308
207.966373,60.165237,212.083000
207.048383,59.606204,212.594320
206.986691,59.588003,212.636423
206.979911,59.600744,212.618869
206.232973,59.502766,212.483945
206.212372,59.555856,212.447259
206.211817,59.556338,212.446896
205.796067,59.566706,212.040397
205.731486,59.548234,212.083390
205.146559,59.766472,212.224614
204.932756,60.832950,212.404587
205.001345,61.124456,213.070434
205.000967,61.125107,213.070221
204.844362,61.737651,213.114327
204.039036,61.612120,213.543496
203.835546,61.325134,213.799785
203.336860,61.444089,214.032828
203.317920,61.560252,214.004971
203.234119,61.520914,214.128962
203.142813,61.629295,214.367600
203.151848,61.749175,214.389198
202.966792,61.664672,214.541615
202.701959,62.004288,214.745904
202.616736,62.040574,214.701543
202.444711,61.832402,214.907684
202.180507,62.693715,214.842990
201.994832,63.036630,215.072317
201.981686,62.957864,215.123811
201.853877,63.362008,215.006667
201.664962,63.548070,215.006934
201.587355,63.927201,215.003121
201.587369,63.928303,215.003227
201.587383,63.929405,215.003333
201.709661,64.019024,215.231707
201.385396,63.769592,215.346097
201.023807,63.969339,215.811650
200.583931,64.652020,216.292481
199.898295,64.885739,216.486609
199.558998,64.833365,216.827396
198.288086,65.930507,217.648276
198.043102,65.767709,217.814187
197.685682,65.748051,218.150706
197.696915,65.773744,218.147875
197.644044,65.780832,218.201749
198.016404,66.560638,218.761051
197.898299,67.040138,218.733081
197.884815,67.500190,218.888193
197.902647,67.534652,218.892562
197.698790,67.353989,219.066051
197.699483,67.339462,219.084147
197.432570,67.521930,219.281216
196.970329,67.695115,219.698114
196.966071,67.691918,219.703834
196.225540,68.162819,220.786581
196.111575,68.101683,220.798016
195.484974,67.965963,221.083818
195.403336,67.851236,221.132939
195.312149,67.746951,221.162718
195.310474,67.744679,221.162322
194.973659,68.081925,221.220725
194.784335,67.814837,221.395258
194.539313,67.626603,221.487617
194.216472,67.691649,221.703429
192.888790,67.290878,222.110566
192.767127,67.323354,222.238039
192.766080,67.322582,222.237911
192.202526,67.507771,222.618249
192.037910,67.862221,222.465618
191.928496,67.955420,222.590934
191.724675,67.781788,222.561596
191.319954,67.884205,222.481871
191.282935,67.777898,222.472798
191.214585,67.745456,222.513307
191.213817,67.745644,222.513085
190.717305,67.769262,222.705860
189.168039,68.041349,223.136407
189.054708,67.962828,223.171242
188.957196,68.147063,223.257036
188.825298,68.299598,223.675192
188.611285,68.382382,223.638074
188.425970,68.452767,223.549464
188.385890,68.342402,223.626776
187.915018,69.066468,223.474296
187.561358,69.288711,223.199886
187.011955,69.170297,222.941834
186.755769,68.999728,222.819902
186.670976,68.914547,222.965760
186.290959,69.287546,222.958130
185.940530,70.169297,223.018531
185.627561,70.007350,223.283548
185.188051,70.639520,223.551921
184.760598,70.926248,223.641590
183.903226,70.457535,223.886435
183.513419,70.591100,224.251588
182.776129,70.606888,224.563846
182.343204,70.138838,224.252854
181.806227,69.856403,224.528464
181.697538,69.573323,224.503520
181.663155,69.725061,224.540070
181.644758,69.719026,224.503436
181.526468,69.620551,224.478853
180.809477,70.783712,224.868371
180.226690,70.628253,224.684724
180.222470,70.700933,224.705782
180.157415,70.889374,224.755264
179.818456,71.162825,224.609229
179.790447,71.346941,224.586950
179.635799,71.477552,224.691447
179.192153,71.249954,224.759729
178.471907,71.254667,224.629859
178.193234,71.403399,224.510341
178.123751,71.341932,224.562793
178.122349,71.275587,224.545113
176.952180,70.913968,224.858522
176.958799,70.870594,224.854248
176.266658,70.431809,225.012656
176.239963,70.261651,225.018111
176.240274,70.214870,225.009001
176.126228,70.257253,224.886108
176.125999,70.255371,224.885884
175.834473,69.753994,224.915179
175.190636,69.850094,224.951020
175.159905,69.957637,225.017591
175.134638,69.729982,224.990258
175.069458,69.501054,225.096042
175.082837,69.397284,225.068236
175.045481,69.466969,225.097880
175.045020,69.466134,225.097738
174.762492,69.182019,224.936022
174.551080,68.764430,225.127928
174.550607,68.763753,225.127838
174.537931,68.592726,225.226223
174.387024,68.159103,225.401731
173.874615,67.573674,225.291532
173.490683,67.815440,225.552455
172.857092,67.466527,225.761666
172.856607,67.466250,225.761648
172.635950,67.202108,225.681719
171.945347,67.606370,225.856991
171.670991,67.082531,225.800359
171.508987,66.979063,225.667091
171.368970,67.088559,225.654479
171.368640,67.088635,225.654867
170.933291,67.378798,225.484639
170.816334,67.209237,225.842671
170.179108,67.186879,225.544543
170.182169,67.084454,225.589904
169.922999,67.357998,225.459678
169.754703,67.107846,225.587658
169.752185,67.099523,225.602978
169.744040,67.102283,225.625113
169.290864,67.401918,225.447929
169.037115,67.128995,225.243228
168.640805,67.297367,225.469273
168.287893,66.755082,225.841319
167.927937,66.358229,226.085019
167.437227,66.837167,226.282136
166.440176,65.885130,226.426028
166.104275,65.441320,226.380408
165.988142,65.392703,226.445500
165.378897,64.714870,226.415813
165.370689,64.714441,226.395229
164.647301,64.020640,226.097095
164.544512,63.995660,226.161102
164.544220,63.995039,226.160994
164.351171,63.907393,226.010535
164.350888,63.906778,226.010490
163.842862,64.031727,226.089783
163.828139,63.858592,226.168862
163.792381,63.500177,226.114008
163.594454,63.456049,226.080784
163.594145,63.455462,226.080543
163.593835,63.454875,226.080299
163.605331,63.392457,226.112311
163.621003,63.341322,226.101660
162.933879,62.842344,225.852623
162.536637,63.096160,225.933546
162.512328,62.865615,226.044505
162.513930,62.860283,226.047073
161.634202,62.449437,226.308617
161.130010,62.900890,226.445822
160.529081,62.302227,226.406820
158.885318,61.500729,226.428067
158.370916,61.769466,226.464261
158.374783,61.736505,226.444949
158.368469,61.716429,226.430512
158.215931,61.655413,226.505410
157.663952,62.065751,226.669798
156.591628,61.614254,226.991682
156.293385,61.498866,226.795912
155.717567,61.288030,227.031348
155.529251,60.666571,227.033817
155.510290,60.689096,226.994658
154.032104,60.277295,226.771792
153.302292,60.306014,226.758874
152.760519,60.323873,226.584293
152.757705,60.330949,226.580725
152.411180,60.530097,226.515648
151.168709,59.792642,226.613860
151.144412,59.817450,226.586687
151.144586,59.813846,226.586063
150.847943,59.707488,226.460321
150.847140,59.709275,226.460404
150.834317,59.724555,226.471075
150.263937,59.863139,226.297824
149.869690,60.057105,226.505656
149.851485,60.110761,226.503398
149.308177,60.077975,226.324981
149.137843,60.100822,226.167425
148.943158,59.649449,225.835522
148.692975,59.812317,226.248331
147.108094,60.089340,226.658061
147.107604,60.089416,226.658143
147.110435,60.063899,226.670305
147.089715,60.100045,226.683338
144.809652,59.217582,226.439961
144.318751,58.720883,226.485219
143.566107,58.170063,226.790652
143.565685,58.169599,226.790719
142.444112,58.151071,226.791006
142.108008,58.258605,226.948013
142.020368,58.527422,227.305934
141.592507,57.457477,227.408922
141.601180,57.397836,227.390979
141.601179,57.395857,227.391772
141.465211,57.490273,227.461503
140.877031,57.091140,227.271599
140.422083,57.610842,227.132029
139.793698,57.875764,226.943227
139.133798,57.598140,226.528891
138.335405,57.363988,226.397549
138.025492,57.123426,226.484617
137.975691,57.222602,226.425328
137.355623,57.234237,226.276042
137.223310,57.488844,226.369276
136.074798,55.556984,226.557574
136.010030,55.649864,226.505021
135.125312,55.312937,226.151078
134.887797,55.266697,226.314403
134.509336,55.504583,226.521426
134.473409,55.548740,226.552498
134.072857,55.357562,226.340174
133.243344,55.193678,226.130275
132.793593,55.475413,226.224677
132.334294,55.097749,226.069046
132.172858,55.288270,226.392641
131.627456,54.962387,226.615608
130.891325,55.238936,226.338560
130.718111,55.253412,226.395080
130.669338,55.124878,226.460757
130.600981,55.081677,226.532013
130.600395,55.081763,226.531792
130.339030,54.992363,226.438831
130.338463,54.992390,226.438580
129.746145,54.772059,226.059269
129.231709,54.523333,226.290791
128.784113,54.272570,226.678865
128.415052,54.437237,226.873672
128.013690,54.635172,227.066075
127.767233,54.608284,227.063121
127.424655,54.398442,226.939373
126.866025,54.156180,227.063620
126.447259,53.864037,227.343410
126.361316,53.847945,227.501355
125.837827,52.994340,227.412544
125.260965,52.599783,227.449810
125.233012,52.607767,227.434217
125.130603,52.486816,227.509521
124.736783,51.850864,227.832661
124.323860,51.882584,227.751406
123.968885,51.943383,227.566708
123.968452,51.942952,227.566867
123.376315,51.537185,227.462212
122.931730,51.585236,227.545472
121.204912,50.930351,227.783939
120.562075,50.309033,227.762985
120.496641,50.206825,227.817850
120.242514,50.031366,227.894967
120.241636,50.030790,227.895534
119.903507,49.810224,227.813591
119.853764,49.769348,227.921457
119.853291,49.768962,227.921518
119.747145,49.483444,228.108078
118.873773,49.519663,228.421481
118.704281,49.546518,228.382042
118.590109,49.263467,228.370408
118.001585,49.582859,228.511715
117.499521,49.305946,228.638446
116.883339,48.925935,228.876058
116.543628,49.465406,229.043948
115.597208,48.694484,229.499566
114.921553,47.891132,229.327593
114.333776,47.409487,229.607869
113.855221,47.280368,229.691745
113.225455,46.605146,230.089845
112.211825,45.844452,230.118785
111.228551,45.938053,229.828908
111.237963,45.914836,229.841385
110.732831,46.193815,230.008501
110.709611,46.102533,229.976407
110.119061,45.788374,230.000229
109.958952,45.868349,230.063905
108.939647,45.269013,230.059876
108.045983,44.188743,229.851422
107.701117,43.967207,229.996030
107.480831,43.827042,229.915624
107.412840,43.715709,229.995818
107.035718,43.480824,229.633097
106.489901,43.210694,229.800352
106.087309,42.905498,229.979064
105.673024,42.667909,229.730722
105.688461,42.502230,229.885788
105.679715,42.444324,229.894164
105.016583,40.809895,229.668746
104.595369,40.603303,229.800521
103.675766,40.157562,229.792066
103.672669,40.124460,229.813610
103.672588,40.118697,229.830242
102.864610,39.699138,229.968668
101.489321,39.669134,230.388929
99.729093,38.979652,230.698612
99.059416,39.117761,230.781592
98.548211,38.897693,230.928369
98.115420,39.107185,230.808750
97.589196,39.367353,230.690374
97.583088,39.376012,230.684840
96.421438,38.808388,230.712078
95.989215,38.585505,230.031778
95.620887,38.648367,230.123450
95.260567,38.390046,229.983920
95.229425,38.424340,229.960934
94.211356,37.963960,230.063971
94.181445,37.904480,230.061025
93.972112,37.818270,230.135410
92.909908,37.632119,229.541454
92.451801,37.405838,229.380459
92.224864,36.948983,229.348722
91.775729,36.702216,229.321028
91.148140,36.691614,229.483657
89.551670,36.375725,228.647815
89.549695,36.374056,228.650152
88.887846,36.734741,228.413733
87.376006,36.218868,227.765156
87.348145,36.244236,227.758974
86.469688,35.873049,227.861698
85.858114,35.718882,228.097531
85.143086,35.931970,227.816547
85.071757,35.991547,227.754861
84.496117,35.981991,227.650454
82.061842,35.432481,226.108947
81.618919,35.402909,226.020234
81.189644,35.253917,225.691264
80.548576,34.297556,225.508266
80.186235,34.086206,225.149286
79.409126,34.596643,225.066961
78.945034,34.475973,225.190195
78.552159,34.249234,225.232349
78.101016,34.736327,225.137743
76.971744,34.204483,224.761965
76.496226,33.932920,224.942767
75.592231,33.817362,224.812936
74.837952,33.392545,225.042731
74.199765,33.138573,225.034305
74.188612,33.156572,225.033010
73.759557,33.047887,225.110289
73.039593,32.742948,225.225892
71.665458,32.051437,225.051003
70.987853,31.672598,224.897226
69.234340,30.808814,224.954749
68.886310,30.656855,225.122001
68.509441,30.551925,225.272603
67.569406,29.974786,225.692220
67.568830,29.974496,225.692831
67.556427,29.916797,225.745853
67.269327,29.742832,225.683101
67.269502,29.737918,225.678799
67.264604,29.744932,225.689230
66.667495,29.406217,225.852449
66.352464,29.227846,225.835449
65.045183,27.941903,226.096513
64.398289,27.789418,226.097749
63.682928,27.688918,226.390084
62.979496,27.689047,226.667875
61.515992,27.240215,226.933836
61.251434,27.100891,227.073958
60.996035,26.958388,227.166439
60.676744,26.904485,227.268418
60.148404,26.973693,227.018810
59.877811,26.857753,226.868200
58.960378,26.567096,227.108329
58.702034,26.418729,227.194174
58.700422,26.418109,227.193924
57.371877,25.575154,227.048333
57.359508,25.589565,227.029863
56.638206,25.234350,227.354287
56.349865,25.162166,227.454588
56.125799,25.024253,227.407749
55.764553,25.142241,227.573804
55.284935,24.873252,227.418440
54.780993,24.644522,227.039590
54.381044,24.158048,226.928229
53.738453,23.978715,226.986908
53.456210,23.925596,227.089306
53.299648,23.885541,227.002573
52.921100,23.858932,227.138140
52.143516,23.902992,227.498041
51.475951,23.562220,227.665015
50.900013,23.231215,227.963874
50.709253,23.444980,227.938685
49.533804,22.803123,227.953319
49.232190,22.768444,227.916623
48.875058,22.647338,228.036598
48.288099,21.765696,228.296831
47.685094,21.445999,228.275125
46.937481,21.326510,228.394386
46.624569,21.259755,228.303101
46.168318,21.105856,228.596578
45.845883,20.923872,228.480008
45.699114,20.853765,228.570675
45.551281,20.787098,228.719030
45.190422,20.686733,228.750000
45.191256,20.681862,228.755570
45.052578,20.607800,228.843698
44.598459,20.782451,228.821447
43.640336,21.045759,228.982974
43.489044,20.950719,229.095907
43.053392,20.857484,229.140288
42.557368,21.019902,228.772982
42.380465,21.377061,228.769087
41.993395,21.347442,228.621668
41.928502,21.395749,228.562331
41.827438,21.545142,228.393975
41.581712,21.419089,228.540593
41.069339,21.473968,228.081321
40.917090,21.483080,228.123654
40.801604,21.419335,228.199005
40.403552,21.524229,228.056925
40.287156,21.471048,228.119083
40.017416,21.432908,228.248019
39.034734,21.396786,228.162180
38.841379,21.379049,228.182777
38.709085,21.313854,228.025493
38.675986,21.339415,228.012751
37.755783,21.390795,227.833923
37.301891,21.270919,227.796063
37.044261,21.261322,227.870063
37.043605,21.260981,227.869709
36.558042,20.597225,227.791305
36.211303,20.593063,227.961716
35.881091,20.814879,227.984318
35.776666,20.863341,227.923466
35.690913,20.806653,227.987211
35.023753,20.914981,227.690396
34.835492,20.918506,227.694937
34.497170,20.956769,227.568329
34.417655,20.907492,227.630123
33.793857,20.941184,227.675423
33.643932,20.846448,227.794804
33.207754,20.686692,227.819225
32.677559,20.131427,227.598603
32.010298,19.600314,227.369681
31.883088,19.532600,227.360422
31.265293,20.013575,227.717742
31.109024,19.899600,227.649118
31.041966,19.843987,227.700817
30.737336,19.695556,227.535861
30.509653,19.604508,227.137975
30.425279,19.537772,227.076114
30.129623,20.002868,227.273742
29.928373,19.958945,227.174950
29.810687,19.882129,227.206542
29.704318,20.190146,227.326130
29.452833,20.182003,227.380416
29.402434,20.149795,227.432659
29.398338,20.147382,227.457550
29.239394,20.049827,227.579963
29.190690,20.016152,227.598533
28.541237,20.612527,227.542264
27.927750,20.833247,228.047889
27.884143,20.800558,228.089450
27.621229,20.671201,227.790016
27.411927,20.967689,227.789747
27.333684,20.907900,227.866843
27.280365,20.866879,227.719226
27.233454,20.831112,227.706365
26.630250,21.213548,227.759180
26.345556,21.267383,227.725191
25.935086,21.513263,227.868941
25.893691,21.500713,227.961357
25.812855,21.554646,227.899965
25.781713,21.528865,227.932036
25.454954,21.651240,228.075864
25.426220,21.627043,228.105597
25.357436,21.568507,227.995862
25.096686,21.748553,227.909333
24.892340,21.809016,227.887678
24.825084,22.086986,227.974109
24.666432,22.150199,228.116243
24.365122,22.215705,228.448449
24.186761,22.229586,228.217617
24.094706,22.140285,228.226964
23.962161,22.187665,228.256491
23.751797,22.271540,228.040934
23.698457,22.221809,228.100642
23.485716,22.176119,227.933060
23.241348,22.232224,227.940092
22.986412,22.280998,227.801251
22.754514,22.224922,227.782939
22.665171,22.137901,227.789859
22.524376,22.178484,227.792920
22.242960,22.093274,227.800027
21.912551,22.183877,227.840406
21.804681,22.148824,227.965033
21.364049,22.079275,227.905459
21.330160,22.039655,227.953258
20.994215,22.154894,227.891332
20.927183,22.113503,227.942781
20.766300,22.179334,228.052404
20.585809,22.486448,228.275305
20.548554,22.449061,228.325923
20.440069,22.404639,228.433878
20.237395,22.361982,228.554088
20.212123,22.336157,228.582408
19.851693,22.323925,228.482207
19.792208,22.299996,228.621427
19.413468,22.408295,228.769248
19.312275,22.617485,228.416768
19.332024,22.739263,228.302313
19.346611,22.757343,228.265949
19.193303,22.727598,228.270288
19.193830,22.745847,228.210761
19.205542,22.760988,228.070548
19.205966,22.759151,227.926963
19.048370,22.968493,227.658558
18.922485,23.048572,227.506183
18.943138,23.074105,227.439363
18.935129,23.149700,227.437991
18.950343,23.170480,227.327785
18.973480,23.198061,227.241687
19.033189,23.776746,226.993626
19.027829,23.912772,226.839366
18.894084,23.987934,226.728735
18.415334,24.287314,226.468513
18.330083,24.385913,226.494821
18.165109,24.627001,226.512064
18.133609,24.691377,226.544948
18.136508,24.694171,226.490925
18.065081,24.787843,226.363214
17.868160,24.624428,226.159151
17.968285,25.110830,226.125634
17.848956,25.779472,226.170688
17.813675,25.957230,226.245663
17.926017,26.870655,226.374932
17.921517,27.045766,226.186217
17.956288,27.258959,226.176526
17.989305,27.301562,226.186750
17.869779,27.368140,226.228473
17.875690,27.377379,226.246022
17.848860,27.473062,226.279850
17.879003,27.522712,226.285074
17.781569,27.679106,225.937537
17.743208,28.095193,226.054751
17.753069,28.109065,226.083001
17.761644,28.176889,225.958495
17.815769,28.773328,226.116153
17.810413,28.941860,226.238630
18.042953,29.575309,226.343002
18.040638,29.599513,226.397647
17.961063,29.926626,226.515394
17.993714,30.083660,226.439581
18.036346,30.154816,226.455737
17.844040,30.466169,226.331132
17.852075,30.550426,226.317810
17.902998,30.638142,226.275222
17.961025,30.754723,226.331849
17.871117,32.021783,226.386218
17.846574,32.260893,226.308974
17.462969,31.931806,226.075720
17.493655,31.987880,226.027720
17.460834,32.498173,226.003387
17.178258,33.003586,226.070449
17.260861,33.163285,226.100445
16.960176,33.333254,225.895308
16.958536,33.395826,225.847930
16.987883,33.461681,225.800462
16.787861,33.977362,225.978692
16.588228,34.352705,225.917851
16.610930,34.512297,225.894918
16.831376,35.291675,225.983130
16.635178,35.770173,225.928936
16.543326,36.074894,225.918675
16.706601,36.422417,225.854992
16.796806,36.637120,225.862282
16.874997,36.797802,225.745053
16.953831,36.964526,225.634795
16.955813,37.106367,225.412530
17.010687,37.248889,225.395183
16.778934,37.440912,225.476722
16.700823,38.373646,225.475918
16.686977,38.720274,225.203104
17.020884,39.595018,225.053626
17.062231,39.681067,225.091859
17.063583,39.773183,225.106391
17.118399,40.165516,225.111961
17.038468,40.180404,225.145211
17.113510,40.516608,225.326304
17.272181,40.983859,225.700218
17.139822,41.652297,225.688341
17.224876,41.856359,225.777712
17.198707,41.864506,225.782785
17.274503,42.004249,225.866053
17.316497,42.823008,225.836598
17.235121,43.272875,225.913485
17.180452,43.641254,225.934940
17.246268,43.946431,225.732168
17.243233,44.074328,225.796890
17.144486,44.571867,225.749695
17.144790,44.572588,225.749739
17.043848,45.256234,225.851896
17.192085,45.588630,225.620270
17.323980,46.200794,225.664573
17.337042,46.567961,225.792230
17.243584,46.886875,225.886301
17.192293,47.728425,225.837185
17.175255,47.734820,225.839028
17.220539,47.865885,225.814194
17.254686,48.379385,225.710460
17.453403,48.862764,225.544069
17.365773,50.226136,225.810523
17.416870,50.398547,225.735455
17.386829,50.361523,225.740106
17.501724,50.911738,225.450839
17.560199,51.078096,225.361462
17.360504,51.472174,225.742922
17.374227,51.615035,225.814165
17.320651,52.486964,225.896163
17.268064,53.468184,225.919971
17.405639,53.617321,225.912689
17.378262,53.858801,226.223890
17.372565,54.536073,226.249942
17.554668,54.960905,226.374749
17.624197,55.068921,226.458186
17.441511,55.253324,226.762202
17.351265,56.034796,226.873950
17.174213,56.859538,226.530360
17.030349,57.418469,226.797559
16.853105,58.328296,227.028596
16.625456,59.750480,226.869478
16.607973,60.004723,227.064918
16.889623,61.352989,226.988519
16.868994,61.369362,227.023176
16.944283,61.595127,227.028805
16.972671,62.654213,227.506579
16.691956,63.523088,227.832977
16.663794,63.558928,227.753076
16.314977,63.948352,227.804794
16.368164,64.157255,227.964830
15.984208,64.481793,227.892798
15.935081,65.231883,227.931578
15.993313,65.377444,227.842359
15.942157,66.128800,227.626530
15.884831,67.166841,227.579124
15.877363,67.169935,227.586779
15.848835,69.334808,227.527196
15.905849,69.577078,227.869603
15.926525,70.070137,227.513270
15.728181,70.494210,227.585828
15.652634,71.382646,227.838124
15.658100,71.387379,227.828644
15.591297,72.102805,227.825270
15.389850,72.255518,227.793014
15.385266,73.068392,227.794135
15.503479,73.439029,227.718466
15.509506,73.456452,227.747037
15.509582,73.457406,227.746892
15.783674,73.933898,227.771004
15.747072,74.006745,227.625293
15.787321,74.107802,227.559557
15.787337,74.108736,227.559532
15.770759,74.447460,227.829128
15.737159,75.242724,227.902723
15.679704,75.745157,227.737500
15.680912,75.745855,227.735860
15.839066,76.425831,227.458643
15.839250,76.426713,227.458300
16.210507,77.539136,227.382518
16.229034,77.557919,227.343078
16.231642,77.558472,227.346015
16.589394,79.172813,227.417387
16.589232,79.175528,227.412375
16.657226,79.359588,227.774851
16.655732,79.362216,227.765607
16.452055,80.506864,227.686807
16.230818,80.693024,227.611059
16.181478,81.470398,227.099267
16.182670,81.471052,227.105319
16.184706,81.470567,227.116491
16.185726,81.470980,227.121128
15.954315,81.959575,227.271508
16.002923,82.812722,227.515121
16.129252,83.931284,227.918241
16.544964,84.863840,228.067060
16.581144,84.935283,228.070721
16.562386,84.958987,228.053838
16.674487,85.976064,228.384545
16.722809,86.360543,228.698705
16.815997,86.563458,228.771323
16.707461,86.673277,228.876302
17.247975,88.584597,228.808632
17.304904,88.724318,229.145064
17.247464,89.273915,229.225876
17.223600,89.664928,229.340818
17.222376,90.231952,229.489447
17.522219,90.851924,229.438840
17.745229,91.528292,229.418922
17.788344,92.330180,229.447444
18.016503,93.480389,229.239624
17.963234,94.256737,229.356446
17.970511,95.142396,229.063456
17.949896,95.757878,229.119874
18.483040,97.309534,230.163507
18.480642,98.000709,230.505236
18.653818,98.730657,230.666380
18.562159,99.121990,230.737822
18.636929,99.431375,230.898985
18.880374,100.705994,230.985365
18.963071,101.023091,230.876365
18.966390,101.025656,230.871817
18.932506,101.512539,230.926458
19.200613,102.555449,230.542825
19.030731,103.053647,230.505707
18.960582,103.297619,230.810733
19.052087,103.736802,230.774325
18.995318,104.874587,230.892018
19.116178,105.856906,231.875180
19.130495,105.874933,232.000343
19.112074,105.869400,232.003039
19.053921,106.034540,231.904641
18.963897,107.294407,231.583565
19.148849,108.261874,232.411648
19.156039,108.261706,232.418639
19.106305,108.272024,232.489417
19.242065,109.018589,232.814206
19.329216,109.278627,233.072478
19.411670,109.364901,233.126544
19.419175,109.364378,233.144695
19.363647,109.537587,233.211782
19.512475,110.058789,233.417485
19.492306,110.640040,233.909052
19.109063,110.960577,234.005281
19.066820,111.274346,234.050194
18.917236,111.652366,233.992528
18.995567,111.903316,233.886619
19.045449,111.952158,233.948977
18.802781,112.242813,233.922641
18.778543,112.716795,233.856315
18.821784,113.331215,233.890618
19.244010,114.530346,234.355513
19.185442,115.246527,234.412752
19.337089,115.899816,234.334750
19.283475,116.063549,234.359847
19.228156,116.326317,234.389243
19.256868,117.059799,234.147113
19.427927,117.091242,234.365597
19.208343,117.605721,234.264631
19.418930,118.232310,234.204165
19.467433,118.335667,234.239051
19.467774,118.337437,234.239043
19.426095,118.419484,234.286423
19.461058,119.180616,234.202347
19.441188,119.315581,234.223930
19.382763,119.712486,234.286745
19.383029,119.714449,234.286804
19.280047,120.112049,234.294905
19.362708,120.321191,234.366248
19.566181,120.621544,234.379014
19.695189,121.126491,234.413194
19.763133,121.452848,234.840859
19.764432,121.455021,234.841186
19.995096,122.260091,234.866457
20.059089,122.521868,234.839039
20.079632,122.834975,234.863164
19.938560,123.085745,234.785445
19.934871,123.088636,234.784502
20.012132,123.370642,234.780898
20.025263,123.601223,234.698302
20.145702,123.764608,234.667176
20.069039,124.014173,234.691314
19.971332,124.628799,234.520600
20.040932,125.034033,234.634611
19.862857,125.257142,234.620780
20.007291,125.543551,234.884771
19.892552,125.765698,234.959263
20.015062,125.945695,234.949244
19.982175,126.210948,234.944036
19.819514,126.507756,234.882635
19.840246,127.015731,234.843934
19.804416,127.197926,234.872943
19.619710,127.550367,235.020840
19.566624,127.736486,235.035238
19.560408,128.023513,235.024508
19.650837,128.210326,235.274797
19.687154,128.640810,235.248630
19.703672,128.895689,235.310526
19.642063,129.365397,235.356195
19.694102,129.571763,235.387433
19.753865,129.788303,235.392705
19.649810,130.212749,235.392291
19.621102,130.370730,235.414038
19.594772,130.520232,235.458129
19.588225,130.897854,235.405735
19.603842,131.109165,235.581214
19.690737,131.414899,235.803241
19.691767,131.611703,235.830010
19.706286,131.744660,235.831011
19.718086,131.930176,235.866406
19.768026,132.200516,235.869779
19.764887,132.459375,235.989799
19.439025,131.765108,235.920691
19.412443,131.478144,236.137444
19.386817,131.307244,236.125360
19.355009,131.151406,236.138372
19.358482,130.954899,236.131734
19.326512,130.714592,236.121334
19.261898,130.630469,236.227968
19.190381,130.390569,236.137092
19.155522,130.238102,236.139922
19.118114,130.110299,236.127340
19.024635,129.924808,236.079785
18.983340,129.749470,236.092418
18.829153,129.544499,236.069929
18.865561,129.142802,236.025305
18.804272,128.908876,235.961960
18.799995,128.533571,235.927843
18.575516,127.954161,235.824565
18.481871,127.735557,236.037524
18.501640,127.593962,236.392507
18.294286,127.660827,236.369201
18.308910,127.496017,236.330087
18.150751,126.732896,236.237008
18.156565,126.635936,236.229972
18.181076,126.372499,236.240647
17.954734,126.284120,236.180731
17.969011,126.184941,236.165231
17.871213,126.057013,236.136251
17.886648,125.938815,236.119112
17.809216,125.817768,236.101603
17.734656,125.469914,236.103610
17.767515,125.229476,236.082858
17.733107,125.281677,235.975543
17.676536,125.181288,235.996389
17.575090,124.903186,236.024950
17.573283,124.900096,236.026393
