2000
3
227.754822,7.454994,67.276094
227.736205,7.454126,67.111384
227.690099,7.453412,66.965972
227.684583,7.445369,66.800329
227.670777,7.449958,66.658645
227.592595,7.472171,66.460229
227.706456,7.710915,66.112164
227.736108,7.702873,66.033966
227.729562,7.697451,65.868783
227.730689,7.665152,65.468268
227.678529,7.653986,65.276715
227.660877,7.674487,65.128895
227.640540,7.806450,64.900262
227.564611,7.754176,64.608818
227.712664,7.911717,64.105050
227.676536,7.930644,64.018727
227.754792,8.095655,63.652853
227.840360,8.132145,63.323769
227.783846,8.093125,62.872767
227.875233,8.084088,62.416226
228.000723,8.223090,62.204312
228.288122,8.303764,61.690365
228.322944,8.477511,61.908253
228.543590,8.409005,61.630279
228.767464,8.341482,61.162584
228.608318,8.367956,60.995832
228.616690,8.365437,60.993633
228.830967,8.456329,60.467515
228.866259,8.384902,60.046824
228.817765,8.657647,59.839846
229.126092,8.557625,59.303576
229.283238,8.524561,58.868541
229.351356,8.546476,58.576757
229.369469,8.530029,58.111383
229.236289,8.567437,57.800770
229.149409,8.585967,57.606547
229.307849,8.511603,56.900172
229.336803,8.505543,56.797909
229.330510,8.507729,56.794230
229.358518,8.510689,56.362911
229.504963,8.599301,55.789276
229.865841,8.594561,55.265719
229.697164,8.642312,54.462528
229.696910,8.642626,54.460845
229.757819,8.624651,54.404041
229.704215,8.523184,53.894845
229.602054,8.644390,53.794043
229.611240,8.641285,53.790447
229.495246,8.682096,53.371864
229.434623,8.702242,53.239144
229.405203,8.845065,52.318260
229.308374,8.955874,51.718617
229.730613,9.107361,50.867303
229.732270,9.106861,50.865473
229.778049,9.162024,50.531849
229.609439,9.196200,49.958114
229.670075,9.430458,49.776455
229.760312,9.457630,49.692012
229.679291,9.577461,49.202929
229.653940,9.722323,48.686398
229.670266,9.721486,48.548280
229.553026,10.126467,47.600808
229.509065,10.161171,46.918979
229.582523,10.027149,46.567386
229.724321,9.998716,46.049211
229.461342,9.932906,45.769130
229.293254,9.867313,45.492055
229.449220,9.880510,45.106032
229.609963,10.181928,44.513264
229.070297,10.264423,43.402761
228.908111,10.373207,42.783180
228.653680,10.464376,42.428058
228.764814,10.450663,42.319918
228.722760,10.482200,42.032184
229.098098,10.455494,41.682049
228.594855,10.521961,40.731320
228.417483,10.410784,40.262122
228.528485,10.362373,40.085227
228.539375,10.390163,39.763589
228.648387,10.528080,39.594642
228.755003,10.485090,39.434160
228.709707,10.433725,39.053297
228.552913,10.578046,38.673258
228.631018,10.511998,37.934845
228.708473,10.500294,37.859131
229.005069,10.641002,37.472229
229.005773,10.801223,37.104128
229.135575,10.874360,36.476751
229.359498,10.814449,36.097458
229.438791,10.782608,35.836696
229.510062,11.151622,35.358536
229.294742,11.392775,34.904560
229.568260,11.616779,34.261958
229.720506,11.665958,33.462893
229.599103,11.724568,33.387099
229.634113,11.735105,33.379922
229.345145,11.803164,33.082608
229.218769,11.829868,32.786873
229.389916,11.983820,32.564408
229.494809,12.148219,32.552994
229.483591,12.420686,31.909408
229.705588,12.458093,31.550631
230.034407,12.602519,31.022654
230.136295,12.589117,30.867606
230.375179,13.063122,30.528266
230.489992,13.009550,30.397855
230.491755,13.485511,29.810683
230.586164,13.479650,29.711128
230.550752,13.516765,29.172194
230.979216,13.648956,28.947398
231.161230,13.767864,28.751095
231.234219,13.775698,28.664944
231.287895,13.813918,28.592538
231.260056,13.828902,28.116765
231.364415,13.771559,27.999061
231.469435,13.865585,27.422001
231.492271,14.189299,27.054819
231.457422,14.371001,27.058636
231.292878,14.542144,26.908584
230.942971,14.779585,25.695098
231.113591,14.926703,25.464357
231.171158,14.940851,24.797697
230.899190,15.086238,24.791010
230.818957,15.155302,24.855889
230.774556,15.227297,24.919262
230.630210,15.387470,25.008993
230.509758,15.438181,25.082097
230.451434,15.545394,25.029593
230.482224,15.810721,24.903353
230.311916,16.253029,24.695578
230.076861,16.493205,24.696893
230.015768,16.532420,24.759801
230.023815,16.651850,24.750855
229.855161,16.712976,24.738450
229.737855,16.832897,24.774557
229.574909,16.979640,24.730118
228.896392,17.559383,25.017759
228.770363,17.671852,25.131970
228.434125,17.790395,25.143340
228.286772,17.971416,25.115293
228.077422,18.494219,25.580370
227.762812,18.788908,25.719170
227.534948,18.782884,25.668136
227.121993,18.946866,25.035849
226.869186,19.186100,24.962952
226.409654,19.303148,24.545984
225.657714,19.670589,24.313562
225.236146,19.848666,24.004156
225.265078,20.212120,23.771104
225.278383,20.353659,23.507053
224.965904,20.504397,23.528016
225.108687,20.976089,22.416562
225.052281,21.001464,22.462278
224.795369,21.143847,22.516803
224.433809,21.399762,22.619884
224.132786,21.590825,22.832971
223.922834,21.713241,22.950986
223.786814,21.671278,22.919875
223.243419,21.819916,22.928873
223.156190,21.937408,22.917420
222.977972,22.647081,23.097846
222.922564,22.701792,23.146075
222.811289,22.877994,23.342724
222.533749,23.346058,23.443982
222.403628,23.362745,23.431827
222.152276,23.432109,23.502840
221.761851,23.896892,23.666302
221.558806,24.020221,23.677168
221.493164,24.091392,23.713771
221.205852,24.278799,23.931271
221.226775,24.904254,23.989869
220.743873,25.594876,23.056827
219.837129,26.030993,23.557388
219.373770,26.525199,23.542033
219.414394,26.910758,23.370204
218.963160,27.476497,24.185839
219.059308,28.009396,24.709744
219.087768,28.326489,24.653958
218.949695,28.487660,24.706972
218.806797,28.791177,24.468274
218.241999,29.234503,24.544809
218.046994,29.489781,24.365329
217.710507,29.678796,24.552842
217.620318,29.682914,24.610912
217.318069,30.087977,24.738743
217.154193,30.494777,24.684576
216.518146,31.019902,24.958500
216.172371,31.168814,24.998848
215.865075,31.677417,24.946022
215.408044,32.115290,25.361123
214.944492,32.448614,25.387893
214.247806,33.058734,24.972205
213.803197,33.727627,25.381740
213.779087,34.203092,25.609871
213.895451,34.444777,25.458180
213.688092,35.030660,25.972629
213.747524,35.662948,25.740473
213.778500,36.573507,26.125759
213.396535,37.435428,26.477206
213.540830,38.214093,26.382383
213.341757,38.620534,26.707858
212.825028,39.421270,26.648077
212.317076,40.576419,27.385024
212.195070,40.860172,27.235302
212.130066,41.548319,27.615833
211.777399,42.295687,27.652199
211.941300,42.377651,27.714536
211.719303,42.784322,27.855584
212.067447,43.444110,27.091294
212.227029,43.646509,27.196629
212.482992,44.417395,27.468062
212.528701,45.345133,27.364983
212.328422,45.697904,27.669356
212.301001,46.780983,28.104093
212.143149,47.882259,28.895785
212.129695,47.921494,28.963688
211.834151,48.875537,29.624238
211.711072,50.020322,30.012842
212.383452,50.525147,30.335803
212.210314,50.959636,30.602381
212.295411,51.031776,30.645537
212.256832,51.235127,31.183400
212.089600,51.439573,30.426343
211.553548,52.921816,30.794013
211.957840,53.829266,31.163295
211.487600,54.854551,31.466927
211.462127,55.239792,31.696427
211.431028,55.926716,32.247642
211.714202,57.088080,32.509490
211.589441,57.931436,33.522166
211.672401,58.122142,33.661596
211.969236,58.943009,33.937583
211.594688,59.497935,34.320701
210.838128,60.448671,34.776159
211.082749,61.279597,35.308497
211.229340,62.629660,35.843114
210.897256,63.236062,36.187206
211.145470,63.723445,36.130000
211.630503,65.206218,36.394634
211.698806,65.432778,36.867566
211.575227,66.141300,36.931118
211.502954,66.622064,36.830214
211.540838,66.635909,36.802200
211.741437,66.801707,36.894839
211.741960,66.802619,36.895198
211.739332,66.806811,36.886739
211.690999,67.106177,36.547635
211.854529,67.629835,36.618732
212.176962,68.212987,36.953958
212.241256,69.074943,37.173171
212.709892,69.995947,37.578900
212.369047,70.718432,37.663757
212.524618,71.417774,38.459974
212.750266,72.089536,38.271735
213.395138,73.149967,38.926211
214.150046,73.907760,39.047631
214.166906,73.908904,39.041696
213.806332,74.299903,39.142465
214.195286,74.709146,39.378439
214.314386,74.831083,39.250426
214.510945,75.310756,39.954765
214.169748,75.822295,40.344115
213.975382,76.099983,40.537417
213.492770,77.288381,40.210993
213.440373,77.558438,40.302051
213.421080,77.559877,40.311467
213.550019,78.397411,39.978794
213.542436,78.851279,40.149608
213.206177,79.327439,40.441626
212.925489,79.827057,40.395449
213.361807,80.233716,40.618461
213.798668,80.724247,40.889359
213.664487,81.005987,40.561738
213.529003,81.283568,40.498413
213.430395,81.425318,40.439602
213.309365,81.702178,40.333146
213.395243,82.040859,40.572599
213.485200,82.748205,40.569288
213.712511,83.349781,41.419396
213.660284,83.415362,41.712093
213.655652,83.413743,41.723229
213.656091,83.414227,41.724863
213.366414,84.090391,42.091518
212.969020,84.562604,42.043762
212.847449,86.072091,42.123639
212.683377,86.360680,42.288818
212.654549,86.360250,42.307475
212.650913,86.361507,42.305379
212.963278,86.853745,42.560024
212.952480,86.976490,42.600681
212.689466,87.281047,42.614683
212.541947,87.585501,42.905352
212.447686,87.908390,43.038555
212.773349,88.762810,43.427311
212.592042,88.948322,43.284668
212.330441,89.631122,43.496017
212.504893,90.289310,43.563330
212.977774,92.575413,43.368837
213.399325,93.657247,43.933690
213.683013,94.837389,43.246141
213.991406,95.393479,43.004479
214.239641,96.069702,42.921393
214.553563,97.128125,42.665748
214.552992,98.230491,43.493360
214.953998,98.824269,43.709421
215.171125,99.181001,43.491582
214.926428,99.525094,43.712763
215.233243,99.979440,43.581668
215.128415,100.256085,43.747791
215.655375,100.608302,43.601451
215.785427,100.729385,43.449537
215.923093,101.138373,43.433445
215.968056,101.140032,43.383375
216.660395,102.962921,43.193551
217.290185,103.376682,43.567668
217.209661,103.475403,43.533965
217.760223,104.223015,43.486344
218.184028,105.437334,44.265568
218.652277,105.772316,44.419054
218.718689,106.368936,44.741291
218.840607,107.018123,44.006256
218.845423,107.020302,43.993204
218.933452,107.075545,43.886386
218.906119,107.080786,43.910670
218.850985,107.164248,44.266646
219.066129,108.513023,44.845274
219.179952,108.789208,44.667545
219.354877,109.730098,45.031033
219.415986,110.210333,45.442172
219.440252,110.789217,45.367533
219.293884,111.051577,45.529753
219.169439,111.294991,45.747905
219.005229,111.895213,46.123551
219.116242,111.967080,46.344049
218.923643,112.828067,46.581138
218.602519,113.968245,46.221455
218.472004,114.088511,46.355446
218.538435,115.053944,45.877407
219.153207,116.165875,45.927712
219.044754,116.450643,45.766148
219.069248,117.821225,45.354847
218.805599,118.278677,45.542731
218.798212,118.278619,45.549552
218.614716,118.761639,45.660763
218.460427,119.027114,45.781597
218.324320,119.101579,45.912647
218.150572,120.276508,46.165072
218.098110,121.034969,46.358517
217.961766,121.115305,46.416572
218.180005,122.611981,46.758795
218.160226,122.614013,46.771720
218.168749,122.744282,46.591665
218.814427,124.350927,48.011069
219.126381,125.623073,47.522602
218.939231,125.822175,47.467989
219.010138,126.137423,47.845406
220.159659,127.852496,48.369464
220.083615,128.390499,48.398047
220.092747,128.395302,48.386670
219.957009,128.651228,48.832909
220.052702,129.482255,48.104804
219.793923,130.315389,48.464880
219.820326,131.083382,48.203860
219.691625,131.327735,48.078761
219.846936,131.628906,48.789993
220.196310,132.840151,49.294979
219.885965,133.336981,49.632231
219.870584,134.092523,49.650405
220.126979,134.407495,49.796672
219.846667,134.940583,49.490241
220.045496,135.792455,49.572624
219.865573,135.911260,49.826720
219.754975,135.979151,49.892460
219.746256,136.030748,49.832162
219.545954,137.276543,50.163390
219.851228,138.007214,50.470012
219.443545,138.846491,50.950005
219.242602,139.194595,51.445958
219.572917,140.527561,51.758644
219.784416,141.823422,52.364287
220.083645,142.265237,52.180613
220.290168,142.683062,52.264160
220.266690,143.173979,52.771860
220.519662,143.535170,52.865297
220.378163,143.762860,53.042596
220.300697,144.537299,52.268079
220.449399,144.629953,52.773506
220.524382,145.107811,53.220518
220.429895,145.129652,53.403086
220.903070,146.352669,53.367409
220.647093,146.537832,53.400441
220.560735,146.955897,53.281548
220.452022,147.035767,53.348035
220.457391,147.040127,53.368147
220.585760,147.254248,53.414350
220.490154,147.453451,53.282636
220.531387,147.487277,53.180517
220.183997,147.782064,53.344808
219.941024,148.287060,53.662390
220.195283,149.221884,54.097955
220.219629,149.784297,53.154106
220.198328,149.791691,53.143748
220.280453,149.994582,53.220793
220.171602,150.078494,53.170330
220.202656,151.023302,52.524464
220.544094,151.831725,52.804678
220.601571,153.202559,52.492969
220.750861,153.760765,52.250538
220.643152,153.941327,52.317867
220.732412,154.420720,51.871137
220.754839,155.206631,51.246153
220.738275,155.916899,51.136161
220.671583,156.097388,51.152740
220.608824,156.112731,51.201432
220.604274,156.116400,51.200790
220.467744,156.289334,51.399349
220.485245,156.814435,51.143639
220.288783,157.064129,51.208958
220.516748,157.420667,51.417647
219.893847,157.763252,51.468996
219.893535,157.764035,51.463848
220.071768,158.118416,51.345120
220.085726,159.372588,50.887394
220.083988,159.373237,50.894053
219.973556,160.408575,51.095624
220.073764,162.018314,51.646761
220.135701,162.095803,51.938952
220.213682,162.316491,51.827926
219.996450,163.025192,52.069539
219.852853,163.837000,52.557726
219.860930,163.837393,52.564585
219.914754,163.868558,52.577599
220.157116,164.404950,52.679223
220.045018,165.414783,52.721047
219.998343,166.354483,54.000706
219.959020,166.470726,54.198796
219.819860,166.676994,54.014468
219.424860,166.963685,53.805061
219.424873,167.721268,54.526984
219.208367,168.279410,54.910149
219.090421,168.657560,54.271002
219.590968,169.636496,54.241488
219.527628,169.772580,54.132871
219.873673,170.463442,53.839632
219.292988,171.454102,53.320194
219.256484,171.565259,52.921912
219.273093,171.565570,52.902604
219.459459,171.788451,52.599199
219.501048,172.683952,52.793506
219.283951,172.953521,52.841725
219.284280,172.954449,52.842255
219.337380,173.951460,52.825688
219.319716,174.368072,53.369189
219.741535,175.159989,53.065309
219.840382,176.638661,53.197149
219.820338,176.825148,53.236359
219.481045,177.681236,53.266738
219.536092,177.681848,53.221677
219.503360,178.037157,52.965671
219.686265,178.401109,52.719694
219.841988,178.734551,52.911544
219.802619,179.075072,53.491335
219.874969,179.662373,53.876641
219.645507,180.227233,53.019876
219.582266,180.725902,52.467018
219.554842,180.829618,52.464801
219.385331,181.967698,51.609512
219.201222,182.532501,50.731664
219.336057,182.813601,50.957771
219.038664,183.189564,50.817947
219.155291,183.289896,50.745689
219.155826,183.291070,50.745142
219.257937,183.401850,50.606225
219.258049,183.402444,50.604770
219.127570,184.088099,50.451311
219.244789,184.743503,49.592163
219.269221,184.795167,49.686972
219.269413,184.795700,49.685184
219.272872,184.796258,49.682506
219.315675,184.808551,49.631226
219.316188,184.809148,49.629577
219.227210,184.969162,49.354741
219.201182,185.143206,49.245640
219.179171,185.661073,48.599395
219.179623,185.661661,48.597675
219.300124,185.765745,48.573158
219.262038,185.735518,48.357757
219.196372,185.922198,48.062700
218.925311,186.491556,47.805879
218.877136,186.862617,47.547125
218.539746,187.795850,47.701107
218.672644,188.019577,47.377562
218.690110,188.114006,47.507109
218.691094,188.465417,46.882048
218.734981,188.996102,47.745757
218.651096,189.104895,47.648149
218.840421,190.129381,47.517096
219.011592,190.394021,47.302916
218.840818,190.819128,47.451553
218.762217,190.810443,47.193377
218.668693,190.797817,47.199640
218.698372,190.769873,46.896134
218.727070,190.989645,47.330319
218.610017,191.523795,46.677086
217.957429,192.170297,46.586038
217.648640,192.663976,46.828101
217.755591,193.192939,47.031482
217.669558,193.735083,46.657396
217.815399,194.294616,46.388734
217.776229,194.355533,46.412516
217.793066,194.758005,46.222917
217.824775,194.772214,46.183844
216.748124,195.458474,47.204900
216.676806,195.532917,47.135923
216.992241,196.132567,46.557768
217.051218,196.376107,46.558378
217.301591,196.603538,46.826665
217.354290,196.774399,46.762126
217.455173,196.939809,46.576869
217.833611,197.413113,46.802164
217.499920,197.786234,47.285923
217.252155,198.441881,47.326385
216.855978,198.808505,47.731822
216.898390,199.191775,48.012790
217.062217,199.444082,47.835497
217.218070,199.670983,47.695050
217.218029,199.672282,47.695491
217.209658,200.048094,47.446240
216.581291,200.716107,47.711661
216.071614,201.554994,47.293030
215.840852,202.092537,47.048354
215.709969,202.278160,47.131398
215.232216,202.693208,47.600801
215.140731,202.754322,47.588369
214.445253,203.484047,47.514750
214.542132,203.592139,47.516140
214.578294,203.665977,47.512801
214.661705,203.828452,47.546274
214.742510,204.051041,47.299240
214.738503,204.293531,47.581985
214.558822,204.648635,47.561562
214.283360,204.856920,47.132342
214.215282,204.998920,47.207317
213.896420,205.400406,46.962931
213.361304,205.979988,47.378404
212.668162,206.590281,48.190875
212.701328,206.624225,48.246762
212.123970,207.151824,48.372609
212.171165,207.204607,48.405443
211.712645,207.816725,49.026329
211.780791,207.893206,48.884166
211.340808,208.308707,48.215949
211.005474,208.672166,48.218391
209.745668,210.087215,48.162466
209.846361,210.502363,48.298341
209.789193,210.860220,47.649677
209.662213,211.066350,47.127822
209.679486,211.079016,47.078750
209.565185,211.268760,46.923564
209.458880,211.568960,46.688010
209.179166,211.989683,46.778656
208.826674,212.122949,46.017091
208.566564,212.423538,45.837307
208.239266,212.827423,45.960802
207.738936,213.062336,46.049918
207.678477,213.933786,45.736100
207.183520,213.850516,45.485444
206.245517,214.742796,45.041553
205.971617,215.496533,44.990806
205.979274,215.698895,44.932455
205.603150,215.824079,45.242051
205.518618,215.815257,45.302712
205.294997,216.077011,45.344707
204.988322,216.403209,45.428849
204.869802,216.381992,45.298472
204.824344,216.472610,45.188634
204.775605,216.431316,45.206347
204.615459,216.568484,45.004296
204.402765,216.647706,44.948003
203.878571,216.750654,44.892273
203.505742,216.979791,44.735598
203.458808,216.909811,44.585742
203.424310,216.937253,44.588674
203.266848,216.995733,44.819666
203.220039,216.946974,44.744596
202.957443,216.960850,44.721977
202.789946,216.909453,44.776788
202.066076,217.348999,44.750963
201.557263,217.445227,44.297270
201.056518,217.456576,44.754728
200.959334,217.305074,44.397924
200.758099,217.356902,44.296990
200.438391,217.401802,43.870250
199.687150,218.708039,44.177218
199.633770,218.895733,44.329827
199.140969,218.941554,44.121232
198.625583,218.987777,44.294786
198.436364,218.924140,44.311833
198.216362,219.003109,44.246221
197.785226,219.243469,43.988171
197.786002,219.276569,43.975952
196.953852,220.018916,44.103228
196.871008,219.984909,44.140211
196.959450,220.254180,44.095298
196.487332,220.693866,44.157522
196.318906,220.641263,43.598365
195.911641,220.764587,43.386545
195.061619,221.069143,41.986468
195.068671,221.701748,41.948076
194.539560,222.418707,41.026124
194.261142,222.540101,40.829905
194.239349,222.591290,40.800628
193.815243,222.471185,41.110507
193.041716,222.348830,41.536822
192.451795,222.436253,41.504997
192.249249,222.342449,41.421415
191.490024,222.386208,41.094198
191.235821,222.485908,41.096745
190.975337,222.549581,41.035124
189.990265,222.838851,41.921368
189.534481,223.298611,42.784901
189.010788,223.443606,42.693061
188.123828,223.704752,42.520797
187.323014,223.974217,42.815564
186.808749,224.141372,42.661690
186.807543,224.141033,42.661827
186.760377,224.178733,42.684309
185.942283,224.277379,42.835439
185.918508,224.264654,42.871179
185.354873,224.420381,42.719832
184.130906,224.814373,42.699308
183.132380,225.435634,42.211499
182.438492,225.728679,41.974490
182.119489,225.983210,42.244215
181.494140,226.195806,41.875831
180.258198,226.705019,41.806440
180.247394,226.721014,41.800794
179.730199,226.890774,41.923801
179.605253,227.203438,41.911328
179.061398,227.387468,41.701123
177.999639,227.283370,42.138170
177.687023,227.268754,42.217713
177.591955,227.301719,42.378547
177.587594,227.292826,42.385752
176.947456,227.348873,42.538151
175.607214,227.822876,42.481052
175.601552,227.827412,42.460012
173.941624,228.619225,41.722675
173.880402,228.645917,41.724957
172.232523,229.246505,41.907917
171.877305,229.352417,41.864012
171.536491,229.449951,41.761927
170.994173,229.620882,41.804466
170.947674,229.753344,41.815573
170.805084,229.678161,41.881347
170.179618,229.901604,41.587307
169.416792,230.019551,41.692300
168.802669,230.136679,41.579759
168.686137,230.174353,41.331451
167.511839,230.375530,40.868332
167.479345,230.392344,40.869788
167.129170,230.502289,40.774464
165.763640,230.604052,41.412377
164.721284,230.982778,41.639083
164.238546,230.992322,41.669131
164.228414,231.006385,41.664393
163.069648,231.131122,41.144095
162.369634,231.183935,40.998237
162.184344,231.168321,40.802151
161.745447,231.376485,41.020385
161.702875,231.369643,40.975144
161.260295,231.250835,41.173113
160.721718,231.294874,40.873743
160.125757,231.549803,40.941441
159.562778,232.114014,40.903560
159.466096,232.078064,40.840491
159.093113,232.438316,41.128204
158.059778,233.278624,41.059175
157.123624,233.054792,41.167570
156.399845,233.293388,41.383388
155.875955,233.114623,41.085101
154.090102,233.456544,41.486640
153.504265,233.651027,41.453818
152.865527,234.198287,41.420145
152.344354,234.106057,41.576939
151.611095,234.804653,41.444650
151.024551,234.669940,40.663733
150.328657,235.266472,40.659304
149.636577,235.309141,40.435041
149.608434,235.279178,40.495024
149.471000,235.262228,40.715998
149.467771,235.257187,40.712502
149.329680,235.302705,40.835863
149.207334,235.373344,41.275543
147.696302,235.466872,41.331201
147.562350,235.476389,41.183868
146.485980,235.503196,41.636361
145.811971,235.992850,41.836057
145.807452,235.999977,41.807107
144.761230,236.210607,41.467453
144.751590,236.205683,41.459061
143.704690,235.997833,40.126863
142.796821,236.092885,40.124202
142.333605,236.215053,40.015165
141.858308,236.309017,39.995848
141.610885,236.191858,40.222088
141.205527,236.296284,40.144553
140.267783,236.501293,39.996750
139.693890,236.730453,40.196578
138.895075,236.612006,40.051024
138.139259,236.530720,40.186889
137.758982,236.508395,40.017538
137.729804,236.504315,39.991564
136.513215,236.349880,40.126595
134.955007,236.889753,40.686317
133.885461,236.656603,41.252118
133.747055,236.595544,41.305962
132.572483,236.985971,40.920306
132.171161,237.102890,40.815655
131.782032,237.025470,41.051019
131.386910,237.142903,40.965034
129.699178,237.086997,41.569473
129.662458,237.082155,41.576253
128.458188,237.340391,42.096492
127.057099,237.399963,42.085041
127.052969,237.363795,42.127806
125.769873,237.532263,42.195224
125.748517,237.488690,42.251533
125.742355,237.550868,42.250105
125.243309,237.607450,42.260626
125.006025,237.691943,42.179410
124.978181,237.646769,42.188555
124.963575,237.702225,42.196990
123.197685,238.242739,43.000711
122.418574,238.321195,42.731762
121.879135,238.328194,42.990776
121.251834,238.356731,42.995271
120.382963,238.650131,42.778137
120.360621,238.653318,42.795413
120.182574,238.739897,42.752193
119.487692,238.883506,43.503013
118.217843,239.204036,43.971930
113.689339,239.524393,45.477009
112.983604,239.557098,45.496425
111.302636,239.927095,45.407377
110.837972,240.020548,45.526129
109.706044,239.959626,46.124681
108.831785,240.218344,45.712723
106.506982,240.228836,45.172430
105.838603,240.149709,44.673996
105.268529,240.252644,45.233147
104.345653,240.390756,45.616640
102.673488,240.855952,45.121414
102.616454,240.936191,45.215461
101.750655,241.093558,45.298880
101.091163,241.011613,45.597392
100.507512,241.091418,46.386197
99.925010,241.228288,46.856550
99.569578,241.305585,47.159739
99.569270,241.307161,47.167092
99.202884,241.498999,47.201012
98.582235,241.670822,46.859836
96.733221,241.664229,46.251607
95.792705,241.908416,46.754614
94.351692,242.096428,46.966112
93.360049,242.131964,46.409146
92.723187,242.315852,46.341105
92.713705,242.317911,46.320808
92.307807,242.334791,46.129858
91.413802,242.303600,46.100705
90.752286,242.338198,46.362410
89.675580,242.428649,47.128733
88.615747,242.427831,47.639073
87.869117,242.348706,47.893153
87.390655,242.646127,47.769536
87.061295,242.534788,47.771743
86.524327,242.633956,47.636029
86.482105,242.735385,47.626522
85.621501,242.954282,48.424635
85.620222,242.953284,48.415026
85.530788,242.982774,48.304216
84.581338,243.145755,47.891001
83.781296,243.253490,47.620554
83.773219,243.240766,47.594378
83.669890,243.278343,47.799548
82.517990,243.178009,46.673791
81.597895,243.312590,46.788648
81.395056,243.478463,46.462435
80.625482,243.516835,46.125814
80.440128,243.567160,46.091785
79.303736,243.511385,45.750986
78.471711,243.693194,44.944510
77.277279,243.653809,44.463844
76.995241,243.674572,44.175711
75.839431,243.791843,44.548572
74.153794,244.263300,43.836489
74.153512,244.261547,43.830211
73.739169,244.323176,43.598271
73.740631,244.330992,43.564920
72.974930,244.487820,43.735417
71.451362,245.076669,44.307136
71.248578,245.200207,44.088518
71.107460,245.172895,44.043115
70.705553,245.077679,43.574812
70.242047,245.174352,43.741058
70.158776,245.193665,43.626198
68.343875,245.273893,43.608577
68.023906,245.349354,43.370235
67.441441,245.381698,42.586100
66.879554,245.402952,42.089357
66.884703,245.400772,42.067612
65.495677,245.647516,41.643052
65.148295,245.695880,41.415415
63.363973,245.548028,41.091328
62.598219,245.490993,40.806278
61.708114,245.419323,40.975250
60.689059,245.571962,40.328194
60.197100,245.600102,40.714880
60.178711,245.591761,40.702032
59.667621,245.604296,40.638931
59.396733,245.648856,40.895318
58.890737,245.567081,40.629305
58.453601,245.814731,40.755790
57.464519,245.802579,40.696081
57.448833,245.813389,40.694452
57.443834,245.812713,40.687530
57.215663,245.937922,40.607216
56.644532,246.006180,40.745437
55.894762,246.080188,40.518055
55.894258,246.079429,40.523047
55.001303,246.111284,40.680226
54.739959,246.199219,41.138141
53.194474,246.133244,41.206735
52.897298,246.093176,41.294736
52.752608,245.927624,41.341582
52.375019,245.882375,41.552497
52.111503,245.940040,41.822531
52.050170,245.973558,41.824322
51.712367,245.827189,41.852643
51.685107,245.879233,41.922489
51.279467,245.831250,42.129746
48.972780,245.658527,42.451697
48.745826,245.671385,42.608508
48.174907,245.606980,42.580918
47.744971,245.589293,43.110636
46.947620,245.621283,43.329596
46.359370,245.541071,43.125990
45.894343,245.641845,43.328787
45.289973,245.578186,43.520468
44.568557,245.575367,43.984456
44.359281,245.608778,44.354717
43.739268,245.680212,44.197717
43.498013,245.736717,43.990452
43.497142,245.737134,43.990286
43.488443,245.726165,44.044339
43.486110,245.733228,44.030477
43.104287,245.683567,43.909541
42.866012,245.739773,43.655382
42.477122,245.836856,43.790252
42.256976,245.887931,43.592994
42.144518,245.922807,43.752957
41.439359,246.175393,43.913720
40.827304,246.242834,44.036672
40.494056,246.316548,44.483590
39.880158,246.234531,44.692246
39.745870,246.191196,44.833809
38.350822,246.514263,44.576157
38.095432,246.573189,44.798018
37.048666,246.915550,44.591477
36.875647,246.955305,45.112810
35.868528,246.853756,44.929331
35.000313,246.822484,45.338636
34.647237,246.906165,45.012363
34.504723,247.080244,45.179550
33.409987,247.053966,45.736960
33.245319,247.096693,45.552323
32.968355,247.112372,45.710413
32.830332,247.116863,46.028849
32.147531,247.157800,45.720661
31.989546,247.196470,45.538114
31.194572,247.120879,45.607216
30.831018,247.119964,45.967617
29.832626,247.127488,45.880556
29.303991,247.072133,45.887769
28.668733,247.003545,45.927768
28.662565,247.002888,45.927173
28.655501,246.999784,45.904322
28.602487,247.023392,46.233935
28.599998,247.023424,46.235622
28.053356,247.015884,46.437339
27.692006,246.968351,46.500090
27.564024,247.004315,46.399530
27.413209,247.003132,46.689821
27.190793,247.086743,46.644448
26.655489,247.165246,46.712733
26.540892,247.198744,46.829261
26.126541,247.162382,46.967438
26.086637,247.179660,47.138580
25.750797,247.128755,47.315784
25.403142,247.148897,46.752437
25.401474,247.148568,46.751685
24.836493,247.062381,46.381372
24.283057,247.133266,47.059323
23.753766,247.106027,47.327074
23.732208,247.113059,47.399753
23.657084,247.137741,47.493503
23.638367,247.143783,47.562422
23.124983,247.188636,47.531443
22.310090,247.094841,47.527334
22.127518,246.924162,47.571151
22.070734,246.939279,47.743279
21.986600,246.886951,47.943165
21.778228,246.576187,47.939265
21.771533,246.568863,48.002658
21.599245,246.610650,48.279920
21.303934,246.577222,48.347293
20.885518,246.575741,48.521450
20.641683,246.610276,48.449013
19.987837,246.372972,48.191746
19.846029,246.409446,48.190563
19.420301,246.268633,48.513428
19.327172,246.186494,48.700200
18.505346,246.139061,48.115171
18.410408,246.176354,48.046450
18.202306,246.142350,48.206955
17.872375,246.096088,48.071839
17.747671,246.057121,47.733404
17.572586,245.994354,47.727839
17.591302,245.995546,47.652729
17.598918,246.006713,47.605565
17.611250,246.008356,47.551502
17.641514,245.997069,47.387843
17.677246,245.993678,47.252344
17.632555,245.942554,47.226337
17.454023,245.803615,47.172708
17.368359,245.773374,46.939895
17.376448,245.759950,46.776640
17.366897,245.764802,46.715325
17.131835,245.724908,46.370454
17.092793,245.735041,45.683519
17.100843,245.726200,45.663230
16.775044,245.909245,45.830213
16.304502,245.641536,45.740973
16.198146,245.464662,45.961276
16.022587,245.376888,45.602974
15.939273,245.217468,45.519535
15.584354,245.106592,45.259214
15.278425,245.001046,45.217208
15.162958,244.950180,45.211202
15.193337,244.931079,44.864648
15.171098,244.959515,44.653404
14.828917,244.884345,44.697646
14.764100,244.880809,44.645484
14.786965,244.866695,44.562837
14.796730,244.860394,44.486328
14.514688,244.737117,43.417984
14.538072,244.721090,43.250011
14.361001,244.674676,42.813541
14.361251,244.674703,42.811707
14.029596,244.416773,41.908117
13.874802,244.290817,41.646761
13.459624,244.454648,41.339933
13.351470,244.278827,41.226842
13.164979,244.414312,41.280511
12.823830,244.343294,40.375628
12.837294,244.332140,40.343304
12.897193,244.346967,40.074106
12.904885,244.340765,40.043297
12.499681,244.165267,39.619932
12.442849,244.210634,39.481654
12.389983,244.175448,39.389368
12.199969,244.128168,39.428182
11.942454,244.071933,39.066229
11.658493,243.914373,38.519392
11.621587,243.945933,38.358906
11.568242,243.768441,38.055541
11.560235,243.773628,38.051012
11.070077,243.808500,37.251056
11.047912,243.838757,37.235793
10.966848,243.560944,36.978897
10.909418,243.416986,36.812190
10.687824,243.225000,36.517793
10.676468,243.245374,36.525468
10.707506,243.290515,36.460665
10.707516,243.290426,36.459583
10.625554,243.376736,36.215650
10.602484,243.400368,36.005216
10.456883,243.456479,35.632649
10.298005,243.446898,35.615802
10.031459,243.076129,35.380700
9.811656,242.654306,35.077307
9.791722,242.331069,34.570686
9.664149,242.389275,34.494001
9.690465,242.355991,34.364884
9.595427,241.978760,34.278216
9.567084,242.009526,34.085904
9.544886,242.076472,34.018264
9.394673,241.907205,33.679389
9.380188,241.684085,33.586232
9.279805,241.635401,33.611509
9.149099,241.333943,33.434895
8.836130,241.283949,33.409211
8.565702,240.871249,33.440512
8.464171,240.831368,33.331833
8.475628,240.815824,32.846968
8.448538,240.869683,32.797360
8.341531,240.951289,32.556307
8.317952,240.663931,32.380246
8.278208,240.705060,32.113485
8.260542,240.750865,32.041868
8.121086,240.575535,31.837643
8.234583,240.657553,31.288297
8.153528,240.629336,31.096089
8.137233,240.670153,31.011916
8.056192,240.578357,30.923193
7.992027,240.485273,30.887202
7.907053,240.463870,30.902778
7.852861,240.564885,30.689440
7.791652,240.350134,30.473195
7.683760,240.256862,30.376608
7.635773,240.259108,30.160272
7.509978,240.216158,29.935270
7.552463,240.214742,29.353350
7.512806,240.220149,29.105749
7.491266,240.250082,29.045317
7.497965,240.278081,28.989958
7.497362,240.279155,28.988958
7.470712,240.150102,28.829927
7.536266,239.896844,28.602667
7.458224,239.534191,28.545618
7.463394,239.571923,28.479081
7.451500,239.596555,28.433095
7.273459,239.548161,28.125568
7.155912,239.423724,27.047242
7.073203,239.362399,26.754438
7.050162,239.265846,26.364092
6.911508,239.325052,26.103244
6.873479,239.415884,25.938016
6.863263,239.433987,25.905811
6.665944,239.152310,25.647350
6.435893,238.811200,25.042508
6.267684,238.616267,24.914260
6.148839,238.619664,24.350237
6.065151,238.338391,24.458361
6.004925,238.140170,24.277818
6.018624,238.097326,24.093227
6.038206,238.187089,23.852100
6.003401,238.219657,23.829027
6.005831,238.229589,23.822198
5.992792,238.266172,23.769630
5.980608,238.321139,23.690947
5.940005,238.328535,23.669071
5.943139,238.336702,23.622865
5.863550,238.323062,23.633102
5.909412,238.339709,23.533150
5.719955,238.284044,22.775849
5.687489,238.365459,22.776302
5.706485,238.341666,22.411431
5.524434,238.022306,21.858541
5.510665,238.092849,21.765624
5.335904,237.668913,21.403073
5.342838,237.656894,21.385716
5.347241,237.705008,21.133536
5.383922,237.624958,20.476581
5.387278,237.128724,20.625610
5.435961,236.957323,20.543431
5.456031,236.849120,20.511853
5.457971,236.792555,20.576022
5.430081,236.694939,20.664279
5.445424,236.634993,20.725941
5.416674,236.249245,20.701337
5.376161,235.981081,20.503182
5.289501,235.467681,20.182103
5.262482,235.371852,20.273104
5.250842,235.267795,20.254650
5.249612,235.229258,20.274454
5.254169,235.210982,20.284477
5.265073,235.143346,20.356024
5.268075,234.913898,20.444238
5.304617,234.765961,20.116538
5.121837,234.372846,20.254088
5.094250,234.283431,20.336532
5.142870,234.003685,20.338480
5.060555,233.882306,20.407039
5.111764,233.674905,19.907056
5.301591,233.443163,20.028060
5.284672,232.500616,19.928384
5.545169,232.053788,19.888678
5.455441,231.785730,20.116193
5.427741,231.577224,20.169908
5.717562,230.818025,19.841810
5.736482,230.745363,19.907186
5.745684,230.660029,19.946193
5.753234,230.029722,19.048938
5.815981,229.762160,19.265445
5.829735,229.374635,19.559005
5.863483,229.198352,19.691089
5.852756,228.319847,19.695280
5.933530,228.060904,19.731976
6.012274,226.948617,19.902913
6.127836,226.588194,19.789873
6.165566,226.417272,19.516891
6.364702,225.646693,19.454987
6.408691,225.435794,19.602779
6.434374,225.317782,19.681461
6.499245,225.001686,19.856350
6.828565,224.441949,19.945884
6.848072,224.370467,20.002747
6.695372,224.237324,20.022064
6.749515,223.688639,20.360270
6.748257,222.796682,20.380067
6.764199,222.504804,20.254556
6.984066,222.009195,20.109985
7.125897,221.582676,20.130851
7.459292,221.114762,20.118560
7.575088,220.339297,20.091014
7.600967,219.008761,19.910849
7.712977,218.545092,20.067696
7.731431,217.736603,20.085867
7.785895,217.223920,20.431608
7.867836,216.898494,20.408558
7.998566,216.466560,20.140632
8.025120,216.030191,20.178479
8.022117,215.958588,20.413161
8.024578,215.595216,20.178966
7.950895,215.219552,20.407045
8.038730,214.590954,19.913888
7.883132,214.442209,20.011336
7.920793,214.205401,19.382718
7.979731,213.633153,19.145294
8.086903,213.001144,19.503965
8.224545,212.158387,19.637682
8.304495,211.207255,19.759070
8.379405,210.844210,19.890092
8.377051,210.841214,19.884247
8.405052,210.691285,19.953717
8.122018,210.251458,19.457654
8.063841,210.080960,19.550586
8.162487,209.513586,19.841734
8.053200,209.026749,19.791527
8.079602,207.437450,19.836836
8.318555,206.239072,20.122596
8.426119,205.608382,20.437525
8.972597,205.120203,20.238340
9.023359,204.841753,19.851995
9.221840,204.023752,20.486126
9.305857,203.315323,20.779533
9.309908,202.881674,20.671838
9.358355,202.562617,20.857496
9.290975,202.450960,20.855936
9.502602,200.941691,20.596497
9.748174,200.385754,20.618476
9.747500,200.384816,20.621581
9.783496,200.168918,20.775439
9.776773,199.457477,21.169885
10.107384,198.773799,20.922718
10.025357,198.229550,20.726507
10.113629,197.605417,20.306481
10.128242,197.027462,20.489494
10.251771,196.313911,20.064425
10.305436,195.993550,20.207622
10.283442,195.936117,20.164074
10.327819,195.608627,20.104561
10.404096,195.037975,20.043482
10.416991,194.464969,19.919747
10.266333,193.559252,19.953411
10.340529,192.885859,20.174848
10.504444,191.637453,19.177257
10.564132,191.386988,19.116700
10.558507,191.329065,19.086056
10.668824,190.482571,19.029826
10.722783,190.126066,19.174540
10.824981,189.401773,19.012017
10.776955,188.683749,18.880442
10.679357,188.611008,18.913944
11.012742,187.750355,18.965064
11.079689,186.412490,18.838523
11.010041,186.104055,18.720021
10.753006,184.770667,18.845145
10.801107,184.380518,18.648757
10.777680,184.318874,18.607133
11.089820,182.820253,18.777861
11.027535,182.020095,18.631598
11.050863,180.937488,18.957521
11.052841,180.929939,18.973920
10.955004,180.461196,19.119951
11.075935,179.571802,19.104278
11.107121,179.241053,19.175350
11.072464,178.789192,19.298201
11.341804,178.054539,19.091773
11.228567,177.744925,18.671304
11.321075,177.290990,18.839224
11.321583,177.290179,18.839429
11.623841,176.275945,18.793561
11.594769,176.251057,18.858263
11.674564,175.786758,19.023546
11.669574,175.783234,19.030216
11.663255,175.714942,19.050544
11.635557,175.692525,19.074168
11.996634,175.498021,19.088105
12.385703,174.166698,18.809293
12.492791,173.130966,18.577551
12.488275,172.961452,18.651260
12.476868,171.159647,18.606543
12.434785,170.432030,18.636319
12.492463,169.945705,18.799547
13.071195,168.345965,18.700326
13.072346,168.343518,18.692663
13.333319,168.261279,18.608380
13.316650,168.231531,18.651397
13.571553,167.637464,18.499915
14.086639,166.472016,18.537601
14.076654,165.470471,18.985857
14.126463,164.638088,19.337899
14.306451,164.491012,19.275581
14.392923,164.252685,19.236321
14.320725,163.577754,19.083766
14.181715,163.309001,19.196263
14.077837,162.887937,19.449832
14.283094,161.449500,19.983987
14.245160,160.545302,19.891668
14.224262,160.503458,19.928200
14.201309,160.438112,19.915590
14.538609,159.741034,19.715890
14.630367,159.453554,19.838230
14.713041,159.360130,19.754916
14.803880,159.180298,19.657808
14.796788,159.153159,19.669166
14.853101,158.584078,20.106005
14.891458,158.578248,20.113136
15.360538,156.355412,20.071756
15.572407,155.535955,20.264513
15.956688,154.718187,20.289315
16.363189,153.293437,20.360598
16.507002,152.274337,20.723508
16.327756,151.925417,20.804572
16.311604,151.911061,20.821806
16.338465,151.889545,20.786657
16.232968,151.374757,20.908849
16.178277,151.225826,20.948208
16.226083,150.589776,21.185906
16.566758,149.046942,20.936264
16.706706,148.621644,20.590431
16.768928,148.097214,20.765232
16.577861,146.363851,20.445316
16.761412,144.877346,20.849173
17.508641,143.799452,20.923096
17.351162,142.982410,20.978434
17.282591,141.620877,21.589427
17.348974,141.088893,21.732022
17.586538,139.394573,21.267326
17.727007,138.389828,21.297966
17.783688,137.952913,21.286365
17.856956,137.872235,21.200776
18.013473,137.656976,21.290595
18.366560,136.792502,21.217423
18.677970,135.197287,20.861564
18.848342,134.240580,20.801514
18.868737,134.236020,20.829066
18.856985,134.421621,21.240565
19.622308,133.694828,21.423221
19.639604,133.691582,21.402786
19.613991,133.608740,21.337671
20.089918,133.159454,21.748612
20.382870,132.914791,21.625942
20.782302,132.315953,21.419104
20.778713,132.010921,21.612375
21.115269,131.215829,21.521834
21.019654,130.489758,21.369487
21.327823,129.007150,21.372945
21.708782,128.143246,21.527486
21.915744,127.440145,21.351212
21.759190,127.244221,21.334804
21.975005,126.653205,21.631279
21.848076,126.668028,22.148638
21.847886,126.666960,22.149666
21.917341,125.814114,22.513140
22.261339,125.087995,22.330341
22.386263,124.451964,22.544714
22.384945,124.442596,22.556215
22.207048,123.885518,22.774229
22.201038,123.869346,22.747397
22.836599,123.202695,22.538554
22.828981,123.007413,22.472206
22.896396,122.226150,22.410782
22.790681,121.277375,22.093309
22.885694,120.326278,21.982892
22.879700,120.313459,21.983066
22.833293,119.935745,22.121790
22.979939,119.541046,22.364037
22.888731,118.725179,22.730330
22.946993,118.370579,22.965536
23.280938,117.333180,22.806698
23.410801,116.623166,23.075455
23.400126,116.589948,23.099716
23.527627,116.281785,23.248591
23.527793,116.280722,23.248790
23.368650,114.995356,23.493340
23.501666,114.955878,23.455847
23.564498,113.631995,23.349772
23.565435,113.631384,23.352366
23.708926,112.904588,23.677310
24.019929,111.895013,23.663848
23.977163,111.815275,23.631939
23.890919,111.153137,23.967016
23.921581,110.900589,24.142004
23.782147,110.241891,24.351107
24.187857,108.663262,24.327268
24.137481,107.370915,24.517444
24.083294,106.622313,24.461411
24.269812,105.934070,24.424559
24.181478,105.109937,24.816087
24.268608,103.714778,24.754473
24.637701,102.711337,25.069072
24.608549,102.366177,24.971257
24.765481,101.952827,25.301103
25.186150,101.089337,25.710314
24.871001,100.269541,25.701550
24.961187,100.191283,25.712792
24.800359,99.931671,25.659321
24.965188,99.505448,26.308956
25.176693,98.405290,26.882417
25.186015,98.403750,26.880984
25.133657,97.530508,26.952424
25.094923,96.511428,27.229879
25.141126,96.478333,27.279876
25.563089,96.146818,27.293383
25.546521,96.126344,27.341192
25.661014,95.734670,27.670471
25.725739,95.694566,27.732952
26.327941,94.317119,28.562961
26.302350,94.316354,28.608995
26.308816,94.318081,28.633717
26.161646,93.185703,28.937204
26.105300,92.214891,28.837230
25.958908,90.817243,28.951673
26.084502,90.738418,28.870566
25.931036,90.114029,29.034252
26.060452,89.740731,28.887415
26.358903,88.120636,29.420610
26.361049,87.433468,29.908523
26.392588,87.237725,30.001085
26.281316,86.440641,29.833102
26.134843,85.377953,29.575228
26.366057,84.552727,29.461836
26.173651,83.944227,29.262653
25.900096,83.728330,29.368202
25.969835,83.104768,29.375564
25.896163,82.485776,29.149350
26.048515,82.089584,29.217182
25.928540,81.756379,29.151008
25.934671,81.627142,29.295212
25.819706,81.511699,29.472440
25.577470,80.578190,29.505947
25.462457,80.074944,29.454575
25.180641,79.862083,29.356497
25.178331,79.860867,29.356277
25.053781,79.595367,29.229411
24.877565,78.812325,29.069119
24.915448,77.761656,29.494325
24.806658,77.285614,29.542000
25.435954,76.693149,29.509022
25.686534,75.882939,29.922553
25.344229,75.645993,29.993039
25.459879,75.434236,30.016894
25.366216,74.839721,30.201820
25.709548,74.218264,30.493962
25.609632,73.556816,30.667586
26.154951,72.443930,31.296558
26.264059,71.806033,31.077499
26.639272,70.567460,32.017114
26.703400,70.239529,31.964894
26.718285,70.229266,31.951866
26.742742,70.024940,31.965573
26.812955,69.302853,31.972809
26.754082,68.570935,32.144331
26.774098,68.570435,32.168351
26.868752,68.232878,31.999818
26.920387,68.039824,31.959454
26.722561,66.931249,32.363738
26.766847,66.561938,32.320099
26.728330,66.190444,32.391937
26.694517,66.006499,32.348179
26.543724,65.431379,32.452231
26.502148,64.968475,32.693536
26.647980,64.398164,32.701557
26.665845,63.991462,32.697567
26.701159,63.635042,32.955921
26.352441,63.209187,33.048369
26.102557,62.896296,33.009008
26.247747,62.372866,33.038793
26.091147,61.631196,32.983138
25.948296,61.004406,33.661966
25.918377,60.992347,33.700278
25.948862,60.330242,33.775288
26.068076,59.749871,33.699361
26.112502,59.417895,33.600785
26.076721,59.314142,33.547947
26.526097,58.687256,33.749631
26.384511,58.353455,33.989087
26.026668,57.990525,34.135932
26.068751,57.493124,34.311949
25.876688,57.183879,34.446712
26.235167,56.345279,34.590557
26.294496,55.931005,34.939325
26.451573,55.441432,35.145449
26.457755,55.434909,35.149335
26.526794,54.915381,34.726441
26.540983,54.852792,34.687198
26.459840,54.598207,34.722240
26.419630,54.323690,34.619763
26.464474,53.636402,34.734845
26.394264,53.783427,34.939480
26.300658,53.359244,34.810953
26.399427,53.042967,34.935616
26.523139,52.677590,35.245786
26.746587,52.461130,35.201261
26.851470,52.334962,35.106718
26.836627,52.159589,34.984931
26.839065,52.007811,35.015046
27.424261,51.287884,35.179713
27.332108,50.534697,35.803909
27.318276,50.115490,35.936953
27.131061,49.677202,36.111315
27.204364,49.464392,36.101163
27.196161,49.020107,36.309036
27.220890,48.782700,36.375812
27.409015,48.537887,36.533483
27.635736,48.051372,36.832571
28.107630,47.373286,37.154397
28.327603,46.745483,37.244167
28.122301,47.032980,37.994680
28.317013,47.358439,39.120658
28.187984,47.182542,39.439619
28.443828,47.272502,39.773076
28.458402,47.336005,39.959890
28.355678,47.035637,40.819419
28.040813,46.820423,41.711784
27.883817,46.575205,42.505048
27.936400,46.726147,42.640595
28.078138,46.659027,42.964379
27.946972,46.510642,43.420152
27.941847,46.544671,43.449713
27.982155,46.602522,43.587001
27.922182,46.452592,44.205219
28.044528,46.403342,44.476407
27.974768,46.454053,44.565904
28.089079,46.085681,44.969226
27.765549,45.806582,45.460000
27.961754,45.514936,45.862253
27.866029,45.619998,46.113903
27.852714,45.136650,46.603141
27.610907,44.614376,47.334140
27.650579,44.580464,47.429837
27.724423,44.480457,47.999013
27.700310,44.261250,48.126953
27.442415,44.078732,48.508049
27.481577,43.957658,48.871894
27.211162,44.036334,49.549094
27.167588,43.952062,49.745452
26.883141,43.502680,50.433506
26.763179,43.280487,51.060154
26.835821,43.010460,51.144292
26.857673,42.645765,51.676853
26.995225,42.664421,51.978088
27.212111,42.325289,52.439476
27.269014,42.582097,52.875806
27.172924,42.664339,53.073147
27.199418,42.460430,53.823066
26.861825,42.214015,54.184688
26.934897,42.355876,54.718940
26.776161,42.158413,55.783584
27.254476,41.581973,56.857192
27.117066,41.217166,57.654198
27.383616,40.980996,58.442386
27.528246,41.120779,58.734068
27.384065,40.966876,59.280762
27.554568,40.540921,59.943123
27.880118,40.479606,60.614397
27.999292,40.449009,60.853698
27.852857,40.324344,61.609333
28.068440,40.229249,62.481909
28.047843,39.979767,62.811188
28.125894,39.992256,63.270305
28.041006,40.134737,63.961238
28.107777,40.166725,64.039781
28.174267,39.987511,64.952420
28.342589,39.968723,65.125284
28.207764,39.620604,65.597566
28.199481,39.560148,66.411676
28.134283,39.370995,66.725476
28.043732,39.725825,68.197219
27.950939,39.956264,68.653700
27.818923,40.624084,69.162541
27.765806,41.061454,69.617818
27.795927,41.063335,69.757457
27.975057,40.954919,70.223619
27.887841,40.938725,70.592612
27.880974,40.852084,70.931932
27.796539,40.459193,71.778810
27.552917,40.616776,72.038660
27.738880,40.542191,72.660215
27.682649,40.616844,72.745292
27.844683,40.332801,73.384523
27.776596,40.601820,74.105834
27.439619,40.676794,74.379657
27.604376,41.317655,74.927324
28.022450,41.820836,75.762487
28.212124,42.808175,77.060321
28.288966,42.937450,77.355115
28.372736,42.965880,77.398438
28.586177,42.992986,78.008049
28.377002,42.947023,78.278906
28.423946,43.369224,78.939339
28.636918,43.486521,79.070665
28.757578,43.449136,79.140013
29.227656,43.292207,80.286943
29.519230,43.584034,81.235715
29.685967,43.748039,82.098007
29.931131,44.151337,82.676673
29.826940,44.125590,82.876937
29.842777,44.056118,83.247694
29.881469,44.043986,83.286800
29.628297,44.207737,84.074957
29.754174,44.322594,84.312894
29.637484,44.294230,84.433620
29.667575,45.089429,85.528454
29.763597,45.713383,86.126252
29.550365,45.993814,86.632600
29.596483,46.360292,86.845103
29.285195,46.716709,87.444811
29.535261,47.101133,87.968018
29.441518,47.008920,88.139300
29.197915,47.702255,88.679520
29.356190,47.879441,88.780132
29.174315,48.909594,90.520449
29.207709,48.768400,90.858430
29.179650,48.980339,91.286731
29.112090,49.736764,92.372069
29.031775,51.244962,93.113585
29.129230,51.482947,93.263494
29.174196,51.814719,93.966685
29.131465,52.620583,94.537058
29.112013,52.582229,94.592528
29.188045,52.902706,94.994099
29.737451,53.087334,95.740846
29.919155,53.437372,96.247771
29.858065,53.688404,96.482205
29.607658,55.250759,98.084564
29.281495,55.925340,98.993992
29.703421,56.333921,99.362762
29.801107,57.024987,101.032165
29.977167,57.330489,101.523426
29.922374,58.599992,103.222195
29.819668,59.427064,103.827430
29.920890,59.449475,103.975704
29.926712,59.458916,103.969860
30.321218,60.207096,104.297053
30.158040,60.988100,104.967538
30.186838,61.053297,104.932896
30.244728,61.120149,104.976662
30.405393,61.247659,105.468275
30.642293,61.836983,106.515469
30.528710,62.227747,107.549051
30.644413,62.887055,108.177172
30.980229,63.253450,108.499968
30.889856,64.122833,109.556900
30.833858,64.091529,109.606671
30.752214,64.377840,110.147723
30.555013,64.867387,110.875989
30.629233,65.180912,111.244427
30.394231,65.487479,112.312527
30.362692,65.560605,112.466244
30.271642,65.714006,112.623224
30.305488,65.934143,112.741223
30.451742,66.478987,113.615567
30.682587,66.954963,114.245772
30.690121,67.303793,115.063933
30.785911,67.432253,115.242664
30.515768,67.803454,116.396143
30.725236,68.976762,117.426879
30.796419,69.148999,117.395279
30.905095,69.569484,117.662721
30.889841,70.229607,117.904173
30.950645,70.244913,117.962676
30.882724,70.429658,117.954769
30.962318,71.769962,118.991242
31.043103,73.888257,120.935002
31.127151,74.044357,120.949550
31.175495,76.309132,122.199345
30.984752,77.468482,123.586982
30.952135,79.336331,125.671346
31.181437,80.131441,126.566978
31.205654,81.297586,127.538088
30.854914,83.124699,129.014527
30.751907,83.789090,129.254195
30.858110,84.010180,129.601427
30.886389,84.794556,130.355763
31.904196,85.382021,131.430453
32.274514,86.940524,132.721434
32.838788,88.111634,134.195989
33.362174,88.865492,135.629401
33.296786,89.565533,136.332092
33.345350,89.658709,136.332361
33.245514,90.087865,136.961839
33.455335,90.443649,137.734450
33.887994,91.238047,138.744813
33.791476,92.818523,140.864160
33.726315,93.899825,141.479535
33.544391,94.533339,141.690264
33.348625,94.934770,142.078429
33.551224,95.689233,143.360250
34.209277,96.877780,144.858086
34.143200,96.950645,145.410734
34.303594,97.277066,145.976553
34.110897,98.630250,147.098893
34.188660,99.736414,147.646903
34.475505,100.411471,148.828183
34.539088,101.026999,149.373775
34.957752,101.905885,149.739200
34.912507,102.992050,151.772400
34.618308,103.347780,152.698627
34.498985,104.720863,153.244244
35.457273,106.197134,154.809212
35.914935,107.133204,155.712355
35.784044,108.440620,157.105057
35.635974,108.518630,157.681440
35.509035,109.713744,158.148822
35.795688,111.260935,159.012993
35.267732,112.656086,160.002759
35.224489,112.725540,160.003651
36.064055,112.745696,161.550779
36.005935,113.193425,161.918452
35.751323,114.924973,163.579490
35.418918,115.715689,165.045682
35.602429,116.300200,165.423714
35.606766,116.483692,166.492630
36.271366,116.762989,167.364391
36.212737,117.213887,168.143732
36.169993,117.870732,169.040292
36.323138,118.354892,169.601287
36.365155,119.574915,170.612517
36.218691,121.466752,172.807933
36.054043,122.763690,173.258116
35.937481,122.796903,173.674695
35.854090,122.777410,173.725235
35.859812,123.530715,174.647780
36.165368,123.855914,176.044221
35.881330,124.662632,176.819975
35.300193,125.536365,178.337200
35.525434,125.978063,178.668584
35.467780,126.685979,179.559972
36.273250,127.199434,180.079642
36.777642,128.298908,181.320039
36.563295,128.674027,182.674991
36.530668,128.585630,182.769017
36.603492,129.021391,183.382809
36.692795,129.058039,183.501625
36.640798,128.782044,183.888215
36.794687,129.482201,184.316150
37.773343,130.375208,185.117870
37.735589,130.429050,185.102317
37.666413,131.064870,185.722029
37.674610,131.034411,185.726823
39.188952,131.987744,187.395849
39.349499,132.606268,187.899611
39.349432,132.608374,187.900863
39.130552,132.919089,188.188232
39.568372,133.612858,188.755292
40.354824,134.408873,189.351444
40.264804,134.679655,189.414444
40.678765,134.920122,189.905521
40.514875,135.582780,190.815975
40.381320,135.430756,191.186400
40.127267,134.706441,192.311382
39.641710,136.001276,194.171471
39.378657,136.358666,194.692472
39.598967,136.816381,195.670115
39.597270,136.817962,195.672390
39.333392,137.457187,195.907386
39.520957,137.976283,196.071325
39.292821,139.273793,197.280920
40.262307,139.552328,198.946947
40.784915,140.776335,199.650630
40.987450,140.737528,199.774518
41.147841,141.478160,200.301203
41.155481,141.467667,200.312574
40.999693,141.503164,200.938665
40.945716,141.647154,200.955354
41.427887,141.899453,201.731684
41.467560,142.407221,201.979305
41.223118,142.868035,202.301937
41.028638,143.080194,202.523510
40.959676,143.512821,203.002676
40.835058,144.292763,203.308535
40.643796,144.650408,204.062925
40.595423,144.905335,204.518231
40.533684,144.894126,205.265199
40.368380,145.100800,205.738018
40.665159,145.317003,206.022301
41.074659,145.360069,206.634914
41.283331,145.952023,207.125336
41.381999,146.355287,207.227690
41.384910,146.503084,207.227786
41.526608,146.725019,207.675931
42.332334,146.897947,207.994277
42.340117,147.597103,208.316451
42.668257,148.556835,209.624842
43.227771,148.582348,210.206604
43.259623,148.827552,210.636508
43.361389,148.894417,210.988209
43.174229,148.939636,211.225686
43.168846,149.792220,212.119493
43.478661,150.047193,212.792439
43.567469,150.235227,213.282564
43.532661,150.807346,213.928737
43.330601,150.668001,214.518593
43.702174,150.492516,214.991435
43.294667,150.268640,215.516652
43.383115,150.162716,215.990969
43.373833,150.173859,216.323368
43.295209,150.229941,216.431525
43.770798,150.066182,217.209498
43.616014,149.974814,217.556144
43.618954,150.062809,218.015476
44.221033,150.159128,218.599270
44.203965,150.345302,218.755798
44.428939,150.364286,219.972532
44.526012,150.419532,220.300093
44.481300,150.474594,221.283041
44.705733,150.710230,221.697918
44.907105,151.225511,222.442489
46.208866,151.058777,223.836543
46.125239,150.394740,224.136654
46.207515,150.212185,224.160886
46.558240,149.531738,224.238976
46.378687,149.170212,224.622837
46.569630,149.033121,224.589270
46.772826,149.041093,224.590851
47.595850,148.536081,224.828199
48.779023,148.368642,225.586296
48.986722,148.223880,226.066754
49.038039,148.058447,226.037764
49.063743,147.694169,226.258550
49.072321,147.608197,226.254880
49.149626,147.417645,226.259568
49.426173,147.240681,226.385163
49.520175,146.650818,226.653758
49.989694,146.734978,226.994005
50.108744,146.246229,227.962119
50.856416,146.419740,228.000619
51.453032,146.163736,228.421709
51.596302,146.007599,228.370248
51.424494,145.609180,228.567531
52.330109,145.022238,228.755676
53.087198,144.686294,229.665517
54.098521,144.312702,230.315542
55.320333,144.435230,231.091666
56.589448,144.538053,232.040357
57.400043,144.619023,232.191592
58.865899,143.858489,232.393665
59.260961,143.272727,232.491939
60.164497,142.997622,233.165239
60.501094,142.470644,233.332783
62.095635,142.119145,234.393448
62.626806,141.933159,234.494118
64.108471,140.777083,234.841615
65.442689,140.326417,234.986361
66.313666,139.724631,235.038967
66.957867,138.967865,235.208657
67.160772,138.463720,235.120517
67.265383,138.148221,235.080421
67.984264,136.655388,235.674087
68.582773,136.187858,236.014768
69.179138,135.350290,236.136665
69.479617,135.252478,236.230694
69.370294,135.254817,236.660963
69.547905,134.873131,236.543081
70.813526,133.224037,236.978600
70.801808,133.206843,236.986665
72.138323,132.139506,237.794552
73.242533,131.063069,238.033642
74.309229,130.137766,238.112699
74.269422,129.364078,238.220816
74.270509,129.173928,238.095458
75.422624,128.551756,238.320661
76.343365,127.027468,238.487538
76.263852,126.461516,238.561825
76.753603,125.783520,238.655584
77.552456,125.287841,238.841843
78.340190,124.417150,238.939334
79.142192,123.845468,239.066060
80.319422,122.950149,238.948301
80.357821,122.640698,238.911381
81.084700,122.139151,238.857318
81.807004,121.837117,239.205507
83.146924,121.427450,239.915148
83.766878,120.573379,240.019915
83.924406,120.263394,240.083492
84.899471,119.084006,240.048119
84.560132,118.532494,240.069202
84.686749,118.405663,240.069564
84.948109,117.899947,240.109677
85.409125,116.266410,239.764705
85.732479,114.993642,240.340044
85.818172,114.088350,240.726586
86.184802,112.967292,240.736382
85.832370,112.319916,240.937986
85.803434,111.454729,240.888059
87.377927,110.473746,241.359833
87.487290,110.180005,241.422989
89.468042,108.527543,241.364489
90.856527,107.802993,241.481572
91.631465,106.550120,241.429338
92.242279,105.613956,241.609656
93.081988,104.896827,241.842265
93.200127,104.285443,241.645154
94.533864,103.573498,241.755712
95.582220,102.709725,241.767271
96.097178,102.112106,241.853362
97.168410,100.169107,242.084960
98.346034,98.715017,242.084317
99.188333,97.296786,241.835434
100.056293,96.816811,241.864338
101.531961,96.255621,241.734880
101.826964,96.200690,241.697929
102.409199,95.748426,241.740728
102.866036,95.433308,241.746698
103.016840,94.976163,241.910042
103.847000,94.192436,241.806994
104.443018,92.839885,241.830244
105.060105,91.213800,241.738468
106.061179,89.862881,241.924004
106.634736,89.942669,241.935083
106.817142,88.911271,242.179818
107.885849,87.440083,242.248040
108.748721,85.149775,242.534183
109.342771,84.182132,242.830803
110.317707,82.831399,243.006091
111.287740,81.635969,242.958680
111.376064,81.663985,242.965587
111.163606,80.559258,242.836424
112.185654,79.041204,242.876094
112.059529,77.242526,242.623659
112.202061,77.133547,242.644301
112.199706,76.974616,242.624008
112.790485,76.445399,242.645724
112.210969,75.779007,242.601847
112.532584,74.575697,242.248350
112.151706,73.284537,242.401590
111.879332,72.237218,242.418812
112.167415,71.122686,242.069848
112.395038,70.551132,242.035736
112.942665,69.723786,241.852929
112.959296,69.302389,241.939874
113.572718,67.105696,241.821065
114.308167,65.770657,242.022528
114.812646,65.024430,241.856293
115.173377,64.141954,241.699320
115.177446,63.683249,241.945371
115.326235,63.337421,241.998092
115.685360,62.448056,242.063834
116.076568,61.597399,242.092216
116.809366,60.747024,241.794185
117.092324,59.169707,241.880749
116.675001,58.359404,241.767316
116.233915,57.518874,241.754616
116.151352,56.887657,241.681990
116.585180,55.843128,241.755444
115.967349,55.417693,241.737438
115.247978,55.006067,241.876660
114.205844,53.066228,242.141337
114.054754,52.896367,242.070185
113.906748,50.522548,241.696314
113.427951,50.392459,241.734414
112.895322,50.111723,241.766159
112.386448,49.139801,241.742027
111.771904,47.677769,241.471132
111.525130,47.621163,241.521565
111.031177,47.414952,241.587577
110.585030,46.903028,241.502688
109.658666,46.505936,241.566737
109.372078,45.480445,241.238700
108.860361,44.765567,241.255241
108.343151,44.495288,241.396712
107.534347,43.787364,241.434655
107.267516,43.263170,241.474214
106.065633,43.095964,241.571165
105.864013,42.992200,241.622515
105.781355,42.352335,241.658141
104.881310,42.120922,241.655736
104.566004,41.610909,241.795382
103.514631,41.227461,241.591462
102.998869,40.912718,241.367673
102.178639,39.898058,241.400258
101.125668,39.185371,241.548387
100.597141,38.368891,241.416123
100.207315,37.003028,241.279744
100.344125,36.611092,241.463621
100.242615,36.534632,241.403256
99.332076,35.988432,241.422300
98.973927,36.086855,241.450629
97.481589,35.255443,241.519224
95.877652,34.463618,241.494955
95.143037,34.358914,241.362513
94.635882,33.589191,241.385394
94.607247,33.460583,241.421700
93.718196,32.986278,241.406553
92.871234,32.861689,241.282070
92.795928,32.371931,241.212508
91.609016,31.139284,241.260359
90.914088,31.011748,241.125147
89.652487,30.114985,241.187982
88.029764,29.536763,241.243338
87.121246,29.123876,241.070791
86.879237,28.386269,241.086339
86.003471,28.118457,241.432638
85.855769,28.042452,241.387529
84.994653,27.971790,241.472530
84.489099,27.755369,241.605858
82.981042,27.786588,241.339195
82.340023,27.379582,241.368602
82.087718,27.275762,241.432786
81.406672,27.019165,241.512976
80.293465,26.882540,241.420354
80.041693,26.099976,241.453244
79.108593,25.611211,241.358607
78.498533,25.294379,241.289597
78.350817,25.234972,241.352355
77.655764,25.273145,241.361187
76.715313,24.944582,241.297977
76.351893,24.853450,241.334130
75.540239,24.057463,241.224037
75.446901,24.086694,241.211815
74.448045,23.692271,241.262013
74.235905,23.638275,241.293668
74.109757,23.331329,241.332459
72.657522,22.476954,241.226142
72.123648,22.312069,241.237158
71.457792,22.452243,241.416123
71.314061,22.278761,241.279083
70.605525,22.343358,241.338670
69.904080,22.054523,241.399170
69.264996,21.878285,241.451205
68.564799,21.696427,241.555778
67.965265,21.496018,241.574286
67.275681,21.289799,241.683626
66.851464,21.334003,241.681016
64.977849,21.228441,241.501558
63.443024,21.082700,241.950219
62.875200,20.884541,241.901374
62.473872,20.776975,241.828327
62.343541,20.759168,241.838007
62.090000,20.666984,241.744481
61.680850,20.724016,241.733945
61.363338,20.266005,241.751476
60.923672,19.955189,241.686971
60.585382,19.786977,241.701472
60.020771,19.618631,241.694738
59.283455,19.511718,241.838615
59.115033,19.456014,241.873001
58.134630,19.330845,241.872211
57.096483,19.217685,241.741337
56.559286,18.997578,241.724159
55.338196,18.748732,241.899713
54.705446,18.799673,242.062896
54.341422,18.892943,242.142986
54.113595,18.813184,242.194831
53.841695,18.716225,242.229491
53.242880,18.560413,242.434968
53.055563,18.527616,242.448839
52.472378,18.633552,242.517143
52.289011,18.391168,242.626819
51.793234,18.349002,242.772894
51.357374,18.425406,242.953883
50.284872,18.302413,242.976339
49.911200,18.274917,243.205377
49.724909,18.206690,243.239152
49.250958,18.345966,243.357183
49.062176,18.308410,243.334471
48.796990,18.358594,243.519754
48.648933,18.341071,243.544513
48.436984,18.378894,243.575472
48.151832,18.405040,243.506522
47.924593,18.375414,243.504418
47.722916,18.322015,243.488063
47.470436,18.291860,243.499969
47.161405,18.267999,243.496614
47.459520,18.339568,243.542722
47.735190,18.438916,243.640252
48.133720,18.387181,243.643700
48.342301,18.434962,243.645254
48.504750,18.518516,243.789025
48.720059,18.533445,243.841532
48.885193,18.572790,243.873015
49.074024,18.569139,243.893796
49.316977,18.627998,243.950521
49.561082,18.621531,243.996038
49.834720,18.708110,244.227698
50.293380,18.688155,244.178904
