3000
3
246.899352,35.601829,58.832781
246.469220,35.312347,58.964935
246.331341,35.184824,58.881863
246.334432,35.219486,58.895903
246.349523,35.219889,59.049388
246.342348,35.211293,59.189521
246.361511,35.440644,59.111883
246.361634,35.441324,59.114063
246.255073,35.493980,59.230215
246.253017,35.487230,59.234957
246.205152,35.613098,59.372938
246.201065,35.625685,59.433910
246.180230,35.650452,59.441945
246.127798,35.777885,59.529773
246.125988,35.744315,59.548020
246.054060,35.684754,59.575091
246.006207,35.695003,59.619310
246.014415,35.735721,59.727050
245.995661,35.728658,59.778176
245.985536,35.737705,59.801875
245.984306,35.759533,59.848459
245.726163,35.612796,60.305546
245.709668,35.435191,60.405645
245.521810,35.283045,60.137736
245.522761,35.137415,60.186398
245.508192,35.102995,60.212260
245.532843,34.970685,60.173564
245.530913,34.932744,60.171112
245.507137,34.846724,60.210506
245.268258,34.641696,60.052763
245.238356,34.636296,60.062820
245.072899,34.367458,60.344918
245.091810,34.351615,60.228927
245.102412,34.347267,60.179265
244.772038,34.210194,59.933527
244.781505,34.185131,59.755728
244.561692,34.110412,59.494877
244.552244,34.049681,59.330344
244.528846,34.103972,59.286127
244.530077,34.117521,59.138406
244.502424,34.115166,58.940312
244.515569,34.188877,58.752695
244.499716,34.116485,58.718822
244.489353,34.043864,58.655246
244.503381,34.067890,58.614287
244.518304,34.080045,58.597338
244.500629,34.092066,58.454690
244.288648,34.163506,58.364706
244.366151,34.198608,57.949104
244.335273,34.297927,57.711596
244.162888,34.323670,57.214507
244.124116,34.333702,57.127944
244.184184,33.853713,56.652681
243.884373,33.519193,56.389143
243.897224,33.439992,56.276994
243.957828,33.639933,55.765514
243.899724,33.667491,55.740937
243.915312,33.619753,55.731426
243.909673,33.479198,55.431925
243.838092,33.857450,55.127597
243.798650,33.882243,55.144271
243.614736,33.872265,54.609386
243.681245,33.782275,54.337156
243.691725,33.803498,54.323518
243.599507,33.685437,54.213817
243.664765,33.325475,53.609564
243.551935,33.344824,53.275248
243.551352,33.346402,53.274233
243.503029,33.408316,53.067867
243.514675,33.439708,53.061965
243.549867,33.615517,52.808409
243.336002,33.654448,52.892906
243.387778,33.530711,52.718330
243.331420,33.705864,52.624010
243.414336,33.496495,52.376275
243.447620,33.938587,51.847182
243.433740,33.983350,51.828036
243.533409,34.140314,51.455837
243.490882,34.023676,51.051624
243.392331,34.075827,50.864898
243.253227,34.322823,50.329090
243.147411,34.454881,50.211808
243.197716,34.246837,50.030348
243.175398,34.092191,49.796059
243.221714,33.977274,49.633708
243.315857,33.979360,48.984843
243.052372,33.755023,48.870857
242.798858,33.645415,48.898948
242.923073,33.616236,48.480894
242.960443,33.069974,48.086064
243.003704,33.350967,47.937846
242.872658,33.086066,47.475020
242.801035,33.020738,47.339386
242.802372,33.017065,47.338981
242.721138,33.118052,47.250178
242.804500,32.892533,46.956495
242.825366,32.819303,46.655022
242.813438,33.037292,46.231334
242.960984,33.042871,45.720823
242.945550,33.142029,45.283354
243.082994,33.340156,44.659560
243.123213,33.241501,44.523637
243.242126,32.951749,44.123263
243.155068,32.811918,43.745625
243.320590,32.877163,43.383425
243.306679,33.048236,43.204517
243.306765,33.048461,43.203868
243.223346,32.978549,43.194618
243.096174,32.913635,42.949422
242.902152,32.785129,42.168997
242.939725,32.694426,42.043375
242.958743,32.788213,41.982792
242.936252,32.847683,41.577175
242.575080,32.854933,41.668513
242.612217,32.765048,41.547861
242.529452,32.381020,41.367686
242.524749,32.383201,41.366874
242.531119,32.493626,41.308844
242.392139,32.509386,40.878106
242.321492,32.617652,40.739190
242.286079,32.808204,40.403159
242.275906,32.834650,40.395680
242.349698,32.931086,39.924290
242.215005,33.112301,39.728438
242.202313,33.234868,39.455347
242.218681,33.195133,39.435007
242.252040,33.136201,39.333241
242.158719,32.980725,39.057427
242.213551,33.012431,38.895214
242.152591,33.185693,38.682719
242.028729,33.384661,38.356488
242.066623,33.363295,38.254074
242.162306,33.659433,37.896552
242.036233,33.330269,37.668744
242.065723,33.282965,37.349797
242.030449,33.546988,36.891986
241.822843,33.664416,36.682006
241.872274,33.782936,36.517933
241.882015,33.836993,36.493474
241.919428,33.726249,36.423322
241.689163,33.638001,36.540476
241.603945,33.668591,36.500613
241.293485,33.479676,36.264523
241.074964,33.389547,36.298707
241.163169,33.231416,36.070698
241.156742,33.264465,35.574631
241.197945,33.178520,35.182052
241.301726,32.997402,34.932613
241.315850,33.050335,34.896004
241.262185,33.020264,34.710117
241.265703,32.996123,34.626095
241.207792,32.805610,34.306356
241.091422,32.745284,33.500507
241.149555,32.699561,33.361100
240.963633,32.910311,33.039566
240.908296,32.193767,32.898699
241.054220,31.904484,32.559916
241.020902,31.676903,32.370096
241.010139,31.473742,32.133787
241.044089,31.460746,32.055935
240.935263,31.306845,31.953182
240.681196,31.356001,31.899851
240.601977,30.809028,31.682021
240.618190,30.738520,31.646327
240.639626,30.646237,31.441063
240.364814,30.084165,31.134666
240.211122,30.015280,31.139577
239.909797,29.940827,31.013171
239.985199,29.797621,30.889259
240.012277,29.868290,30.722953
240.047020,29.843177,30.647973
240.015920,30.096136,30.388657
239.681264,29.999613,30.256611
239.774999,29.728873,30.078374
239.607691,29.688097,30.043667
239.424700,29.694704,29.815283
239.408207,29.480198,29.824087
239.134315,29.399290,29.832169
238.921995,29.376465,29.883457
238.888253,29.048781,29.938791
238.775926,29.094949,28.969359
238.225034,29.038431,28.533480
238.241077,28.995645,28.486113
238.204423,28.635052,28.107600
238.233422,28.592992,28.058707
238.183718,28.394118,28.101524
238.197539,28.244523,28.040244
238.117751,28.098882,27.479222
238.139715,28.024591,27.406303
238.185322,27.785095,27.308781
238.218393,27.786091,27.245735
238.104368,27.634342,27.206332
238.102108,27.525265,27.178044
237.918380,27.447987,27.067421
237.847044,27.389706,26.985868
237.504672,27.611332,26.414888
237.274386,27.597860,26.228537
237.291370,27.558580,26.153694
237.053802,27.324601,26.041527
237.013598,27.221680,26.031175
237.033846,27.169339,26.001937
236.746131,27.159730,25.823440
236.573427,26.889929,25.744831
236.614504,26.822701,25.683097
236.181563,26.392592,25.129524
235.938055,26.480346,25.076872
235.572522,26.579997,25.101607
235.385353,26.662116,25.313036
235.119047,26.485882,24.797445
234.740551,26.556089,24.784880
234.151016,26.664796,24.559317
233.573872,26.676841,24.806131
233.141073,26.602652,24.683990
232.744579,26.691043,24.710722
232.461617,26.754381,24.355170
232.276762,26.905954,24.291500
231.885988,26.976282,24.192320
231.376884,27.350213,23.644189
231.079782,27.491267,24.005473
230.972489,27.362983,24.113257
230.449537,27.414062,24.095201
230.328003,27.243749,24.215386
229.328002,27.248575,24.627298
229.039840,27.533244,24.581814
228.669233,27.775054,24.947126
228.342218,28.076482,25.049537
227.961272,28.134027,25.085335
227.663780,28.138988,24.979182
227.553457,28.258959,25.105471
227.325575,28.371425,25.195221
227.157835,28.540858,25.385600
226.899309,28.487850,25.322900
226.651894,28.449934,25.558358
226.028166,27.894628,25.689379
225.674210,27.668015,26.031088
225.285732,27.744408,25.903852
225.011787,27.569958,26.148375
224.835511,27.610791,26.338466
224.417670,27.786639,26.219989
224.210163,27.977057,26.100892
223.770585,28.084502,26.361996
222.805929,28.292610,25.644215
222.803936,28.290733,25.642360
222.785758,28.253716,25.653809
222.349520,28.581916,26.051436
221.532614,28.854303,26.207554
220.806474,29.030002,26.326028
220.408897,29.065628,26.268596
220.062118,29.033508,26.185711
220.048355,29.064145,26.213335
219.995813,29.107706,26.252258
219.194113,29.206245,26.366073
218.520969,29.442844,26.116928
217.671948,30.015791,26.808849
217.432145,29.901042,26.978144
217.356028,29.983571,26.946867
216.759404,30.346742,27.261445
215.862626,30.138850,27.663129
215.676790,30.295872,27.088818
214.894316,30.063697,27.032748
214.722383,29.929959,27.153590
214.151027,29.608747,27.550782
213.895505,29.832412,27.766826
213.375796,29.854437,27.771286
213.245029,29.888375,27.860958
212.730690,30.173024,28.021756
212.560390,30.320113,27.839267
211.850484,30.175346,28.106585
211.849635,30.160540,28.117741
211.571858,30.190689,28.212440
211.203361,30.259704,28.523527
211.196314,30.248278,28.513324
210.304158,29.525382,28.801676
209.873462,29.089575,28.889442
209.266153,28.850338,28.869652
208.321417,29.017809,29.081353
208.059276,28.881589,28.939365
207.949998,28.952270,29.008075
207.468357,29.202100,28.734568
207.326762,29.261042,28.794285
207.325578,29.263032,28.795198
206.724553,28.958885,28.873392
205.944508,28.489205,29.071780
205.821482,28.550632,29.148370
205.765144,28.621313,29.215792
205.657389,28.784195,29.396741
205.281118,28.983166,29.535317
205.020153,29.141664,29.689533
205.017204,29.154601,29.692744
204.639085,29.043506,29.613053
204.433369,29.184781,29.771670
204.431925,29.192643,29.768128
203.938958,29.375179,29.530865
203.919996,29.427010,29.527320
203.722121,29.470892,29.624899
203.417352,29.514496,29.803257
203.416664,29.514517,29.803604
202.226996,29.514571,30.431523
201.968489,29.684173,30.584815
201.380602,29.877389,30.960952
200.566333,29.855509,30.962705
200.169600,29.904456,31.061336
200.205328,29.935988,31.077442
199.493443,29.836322,31.209395
198.952035,29.872205,31.377001
198.542830,29.843697,31.347506
197.466834,29.986435,31.260899
197.205683,29.975993,31.511040
197.207187,29.997505,31.503182
196.590696,30.401705,31.722163
196.371454,30.451881,31.913616
195.778502,30.880076,32.171601
195.262841,31.237101,31.872453
194.944444,31.677791,32.019858
194.452609,32.124691,31.878283
193.631686,31.897083,31.425899
192.290607,32.371975,31.830193
191.546178,32.649851,31.436691
190.556848,32.436753,31.740761
190.420724,32.535930,31.817902
189.967641,32.781029,32.029607
189.390983,32.601724,31.460070
188.820403,33.100047,31.784989
187.781028,32.827917,31.833385
187.323091,32.872847,32.136632
185.923395,32.971314,31.658650
184.901843,33.125129,32.161077
184.391544,33.091961,32.158312
183.963850,32.944846,32.165677
183.704642,33.073015,32.283148
183.443936,33.200889,32.401231
183.099390,32.835040,32.546842
182.808539,32.357039,32.390440
182.209814,32.168867,32.598985
181.140633,32.404405,32.810368
180.762719,32.528950,32.768360
180.252294,32.376925,32.194961
179.291160,32.489981,32.613408
178.486916,32.861877,32.265321
178.480582,32.834516,32.250402
178.479084,32.822350,32.269661
178.463778,32.804303,32.294659
177.479562,32.412901,32.444824
176.892730,32.174565,32.230537
175.862803,32.659845,32.591336
174.754671,32.749964,33.128094
174.440601,32.877082,33.345092
173.232355,32.817388,33.284303
173.231345,32.818640,33.277490
172.190547,32.681352,32.928183
171.389854,32.736991,31.848585
170.654473,32.898014,32.123709
170.508228,32.755412,31.981836
170.154264,32.867179,31.886963
169.782386,33.068008,32.059277
168.839370,32.953849,31.710954
167.853873,32.660767,31.989468
166.170426,33.369020,32.633549
166.114654,33.311446,32.751671
165.123078,33.096833,32.674778
163.401421,32.716681,32.903491
162.102046,32.589714,32.972689
161.615124,32.665179,32.676520
161.426650,32.825452,32.809437
160.206751,32.891133,32.608072
160.201130,32.880496,32.651853
159.858266,33.111077,32.506041
160.021952,33.518149,32.441924
158.136583,33.367584,32.858980
158.064417,33.783803,32.742389
157.230590,34.135162,32.532796
157.225939,34.164540,32.512667
157.420206,34.552716,32.537018
157.386281,34.607007,32.547911
157.259154,34.495139,32.574970
156.034418,34.723043,32.953840
155.784888,34.652484,33.055230
155.784418,34.652630,33.055666
155.235608,34.478341,33.335982
154.577110,34.747328,33.541018
154.532042,34.683135,33.480911
154.531567,34.683149,33.481418
153.414746,34.669641,33.722639
153.057087,34.928771,33.763204
151.358340,34.883618,34.208245
150.429516,35.393999,34.135932
150.360839,35.397833,34.194523
149.860159,35.260034,34.284738
149.183305,35.136333,34.046409
149.143241,35.145087,34.091739
148.683747,35.282603,33.352512
148.656337,35.217535,33.437359
147.876144,34.904401,33.463068
147.383494,34.713910,33.790324
147.170069,34.553443,33.521542
147.105629,34.617673,33.531446
145.990596,34.486229,33.445218
145.901457,34.420869,33.361891
145.900719,34.422173,33.358016
145.276333,34.812575,33.182097
144.909541,35.109121,33.143101
144.908966,35.109576,33.140892
144.458446,34.648779,33.274030
142.698171,33.919938,33.349136
142.531400,34.021987,33.220170
142.510832,34.052240,33.215489
141.551153,33.791829,33.192391
141.549880,33.790491,33.200297
141.494141,33.726322,33.268617
141.165564,33.956822,33.482181
140.030413,33.678439,33.766500
139.459195,33.468507,33.969620
138.872876,33.742917,34.021773
138.843881,33.763336,33.972016
138.065090,33.399863,33.696483
137.555701,33.092837,33.949022
136.881453,32.865074,33.799086
136.417821,32.491997,33.846684
136.362835,32.423420,33.883771
136.358796,32.427288,33.905106
134.615721,32.021641,33.447904
134.592961,31.997017,33.403049
133.894438,31.931316,33.227044
133.862573,31.975240,33.114741
132.976767,31.913018,33.018878
132.311237,31.869966,32.838426
132.094947,31.993060,32.745777
131.485893,31.748413,32.690414
131.092859,31.746229,32.769225
130.885732,31.904802,32.885035
130.884628,31.915913,32.850351
130.393299,31.792470,32.980538
129.666917,31.794737,32.902955
128.834136,31.416324,32.888939
128.610193,31.287311,32.762350
128.601221,31.266781,32.736800
127.288101,31.197539,32.600906
126.862971,31.287144,32.400518
126.433579,31.369182,32.457370
126.047896,31.517344,32.613230
126.210165,32.163264,32.560373
125.989739,32.238958,32.361382
125.187271,32.211300,32.347089
124.423747,32.432194,32.675966
124.168851,32.545185,32.579191
124.160703,32.563880,32.597299
124.137860,32.614433,32.483867
122.908179,32.369833,32.316306
122.806874,32.301942,32.434338
122.632147,32.178155,32.316541
122.244817,32.153387,32.119714
120.797610,31.910406,31.595454
120.297625,31.942462,31.489209
119.769446,31.924468,31.325733
119.223222,31.724369,31.181162
118.956326,31.541073,30.785107
118.324227,31.441525,31.135914
118.159395,31.577872,31.208697
117.563938,31.357733,31.519896
117.406734,31.477649,31.578979
116.969729,31.681955,31.753189
116.329005,31.585801,31.777687
115.797217,31.519990,32.167402
115.738316,31.585426,32.241953
115.230553,31.196451,32.066678
114.810492,31.558002,31.463264
114.339337,31.132478,31.529114
113.200087,31.029638,31.984970
112.807090,31.025334,31.888368
111.912486,31.119770,31.928059
110.599763,31.120653,31.687599
110.243812,31.013602,31.590121
109.405032,30.488874,31.553454
108.814780,30.462563,31.925388
107.919706,30.101347,31.978287
107.918528,30.094119,31.980000
107.595100,29.963985,31.775791
107.059000,29.857322,31.508880
107.057961,29.861873,31.514254
106.973735,29.839978,31.571592
106.973253,29.841892,31.573609
106.357179,29.965009,31.705992
105.925414,30.150607,31.447139
105.924571,30.156514,31.454277
105.804688,30.225385,31.512518
105.299432,30.477612,31.809058
104.677643,30.566360,31.769584
104.661365,30.604234,31.798575
104.215228,30.775108,31.968253
103.571452,30.427757,32.460321
103.396459,30.437897,32.388991
102.533412,30.531578,32.624477
101.832732,30.530681,32.870224
101.737296,30.606527,32.599063
101.733209,30.586277,32.624435
101.509067,30.666065,32.540453
101.317940,30.671841,32.751578
101.280730,30.687182,32.867441
100.768564,30.837605,32.978205
100.655602,30.782113,33.053767
99.802937,31.032395,33.112802
99.468165,30.916289,33.396901
98.880549,31.068223,32.710240
98.877421,31.057941,32.694885
98.876743,31.057930,32.694928
98.873425,31.058735,32.695972
98.414053,30.999615,32.805136
97.275547,30.888010,32.722820
97.150826,30.918312,32.636164
97.036498,30.911394,32.700968
96.584344,30.784794,32.798447
95.766755,30.770722,32.981879
94.990315,30.617167,33.209901
93.469813,30.265974,32.958482
92.710009,29.969774,33.029729
91.933746,30.419111,33.373524
91.653873,30.501632,33.215294
91.588085,30.559482,33.258659
91.475040,30.484829,33.190691
90.244263,30.795774,33.483146
89.681085,30.756717,33.480153
89.334128,30.627475,33.352508
88.888154,30.582865,33.366762
88.653268,30.776312,33.537315
88.168729,30.635597,33.368473
88.022303,30.651732,33.351731
87.919450,30.744639,33.409973
86.366623,30.745906,32.997998
86.357536,30.727128,33.034399
86.356743,30.726957,33.034224
85.880807,30.597189,32.887838
85.850164,30.643015,32.909739
85.894586,30.763158,32.778663
85.495255,31.027528,33.001443
85.169861,31.051777,32.684808
84.399179,30.637297,32.656147
84.183976,30.777461,32.707827
83.705825,30.780822,32.796522
83.577876,30.786992,32.589267
82.436392,30.850590,32.255150
81.733211,31.090639,32.516123
81.396041,31.044706,32.737689
81.385425,31.073752,32.676619
81.113169,30.966551,32.919520
80.731081,30.899583,32.402827
80.545364,30.800301,32.478203
79.376797,30.650301,32.909882
79.080282,30.767236,32.826732
79.071255,30.796785,32.805852
78.980217,30.727061,32.730285
78.628116,30.683114,32.493390
78.456055,30.849534,32.376304
78.158911,31.040543,32.499794
77.659257,31.146216,31.964821
77.326229,31.176751,31.842536
77.111926,31.301615,31.949418
76.855609,31.357787,31.894034
76.851513,31.365388,31.883885
76.345903,31.448352,31.927054
76.261239,31.532661,32.008273
75.395578,31.567796,31.586773
75.381295,31.637222,31.464890
75.094820,31.483109,31.662074
74.435252,31.225067,31.712356
74.433815,31.222847,31.710919
73.890395,31.646473,31.943430
73.681262,31.561960,31.861822
73.004041,32.170106,31.734711
72.732602,32.366051,31.661047
71.518023,32.906546,32.201333
70.763718,33.216290,32.413493
70.105561,33.043864,32.258922
69.242780,33.148203,32.142180
68.961826,33.072039,32.197977
68.710753,32.868808,31.989959
68.372428,32.815045,32.100493
68.369803,32.809848,32.107258
67.976052,33.017230,32.256841
67.490484,33.171181,32.187270
66.801305,33.231240,32.045218
66.262450,33.456966,31.697158
66.261508,33.456752,31.697237
65.983668,33.312921,31.660777
65.932765,33.407772,31.497551
65.749342,33.321673,31.529090
65.415082,33.566272,31.513991
64.540646,33.785930,31.405073
64.528531,33.765248,31.440628
64.143371,33.723589,31.284892
64.137409,33.719333,31.306223
63.868199,33.608681,31.367449
63.544756,33.454547,31.464416
63.327962,33.464188,31.551258
61.493677,34.306937,31.272302
61.478583,34.275808,31.244430
61.192569,34.542306,31.299886
60.014992,34.888559,31.659142
59.937393,34.877923,31.650411
59.338303,35.341264,31.429243
58.842594,35.710643,31.561176
58.639581,35.592105,31.777184
58.258436,35.670073,32.006913
57.973321,35.639769,32.160567
57.972298,35.641195,32.165811
57.970513,35.640373,32.172885
57.950835,35.685884,32.224022
57.781251,35.869931,31.847235
57.553900,35.830256,31.836686
56.944400,35.916976,31.457117
56.946003,35.937028,31.474788
56.772100,36.045939,31.455023
56.677374,35.975912,31.369339
55.588586,36.363661,31.544924
55.218500,36.457996,31.451051
54.834467,36.782145,31.452087
54.498961,36.556297,31.605705
54.316151,36.750851,31.506736
53.967512,36.850543,31.300658
53.277675,36.785198,31.252538
53.275591,36.781152,31.251008
52.843064,36.851097,31.474199
52.099204,37.179501,31.245003
51.599300,37.382485,31.423537
51.347801,37.366183,31.454328
50.959789,37.444911,31.111590
50.285130,37.755887,31.316697
49.857700,37.830320,31.432655
49.124568,37.924343,31.228092
48.934281,37.852209,31.171856
48.743242,37.730331,31.156490
48.613011,37.888064,31.185153
48.539109,37.835143,31.215776
48.308761,37.864324,31.068134
47.897368,37.936523,31.115847
47.763444,37.830028,31.034139
47.672529,37.754928,31.105493
47.475607,37.824507,31.141313
46.910629,37.907333,31.085579
46.499932,37.924161,30.978854
46.182459,37.883019,31.143167
46.185594,38.011606,31.026682
46.076267,38.072145,31.011843
46.027715,38.109894,30.992400
45.577867,38.357476,31.231150
45.068062,38.697501,30.924154
45.030873,38.704227,30.948287
44.940448,38.636453,30.938841
44.593049,38.875217,30.945338
44.555627,38.844200,30.924127
44.423530,38.848030,30.915584
44.309026,38.775978,30.914167
44.181942,38.936288,31.102040
43.764663,39.195782,31.480618
43.537009,39.377316,31.493656
43.679146,39.502698,31.373806
43.706047,39.744287,31.449261
43.576377,40.118608,31.158228
43.485996,40.370467,31.338596
43.536407,40.436259,31.443145
43.419395,40.714118,31.195694
43.183837,41.102745,31.131161
43.018756,41.407134,30.903213
42.767907,41.581244,30.820817
42.815018,41.683765,30.829088
42.809578,41.716123,30.844060
42.539907,41.996364,30.948003
42.188537,42.435565,30.687224
42.205363,42.656374,30.744461
42.301620,42.759036,30.698594
42.354005,42.888504,30.710061
42.230539,43.199587,30.696221
41.869820,43.515721,30.828059
41.821535,43.747896,30.720665
41.767208,43.802159,30.688354
41.791283,43.866177,30.704348
41.792586,43.868002,30.704394
41.944167,44.178751,30.687769
41.752802,44.360850,30.655908
41.854927,44.469626,30.661726
41.716380,44.787520,30.791564
41.766683,45.095099,30.770211
41.705682,45.213575,30.837668
41.734682,45.327502,30.857319
41.806907,45.991692,30.728050
41.538922,46.278990,30.779029
41.539591,46.280430,30.779748
41.285215,46.834301,30.510735
41.153875,46.976756,30.600361
40.898792,47.308793,30.563173
40.899329,47.310061,30.563103
40.626214,47.715156,30.519274
40.303771,48.364422,30.325993
40.394610,48.526113,30.240911
40.130469,48.880117,30.207761
40.021281,49.336649,30.196948
40.036505,49.573295,30.189046
39.835247,49.738598,30.201676
39.946930,50.136774,29.948317
39.852228,50.207999,29.895423
39.755780,50.643543,29.884885
39.694378,51.118481,29.719073
39.714853,51.213608,29.735612
39.656557,51.268429,29.806335
39.528750,51.934419,29.473607
39.500348,52.230077,29.441161
39.467751,52.454344,29.282161
39.821465,52.851169,29.167832
39.606076,53.282430,28.879298
39.604006,53.282117,28.870487
39.806171,53.534321,28.840469
39.758559,54.039066,28.698435
39.680857,54.353335,28.631330
39.591492,54.588886,28.694690
39.711755,54.771564,28.539412
40.068977,55.626431,28.400667
40.077015,55.689553,28.381790
40.072769,55.953634,28.611994
40.107469,56.585954,28.562053
40.100442,56.646262,28.576410
40.105540,56.705369,28.499595
40.265637,57.045396,28.372155
40.315622,57.212786,28.440693
40.261244,57.274611,28.433771
40.304881,57.453164,28.396161
40.333062,57.628219,28.464690
40.335452,57.627549,28.460614
40.488827,57.860259,28.206299
40.606730,58.189306,28.096827
40.706996,58.327452,28.160777
40.787483,58.602471,27.939967
40.805120,58.614613,27.898309
40.801589,58.807009,27.893339
40.765337,59.047583,27.919476
40.721160,59.213535,27.755674
40.809967,59.597127,27.714637
40.981943,60.582744,27.450377
40.878684,60.750530,27.315194
40.850721,61.041843,27.286068
40.878569,61.404810,27.176026
40.806368,61.541734,26.785646
40.809776,61.766814,26.848655
40.896268,61.966933,26.924037
40.940154,62.158247,26.397384
40.756510,62.565346,26.446516
41.002100,63.029666,26.076173
41.138623,63.591698,26.104930
41.103118,63.611583,26.097066
41.172851,63.609554,26.049392
41.173066,63.610386,26.049181
41.084660,63.646452,25.925433
41.130131,63.958015,25.826181
41.167314,64.776034,25.932784
41.170021,64.778755,25.935631
41.133590,64.853426,26.066249
41.251858,65.249885,25.743820
41.252331,65.250518,25.743222
41.167778,65.331793,25.690218
41.208713,65.645083,25.576045
41.204947,65.679049,25.544228
41.333910,65.824624,25.474319
41.418991,66.052100,25.315847
41.551979,66.263667,25.321513
41.825631,66.975812,25.204226
41.779859,67.647477,24.967622
42.067796,68.335905,24.626126
42.096828,68.623624,24.669706
42.240048,69.165758,24.449573
42.358272,69.459732,24.272010
42.694970,70.235813,24.069292
42.747427,70.446350,24.045828
42.635609,70.603462,24.078471
42.501620,70.836447,24.023084
42.435789,71.262568,23.861059
42.850647,71.594844,23.507921
43.762437,72.470818,23.076600
43.722666,72.582399,23.018101
44.073846,72.909993,23.467038
44.226890,73.170479,23.557892
44.062989,73.361706,23.575486
44.072737,73.356325,23.567960
44.284622,74.068968,23.515027
44.365532,74.453839,23.228112
44.351949,74.467945,23.222126
44.656400,75.264953,23.072871
44.853150,75.570523,22.751056
45.212249,75.995996,23.266645
46.114048,77.338576,23.070774
46.247790,77.694809,23.206573
46.278855,77.710757,23.237861
46.694110,78.339911,23.221806
47.077858,78.957698,23.224406
47.038290,79.018085,23.217043
47.198215,79.318316,23.273475
47.195637,79.322009,23.281434
47.436322,79.605952,23.353883
47.885362,80.115766,23.110920
47.925756,80.117145,23.120671
48.070323,80.439613,23.061852
48.464469,80.875549,22.896390
48.600107,81.082818,22.962039
48.590479,81.089997,22.963272
49.541920,81.795964,22.741791
49.765936,82.453844,22.466089
49.992113,82.900698,22.233062
49.864019,83.258683,22.358473
49.784885,83.636112,22.041745
49.767422,83.849405,22.132397
50.620512,85.087827,21.705490
50.678243,85.461559,21.798395
51.023026,85.945694,21.717828
50.834735,86.369881,21.612628
50.749869,86.462362,21.523427
50.769454,86.481738,21.507555
50.689512,86.710689,21.417714
50.476934,86.879516,21.389201
50.503906,86.989739,21.424325
50.921146,87.443095,21.280004
50.906603,87.460105,21.279559
50.730157,87.576689,21.219421
50.978582,87.914296,21.312447
50.976218,87.915486,21.279208
51.441110,88.476931,21.051325
51.716751,88.846454,21.110896
52.151055,89.219287,21.067639
52.052802,89.272686,21.101444
52.018560,89.308007,21.087731
52.230802,89.713560,21.157343
52.499625,90.338202,20.946452
52.854922,91.001466,20.947654
53.266123,91.412892,20.885414
54.001286,92.115613,20.392444
54.648804,92.725185,20.506785
54.638990,92.749965,20.502763
55.428952,93.606690,20.477451
55.461665,93.599453,20.480065
55.404202,93.617031,20.479835
55.419612,93.613908,20.430076
55.410246,93.621805,20.426545
55.412457,93.733409,20.440439
55.348656,93.802639,20.435939
55.452794,94.334534,20.342663
55.454111,94.723910,20.356083
55.434696,94.742392,20.354086
55.761363,95.231031,20.826350
55.841310,95.214955,20.769332
56.169121,95.530750,20.320241
56.479466,95.617209,20.177885
56.637826,95.629519,20.214756
56.658060,95.611601,20.196618
56.571615,95.691597,20.183353
56.563496,95.922752,20.273439
56.782530,96.368015,20.238454
58.097319,97.136664,20.086084
59.316483,98.193535,19.766968
59.586470,98.609681,19.829639
59.698569,98.624626,19.751615
60.283120,99.295662,19.503468
60.580057,99.500936,19.591928
60.872866,99.523462,19.569543
60.874778,99.522577,19.569298
61.842422,100.478662,19.483539
61.843731,100.478539,19.483838
62.859980,101.756352,19.452232
63.084689,101.788340,19.394749
63.120143,101.762504,19.411346
63.146958,101.750568,19.428042
63.793268,102.253886,19.146408
63.936937,102.266480,19.085028
64.200601,102.404534,19.148370
64.530944,103.205039,19.175479
64.619539,103.164459,19.123924
65.609544,104.183129,18.981324
66.406097,104.633827,18.912775
66.930543,105.159348,19.005867
67.296453,105.542153,18.634407
67.297497,105.542190,18.634654
68.035653,106.210725,18.961015
68.093718,106.184907,18.977110
68.148110,106.162058,18.997154
68.149008,106.162134,18.997166
68.496522,106.650601,19.109649
69.301005,107.156819,18.897648
69.540475,107.250789,18.797743
69.733491,107.643416,18.911862
70.364971,108.075510,19.047492
71.209847,109.587550,18.424729
71.182841,109.558156,18.433179
71.582254,109.976099,18.262347
71.585390,109.974140,18.263732
72.940045,110.849235,18.386398
72.861374,110.942796,18.374937
73.288317,111.542277,18.045677
73.464656,111.677450,18.148358
73.465291,111.677748,18.148332
73.746715,112.186643,18.075977
73.747214,112.187098,18.075891
73.866891,112.446010,18.203788
74.140469,112.484618,18.129431
74.043748,112.609181,18.117395
74.238005,112.603904,18.151792
74.490600,112.646799,18.220818
75.276219,113.120704,18.179699
75.928279,113.361263,18.088206
75.935252,113.355021,18.090644
75.935845,113.355302,18.090489
76.727486,114.024073,17.616866
76.750331,114.003000,17.575909
77.209325,114.499462,17.678127
77.806769,115.024247,18.253511
77.804062,115.027401,18.254576
77.791988,115.058212,18.274392
79.019100,116.220780,18.270447
79.558412,116.594301,18.168423
79.571442,116.637085,18.224409
80.404060,117.213997,18.172305
80.961035,117.820103,18.078208
80.762730,118.020004,18.119504
81.281098,118.513969,17.645374
81.843054,119.134505,17.628013
81.843685,119.134885,17.628232
82.216509,119.225740,18.008635
82.671183,119.885805,18.074820
83.247277,120.141422,17.791447
83.441768,120.068021,17.833004
83.448794,120.067307,17.843318
83.570524,120.087867,17.886685
83.568495,120.092358,17.885955
83.576820,120.091656,17.898984
85.621710,123.210792,17.855103
85.530492,123.339488,17.903768
85.988341,124.130669,17.885307
86.220521,124.388993,17.743358
86.469323,124.303353,17.825918
86.396682,124.464221,17.784800
86.397057,124.464763,17.784671
86.575088,124.889542,17.761278
86.687799,124.896501,17.723583
88.421276,125.874901,17.549052
88.648254,126.063995,17.609943
89.665867,127.533356,17.896920
90.649346,128.159897,17.848917
91.737538,128.525069,18.037595
93.021158,130.126175,18.056429
94.518464,131.173565,18.209701
94.723921,131.451251,17.937641
94.728828,131.451180,17.934961
95.627490,131.982000,18.019698
95.671636,132.165451,18.272249
95.687599,132.157147,18.240924
95.682076,132.172165,18.222051
96.178399,132.341610,18.114074
96.572040,132.415119,18.191165
97.335946,133.032287,18.001389
97.388534,133.325992,18.008566
97.756246,133.936642,17.823807
97.806217,134.180501,17.874481
98.727432,134.634402,17.739353
99.210980,135.333249,17.819531
99.234665,135.319010,17.829570
99.678486,136.000942,17.744894
100.150556,136.355247,17.631694
100.027799,136.529873,17.570502
100.024591,136.533416,17.572106
100.200540,136.499381,17.610284
100.192768,136.505942,17.613991
100.366171,137.494291,17.385231
100.485357,137.570836,17.640152
101.515821,138.954488,17.874078
101.445408,139.585701,17.810926
101.947812,140.274758,17.837821
102.322782,141.110585,17.867477
103.313561,142.755359,18.062877
103.741961,143.418614,18.043319
105.191537,145.541274,17.969659
104.802553,146.078501,18.113958
104.834038,146.091024,18.173592
104.834649,146.091405,18.173393
105.339752,146.831871,18.259576
105.443577,146.874425,18.287247
106.079686,148.002234,18.020722
106.376704,148.141554,17.951742
106.958338,148.247990,17.878586
106.336690,148.528943,17.773415
106.329248,148.535501,17.769613
107.201669,149.715994,17.793357
107.217825,149.862357,17.779222
107.222312,149.860538,17.781379
108.035090,150.937677,17.776486
107.968555,151.024115,17.804903
109.308731,152.270350,17.455463
110.132637,152.860815,17.384994
110.243604,152.850617,17.364534
111.778126,153.352104,18.190049
112.252883,153.390851,18.265444
111.917756,153.573018,18.204785
111.929081,153.572639,18.230576
113.823390,154.666243,18.298648
113.833737,154.659181,18.294807
114.962349,155.421984,18.306266
114.971527,155.414195,18.303406
114.972581,155.414150,18.303459
115.157647,155.487121,18.250887
115.766912,155.657013,17.855061
116.252546,155.725452,17.793739
116.315442,155.747365,17.815184
116.828939,156.369996,17.940113
117.392026,157.017243,18.212211
118.030794,157.737676,18.627557
118.646436,158.153715,18.599476
118.652754,158.150561,18.603563
118.806698,158.278058,18.669302
118.644552,158.703730,18.568757
119.346275,159.349619,18.740338
119.151434,159.680488,18.791103
118.656683,160.043368,18.706118
118.656845,160.044444,18.706354
119.495767,160.895792,18.634817
119.495337,160.902775,18.613220
119.960353,162.633020,18.182906
119.973086,162.906991,18.527030
120.728417,163.395449,18.437028
120.794188,163.788351,18.370084
121.228606,163.997922,18.527790
121.525886,164.801647,19.265937
121.632593,165.080768,19.024889
122.627512,166.070676,19.162997
122.893948,166.538890,19.070107
122.865105,166.567025,19.090319
124.321361,168.264525,18.869551
124.557659,168.530589,19.007385
125.251329,169.213568,18.755888
126.789253,170.533811,18.820042
127.083882,170.580397,18.933403
127.225112,171.675261,18.861635
128.033440,173.407514,18.613359
128.309036,174.070549,18.703815
128.440986,174.918998,19.079869
128.502826,175.027932,19.098299
128.503135,175.028597,19.098599
128.725694,175.140386,19.042571
128.997203,176.043661,18.873746
128.992141,176.063789,18.859456
128.992173,176.064746,18.859778
130.244854,176.573512,18.865934
130.817120,176.870669,18.942986
130.820553,177.089407,18.939800
130.823061,177.093294,18.942747
131.820131,177.530893,19.670154
132.521988,177.726640,19.914269
132.526571,177.723878,19.925578
132.608986,178.008503,19.781898
132.986322,178.388741,19.714436
132.994111,178.385275,19.716689
133.810678,179.027183,19.350375
134.248294,179.462575,19.258902
134.118138,179.844881,19.306020
134.677922,180.736798,19.287602
134.614044,181.231835,19.538502
134.611344,181.443499,19.593973
134.611979,181.443984,19.593900
134.660217,181.417335,19.579647
135.078497,181.711154,19.546037
135.024489,182.118943,19.386961
135.306730,182.416627,19.366203
135.309327,182.416555,19.375398
135.586355,182.459571,19.580963
136.579423,183.696418,19.475458
136.082209,183.989266,19.528736
136.620677,184.754018,19.370032
136.755712,185.049360,19.291601
136.832001,185.429127,19.051515
137.103876,185.587348,19.043004
137.582080,185.960979,19.041521
137.789616,185.922158,19.001360
138.753242,187.172934,18.792811
139.165112,187.087450,18.727083
139.168711,187.086349,18.729311
139.169691,187.086643,18.729025
139.847636,187.309800,18.637130
139.905288,187.309237,18.605887
140.003307,187.717239,18.540571
140.199624,188.016040,18.164005
140.493970,188.268220,18.102241
140.566261,189.076420,18.084872
140.825924,189.650714,18.131342
140.826515,189.651739,18.132931
140.814303,189.662761,18.068420
140.908859,190.286790,18.077747
141.209628,190.850050,17.989526
141.396022,190.871712,17.965149
141.658293,191.438802,17.964585
142.421654,191.837123,17.957976
142.423086,192.253808,17.857051
142.528317,192.815807,17.729723
142.529973,192.821850,17.742020
142.569138,193.128582,17.983927
142.684179,193.546110,18.014296
142.699540,194.101851,18.135364
142.776840,194.317473,18.259300
143.507600,194.534684,18.213651
143.528031,194.533073,18.227772
143.338797,195.234304,18.230841
143.339620,195.234861,18.230527
143.762294,195.786799,18.164513
144.120028,195.964465,18.112805
145.053830,196.236885,18.228133
145.217585,196.306066,18.367469
145.449647,197.226748,18.305675
145.998598,197.546709,18.334492
145.779537,197.923952,18.220541
146.412454,198.611606,18.623635
146.413859,198.612007,18.623917
146.737879,198.971485,18.928861
147.101977,199.081855,19.321634
147.239870,199.329807,19.210655
148.609932,199.896175,19.074131
148.763051,200.246646,19.099915
148.849551,200.233686,19.132931
149.355316,200.529641,19.215506
149.196962,200.770246,19.134235
149.512471,200.802083,19.153626
149.720719,200.902130,19.204152
149.776487,200.905855,19.073012
150.358746,201.193849,19.486800
150.857727,201.720131,19.231643
150.976698,201.698034,19.249995
151.211064,201.767982,19.207286
151.690766,202.295989,19.370579
151.424031,202.824659,19.423610
151.729056,202.959274,19.281820
151.982191,203.110596,19.432434
152.641885,203.908345,19.397484
152.498827,204.847395,19.084966
152.261561,205.185268,18.825910
152.597366,205.726964,18.974289
152.665205,205.720687,18.970819
153.420149,206.217386,18.922151
153.671515,206.593852,19.178063
154.425668,206.925965,19.288458
154.472729,208.133600,19.465750
155.251540,208.652805,19.551364
155.517309,209.156272,19.445489
155.304489,209.669874,19.381363
155.327246,209.962928,19.318809
155.374173,210.079564,19.483443
155.211214,210.396965,19.512675
155.148205,210.434725,19.532032
155.217874,210.532321,19.488797
155.154679,210.679506,19.458836
155.177522,211.000180,19.367743
155.114651,211.173271,19.230232
155.115173,211.175185,19.230299
154.908537,211.792489,19.156133
155.039022,212.107748,19.091730
155.027815,212.190366,19.056930
155.201722,212.273054,19.063093
155.484845,212.708460,19.123662
155.451611,213.295931,18.870842
155.423429,213.686986,19.011363
155.588172,213.777358,19.114153
155.730980,213.875254,19.128296
155.811932,213.928799,19.154731
156.030235,214.035612,19.152245
155.973692,214.178392,19.150057
156.009235,214.319186,19.226960
156.287559,214.695647,19.220845
156.087372,214.965654,19.271342
155.862958,214.917353,19.257409
155.647454,215.087781,19.176880
155.165028,215.095918,19.159749
154.888623,215.145675,19.089253
154.719731,215.082385,19.096466
154.557113,215.016742,19.050130
154.438399,215.334015,19.168944
154.290530,215.311665,19.132049
153.830738,215.579626,18.824095
153.729072,215.883384,18.892531
153.367334,216.269260,18.914052
152.530200,216.560292,18.990060
152.402900,216.526177,19.014879
152.400126,216.525460,19.014367
152.311369,216.728537,18.839209
151.891420,216.884907,18.846340
151.715464,216.842172,18.962776
151.512921,216.906729,19.088404
151.538202,216.982509,19.046613
151.356300,216.996004,18.855773
151.411109,217.258009,18.913596
151.156077,217.392803,18.981543
150.419577,217.579101,18.627350
150.356642,217.590382,18.548896
150.371935,217.624239,18.531879
150.170218,217.625635,18.549342
150.047708,217.574861,18.506166
150.046131,217.574790,18.505842
150.020635,217.554069,18.515715
150.022998,217.554267,18.518313
149.990628,217.530944,18.456527
149.928277,217.725448,18.207003
149.845347,217.672963,18.173535
149.798874,217.645805,18.187305
149.649017,217.903895,18.337013
149.651727,217.924303,18.359355
149.526734,218.007683,18.405913
149.420254,217.970808,18.416459
149.315199,218.048909,18.524786
149.076624,217.997340,18.547823
148.480693,218.182414,18.650452
148.413569,218.145588,18.668868
148.290517,218.103467,18.689974
147.862184,218.466052,18.778600
147.554081,218.974148,18.812647
147.703663,219.153662,18.870257
147.439781,219.541722,18.805645
147.359397,219.542077,18.805510
147.051470,219.946870,18.726663
146.524264,220.623743,18.448214
146.136358,220.924350,18.416980
145.618953,221.557675,18.261747
145.216768,221.416106,18.128906
144.872823,221.336048,17.997179
144.214354,221.322717,18.040124
144.213941,221.327947,18.041162
143.996678,221.662408,17.924916
142.809010,222.577343,17.913743
141.758455,222.856516,18.020289
141.579825,223.330305,17.933494
140.852486,223.319107,17.764472
140.849402,223.335162,17.755982
140.524438,223.425989,17.904835
139.800935,223.487894,18.002066
138.878407,223.854138,18.038645
137.854217,224.126141,18.164794
137.229328,224.356548,18.003284
136.219447,224.487844,17.816563
134.842924,224.940926,17.012409
134.376128,225.113162,17.066128
134.039079,225.299127,17.006341
134.037942,225.299045,17.005672
133.763007,225.256697,17.017747
133.233530,225.377071,17.126976
132.396541,226.128020,17.149434
131.626015,226.111400,16.870318
131.616955,226.160223,16.843588
131.056140,226.495110,16.829527
131.055111,226.495057,16.829171
130.840350,226.425396,16.744373
130.082072,226.578275,16.703476
129.400091,227.101013,16.772120
129.013095,227.507278,16.152258
128.268530,227.519790,16.043217
127.913502,227.692155,16.093180
127.511741,227.809731,16.073839
127.216758,227.991507,16.014586
126.757242,227.875229,15.589930
126.686600,227.979760,15.612755
126.564993,228.348810,16.058841
126.555721,228.336276,16.056828
126.301902,228.492797,15.990040
125.884081,228.514436,15.837610
125.495271,228.801636,15.820385
125.148064,228.628078,15.770318
124.197545,228.160682,15.605010
123.855690,228.188921,15.684084
123.428043,228.068291,15.750828
123.009792,228.223788,15.880444
122.402675,228.540706,15.935816
121.657936,228.387816,15.912473
121.578037,228.334565,15.951605
121.232094,228.683015,15.936044
121.205324,228.672970,15.961817
121.187852,228.654947,15.973037
121.176229,228.668724,16.006996
121.175312,228.669152,16.007760
121.157900,228.649174,16.022318
121.149892,228.634591,16.026657
120.816692,228.461503,15.978656
119.931039,228.708188,15.912274
119.930008,228.704360,15.907776
119.779299,228.638767,15.835075
117.954962,229.346827,14.767854
117.348182,229.682362,14.819335
117.346311,229.677346,14.809122
116.590483,229.742075,14.872949
116.235418,229.916490,14.817829
115.876814,229.863919,14.866518
115.687070,229.885400,14.786913
115.033907,230.214346,14.683156
114.759246,230.554103,14.634405
114.760527,230.561368,14.625708
114.747969,230.581431,14.661074
114.334739,230.594150,14.730518
113.723316,230.269197,14.632908
113.404505,230.241612,14.623800
112.770883,229.840458,14.594541
112.817156,230.014736,14.613399
112.901241,230.231508,14.633856
112.336810,230.380686,14.649728
111.333557,230.367852,14.329184
110.982213,230.310615,14.272235
110.981346,230.310547,14.272299
109.730590,230.622411,14.404174
109.049697,230.723230,14.390185
109.048747,230.733228,14.408563
108.834561,230.796761,14.494715
108.241616,230.695636,14.471617
107.944965,231.216510,14.496722
107.728730,231.273549,14.546351
107.408357,231.401366,14.636404
106.927954,231.627692,14.809726
106.922786,231.627740,14.808279
106.818514,231.636897,14.777547
106.826846,231.651184,14.783194
105.699466,232.004847,14.590555
105.634465,232.035073,14.572309
104.940040,232.212399,14.713220
104.618948,232.024589,14.655277
104.598771,232.002473,14.672044
103.622254,231.847836,14.720559
102.307272,231.836178,14.075100
101.860529,231.990876,14.091444
101.701457,231.948793,13.988563
101.700695,231.948635,13.988261
100.879417,232.236334,13.992695
100.516999,232.186847,13.528156
99.424113,232.311432,13.107858
98.885066,232.230390,13.150026
97.657887,232.179445,12.760358
96.595839,232.461066,12.428654
96.597686,232.459027,12.407173
96.589511,232.454461,12.413762
96.589836,232.461157,12.409842
95.729478,232.905819,12.605894
95.728425,232.913812,12.601100
95.495120,232.990389,12.665234
95.494444,232.990460,12.664963
95.493768,232.990531,12.664693
95.019407,233.150944,12.576050
94.561416,233.264420,12.518795
94.556372,233.255240,12.523894
92.654491,233.739633,12.255219
92.378377,233.687102,12.249362
90.763650,233.887211,12.107653
90.372483,234.029281,12.026641
90.370178,234.052391,11.976954
89.847363,234.163962,11.948048
89.191562,234.078223,11.889331
88.801990,233.805576,11.837555
88.405690,234.048899,11.800658
88.025652,234.190740,11.751053
87.827640,234.393569,11.744304
87.785733,234.469849,11.701170
87.587798,234.556808,11.639022
87.147753,234.582031,11.566119
87.145115,234.576133,11.569322
85.661860,234.301874,11.516320
85.639228,234.312292,11.528785
85.835741,234.683039,11.595122
85.835131,234.683368,11.594798
84.683788,234.342722,11.602723
84.187111,234.446896,11.532424
83.435097,234.365461,11.575660
83.347868,234.418585,11.545718
83.347277,234.418566,11.545586
83.346686,234.418548,11.545454
83.057988,234.623861,11.510987
82.786787,234.464583,11.456579
82.077288,234.702619,11.508820
81.579270,234.520877,11.497077
81.189283,234.648978,11.445333
81.188265,234.653765,11.449495
81.122217,234.631428,11.420736
80.746098,234.488458,11.502916
80.654252,234.552775,11.542254
80.204631,234.733905,11.490231
79.824553,234.859333,11.440110
79.102282,235.131507,11.306261
79.101673,235.144555,11.310358
77.778394,235.135798,11.316993
77.149196,235.071620,11.324215
76.039221,234.870892,11.433763
75.197896,234.991275,11.585508
75.161066,234.949452,11.496283
74.727038,234.843007,11.549941
74.725691,234.838775,11.553088
74.723995,234.833859,11.548785
74.587382,234.955462,11.756097
74.257729,234.966047,11.817365
74.046054,235.005773,11.916236
73.213687,234.966621,11.846880
71.269593,234.733546,11.181400
71.268015,234.735533,11.182251
71.234714,234.768892,11.163684
71.234185,234.768899,11.163658
71.114708,234.747637,11.140763
71.054702,234.968875,11.206935
70.865880,234.751187,11.053206
70.496835,234.870158,11.149705
69.531194,235.211127,11.154093
68.578231,235.257604,11.231560
68.201621,235.028052,11.173028
68.287172,235.309999,11.226243
67.877230,235.377435,11.199907
67.622800,235.462124,11.151084
67.582478,235.472782,11.230143
66.313704,235.936850,11.458926
65.633466,235.835556,11.525583
65.440005,235.926733,11.761964
65.406362,235.896301,11.782274
65.136362,235.830197,11.797891
64.735254,235.982790,11.700581
62.767848,236.050548,11.531915
62.558945,235.756150,11.488202
60.588132,235.550457,11.575575
59.790580,235.447529,10.886750
59.489062,235.541704,10.869878
58.408921,235.642930,10.467849
57.588725,235.578369,10.343358
56.620888,235.469503,10.401540
56.340093,235.567862,10.398004
56.061672,235.661002,10.345125
55.487288,235.874789,10.254645
55.482174,235.866553,10.236641
54.743181,235.825810,10.259352
54.742883,235.826960,10.258759
54.524049,235.983044,10.312517
53.771033,236.543214,10.560562
52.036430,236.454197,10.686441
51.790991,236.538397,10.634757
51.307178,236.398829,10.533086
50.537732,236.297463,10.083654
50.537159,236.297326,10.084069
50.304822,236.076391,10.036683
50.165340,236.041581,10.067416
50.109645,236.315634,10.174100
50.109168,236.315743,10.174133
50.057998,236.367764,10.256658
50.033157,236.358297,10.297014
49.256898,236.561251,10.187167
49.169745,236.738674,10.245445
49.155512,236.749580,10.300428
48.232574,237.075545,10.425734
48.026299,237.212706,10.404775
47.074283,237.108300,10.470016
45.770127,236.824013,10.704436
45.769277,236.822713,10.705185
44.733987,236.721698,10.791656
44.460947,236.901697,10.673737
43.902361,236.454498,10.531976
43.309340,236.477486,10.669210
43.138495,236.285060,10.663267
42.962126,236.043210,10.618337
42.610131,236.103589,10.530731
42.610192,236.104020,10.536455
42.203542,236.323450,10.301529
42.063375,236.289660,10.332993
41.999395,236.505767,10.407042
41.833736,236.578667,10.363825
41.831978,236.583032,10.361294
41.668226,236.654220,10.319025
41.667254,236.661714,10.312522
41.381369,236.780428,10.509638
41.380503,236.782374,10.508439
41.184089,236.705064,10.437498
40.913961,236.626088,10.228284
40.912830,236.629639,10.225989
40.803061,236.591315,10.258161
40.651353,236.338742,10.231095
40.425665,236.569235,10.661377
40.492732,236.633405,10.822753
40.346893,236.422365,10.784046
40.165000,236.462029,10.819735
40.156518,236.454993,10.807258
40.149427,236.484315,10.823935
38.980611,236.452237,10.867560
38.860420,236.572162,10.981423
38.781840,236.573657,11.064953
38.422697,236.307915,11.089849
37.570098,236.200738,11.248486
36.713145,236.132831,10.927561
36.161537,235.886831,10.956658
36.097408,235.834490,10.986915
35.973305,235.946224,11.023851
35.748127,235.876934,11.223225
35.621242,235.904504,11.177907
35.036445,235.851190,11.244935
34.765306,235.741919,11.297944
34.764816,235.741361,11.297841
33.923628,235.698618,11.352162
33.818548,235.750826,11.314080
33.510053,235.621448,11.206870
33.368443,235.555001,11.150867
33.095691,235.691503,11.109349
33.065384,235.663131,11.127404
32.517365,235.802893,11.172204
32.551261,235.971052,11.238717
32.380794,236.146069,11.278471
31.532254,235.888498,11.415993
31.406546,235.991671,11.520698
31.174794,236.169482,11.530521
30.847646,236.212677,11.745766
30.826816,236.254876,11.711545
30.481162,236.466841,11.604203
29.488633,236.339735,11.730713
29.299118,236.300649,11.819583
29.223048,236.374349,11.791544
29.036554,236.305268,11.840079
28.921024,236.416548,11.837308
28.697975,236.606510,11.892759
28.016162,236.532771,12.020830
27.994347,236.579370,12.009227
27.926374,236.632298,11.980783
27.778512,236.804177,11.906792
27.532453,236.853751,12.060897
27.462541,236.913534,12.029021
27.309958,237.045538,11.950121
27.331581,237.077021,12.036899
27.064227,237.258449,11.912589
26.952083,237.200578,11.794717
26.906842,237.487734,11.812845
26.765942,237.524670,11.807560
26.600764,237.611324,11.913800
26.540701,237.546252,11.900213
26.424256,237.541386,11.926415
26.289185,237.600627,11.956952
26.012538,237.561104,12.025767
25.870307,237.530415,12.133803
25.773095,237.585478,12.094262
25.710641,237.634633,12.059727
25.712830,237.665685,12.067415
25.664476,237.698437,12.044266
25.119001,237.821917,12.048098
25.012087,237.658478,12.067164
24.923465,237.719092,12.024543
24.925887,237.810114,12.102307
24.705754,237.879727,12.297549
24.094588,237.810575,12.393733
23.777163,237.868421,12.604892
22.907372,237.903265,12.961978
22.906464,237.905052,12.960431
22.835687,237.958971,12.919372
22.794841,237.979710,12.889738
22.679642,237.967696,12.857739
21.989036,237.847639,12.989397
21.866302,237.872644,12.918164
21.865515,237.871520,12.919092
21.865034,237.869977,12.920082
21.806636,237.931341,13.180227
21.778185,237.866990,13.163086
21.751055,237.887982,13.146746
21.671854,237.927719,13.098717
21.604114,237.959602,13.090147
21.458547,238.004227,13.304565
21.320929,238.030819,13.551518
21.242524,238.091010,13.520769
21.014630,238.061043,13.595425
20.842436,237.813873,13.573623
20.501767,237.655735,13.967762
20.497435,237.724138,13.999166
20.403609,237.746994,13.934029
20.349762,237.719564,13.897043
20.117198,237.454450,13.934520
20.083991,237.485596,13.911673
20.279765,237.467202,14.035484
20.221472,237.461608,14.010426
19.900914,237.659755,14.595923
19.239771,237.628808,14.691236
19.158769,237.679730,14.748846
19.067220,237.691538,14.691127
19.042687,237.810395,14.712997
19.013041,237.837859,14.688677
18.935856,237.848570,14.635601
18.550187,237.896395,14.896676
18.499161,237.855005,14.886403
18.370128,237.983512,14.944152
17.727023,237.934831,14.832115
17.677561,237.947759,14.791600
17.669593,237.951731,14.784800
17.532893,237.866352,14.755142
17.378855,237.928236,14.874356
17.268683,237.992479,14.863952
17.228415,238.001030,14.828691
17.061035,238.082931,15.021587
16.833410,238.191774,15.241137
16.243685,238.187291,15.106271
15.984667,238.157181,15.172514
15.342197,238.105762,15.245602
15.477493,238.105433,15.398523
15.389223,238.061760,15.567218
15.428256,238.043583,15.608015
15.370842,238.049590,15.928733
15.380993,238.164322,16.012146
15.346314,238.203993,16.275451
15.403280,238.177613,16.348956
15.294575,238.096074,16.509668
15.258500,238.118958,16.800238
15.107185,238.185149,17.089946
15.048064,238.121834,17.221801
15.424134,238.121977,17.570044
15.198359,238.073091,17.832059
15.075766,238.153408,17.946886
14.903735,238.109486,18.288461
15.013303,238.165783,18.563793
14.872828,238.252283,19.199599
14.901160,238.221186,19.233952
14.950469,238.224272,19.304570
14.426751,238.200877,19.623428
14.446086,238.171937,19.648534
14.604989,238.236014,19.900381
14.630416,238.276341,19.931924
14.953878,238.353112,20.243724
14.981202,238.324018,20.277425
15.501568,238.326581,20.566875
15.502134,238.348768,20.659583
15.555961,238.337685,20.761429
15.532442,238.248586,21.082303
15.615291,238.321691,21.202501
15.646932,238.360767,21.243405
15.672938,238.338200,21.473871
15.852963,238.651190,21.699177
15.888390,238.706207,21.747516
15.922587,238.864155,21.776254
16.122220,238.984694,21.934520
16.644924,239.006772,22.209233
16.099264,238.930925,22.382074
16.120425,238.996771,22.411445
16.131315,238.986352,22.417742
16.153477,238.964723,22.432842
16.165210,238.953441,22.438847
16.234848,238.954866,22.578929
15.624404,238.746502,22.930260
15.765847,238.851602,23.295594
15.790112,238.827044,23.331410
15.814966,238.801885,23.428513
15.829357,238.787442,23.440035
15.880577,238.757578,23.515495
15.957513,238.864105,23.657723
15.675699,239.029167,23.970646
15.610986,238.905964,24.136473
15.519338,239.095750,24.542037
15.507054,238.984279,24.738417
15.770255,239.239260,25.490124
15.661280,239.315704,25.762910
15.615668,239.266962,26.091110
15.119980,239.175384,26.332844
14.930689,239.129343,26.649279
15.016554,239.084339,26.788932
14.940126,239.152968,27.131548
15.060940,239.154068,27.377550
15.157840,239.252370,27.546242
15.040628,239.000889,27.891223
15.182277,239.316305,28.020807
15.274458,239.262830,28.151018
15.239267,239.167841,28.354449
15.308620,239.096791,28.480104
15.308873,239.096737,28.480710
15.355334,239.012765,28.885608
15.386168,239.039064,28.909506
15.354400,239.024973,29.337065
15.329338,239.030155,30.125146
15.352992,238.992314,30.197418
15.429126,238.914809,30.344852
15.467847,238.875206,30.420229
15.468024,238.875209,30.420791
15.284420,238.985467,30.954867
15.345678,238.890990,31.476826
15.420490,238.813528,31.608809
15.287541,238.750537,31.971646
15.239965,238.713229,32.531972
15.196059,238.834011,33.192522
15.238268,238.809054,33.283002
15.260467,238.605551,33.870717
15.260296,238.633354,33.901022
15.262030,238.631732,33.901689
15.128195,238.234367,34.423506
15.430394,238.418071,34.908588
15.522808,238.599985,35.109965
15.570280,238.555607,35.212191
15.684687,238.628926,35.506302
15.142611,238.510597,36.073977
15.093997,238.427389,36.153538
15.236905,238.228933,36.547685
15.226488,238.237073,36.821294
15.373315,238.383974,37.158882
15.388632,238.353993,37.298212
15.435366,238.295674,37.413979
15.405271,238.327565,37.451233
15.411070,238.278967,37.650972
15.404556,238.276295,37.652539
15.449170,238.198869,37.773644
15.480335,238.139182,37.932521
15.480448,238.138779,37.933445
15.543383,237.818071,38.245279
15.642305,237.810257,38.436736
15.642320,237.810031,38.437188
15.319422,237.178515,39.219443
15.262784,237.076232,39.328777
15.260429,237.065384,39.328334
15.258585,237.063618,39.329188
15.368213,237.078674,40.572322
15.329901,237.012629,40.678796
15.297427,236.868944,40.710722
15.353560,236.799201,40.855462
15.409209,237.017328,41.006650
15.427628,237.002866,41.042206
15.400478,236.984926,41.045442
15.400116,237.198295,41.699921
15.501081,237.293292,42.168112
15.645806,237.065672,42.315721
15.645848,237.065823,42.316215
15.680312,237.125913,42.546622
15.617956,237.257034,42.990274
15.616375,237.337894,43.830485
15.598649,237.358280,43.844623
15.905849,237.366126,44.218089
15.999293,237.547279,44.553099
16.072262,237.504385,44.726185
16.019900,237.578677,44.889439
16.081888,237.822915,44.986923
16.085184,237.826590,44.986966
16.108110,237.810722,44.990999
16.265541,237.776999,45.339760
16.240312,237.709989,45.907474
16.186064,238.072285,46.637337
16.185399,238.124247,46.644822
16.400274,238.571309,47.206738
16.425319,238.546540,47.218305
16.224307,238.728283,47.859886
16.224326,238.728398,47.860342
16.303852,239.072195,48.057892
16.195049,239.038057,48.298993
16.218754,239.016105,48.623282
16.028500,239.080738,49.494117
16.030806,239.074151,49.525436
16.062465,239.154083,49.548013
16.292584,238.940615,50.186035
16.293172,238.940037,50.186477
16.286448,238.946674,50.191518
16.286505,238.946620,50.191969
16.201445,238.944330,50.446431
16.439211,238.985545,50.622677
16.514286,239.215280,50.847669
16.514128,239.215258,50.848162
16.306703,239.166864,50.904114
16.414173,239.211506,51.616184
16.258949,239.108907,52.301825
16.258589,239.109740,52.302631
16.257619,239.112101,52.962648
16.302213,239.071256,53.028726
16.338934,239.084591,53.034045
16.597918,239.046137,53.484569
16.598159,239.046070,53.485043
16.640576,238.950420,54.555438
16.706781,238.896890,54.852687
16.796208,238.815954,55.060772
16.800541,238.800513,55.061351
16.864562,238.726335,55.328367
16.903609,238.663804,55.866779
16.751096,238.092439,56.613208
16.844031,237.996982,56.789750
16.825865,237.978982,56.798148
17.215758,237.563577,57.126848
17.391144,237.689359,57.734546
17.492133,237.621520,58.020868
17.357499,237.743782,58.487633
17.034159,237.727027,58.652015
17.448084,237.621295,58.918580
17.361231,237.678033,59.577439
17.894254,237.281893,60.620647
17.843436,237.346526,60.743002
17.786836,237.490727,61.496444
17.560280,237.334235,61.978298
17.559208,237.333314,61.978807
17.526016,237.601198,62.910603
17.391333,237.331932,63.392822
17.433616,237.487753,64.240095
17.326579,237.565083,64.789295
17.314767,237.552125,64.799682
17.207799,237.553070,65.693473
17.377798,237.440649,65.976882
17.400771,237.462197,66.068279
17.380250,237.481244,66.191185
17.318890,237.514754,66.454110
17.198420,237.563937,66.970733
17.403955,237.597764,67.654655
17.256595,237.624247,68.336894
17.249619,237.624438,68.337730
17.306344,237.585208,68.642108
17.199249,237.250809,68.898990
17.038195,237.215954,69.022644
17.061834,237.185780,69.071525
17.112562,237.204061,69.077964
17.040338,237.167194,69.332074
17.100767,237.546010,69.705835
17.213627,237.578979,70.078532
17.379918,238.073125,70.821870
17.562622,238.157590,71.399234
17.530448,238.197703,72.137300
17.640150,238.106536,72.515638
17.639776,238.104595,73.493644
17.561342,238.077991,73.591350
18.588562,238.173904,73.969732
18.603814,238.180501,73.968013
18.608748,238.107418,74.356690
18.732989,238.012860,74.761023
18.751305,238.016159,74.763510
18.999871,237.875948,74.860058
19.830755,238.076220,75.580119
19.963846,237.826657,76.169019
19.957143,237.697913,76.287992
19.941395,237.615119,76.677344
19.920233,237.699651,76.899044
19.928144,237.742940,76.902801
20.037657,237.648733,77.314201
20.175294,237.963443,77.721950
20.053629,237.973969,78.272255
20.138744,237.846481,78.716883
20.151494,237.834632,78.720514
20.162833,237.824774,78.718416
20.206705,237.770037,78.817872
20.272593,237.734195,79.413869
20.299205,237.751250,79.416940
20.311928,237.705953,79.446778
20.277830,237.714522,79.489856
20.485705,237.553966,80.327350
20.680903,237.678375,81.203034
20.821306,238.024409,81.640981
20.572925,237.966953,81.725489
20.709841,237.878517,82.166653
20.700175,237.844689,82.167287
20.814447,237.645682,82.781167
20.751448,237.529125,82.924671
20.939744,237.441696,83.221502
21.079170,237.335993,83.680848
21.623647,237.097123,84.450380
21.668838,236.904440,85.404816
21.854536,236.914370,85.945251
21.854657,236.914136,85.945691
21.863232,236.911774,85.945567
21.860372,236.907108,85.945876
21.711056,236.998056,86.540688
21.613412,236.975214,87.353242
21.440195,236.822233,88.254054
21.465067,236.731141,88.521693
21.619054,236.821974,89.029109
21.637026,236.839701,89.044026
21.509705,236.796804,89.825298
21.501249,236.804304,89.829290
21.693170,236.685846,90.332841
21.558931,236.569890,90.592997
21.658924,236.570835,91.882381
21.655076,236.574329,91.883857
21.571709,236.536417,92.117161
21.971182,236.656615,93.446194
22.059802,236.851332,93.753972
22.131573,236.792958,93.820280
22.150698,236.678059,94.015462
22.206989,236.642809,94.089739
22.023120,236.818585,94.652362
21.965679,236.865601,94.781596
22.744721,236.747622,97.028478
22.853168,236.917796,97.344739
22.852149,236.929773,97.430961
22.832837,236.781034,99.170967
22.885189,236.742205,99.236760
23.111687,236.599361,100.348897
23.367881,236.502193,101.264346
23.457519,236.475856,101.431054
23.620991,236.622115,101.954270
23.428515,236.664301,102.842996
23.424561,236.667010,102.844742
23.709730,236.461901,103.858416
24.036348,236.251270,104.822043
23.852372,236.363871,105.461637
23.843676,235.946620,106.218276
24.340922,235.793727,107.140477
24.347465,235.788346,107.139719
24.506577,235.683297,107.612660
24.499165,235.687557,107.618809
24.129461,235.290752,109.385516
24.129225,235.290694,109.386109
24.064461,235.176602,109.586783
24.046188,235.117297,109.589490
24.644411,235.302168,110.955375
24.643534,235.309068,110.957941
24.769832,235.425024,111.270053
25.406647,235.242836,113.060474
25.407669,235.241829,113.060627
25.737035,235.061531,114.005613
25.994465,235.035857,114.738733
25.997584,235.033623,114.738220
25.941203,234.970624,114.763435
25.901009,234.774422,114.783793
25.947587,234.485480,115.823924
25.993584,234.448967,115.841568
26.028864,234.460040,115.845837
26.037467,233.795236,116.553182
25.955918,233.856247,116.683620
25.990230,233.938785,116.803555
25.950277,233.587531,117.712772
26.041301,233.474422,118.001803
26.038722,233.464312,118.002045
26.022160,233.477116,118.017609
26.410962,233.093247,118.661485
26.451615,232.984985,120.960616
26.556609,233.079604,121.195861
26.881327,233.110902,121.785340
26.845270,233.003977,122.263408
26.847737,233.014196,122.264702
26.981297,232.919926,122.541296
27.004336,232.900579,122.545369
27.158766,232.874125,122.822964
27.322831,232.766615,123.233178
27.515863,232.734796,124.607944
27.482158,232.698691,124.661584
27.628639,232.597100,125.006567
27.650987,232.538140,125.059351
27.651641,232.537591,125.060378
27.857796,232.459617,125.491450
28.088970,232.286718,125.997563
28.227198,232.305295,126.361974
28.460984,232.120730,127.822088
28.610635,232.007822,128.189621
28.611819,232.007245,128.189616
28.731719,231.943735,128.301599
29.415998,231.587471,130.076742
29.567483,231.228184,130.767971
29.569103,231.229180,130.768107
29.987964,231.419322,131.493625
30.219396,231.270165,132.173198
30.140654,231.096836,132.387620
30.141456,231.086547,132.386624
30.446902,230.891765,133.140137
30.337426,230.538108,133.240894
30.339416,230.528065,133.241147
31.203231,230.279813,133.804854
31.643507,230.021012,135.080270
31.916050,229.957658,135.592136
32.389972,229.895453,136.510090
32.806195,229.737905,137.581657
32.828955,229.759822,137.588438
32.857424,229.748542,137.587297
33.256346,229.443620,138.731105
33.279343,229.442996,138.733828
33.253368,229.210081,139.043706
34.013233,229.379488,140.533921
33.966452,229.193620,140.901212
33.894608,229.092752,140.959135
33.891321,229.066587,140.963140
33.889638,229.059533,140.964024
34.059727,228.931181,141.159167
34.267565,228.705994,141.774625
34.217655,228.746065,141.807495
34.305135,228.661345,141.958229
34.847915,228.450281,142.922701
34.623719,228.156049,143.531515
34.621235,228.143831,143.531220
34.680484,228.098096,143.551639
34.708422,228.070457,143.541566
35.482848,228.100367,144.557301
35.483467,228.102064,144.557946
35.297497,227.788868,145.099362
35.298717,227.784603,145.099100
35.266641,227.866618,145.237733
35.271774,228.155854,145.777309
35.366755,228.283091,145.890236
35.366092,228.282146,145.891545
35.317558,228.280566,145.926708
35.435679,228.157550,146.263324
35.453213,228.310758,146.298025
35.484709,228.343590,146.303631
35.637107,228.211265,147.131756
35.655426,228.170253,147.590738
35.655515,228.170380,147.591127
35.860956,228.021971,147.753987
35.851005,227.933683,147.750091
36.253449,228.168109,148.663060
36.253518,228.168203,148.663431
36.262777,228.229064,148.753998
36.251497,227.946082,149.452350
36.599363,228.066390,150.343855
36.599413,228.066479,150.344228
36.599464,228.066569,150.344601
36.781829,228.183379,150.831018
36.760932,228.194481,150.836696
36.719377,228.227186,150.869473
36.828849,228.084478,151.243088
36.821705,228.029380,151.238439
36.622099,227.799657,151.745893
36.810096,227.952910,152.311953
36.967076,227.847342,152.536504
36.506305,227.932626,153.521467
36.495085,228.055258,153.712793
36.493910,228.057066,153.713293
36.588085,227.958689,153.793715
36.768735,227.727393,154.415062
36.768553,227.727374,154.415427
36.831144,227.902070,154.460883
36.692849,227.966962,154.730642
36.484416,227.805679,155.321370
36.841222,227.510459,156.399852
36.842250,227.509184,156.399992
36.842140,227.508756,156.400326
36.732679,227.402348,156.455313
36.963548,226.967743,157.338697
36.926894,226.976339,157.358360
36.729604,226.787412,157.798030
36.727185,226.781052,157.797545
36.416284,226.065150,159.578543
36.418398,226.099227,159.605609
36.281343,226.069788,160.122752
36.285321,226.079919,160.124246
36.286252,226.090437,160.127568
36.634237,226.106699,161.061015
36.626820,226.112914,161.063075
36.526100,226.199219,161.151523
36.576694,226.300620,161.324854
36.574989,226.302467,161.325629
36.959926,226.184502,161.856327
36.961339,226.185664,161.857144
36.961693,226.185618,161.857541
36.969120,226.180058,161.856600
36.903263,226.262341,162.479230
36.903174,226.257778,162.482264
37.068789,226.138230,162.624327
37.790933,226.275312,163.214375
37.810201,226.296987,163.212551
38.101041,226.281354,163.913699
38.101341,226.281333,163.914023
38.381280,226.231658,164.522568
38.428261,226.256824,164.541530
38.448097,225.969741,165.018991
38.423666,225.956724,165.154732
39.383495,225.917056,166.078485
39.224766,225.738194,166.353185
39.224775,225.738079,166.353546
39.199147,225.680887,166.490079
39.319098,225.728655,166.542757
39.605472,225.641371,167.178244
39.567742,225.650521,167.206239
39.588340,225.634237,167.200909
39.586741,225.624638,167.200873
39.419747,225.782046,167.618401
39.571528,225.629620,168.187437
39.614296,225.534677,168.377612
39.394241,225.217281,168.868561
39.634549,225.044501,169.246984
39.805077,224.616397,169.958668
39.808881,224.607220,169.965111
40.029784,224.874875,170.364102
40.293087,224.731326,171.243221
40.606758,224.987660,172.005240
40.680847,224.964265,172.192582
40.940321,224.992814,172.445924
40.980360,224.934217,172.595740
40.636184,224.985264,173.439067
40.686620,224.999128,173.425954
40.739458,224.928067,174.026102
40.928943,224.973798,174.064840
40.892669,225.001035,174.093657
41.410617,225.194547,175.008726
41.238054,225.314039,175.325000
41.146784,225.347171,175.877960
42.210887,225.263367,176.622377
42.211294,225.263759,176.623266
42.243498,225.234119,177.092097
42.119747,225.064776,178.407182
41.992341,225.211555,178.820596
43.098698,225.254452,178.771396
43.441513,225.486493,179.177755
43.432599,225.551937,179.254565
43.456967,225.541541,179.249136
43.673197,225.411867,179.865157
43.538540,225.469469,180.350034
43.549288,225.459081,180.349651
43.220120,225.118344,180.832355
43.220090,225.098488,180.836719
43.208731,225.052346,180.960547
43.208928,225.137746,181.456968
43.501520,224.840563,182.165496
43.255417,224.528850,182.595589
43.406652,224.555482,182.840225
43.354138,224.550266,182.855784
43.410561,224.616253,182.943520
43.407686,224.604169,182.954658
43.330144,224.489751,182.970351
43.422083,224.241005,183.619074
43.515197,224.242447,183.750958
43.677141,224.143184,183.864183
44.529172,223.643575,184.246608
44.591054,223.556007,184.439540
44.712217,223.797932,184.546138
44.712236,223.797918,184.546566
44.744079,223.776076,184.989734
44.694757,223.753941,185.006057
44.751626,223.665810,185.208898
45.105533,223.421980,185.436048
44.939012,223.321491,186.022769
44.927446,223.262580,186.149664
44.913466,223.272511,186.161873
44.907929,223.257703,186.173001
44.925672,223.058750,186.598308
45.214609,222.872574,187.492172
44.920040,222.707057,187.846294
44.908405,222.715396,187.855026
45.256651,222.626117,188.464806
45.152319,222.106753,189.313788
45.138345,222.102051,189.332907
44.903833,221.711542,189.433501
45.757627,221.544507,190.061727
45.912571,221.360585,190.738902
45.955482,221.341940,190.725659
46.035221,221.399440,190.747945
46.029987,221.328533,190.849916
45.955497,221.289370,191.004046
46.808454,221.322093,191.344441
46.831333,221.188003,191.555515
46.972378,221.220093,191.756702
46.933836,221.136165,191.940949
47.055671,220.931046,192.664041
47.259508,220.595909,192.751827
47.152896,220.620731,192.892570
47.152975,220.620690,192.892989
47.153053,220.620650,192.893408
48.758058,220.412899,194.366962
48.442704,220.521756,194.741866
48.391866,220.635559,194.883630
48.391871,220.635559,194.884117
48.156912,220.259825,194.932854
48.204550,219.752578,195.617804
48.238936,219.727402,195.602273
48.425567,219.484629,196.233773
48.613364,219.549244,196.317490
48.717260,219.444864,196.348338
48.717201,219.444853,196.348836
49.237605,218.625761,197.531894
49.179463,218.026884,198.002171
49.399149,217.563921,198.741287
49.682447,217.760807,199.086513
49.690702,217.501084,199.636002
49.606094,217.515863,199.730588
49.594112,217.485243,199.750261
49.519664,217.541659,199.833532
49.448048,217.595928,199.913650
49.632939,217.498599,200.286424
49.965673,217.182642,200.804138
49.897028,217.234674,200.878953
49.829592,217.252917,201.109567
50.051762,217.042286,201.679421
50.160583,216.822795,202.381988
50.249385,216.819178,202.598865
50.012037,216.666232,202.848973
50.267697,216.365170,203.311346
50.391694,216.193919,203.540036
50.391365,216.194183,203.540759
50.558941,216.033175,203.648310
50.566204,216.043934,203.650659
50.515983,215.924818,204.106217
50.453694,215.993389,204.836490
50.461983,216.194047,205.307027
50.458270,216.197301,205.309403
50.625939,216.187541,205.603081
50.676214,215.876650,205.902941
51.240283,215.826479,206.271473
51.386365,216.105740,206.457460
51.421306,215.877873,206.789640
51.402816,215.907331,206.835431
51.423445,215.775384,206.959833
50.868652,214.941838,207.524371
51.111663,215.133283,207.952943
51.155753,215.057066,208.037636
51.123854,214.715864,208.381677
51.097140,214.736544,208.406343
50.995803,214.642402,208.631799
51.120937,214.560797,208.645529
51.872965,214.534597,208.994957
52.052415,214.163013,210.180330
51.998448,214.205031,210.225901
51.942635,214.239493,210.274345
52.081953,214.353347,210.422976
51.809594,213.684048,210.783715
51.469232,213.326754,211.142045
51.472925,213.327413,211.263128
51.156475,213.022381,211.593044
51.075848,212.979888,211.665228
51.057333,213.066348,211.903049
50.997273,213.099337,211.957530
50.986707,213.107586,211.966591
50.990460,212.801492,212.303151
50.942412,212.774704,212.427529
51.434101,212.338186,213.034716
51.391923,212.316670,213.226270
51.449345,212.264910,213.190897
51.715895,211.897579,213.658454
51.935046,211.900613,213.814591
51.996495,211.875599,213.775784
52.076077,211.835746,213.739085
52.128620,211.799105,213.695538
52.719068,211.416560,213.860664
52.795175,211.284918,213.804314
52.821248,211.258959,213.779520
53.398108,211.399146,214.121264
53.608124,210.721996,214.023501
53.626503,210.545790,214.021128
53.724851,210.463126,214.169224
53.874369,210.261610,214.503315
53.911200,210.267883,214.492294
53.912385,210.267395,214.491844
53.974887,210.234374,214.445301
54.938345,209.617564,214.872509
54.978268,209.613717,214.862897
55.519753,209.705499,214.821557
55.932399,209.413307,215.578669
55.913962,209.312231,215.759165
56.387520,209.311797,215.842075
56.388468,209.311636,215.842108
56.489148,209.240280,215.810844
56.490047,209.240285,215.811060
57.064051,208.769459,216.483667
57.422717,208.621973,217.026431
57.706309,208.462945,217.153340
57.756448,208.478316,217.299594
57.820606,208.421065,217.253633
57.900216,208.384737,217.180161
57.650901,208.088334,217.403188
57.985565,207.809637,217.591563
57.743585,207.337297,217.831648
57.859892,207.219154,217.732505
58.075168,207.194114,217.804106
58.216536,207.093733,217.773780
58.217644,207.093406,217.773180
58.550814,206.662164,217.986160
58.645227,206.596574,217.927124
59.478100,206.236246,218.304404
59.748320,206.060944,218.636417
60.186605,206.027220,218.523123
60.390068,205.840767,218.598798
60.395606,205.474836,218.749756
60.433092,205.521628,218.794600
61.025980,205.470944,218.822170
61.692996,205.140137,219.098220
61.738559,205.174182,219.135927
61.771146,205.195707,219.117550
61.978764,205.148917,219.008216
62.214402,205.066761,219.025582
62.382669,204.893877,219.276455
63.355207,204.578608,219.672758
63.377619,204.519834,219.753690
63.122855,203.973339,220.020948
63.660064,203.857090,219.923001
63.791319,203.750923,219.847743
64.327067,203.740447,219.763086
64.371523,203.768839,219.770535
64.914579,203.256765,219.846421
65.868213,202.936854,220.070412
66.398575,202.442753,220.196533
66.570673,202.472819,220.137409
67.317222,202.433402,220.444978
67.771857,202.261033,220.259956
67.942597,202.207909,220.174590
68.445879,202.266091,220.139156
68.454119,202.084916,220.242073
68.618064,202.051348,220.166933
68.818322,202.083127,220.156321
69.380191,201.652320,220.767199
69.387111,201.661671,220.772221
69.538835,201.185198,220.904912
69.669251,200.708265,221.365209
69.787935,200.596078,221.521075
70.285530,200.288621,221.262801
70.286014,200.283879,221.260969
70.512231,200.311868,221.329562
70.797705,199.970846,221.495508
70.787800,199.953532,221.485178
70.767907,199.287860,221.904570
71.489623,198.702391,222.072323
70.965288,197.798520,222.443700
72.334225,197.303269,222.873382
72.334353,197.302432,222.873294
72.056036,197.060179,223.022029
72.324046,197.167385,222.924229
72.324150,197.166535,222.924130
72.654079,196.910758,222.916154
71.737457,195.829329,223.346635
72.053501,195.065362,223.467982
72.307040,194.941995,223.524057
73.011936,194.661923,223.431262
72.990938,194.636753,223.419265
73.370468,194.091827,223.357861
73.159657,193.745739,223.573094
73.976353,193.494255,223.635132
74.385472,193.337744,223.717874
74.978311,193.262159,223.830431
75.005698,193.120808,223.863808
75.624918,192.518835,224.006182
75.894361,191.935773,224.258947
75.918308,191.414865,224.306957
75.891515,191.348443,224.274975
76.267524,191.055451,224.297003
76.154332,190.915435,224.332957
76.476143,190.517606,224.567641
77.180434,190.181242,224.545977
77.069066,189.546090,224.820675
77.301084,189.478124,224.719324
77.478597,189.159522,224.654168
78.490733,188.825654,225.031689
78.663163,188.514399,224.983806
78.728056,188.556112,224.994932
79.099448,188.325983,224.858417
79.422244,188.104826,224.753089
79.698765,187.644753,224.551972
80.461173,187.449020,224.569375
80.777968,186.966854,224.751687
80.801740,186.970024,224.760770
81.064111,186.707589,224.646533
81.834895,186.656041,224.775288
81.936384,186.683753,224.774877
82.526749,186.219792,224.835113
82.762180,185.729950,225.164038
83.346552,185.103331,225.236052
83.765938,185.094025,225.303245
83.808756,185.117176,225.304757
84.340681,184.839470,225.451980
83.978453,184.090930,224.991799
84.680779,183.148600,224.906791
84.594071,182.724477,225.085230
83.514705,181.919516,225.715880
83.405155,181.809125,225.745489
83.372112,181.794330,225.743438
83.607657,181.361401,225.740601
83.787692,181.341637,225.776408
83.777604,181.070963,225.693271
83.903808,180.732240,225.609794
83.864002,180.724049,225.625677
82.809561,179.537677,226.343254
82.928167,179.320066,226.416324
82.930882,179.288653,226.447532
84.123029,178.025234,226.586916
84.355287,177.738003,226.558475
84.354641,177.737012,226.558527
84.276010,177.492292,226.447873
84.163449,177.463118,226.489787
84.033873,177.284537,226.487600
84.153955,177.050268,226.279480
84.010746,176.883203,226.620490
83.761457,176.200889,227.173064
84.110624,175.693069,227.013149
83.860079,174.860805,226.795003
83.928898,174.851036,226.736576
84.081023,174.745772,226.724975
84.478891,174.243723,226.499440
84.094737,173.673972,226.613113
83.575103,172.861906,226.654747
83.531941,172.778889,226.612949
83.641761,172.782367,226.641293
83.741451,172.084374,226.750503
83.544821,171.785482,226.526839
83.650359,171.772332,226.591689
83.700716,171.641551,226.679855
83.950376,170.942000,226.954038
84.032245,170.956075,226.948949
84.038170,170.865602,226.937738
84.675590,170.194902,227.050655
84.698103,170.197933,227.061168
84.772938,170.203289,227.077550
85.158008,169.672338,227.313822
85.242945,169.444325,227.327926
85.973409,168.813335,227.647960
85.830418,168.705042,227.610173
85.869952,168.020588,227.662471
85.900683,168.021651,227.661448
85.914639,167.772943,227.716566
86.751648,167.438121,227.932833
86.760953,167.439470,227.933359
87.714249,167.048167,228.117071
87.400988,166.465189,228.285724
87.449705,166.181458,228.466036
87.512732,165.556890,228.702841
87.637798,165.035782,229.004420
87.694495,165.031085,229.016686
87.756602,165.004530,228.974860
88.157146,164.496794,228.920127
87.344304,163.365504,229.151522
87.327224,163.344740,229.161731
87.044377,162.577562,229.520103
86.772443,162.169939,229.699739
86.490864,161.789232,229.556670
86.221197,161.548345,229.636535
86.344962,160.932228,229.524928
85.872524,160.821997,229.554261
85.826411,160.803770,229.543074
85.753226,160.694830,229.596722
85.391798,159.970552,230.143557
85.311608,159.850127,230.037848
84.995236,159.507243,229.946838
84.985115,159.509619,229.942014
84.783480,159.165030,230.110766
84.672563,159.044059,230.157387
84.179701,158.565995,230.211359
83.735401,158.129059,230.066338
83.466588,157.900670,230.184390
83.050667,157.258889,230.381661
83.326767,156.574182,230.329919
83.321781,156.507747,230.385121
83.921736,156.397229,230.488664
83.571600,155.202255,230.858186
83.061577,154.930654,230.974308
83.060661,154.930195,230.974377
83.059745,154.929736,230.974447
82.406897,154.376181,231.062229
82.562828,153.967594,231.291570
82.325719,153.830112,231.364305
81.760253,153.359717,231.370846
81.731629,153.217822,231.399672
81.196648,152.563122,231.486968
81.132365,151.856876,231.744274
81.208363,151.722629,231.630394
80.757235,151.698707,231.650198
80.521044,151.542011,231.722273
79.908880,150.958614,231.662621
79.761548,150.861522,231.809571
79.990083,150.795872,231.767293
79.989684,150.795361,231.767297
79.814946,150.507896,231.615656
79.661633,150.004677,231.585662
79.285596,149.652089,231.724054
79.148807,148.834378,231.359169
79.137288,148.715543,231.428978
79.093985,148.721501,231.411614
79.324740,148.688979,231.484375
79.099359,147.755420,231.774349
79.084632,147.377889,231.764810
78.927073,147.173728,231.584155
79.725495,146.422131,231.699059
79.815480,145.471217,232.022916
79.681483,145.421059,232.006629
79.681328,145.420552,232.006544
79.605494,145.389639,232.012147
79.918503,144.880946,232.065182
79.953620,144.777525,232.087506
79.224323,144.122452,232.093156
79.050624,143.539419,231.956644
79.136773,143.394416,232.179857
79.084306,142.855306,232.250190
78.682527,141.808665,232.201252
78.560508,141.800751,232.235985
78.625069,141.480783,232.314132
78.039092,141.062431,232.391789
78.038690,141.061913,232.391638
78.824978,140.230155,232.359626
77.851409,139.420333,232.093195
77.850951,139.419843,232.093001
77.719570,138.825828,232.112681
77.402932,138.529371,232.265909
77.246043,138.277628,232.221358
78.047431,137.713295,232.164689
77.419373,137.271264,232.344999
77.204788,136.997631,232.304927
76.806632,136.313927,232.430620
77.008139,136.114836,232.530157
76.886905,135.530917,232.896650
76.980312,134.961374,232.937198
76.357798,134.718819,232.972116
75.866394,134.532632,233.019064
75.906256,134.341452,233.093520
75.905440,134.341030,233.093971
75.912977,134.334326,233.106735
76.181960,134.075602,233.211785
76.184697,133.974728,233.266509
76.183868,133.974278,233.266989
75.916879,133.141027,233.332113
75.369298,133.004614,233.684431
75.371120,132.988544,233.766161
75.484608,132.943311,234.427186
75.303500,132.715596,234.511865
75.302615,132.715112,234.512146
75.368023,132.052791,234.517714
74.973129,130.879983,234.609152
74.972279,130.879453,234.609309
74.869659,130.226856,234.718399
74.550197,130.162786,234.933384
74.912765,129.514744,234.780542
74.877193,129.172041,234.667397
74.212870,127.500478,235.326820
73.758296,126.717599,235.370712
73.371573,126.260581,235.522803
72.802672,125.576911,235.767336
72.774793,125.272906,235.438897
72.572523,124.907104,235.519198
72.542973,124.895164,235.523318
72.693187,124.769277,236.014960
72.189878,124.086461,235.918682
71.085288,123.424528,235.964838
71.575056,123.179321,236.047096
72.191217,122.168723,235.765245
72.552361,122.064538,236.187814
72.503086,122.057743,236.200592
72.158141,121.525731,236.347739
72.521053,120.966655,236.328785
72.187820,120.482005,236.459782
72.153862,120.469743,236.426351
71.997806,119.888621,236.644889
72.035484,119.879036,236.634637
71.705127,119.388049,236.608079
71.496433,119.123847,236.732385
71.253745,118.870245,236.829851
71.666792,116.758470,236.723947
71.332727,116.170924,236.228465
73.064963,114.354143,236.196171
72.846053,113.983249,235.869703
72.580501,113.610295,236.049216
72.129507,113.131638,236.287342
72.428788,112.783854,236.206222
72.136348,112.398115,235.949712
71.851900,111.927015,235.991251
73.131110,110.730632,236.300487
73.167168,110.731554,236.310091
73.816345,110.262079,236.204856
74.520327,109.281089,235.798158
74.258768,108.921159,235.326194
74.269492,108.922899,235.322621
74.305984,108.918636,235.310978
74.038705,108.491296,235.263360
73.881640,107.814232,235.357053
74.276379,106.888716,235.122882
74.398143,106.866485,235.086057
73.914308,106.055521,235.123280
73.846840,106.017738,235.013094
74.331219,105.354422,235.288263
74.154930,104.837263,235.653270
75.008413,104.436229,235.704330
74.518191,104.080438,235.623160
74.728146,104.052563,235.578402
74.648493,103.096574,235.428867
74.652607,103.041651,235.462568
74.818948,102.458680,235.324981
75.753164,100.888683,235.466532
76.058181,100.121210,235.415170
76.709137,99.054494,235.680826
76.787271,97.967473,235.490587
77.282433,97.504528,235.342399
77.426867,97.450970,235.309098
77.142533,97.003607,235.449464
78.246455,96.254622,235.298115
79.262632,95.533205,235.266721
79.725723,95.310600,235.361036
80.014789,94.629372,234.936005
80.022283,94.617049,234.941691
80.185391,93.821551,235.114751
80.461521,92.669299,235.093178
80.143211,91.316849,234.768888
80.095317,90.983334,234.471628
79.927514,89.955240,234.568652
79.927909,89.954655,234.568608
80.171077,89.577642,234.638436
80.335000,89.474541,234.597357
80.335348,89.473971,234.597317
80.120867,88.858584,234.806293
80.349152,87.545942,234.748662
80.490011,87.525143,234.700052
81.061357,87.132003,234.866508
80.852519,85.168919,234.508863
80.657057,84.671918,234.549196
80.569012,83.654744,234.556721
80.863436,83.258972,234.367795
81.157567,82.143732,234.279939
80.493846,80.373667,234.193411
80.496817,80.373315,234.189999
80.497945,80.372860,234.191583
81.259823,79.906977,234.351942
81.467961,79.733466,234.299711
81.545327,79.690941,234.256621
82.657426,79.080015,234.197383
82.897222,79.037976,234.271396
84.114501,77.668202,234.218402
84.846734,77.207230,234.553815
85.602637,77.162284,234.641800
85.586823,77.153259,234.651869
84.589233,76.064120,234.737233
84.470561,75.536632,234.617352
84.471099,75.536164,234.617403
84.556740,75.344444,234.692190
85.200547,74.036344,234.759537
85.200982,74.035884,234.759692
83.974623,72.665413,235.086888
84.642721,72.341550,235.196089
84.449401,71.101934,235.215030
84.172691,70.613614,235.427060
84.896580,69.568699,235.446888
84.897191,69.568195,235.446724
84.943466,68.979172,235.338715
84.311472,68.450267,235.417774
85.007264,68.175201,235.239788
84.703459,67.853090,235.349270
84.705278,67.851939,235.345443
84.721983,66.644722,235.246838
85.213647,66.721938,235.304028
85.214289,66.721503,235.304034
85.840696,66.001080,235.024033
86.339739,65.821060,235.126891
86.045374,65.499291,235.239622
86.142590,65.420745,235.294614
85.853337,65.104506,235.211213
86.200620,64.626621,235.395232
86.555779,64.282006,235.424982
86.994843,64.204807,235.476686
87.973945,63.142557,235.449260
88.061292,62.809293,235.290702
87.947387,62.672932,234.956105
87.990184,62.550078,235.001166
88.512856,62.102173,235.131033
88.878617,61.978689,235.038844
88.879363,61.978249,235.038818
88.888433,61.958947,235.050825
89.344379,61.440353,234.943158
89.761547,60.542631,235.014165
89.917650,60.533756,234.886480
91.045215,60.142815,234.561358
91.394779,60.012407,234.631593
91.706023,59.504414,234.522219
92.057042,59.501601,234.430253
92.545577,59.354893,234.613250
92.714544,59.339624,234.655748
93.516666,58.928872,234.605195
93.517595,58.928437,234.605232
93.962444,58.551397,234.400288
94.057519,58.508273,234.520648
94.335810,58.170731,234.480500
94.965650,57.940858,234.597158
95.081664,57.705377,234.392362
95.606996,57.185714,234.250589
96.404256,56.988328,234.302067
96.803935,56.950208,234.295574
97.128997,56.482310,234.183258
97.174123,56.352975,234.223101
97.529550,56.177512,233.867273
97.638210,55.564264,233.838374
98.443207,55.175211,233.859196
98.638466,55.234619,233.892176
99.685298,54.735144,233.884406
99.789063,54.636135,233.968818
100.044392,54.381115,234.029593
99.466514,53.004859,234.253154
100.093099,52.650125,234.030829
100.711914,50.688078,233.825515
101.026776,50.700291,233.818325
101.827712,49.959046,233.699664
102.024733,49.936224,233.664956
102.045584,49.896445,233.683787
102.047222,49.896065,233.683763
102.474842,49.667276,233.782728
102.798854,49.517333,233.847898
102.929783,49.360131,233.916472
102.931501,49.359718,233.916487
103.845004,49.072331,234.038846
104.198207,48.479172,233.874782
105.098705,48.049319,233.910324
105.383995,47.153714,233.524863
105.519441,47.138564,233.544242
105.918071,47.137227,233.627163
106.263137,46.580959,233.538748
106.560664,46.591487,233.556933
107.136210,46.461115,233.552997
108.156619,46.299585,233.655474
108.479999,46.296242,233.687188
108.786241,46.215326,233.709194
108.789950,46.215011,233.709256
108.957754,46.238282,233.734822
109.066693,45.899169,233.664550
109.682897,45.832270,233.606722
109.836170,45.907989,233.628670
109.922341,45.875604,233.623835
110.113232,45.582847,233.761567
111.006441,45.026650,233.572879
111.924888,44.811479,233.666639
111.401637,44.247849,234.050011
112.233278,43.741479,233.952510
112.808303,43.173658,233.854638
113.684153,42.971823,233.977910
113.966869,42.939645,234.020994
114.173168,42.886151,234.077977
114.513166,42.781883,234.146892
114.815227,42.500373,234.117729
115.750845,42.269028,234.228665
116.866796,41.734711,234.440523
117.760625,41.218915,234.718515
117.160140,40.624083,234.598223
117.013607,39.698508,234.471015
116.400002,38.272250,234.451453
116.705276,37.834896,233.941658
116.700191,37.767384,233.943192
116.384435,37.465533,233.739855
116.306051,36.999626,233.849014
116.708070,36.709940,233.928390
116.858629,36.613582,233.973716
116.942653,35.751586,233.836940
117.047028,35.671658,233.861125
117.858133,35.373169,233.986172
117.468284,35.038437,233.680839
117.012762,34.597280,233.708537
116.831689,34.638543,233.680316
115.555013,33.540132,233.409102
115.205626,33.361821,233.392192
114.993120,33.390249,233.397113
113.993509,32.739217,233.439475
114.153496,32.545570,233.438549
113.737952,32.063124,233.081485
113.347729,31.839415,232.842097
113.240909,31.405231,232.919757
113.064583,31.398886,232.900911
112.717475,31.375267,232.889619
111.597514,30.663971,232.968261
111.139929,30.621318,232.925344
111.032666,30.521108,233.014071
109.966437,29.881940,232.915944
110.180702,29.562231,233.085417
109.845130,29.587508,233.077316
109.751835,29.594156,233.071170
109.336374,29.702223,233.011143
109.037217,29.406248,233.039001
109.037218,29.121656,233.045575
108.928525,29.111010,233.084036
108.777069,28.938985,233.067903
108.841247,28.813010,233.140050
108.653514,28.749489,233.218120
108.410971,28.578431,233.223460
107.927516,28.546413,233.224157
107.848857,28.568836,233.206917
107.437224,28.573066,233.302141
108.209515,28.423933,233.385480
108.127296,28.468890,233.411121
108.168743,28.216424,233.363861
107.998709,28.251910,233.387639
107.371733,28.248818,233.324092
107.180607,28.231052,233.333256
107.177183,28.225321,233.336578
106.945508,28.199236,233.359764
107.200332,28.061284,233.454291
107.075122,28.098186,233.425529
106.515531,27.980321,233.362449
106.131053,27.816259,233.349970
105.586261,27.142691,233.281327
105.581503,27.145850,233.277514
105.463963,26.563674,232.761366
105.106138,26.507338,232.815790
104.872847,26.543950,232.774127
104.601534,26.088093,232.856488
104.562316,26.016190,232.825075
104.010643,25.889157,232.749832
103.419388,25.633617,232.936603
102.111329,25.118969,233.042420
101.684204,24.989194,232.946454
101.253258,24.869063,233.111989
100.835809,24.854398,233.195752
100.603314,24.821640,233.359294
100.921100,24.635212,233.686717
100.822133,24.584618,233.642358
100.209242,24.170010,233.968204
100.186840,24.151486,234.001013
99.550352,24.017453,233.638880
98.951627,23.764214,233.794797
98.883872,23.659999,233.637831
98.314206,23.429041,233.010252
98.140226,23.254645,232.963464
98.138936,23.254682,232.963289
97.803545,23.235967,233.014209
96.984651,23.129884,232.897601
96.965224,23.150414,232.887719
96.964071,23.150333,232.887603
96.933051,23.108193,232.926992
96.747590,22.943200,232.967185
96.667447,22.833510,233.000978
96.177474,22.753037,232.775984
96.174415,22.754885,232.765869
96.051363,22.589921,232.878593
95.507695,22.037391,232.740798
95.506614,22.037115,232.740787
95.093337,21.923161,232.779003
95.075261,21.887821,232.814640
94.557072,21.673629,232.691422
94.376487,21.460980,232.732768
94.318240,21.209196,232.789228
94.168374,21.107410,232.410508
93.433461,20.951414,232.415216
93.333240,20.841247,232.507212
93.287119,20.711543,232.601200
92.739463,20.598229,232.669788
91.979408,20.434039,232.157335
91.875762,20.471802,232.115269
91.572721,20.364777,232.130279
90.772729,20.318945,231.797648
90.771325,20.321935,231.794064
90.434729,20.238290,231.858460
90.134517,20.133225,231.943980
90.060905,20.138901,231.874675
88.963332,19.803209,231.242547
88.519020,19.556018,231.244465
87.961234,19.626405,231.225884
87.724462,19.489493,231.138599
86.956803,19.625212,231.119972
86.935318,19.629695,231.132522
86.651885,19.254342,231.417800
86.602196,18.774400,231.291305
86.151660,18.670265,230.968631
86.151595,18.666139,230.973463
86.146669,18.654251,230.988281
86.168206,18.413728,230.858187
86.162287,18.401297,230.870594
86.188179,18.331292,230.857383
85.899018,18.399911,231.051254
86.025915,18.238684,231.018245
85.088991,17.912339,230.756579
84.551774,17.832786,230.458166
83.480949,17.720511,230.307729
83.454744,17.738413,230.342174
83.454052,17.734784,230.345648
83.014479,17.703001,230.372986
82.827440,17.634488,230.301642
82.524301,17.551399,230.402163
82.608232,17.022181,230.534143
82.824588,16.715273,230.552410
82.664423,16.527298,230.675198
82.650575,16.511037,230.681650
81.706694,16.309711,230.512810
81.374878,16.272314,230.558655
80.591673,16.211414,230.400307
80.585402,16.199909,230.421547
79.559053,16.196896,229.921002
78.253650,15.884251,229.831665
78.020401,15.850785,229.493756
78.004077,15.835782,229.501289
77.983488,15.851883,229.558407
77.619874,15.790236,229.642824
76.563702,15.787426,229.645433
75.800371,15.665334,229.580512
74.737348,15.429490,229.449571
74.162514,15.271986,229.214863
73.485476,14.986590,229.285113
73.208235,14.885459,229.387569
73.160149,14.909333,229.328437
72.912957,14.945750,229.575170
71.946133,14.915615,229.573325
71.930759,14.900754,229.599024
70.868392,14.642490,229.309608
70.771418,14.605815,229.296274
70.772614,14.563988,229.299994
70.505308,14.284522,229.241411
69.813716,14.146753,228.810849
69.179857,14.267761,229.108671
69.286260,13.919690,229.219835
68.528239,13.836304,229.096241
68.162419,13.643381,229.384566
67.975653,13.580398,229.496954
67.645738,13.370833,228.993986
67.748329,13.197274,229.157119
66.910987,13.052850,229.279144
65.713847,12.845592,229.020456
65.745356,12.797410,229.035502
65.048840,12.532046,229.454347
64.898582,12.276491,229.400641
64.660241,12.226916,229.267344
63.697058,12.164974,228.724467
62.887799,12.124423,228.442780
61.091327,12.063697,228.370943
61.005244,12.074727,228.300402
59.823988,11.924566,228.503768
59.416714,11.968840,228.414858
59.450398,11.795104,228.260934
59.390166,11.785315,228.223112
58.756764,11.863387,228.087691
58.756171,11.860473,228.091953
58.529046,11.812935,228.083841
58.065064,11.623160,228.400640
57.616951,11.563480,228.578365
57.220522,11.679537,228.441979
57.004001,11.637637,228.534280
56.449788,11.511909,228.506943
55.641699,11.567619,228.236154
54.859310,11.217557,227.913691
54.672340,11.379925,227.880047
54.356101,11.521139,227.808988
54.355499,11.521143,227.808695
54.360738,11.518976,227.829384
54.126347,11.466764,227.875150
54.117246,11.455017,227.787311
53.805907,11.462982,227.553626
53.696421,11.432507,227.630717
52.983672,11.364234,227.372612
52.800065,11.326720,227.459512
52.799423,11.326385,227.458928
52.703455,11.170534,227.513553
52.249169,11.199320,227.617057
52.042018,11.281805,227.751587
51.984291,11.364750,227.539708
50.906386,11.293015,227.398362
50.640889,11.264295,227.497473
50.545557,11.381128,227.340605
50.318060,11.373195,227.322352
50.227122,11.416185,227.299138
49.685081,11.417220,227.533680
49.113340,11.460947,227.770712
49.033781,11.270941,227.868004
49.033092,11.271050,227.868795
48.953723,11.337174,227.878601
48.806154,11.297317,227.936103
48.651860,11.276995,227.989195
48.510071,11.244254,228.079646
48.330900,11.204027,228.184218
48.330186,11.204067,228.184752
48.194716,11.173057,228.261585
48.248399,11.108837,228.544760
47.978185,11.053453,228.683508
47.320315,11.165601,228.439171
47.190666,11.149745,228.242059
47.009730,11.070498,228.290267
46.881526,11.044523,228.261830
46.127521,11.039636,228.233082
45.882219,10.988903,228.161554
45.727263,10.896150,228.228302
45.376416,10.772632,228.383628
44.580724,10.721335,228.547238
44.714010,10.589910,228.603037
44.225946,10.572611,228.565921
44.026986,10.359479,228.734763
43.873993,10.332349,228.709090
43.864542,10.319388,228.710022
43.863310,10.320148,228.708603
43.761160,10.235619,228.584263
43.547902,10.184203,228.544195
43.280216,10.098469,228.509241
43.278680,10.097168,228.501193
43.059187,10.133549,228.525876
42.558207,9.988216,228.258226
42.147545,10.040397,228.631352
41.671368,10.043118,228.842556
41.351064,9.967071,228.819643
40.724369,9.853398,228.756919
40.664711,9.916077,228.804279
40.726397,9.786481,228.800879
40.644290,9.798596,228.806894
40.487724,9.825969,228.792560
40.329656,9.767978,228.986291
40.253517,9.750907,229.031303
40.173638,9.747653,228.873131
39.944706,9.695382,228.829507
39.673323,9.678426,228.629897
39.380972,9.644506,228.630766
39.128016,9.588202,228.476722
38.499491,9.581930,228.746094
38.300159,9.602531,228.764314
37.933313,9.542512,228.666580
37.845423,9.620896,228.572305
37.589446,9.633158,228.481500
37.471443,9.564464,228.656838
37.262170,9.265201,228.926976
37.164357,9.231935,228.880721
37.090509,9.212646,228.894585
36.937528,9.175696,228.910456
36.751846,9.180791,228.976490
36.526162,9.196126,229.107174
36.432784,9.186879,229.124432
36.154469,9.195613,229.240639
36.044801,9.180459,229.249838
35.937518,9.153362,229.278934
35.844508,9.171847,229.270546
35.703928,9.137700,229.289413
35.668036,9.168459,229.402710
35.582894,9.168693,229.478936
35.539318,9.162301,229.503158
35.424158,9.176565,229.596661
35.287546,9.146575,229.658007
35.173231,9.178952,229.713595
35.162085,9.158069,229.835269
35.150161,9.154217,229.865987
35.076863,9.204624,229.970610
35.034228,9.260308,230.089018
35.021977,9.266275,230.255898
35.001172,9.254909,230.279333
34.937698,9.263885,230.337366
34.861875,9.233816,230.408353
34.892137,9.244456,230.508970
34.863138,9.257588,230.625343
34.760290,9.266157,230.723915
34.892471,9.216656,231.119951
35.048899,9.114538,231.316146
35.018198,9.103882,231.495558
34.967133,9.088198,231.535787
34.912510,9.101998,231.641422
34.820190,9.064819,231.833950
34.841190,9.055234,232.033720
34.808926,9.061554,232.114406
34.750900,9.040162,232.090298
34.668727,8.986732,232.163094
34.644292,8.931774,232.371209
34.556162,8.926125,232.424261
34.093534,8.790101,232.493931
34.049325,8.800049,232.567523
33.638163,8.518000,232.590075
33.096429,8.208228,232.543649
33.262530,8.128204,232.445276
