3000
3
246.840857,23.556270,23.215362
246.808384,23.480536,23.413917
246.807528,23.389716,23.677782
246.626201,23.506667,23.702999
246.631658,23.520330,23.882524
246.587256,23.564818,23.931860
246.409690,23.597352,23.873040
246.396422,23.739608,23.874374
246.363785,23.786656,23.920626
245.933180,24.052296,23.583660
245.847189,24.279387,23.704325
245.797506,24.358417,23.712413
245.779891,24.451231,23.801331
245.806723,24.492471,23.826400
245.772264,25.035957,24.065980
245.752943,25.093016,24.139125
245.778809,25.047949,24.369657
245.648641,25.119905,24.430677
245.661305,25.247589,24.469261
245.696814,25.351645,24.477623
245.683925,25.394658,24.524995
245.673412,25.483169,24.555341
245.678972,25.549476,24.600300
245.671207,25.636627,24.626361
245.685591,25.884775,24.585748
245.706921,25.930059,24.576218
245.721521,25.958783,24.738264
245.593247,26.168900,24.713925
245.607145,26.221499,24.771576
245.658826,26.605577,25.124850
245.714314,26.892776,25.211097
245.652707,27.229900,25.747134
245.608382,27.379788,25.793542
245.608538,27.458770,25.860698
245.644554,27.744995,25.970683
245.592133,27.898535,26.085172
245.560861,27.992661,26.125350
245.539862,28.055775,26.125007
245.528217,28.091314,26.157767
245.480717,28.131457,26.165413
245.504631,28.434062,26.089033
245.540880,28.922005,26.275563
245.540803,28.922989,26.276015
245.314712,29.101065,26.156694
245.238389,29.457373,26.125898
244.988638,29.500433,26.053660
244.987459,29.500820,26.056971
245.022195,29.618281,26.146087
245.027981,29.821049,26.392648
245.034028,30.088717,26.321795
244.988199,30.226348,26.394187
244.956453,30.381465,26.580444
244.918074,30.769435,26.564275
244.918621,31.166566,26.562867
244.686750,31.356519,26.587715
244.319209,31.350145,26.601555
244.102307,31.590895,26.659841
244.167690,31.637011,26.701091
244.121246,31.629425,26.865787
244.094729,31.815997,26.933925
243.865432,31.966617,27.095297
243.862988,31.963974,27.101196
243.877564,32.141789,27.396029
243.923647,32.252254,27.388963
243.781508,32.495651,27.626523
243.491973,32.635377,27.449474
243.452147,32.711323,27.489788
243.357198,32.805930,27.480000
243.343778,32.803632,27.477498
243.363402,32.694780,27.700267
243.342584,32.977015,27.850884
243.363612,33.097347,27.810361
243.363597,33.098178,27.810619
243.258617,33.867534,28.000102
243.316207,34.019006,28.115978
243.110394,33.973816,28.460199
243.242204,34.119870,28.576144
243.253182,34.187503,28.549313
243.180113,34.399114,28.672462
243.061252,35.003676,28.508429
242.898252,35.127632,28.473520
242.877749,35.062229,28.509003
242.920981,35.009547,29.064223
242.887981,35.089914,29.147893
242.893675,35.249090,29.137852
242.888646,35.200229,29.540263
242.804240,35.503083,29.660653
242.771638,35.769404,30.231760
242.715483,36.100923,30.477273
242.441850,36.494190,30.554926
242.140895,36.629569,31.227917
241.857202,36.935224,31.255689
241.859273,36.952602,31.252388
241.740113,37.227811,31.277291
241.713810,37.384079,31.343886
241.490045,37.391637,31.227350
241.488755,37.415008,31.217952
241.505656,37.555827,31.394012
241.526842,37.585011,31.447856
241.485435,37.919822,31.724103
241.475058,37.921380,31.717731
241.229794,38.430682,32.019012
241.046683,38.862025,31.948040
240.879933,39.128186,31.938763
240.955037,39.459271,31.958382
240.963771,39.532003,31.924342
241.030271,39.462814,32.534674
241.069228,39.639058,32.486880
240.933678,40.311223,32.581339
240.958416,40.301608,33.796472
240.795826,40.490927,34.091502
240.477889,40.691989,34.445814
240.456000,41.024059,34.638363
240.397885,41.117234,34.690844
240.383401,41.043936,34.734458
240.321619,41.098681,34.891154
240.341459,40.881994,35.250270
240.286401,41.021837,35.218276
240.275960,40.954726,35.250786
240.278428,40.776337,35.448237
240.282074,40.797316,35.446169
240.283081,40.803375,35.468070
240.254483,40.828716,35.678621
240.186242,40.893239,35.700327
240.117223,41.039293,35.832113
240.109098,41.018531,35.849380
239.991288,41.241591,36.149709
239.949125,41.247068,36.141013
239.652582,41.515799,36.900435
239.575164,41.547170,37.113376
239.493551,41.490002,37.189701
239.226985,41.343328,37.303419
238.998477,41.747243,38.066080
239.245950,41.569300,39.163233
239.250107,41.876158,39.998097
239.190674,42.008917,40.164942
239.069972,42.150837,40.462761
239.088743,42.147759,40.483159
239.037969,41.962715,40.681631
238.841817,42.271822,42.027223
238.681150,42.333534,42.301515
238.657202,42.225018,42.419818
238.642006,42.181959,42.447190
238.648163,42.491131,43.027630
238.635549,42.727070,43.974062
238.623972,42.656774,44.000855
238.580252,42.520390,44.127354
238.561652,42.474131,44.319705
238.449086,42.414771,44.400791
238.383262,42.377763,44.475724
238.195516,42.375570,45.044346
238.165697,42.278666,45.061631
237.986919,42.262023,45.785623
237.672623,42.173704,45.650337
237.576549,42.155340,45.625975
237.423128,42.092208,46.246425
237.315350,41.571514,46.746404
237.237982,41.307607,46.976578
237.273681,41.507776,47.057350
237.131902,41.446696,47.263286
236.816427,41.231482,47.926490
236.785488,41.476642,48.224515
236.887692,41.253672,48.684105
236.853631,41.322426,48.936597
236.853556,41.321927,48.937343
236.850935,41.329160,48.939976
236.769504,41.418986,49.857804
236.811030,41.334423,50.081326
236.476760,40.990644,50.725678
236.389260,41.148967,50.936869
236.376799,40.859106,52.046296
236.376738,40.858649,52.047065
236.284601,40.982642,52.665159
236.122180,40.925378,53.325732
236.129883,40.908136,53.335790
235.901223,40.813669,53.789612
235.807145,40.973710,54.003129
235.317954,41.028857,54.229035
235.437199,40.899891,55.007430
235.357574,40.581434,55.226320
235.364798,40.609536,55.820658
234.862008,40.124477,56.465621
234.828318,40.283854,56.686577
234.674574,40.036675,57.217464
234.597002,40.027375,57.219545
234.035628,39.304605,57.739454
233.981051,38.922805,58.068765
233.703175,39.041756,58.016584
233.703706,39.195512,58.192904
233.134787,39.374524,58.767527
233.026399,39.532427,58.655781
233.025985,39.532853,58.656356
232.807820,39.244033,58.957252
232.373674,39.456317,59.428868
232.392820,39.640573,59.708185
232.117397,39.276054,59.619478
232.111794,39.287645,59.616583
232.047237,39.178555,59.584707
231.518691,39.817326,59.770494
231.396122,39.897922,60.455362
231.297531,40.025990,60.700539
230.995710,40.353325,60.978493
230.525681,40.036801,61.574714
230.577731,40.006497,61.777945
230.614642,39.946792,61.836856
230.626001,39.993875,61.855802
230.626020,39.994076,61.856714
230.387441,40.353018,62.298498
230.262567,40.561335,62.297008
229.762230,40.546791,62.825812
229.635091,40.709279,63.039132
229.441212,40.723400,62.968634
229.280856,40.707344,63.201518
229.156177,40.644456,63.571429
229.043849,40.274966,63.789755
229.108566,40.436133,63.910214
229.278260,40.329875,64.485513
229.280386,40.337826,64.488358
229.208603,40.562600,64.594613
229.013585,40.691899,65.264062
228.522275,40.425969,64.980702
228.147757,39.975930,65.060045
227.880660,39.830059,65.275992
227.895670,39.944689,65.409545
227.399047,39.970122,66.215583
226.889034,39.151531,66.433991
226.889083,39.151195,66.434998
226.610462,39.065247,66.661910
226.680911,38.970103,66.791833
226.681020,38.969834,66.792963
226.550199,39.002603,67.174620
226.401903,38.689301,67.392982
225.999408,38.357664,68.276106
225.881363,38.478468,68.564369
225.662165,38.464891,68.487276
225.512330,38.602147,68.706586
225.512659,38.602103,68.707946
225.583543,38.499501,68.824289
225.706299,38.177027,69.143285
225.495111,38.580214,69.726415
225.534873,38.422954,70.076974
225.415958,38.322574,70.191102
225.382726,38.393587,70.215501
225.384196,38.394466,70.218471
225.042321,38.330537,70.077332
224.953055,38.138252,70.421574
224.789182,38.151184,70.361347
224.382778,38.131319,70.318518
224.278426,37.636386,70.565449
224.109228,37.375223,71.139884
223.654516,37.440688,71.207081
223.448916,37.602685,71.381255
223.233815,37.410852,71.854795
223.114373,37.543031,72.236159
223.148485,37.504387,72.381053
222.443902,37.226493,72.835492
221.898425,37.180474,72.944054
221.301933,36.743068,73.540477
220.972808,36.702837,73.971417
220.978438,36.684127,74.019105
220.673329,36.282241,74.099862
220.519180,36.402584,74.388686
220.306580,35.954044,75.143863
220.322435,35.873630,75.241695
219.953796,36.008475,75.741013
219.740424,35.992919,75.698807
219.127318,35.957277,75.376949
219.075239,36.004396,75.288195
218.854505,36.170307,75.271135
218.829787,36.187311,75.211659
218.769293,36.198304,75.128704
218.222242,35.743075,75.091962
218.176297,35.773909,74.975828
217.805574,35.113293,75.099012
217.410594,35.246507,75.327791
217.179966,35.331929,75.284553
216.696077,35.281035,75.297038
216.338872,35.285887,75.144086
215.997675,35.300147,74.802900
215.767793,35.335104,74.506512
215.223801,34.817822,74.791261
214.873359,34.644751,74.746142
214.492164,34.531148,74.685165
214.467417,34.551549,74.636576
214.466606,34.550709,74.635703
214.226908,34.417550,74.942409
213.881825,34.594290,74.777512
213.374205,34.333682,75.033261
212.632851,34.244698,74.924612
212.631971,34.244861,74.923989
212.613630,34.257144,74.851811
211.963778,34.778232,74.940213
211.682538,34.660488,75.228116
211.555852,34.554035,75.051294
211.481939,34.619198,74.961292
211.074867,35.098297,74.684417
210.665774,34.680898,74.669640
209.576601,34.248605,75.020911
209.286620,34.433016,75.108192
208.851293,33.873306,75.599415
208.409792,33.474348,75.950616
207.800924,33.517361,75.847221
207.582718,33.655133,76.106843
207.146323,33.848352,76.125954
207.145673,33.848254,76.126851
206.926972,33.710408,76.395118
206.433102,33.396395,76.814463
205.832760,32.728363,77.028251
205.371344,32.523327,76.667869
204.457525,32.044187,76.668496
203.895453,32.127786,76.861928
203.790103,32.177378,76.835684
203.418788,32.067543,76.891572
203.231020,32.066992,76.603199
202.874633,32.272709,76.750901
202.702247,32.371199,76.486290
202.501703,32.406797,76.449185
202.246478,32.360787,76.255560
201.992613,31.867376,76.509532
201.992264,31.865234,76.506914
201.982034,31.875668,76.476030
201.467622,31.918585,76.286867
201.037597,31.919822,76.265019
199.848211,32.226747,76.306515
198.809937,32.091629,76.304793
198.609383,32.246571,76.127941
198.270322,32.606216,76.188202
198.005892,31.950743,76.104302
197.751311,32.071316,76.334729
197.750709,32.071211,76.334062
196.582584,32.213146,76.032021
196.304313,31.669310,76.286078
196.139156,31.756263,76.192227
195.148099,30.920451,76.078847
195.142368,30.909875,76.092740
194.804889,30.581031,76.079079
194.797049,30.563727,76.097616
193.802471,30.269980,75.598848
193.025614,30.195148,75.564186
192.876207,30.216912,75.421912
192.874751,30.219448,75.419297
192.602071,30.334845,75.630903
192.580811,30.324888,75.652615
192.575435,30.310473,75.646822
191.797441,30.321090,75.668918
191.418464,30.623864,75.402562
191.419333,30.627676,75.394220
190.979892,30.704630,75.246090
190.595658,30.893542,74.878176
190.417094,30.982522,74.621395
190.170868,31.096506,74.827441
189.168895,31.140028,74.499288
188.192678,31.369320,73.959728
186.977154,31.430696,73.237038
186.977536,31.427501,73.232330
186.979403,31.438207,73.216284
186.775143,31.545363,72.967903
186.234574,31.575151,72.399219
186.237357,31.575230,72.382751
185.694233,31.820082,71.925666
185.107078,31.650023,71.791111
184.139330,31.758513,71.787235
184.138928,31.763190,71.785021
183.576623,31.668038,70.894806
183.472084,31.730762,70.660844
183.031425,31.649809,70.522117
182.716650,31.198293,70.527761
182.388360,31.245595,70.371527
182.241059,30.972197,70.130093
181.511257,30.484355,69.958437
181.393617,30.546967,69.742843
181.155651,30.639771,69.787998
180.485738,30.396766,70.108296
180.222111,30.515763,69.788872
180.221597,30.515542,69.788545
180.088279,30.582942,69.503896
179.829741,30.667627,69.692540
179.455829,30.453881,69.544480
179.023416,29.747598,69.500305
179.023557,29.746148,69.498620
178.979217,29.667149,69.459871
178.672502,29.777305,69.528972
178.195843,29.812096,69.813027
177.680568,29.350490,70.157270
177.319354,29.388681,69.864078
176.421879,29.155521,69.949385
175.586285,29.013830,69.813197
174.876196,28.939552,69.279426
174.847963,28.933047,69.180244
174.847511,28.932838,69.179844
173.961757,28.898320,69.306601
173.961304,28.898020,69.306172
173.960850,28.897718,69.305742
173.960397,28.897416,69.305311
173.561978,28.768220,69.029138
173.202428,28.715126,68.109190
172.743597,28.914776,67.559794
172.209951,28.824505,67.543908
171.521834,29.070782,67.520476
171.199340,29.072452,67.430788
170.656462,29.118947,67.660235
170.018429,28.999927,67.532890
169.683628,28.845334,67.710644
169.105321,29.188559,67.914365
169.116939,29.191213,67.799164
169.116265,29.191131,67.799497
168.891232,29.163596,68.017412
168.287186,28.934641,68.348637
167.915795,28.816839,68.075178
167.328404,28.963233,68.039528
166.666457,29.115454,68.396354
166.656951,29.129303,68.409056
166.607448,29.390602,68.203824
166.446867,29.549590,68.232094
165.749383,29.721693,68.580301
165.691286,29.825159,68.436519
164.559515,29.981073,67.558653
164.169457,29.451368,67.770179
163.713930,29.589880,67.397270
163.725150,29.590687,67.370341
162.893555,29.649103,66.132579
162.901520,29.657997,66.113949
162.902758,29.668398,66.087904
162.776396,29.553362,65.812050
162.723124,29.627096,65.706518
161.996145,29.143502,65.596051
162.002508,29.165678,65.562281
161.646821,29.033840,65.429963
161.407597,29.137256,64.960535
161.388123,29.132671,64.980539
161.248200,29.003936,64.794866
160.738037,28.819254,64.305182
160.743693,28.974244,64.125906
160.140551,29.148474,63.580863
160.153783,29.146004,63.556638
159.932433,29.279760,63.677469
159.426220,29.188554,63.373332
158.515157,29.524312,62.379908
158.161977,29.383497,62.084790
157.508146,29.666539,61.741395
157.281443,29.137373,61.778122
157.280608,29.136403,61.778243
156.632774,28.620149,61.227505
156.632453,28.621081,61.226931
156.083765,28.889144,60.642094
155.419670,28.816700,60.223983
155.153352,28.933268,60.291481
154.437215,28.857093,59.508923
154.345427,29.099583,59.312824
154.345185,29.099647,59.312295
153.813414,28.618181,58.911015
153.814376,28.617138,58.908741
152.941251,29.084547,58.624555
152.437655,28.952954,58.312045
151.775114,29.155727,57.688134
151.390556,29.340660,57.294733
150.872980,29.471881,56.727934
150.329625,29.712116,56.253291
150.330367,29.712203,56.250861
150.078296,29.816363,56.312540
149.957141,29.895898,56.453435
149.946807,29.879192,56.364995
149.946320,29.879200,56.364972
149.434409,29.766365,56.354087
149.196471,29.831751,56.515127
148.900274,29.706482,56.274092
148.143263,29.630346,56.138797
147.549949,29.410351,56.244922
147.595198,29.416225,56.044302
147.595936,29.354693,55.924082
147.603109,29.212086,55.661843
147.524497,29.281364,55.698293
147.499233,29.279562,55.721591
147.247550,29.308736,55.889551
146.669343,28.910450,55.190846
146.351791,28.767230,54.913015
146.358764,28.763892,54.746830
146.147730,28.746489,54.874477
146.147445,28.746474,54.873919
146.146436,28.743572,54.883555
146.104719,28.866873,54.702575
146.110176,28.837476,54.645990
145.544737,28.903726,53.895477
145.305441,28.882862,54.152453
144.140185,29.085881,53.974343
142.925667,29.122175,52.964558
142.368103,29.227704,52.485893
142.375556,29.202894,52.441179
142.374036,29.197828,52.441872
142.008684,29.112864,52.581779
141.779344,28.942164,52.751133
141.759366,28.909024,52.606426
141.521511,28.997888,52.802571
141.546579,28.942558,52.671235
141.524562,28.994549,52.564047
140.933303,29.115846,52.024313
140.276268,29.043397,51.690770
140.280395,29.028699,51.668158
140.035248,29.176732,51.800064
140.042939,29.188237,51.786270
139.547785,29.482674,51.530156
138.997905,29.611688,50.614204
138.841329,29.112663,50.664658
138.637925,29.291507,50.629199
138.101600,29.784231,50.143909
137.408192,30.015550,49.798585
136.283363,29.857578,48.744114
135.072960,30.028591,47.888116
134.669084,30.147729,47.242272
133.882603,30.296569,46.273098
133.631353,30.199547,46.245020
133.636016,30.174353,46.232545
132.734629,29.694867,45.400845
132.496394,29.741469,45.603707
132.490053,29.744471,45.617250
131.915610,29.697620,45.365158
131.387097,29.618188,45.871530
131.236841,29.637814,45.963398
131.128764,29.746248,45.969715
131.131328,29.737005,45.956104
131.128636,29.738808,45.945367
130.625385,29.638911,46.017002
130.273705,29.649483,46.173574
129.599426,29.335538,45.563729
129.564077,29.270112,45.608239
129.565359,29.240234,45.561187
128.220472,29.064603,44.818674
128.213122,29.034622,44.803489
128.096078,29.159725,44.875689
126.940467,28.713444,44.042145
126.515680,28.614284,43.777868
126.503036,28.629378,43.790550
125.953051,28.766374,43.290287
124.932999,28.930258,42.812630
124.692176,28.542752,42.615095
124.399324,28.297931,42.847059
123.085438,28.563077,42.529355
123.084418,28.563569,42.530157
122.895447,28.647643,42.595822
122.865988,28.563053,42.617680
122.835336,28.545565,42.648890
122.494813,28.476782,42.289551
121.826351,28.080651,42.011374
121.529551,27.913432,41.954988
120.818150,28.113101,41.808138
120.816602,28.082143,41.775699
120.816134,28.082336,41.775247
120.653146,28.192367,41.529081
119.568846,28.212507,40.774569
119.474282,28.343583,40.668851
119.116572,28.664962,40.119734
118.969304,28.708601,40.277583
118.837441,28.723700,40.378884
118.088538,28.417100,39.891530
116.405677,27.897944,39.452307
116.009494,27.844134,39.337994
115.712461,27.722867,39.211349
115.017531,27.974917,39.401133
114.337723,27.897323,39.522878
113.880913,27.855369,39.354651
113.580927,28.359446,39.619071
112.748316,28.611345,38.712418
112.126016,28.352970,38.486024
111.038599,28.074963,38.167045
110.979900,28.088568,38.238600
110.978528,28.091648,38.243139
110.920248,28.060412,38.316336
110.831175,27.959949,38.400744
110.643360,28.264827,38.258706
110.641702,28.268926,38.266290
110.572278,28.215541,38.383470
110.262137,28.252717,38.306397
110.259145,28.260768,38.317205
109.707522,28.380444,38.190555
109.696614,28.388520,38.227657
109.692174,28.399285,38.242433
109.253966,28.450099,38.478912
109.140113,28.474483,38.568986
108.750278,28.469860,38.391172
108.748481,28.468722,38.391913
107.994407,28.218982,37.966013
107.609929,28.334867,38.132689
107.225579,28.234641,37.953978
107.221799,28.298402,37.917940
107.182826,28.322512,37.878263
106.687919,28.509403,37.961273
105.943068,28.218504,38.259318
105.550362,27.981235,38.512050
105.442712,27.966794,38.810832
105.441630,27.963541,38.817382
105.371306,27.953087,38.856713
105.141431,27.832811,39.007173
105.047185,27.842745,39.056504
103.205821,28.135529,39.068651
103.112643,28.161199,38.876518
103.038726,28.223089,38.966105
102.638754,28.264710,38.366808
102.424023,28.284182,38.219807
101.522608,28.556110,38.736940
101.424173,28.627176,38.824135
101.143147,28.767965,38.919985
101.106091,28.802919,38.968540
100.566574,28.453149,38.374488
99.748597,28.461414,37.955779
99.122722,28.497687,37.333516
98.716001,28.724158,37.286719
98.715114,28.725250,37.287670
98.344456,28.606899,37.429960
97.926382,28.831344,37.482403
97.755268,28.771466,37.340372
97.282080,28.813601,37.714705
97.068611,28.936481,37.132768
96.966167,28.992677,37.155426
96.869286,29.004159,37.223850
96.775878,29.110018,37.019287
96.511116,29.169337,37.040311
96.046441,29.065742,37.178751
95.967542,29.004653,37.109057
94.638216,29.069160,37.047003
94.604030,29.069285,37.141409
94.531015,29.095546,37.235730
94.153782,28.957816,37.504097
92.561095,29.187947,37.282999
92.105321,29.469162,37.053526
91.079488,29.826052,36.933118
91.053349,29.826159,37.017021
90.042952,30.015558,37.042057
89.293376,30.090655,36.419046
89.292272,30.093182,36.412282
88.817454,29.824898,36.486531
88.706515,29.850818,36.601376
88.605454,29.917260,36.696241
88.594571,29.921986,36.799034
88.592452,29.906269,36.809021
88.049168,29.833131,37.055934
87.164389,29.676330,37.123855
87.163207,29.666216,37.140788
87.111373,29.654637,37.161171
87.110961,29.654476,37.161341
86.894600,29.745650,37.194679
86.300698,29.719159,37.133479
86.241802,29.693766,37.285864
86.130885,29.700618,37.450236
85.724919,29.572019,37.251095
85.321751,29.443988,37.053749
85.353076,29.389586,37.192472
84.272226,29.067544,37.448644
84.271539,29.066569,37.451007
83.373199,28.875302,37.831083
82.720305,28.785640,37.571892
82.115032,28.706207,37.601546
82.016347,28.725797,37.697606
81.696209,28.486465,37.787217
81.533626,28.315679,37.873439
81.081570,28.035329,37.773761
80.915684,28.000948,37.983116
80.622350,28.045375,38.179506
80.106579,28.137027,38.029403
79.904762,28.163140,38.056904
79.779906,28.140426,38.203172
79.779439,28.140517,38.203074
79.343102,28.345215,38.124925
79.342627,28.345314,38.124822
78.894857,28.417685,37.988305
78.469668,28.486763,37.858596
77.634971,28.769748,37.902721
77.217960,28.745733,37.759917
77.198345,28.655913,37.709006
76.761548,28.941763,37.772655
76.589094,28.980563,37.757953
76.572889,29.036721,37.731153
75.928982,28.823924,37.992074
75.859117,28.842097,38.056158
75.476739,28.809489,38.270246
75.215476,29.155491,38.405041
75.167020,29.025139,38.310945
74.725793,28.779809,38.461988
74.406271,28.886233,38.258668
74.046948,28.883485,38.501808
73.983662,28.904548,38.543710
73.976058,28.920856,38.528764
73.527740,28.947673,38.288422
73.128909,28.828169,38.301273
72.588164,28.958166,38.317051
72.252571,28.760071,38.537714
72.012185,28.181657,38.322297
71.946515,28.158999,38.232064
71.938959,28.163458,38.282912
71.598659,27.849674,38.580774
71.589369,27.849167,38.552566
71.358767,27.958815,38.748656
70.992358,27.783653,38.571344
70.688901,27.408372,38.868534
70.288603,27.249334,38.747266
70.035239,27.290790,38.609623
69.987204,27.220249,38.629254
69.848899,27.241432,38.664264
69.454157,26.670025,38.682303
69.420715,26.658099,38.744735
69.248464,26.550222,38.806753
68.973083,26.035739,39.144476
68.724292,25.842071,39.022363
68.275973,25.683053,39.230213
68.283921,25.646940,39.255486
68.237090,25.656251,39.276322
68.236603,25.655932,39.275933
67.616926,25.664772,39.481267
67.616172,25.664997,39.479907
66.954329,25.515966,39.569752
66.736259,25.556355,39.445329
66.513871,25.480709,39.308240
66.426475,25.433780,39.234695
66.126402,25.375362,38.970849
66.125900,25.373293,38.968450
65.792354,25.411318,39.233451
65.423596,25.492457,39.422860
64.635253,25.392834,39.616409
64.595885,25.396160,39.656243
64.564814,25.412507,39.697073
64.414148,25.549675,39.616979
64.202391,25.536787,40.130710
64.072962,25.558941,40.134861
63.843944,25.504562,40.053982
63.383906,25.556618,40.070184
62.775811,25.481402,40.606615
62.051275,25.501419,40.735253
61.705743,25.376065,40.517840
61.011633,25.298091,40.515763
61.011083,25.297956,40.515727
61.010534,25.297821,40.515692
60.581318,24.810372,40.830835
60.273615,24.632309,40.878015
60.116336,24.570635,40.768334
59.960561,24.509552,40.659703
59.253252,24.133501,40.724809
58.850342,23.979936,40.524308
58.024094,24.376556,40.585402
57.827568,24.333600,40.528887
57.824675,24.330334,40.558458
57.075035,24.084005,41.006262
56.739304,23.998909,40.832905
56.448217,23.898838,41.177256
56.446924,23.895969,41.171904
56.186364,23.862411,40.961302
56.045653,23.728358,41.062404
55.666818,23.836671,40.900805
55.466872,23.833565,41.002997
55.306205,23.924149,40.899061
55.304652,23.924725,40.895740
54.518110,23.771879,41.734710
54.013045,23.514283,41.411224
53.856985,23.291968,41.633513
53.825554,23.252019,41.670461
53.670361,23.259283,41.611677
53.667968,23.256229,41.606368
53.574817,23.256946,41.595031
53.254589,23.140003,41.632543
52.911765,23.162271,41.712122
52.240159,23.380143,42.017799
52.112200,23.361834,42.161243
51.281159,23.397550,42.730303
51.067058,23.353214,42.655393
50.968125,23.435791,42.554038
50.864057,23.378374,42.496364
50.483971,23.417697,42.876315
50.322455,23.416993,42.871394
50.135906,23.347949,42.916555
50.108837,23.343820,42.863646
49.660714,23.491216,43.151619
49.482044,23.492020,43.100642
48.922681,23.623214,43.273504
48.921772,23.623500,43.273155
48.890866,23.659407,43.246272
48.739459,23.559042,43.153744
48.596556,23.849556,43.192780
48.102814,23.686289,43.386528
47.770254,23.773147,43.490557
47.648078,23.790159,43.366995
47.427295,24.051511,43.399711
47.405391,24.083734,43.377431
47.248638,24.001807,43.458832
47.242503,23.996573,43.447161
46.739628,24.109289,43.333412
46.618981,24.099028,43.267259
46.552919,24.098381,43.221750
46.547725,24.101451,43.211479
46.426551,24.149657,43.306867
46.251617,24.175946,43.609261
45.750441,24.156446,43.809339
45.548766,24.166260,43.813467
45.355712,24.220248,44.018030
45.128231,24.143156,44.346521
44.755753,23.926684,44.608421
44.762507,23.917056,44.615822
44.646801,24.034052,44.819085
44.313271,23.866726,45.224649
44.018469,23.645629,45.426349
43.795743,23.522242,45.586066
43.634548,23.741169,45.603824
43.539401,23.166337,45.690514
43.007127,23.174330,45.996929
42.864530,23.164439,46.116218
42.695839,22.978935,46.284931
42.468919,22.998983,46.825106
42.072310,23.092532,47.190826
41.591251,23.091500,47.590917
41.430628,22.804929,47.693677
41.279577,22.616673,47.663495
41.203765,22.597303,47.601470
41.114471,22.444947,47.783410
40.447652,22.334583,47.346939
40.440469,22.278332,47.434372
40.323061,22.282441,47.439161
39.759938,22.073764,47.242263
39.058346,22.061403,48.334846
38.920252,22.030693,48.421682
38.539074,21.983099,49.096593
38.446892,21.926286,49.450897
38.366649,21.858431,50.062615
38.279276,22.009137,50.120603
38.114171,21.927115,50.330770
38.033174,22.064190,50.722203
37.893445,22.124586,51.141560
37.597290,22.054130,52.006499
37.672959,22.206769,52.292071
37.877508,22.126621,52.758430
37.701637,21.748250,53.207756
37.620807,21.684097,53.270946
37.621744,21.684109,53.272802
37.493479,21.648488,53.651038
37.527095,21.617937,53.674653
37.605987,21.621998,53.773426
37.506975,21.551414,53.828949
37.473915,21.754464,54.084206
37.376885,21.832335,54.137486
37.287002,21.843138,54.363592
36.749195,22.061359,55.177210
36.748259,21.987970,55.266834
36.784680,22.012915,55.354010
36.868202,22.062624,55.463369
36.669774,22.082922,55.725654
36.623024,21.961680,56.280920
36.609255,21.923444,56.284826
36.607525,21.926373,56.285520
35.963301,21.994851,56.576703
36.030013,21.937803,56.679799
36.068162,21.894002,56.725063
36.080137,22.037278,57.354280
35.793816,21.978866,57.778345
35.619834,21.910852,58.353296
35.691520,21.909798,58.492174
35.433340,22.038489,58.964266
35.527062,22.089413,59.112565
35.702516,22.005765,59.294564
35.807996,22.071516,59.457170
35.818574,22.062763,59.460672
35.847402,21.930031,59.654651
35.965053,21.934151,59.829488
36.037306,21.786415,60.169606
36.102909,21.770399,60.380253
35.726213,21.869983,61.007863
35.723871,21.856912,61.015917
35.883943,21.712431,61.258654
35.874674,21.717343,61.268270
35.788384,21.803935,61.449975
35.348916,21.915714,62.374708
35.454103,21.919362,62.508446
35.443369,21.919446,62.510933
35.443629,21.919512,62.511721
35.516967,22.018173,62.895183
35.460766,22.016437,62.976258
35.512894,21.821173,63.594799
35.479344,21.770335,63.940492
35.297569,21.679598,64.145211
35.368484,21.786498,64.593789
35.003043,21.641114,65.129767
34.948872,21.608432,65.137626
34.953645,21.619883,65.143973
34.773372,21.735532,65.741859
34.202182,22.006708,66.643222
34.242880,22.051914,66.747323
33.989849,21.953200,67.189497
33.559366,22.059379,67.673181
33.631575,22.111921,67.822480
33.745054,22.078366,68.196352
33.283311,22.219338,69.232263
33.177031,22.191261,70.383103
33.002273,22.189959,70.927206
33.067759,22.202346,71.118750
32.665008,21.928478,72.004983
32.608491,21.864059,72.422065
32.598502,21.571986,72.988899
32.652097,21.573017,73.459317
32.574625,21.590713,74.253411
32.647574,21.694786,74.464628
32.335837,21.791595,74.978198
32.327890,21.209889,75.550958
32.215766,21.179820,75.851140
32.139977,21.164747,75.926334
32.052086,21.143297,76.018093
32.147102,21.072441,76.223167
32.249849,21.085227,77.083550
32.342376,21.140638,77.246966
32.373041,21.190357,77.380698
32.198048,20.636711,78.600720
32.240063,20.700341,78.963481
32.250546,20.666536,78.962026
32.292436,20.636437,78.997967
32.296522,20.631387,79.002042
31.863330,20.544228,79.813828
31.631644,20.450680,80.289095
31.724987,20.507398,80.540115
31.659508,20.491458,80.614600
31.655603,20.484180,80.612551
31.771433,20.444330,80.737957
31.762824,20.438589,80.735185
31.676963,20.439260,80.779409
31.782522,20.502294,81.039950
31.605620,20.470735,81.359163
31.580918,20.621159,81.683015
31.236936,20.547516,82.222882
31.232761,20.545299,82.223184
30.803498,20.604136,82.096472
29.948334,19.577957,83.482281
29.973482,19.339136,84.139956
30.033024,19.365412,84.371378
30.127977,19.431545,84.682920
30.121056,19.435494,84.699536
30.131095,19.442827,84.704515
30.131611,19.442841,84.705223
30.102538,19.272527,84.769075
30.106269,19.273358,84.777889
30.018673,19.322305,84.835575
29.972870,19.391695,85.360127
30.107348,19.467912,85.754559
30.253381,19.507342,86.295529
30.289569,19.562334,86.671247
30.278923,19.560269,86.673654
30.268496,19.561745,86.676477
30.184091,19.616176,87.235476
30.166326,19.630481,87.337244
30.074920,19.651887,87.453658
30.074925,19.651726,87.454229
30.097570,19.543832,87.888392
29.980536,19.400874,88.532463
29.758489,19.309212,89.028336
29.791002,19.474843,89.935288
29.842115,19.436332,90.355379
29.620671,19.346398,90.849883
29.694014,19.362420,91.433552
29.824513,19.219416,91.803272
29.936284,19.223963,91.840454
29.859232,19.122387,92.317977
29.946377,19.078552,92.437045
29.946706,19.078469,92.437627
29.925271,19.063314,92.442074
29.758595,19.001735,93.117868
29.793183,19.094258,93.154668
29.792266,18.925928,93.904567
30.184273,18.699871,94.494288
30.012405,18.720113,94.911677
30.098457,18.499536,94.965870
30.212800,18.555995,95.368082
29.962687,18.508081,95.854687
29.953298,18.516859,95.868160
29.971045,18.793619,95.972893
29.970399,18.794200,95.973547
29.549962,18.699075,96.950491
29.605267,18.630010,97.121993
29.601349,18.626614,97.122050
29.524408,18.231027,98.096164
29.423566,17.754255,98.837680
29.236518,17.212057,99.087848
29.376920,17.287756,99.536740
29.345141,17.193416,100.165028
29.324368,17.229437,100.207324
29.461998,17.191252,100.276631
29.475864,17.192898,100.277214
29.635821,17.234507,100.739111
29.715552,17.163652,100.844004
29.716407,17.163652,100.844540
29.780605,17.098827,101.813020
29.670655,17.092030,101.996043
29.918507,17.129693,102.975058
29.854502,17.281861,103.662524
29.744702,17.272841,103.838874
29.166993,17.195479,105.099610
28.925658,17.099699,106.995292
28.942434,17.135490,107.066220
29.229970,17.047268,108.034325
29.232101,17.061472,108.042862
29.243336,17.058815,108.050346
29.394358,16.895933,108.574059
29.494798,16.971457,108.853045
29.279043,17.082706,109.245659
29.267919,17.085057,109.247364
29.276082,17.101680,109.258142
29.324930,16.792982,109.378505
29.408929,16.833607,109.451490
29.110609,16.770130,110.054443
28.898395,16.681837,110.659464
28.865869,16.383863,110.804122
28.865422,16.383761,110.804602
28.759641,16.343403,111.449072
28.873046,15.971865,112.023446
28.650874,15.726971,113.108509
28.642998,15.730409,113.129961
28.521824,15.521058,115.690332
28.566248,15.621545,116.010068
28.702554,15.695535,116.664349
29.066190,15.613136,117.111108
28.989853,15.629288,117.400510
28.958833,15.650578,117.465627
28.881879,15.740791,117.591396
28.681308,15.755151,118.105876
28.416289,15.821577,118.326089
28.369628,15.866495,119.081737
28.325200,15.945845,119.111398
28.249093,15.887522,119.122934
28.340744,15.827270,119.835683
28.289110,15.678882,120.380690
28.047560,15.661244,120.979809
28.166141,15.556691,121.179986
28.073529,15.637682,121.275757
28.047559,15.605330,121.369136
28.093228,15.622690,121.414964
28.103975,15.533038,122.002881
27.887761,15.451557,122.590916
27.871186,15.467960,122.592438
27.499007,15.460601,123.465544
27.209687,15.480059,123.800902
27.202711,15.487629,123.829341
27.208289,15.480315,123.830493
27.332134,15.089702,124.166451
27.299503,14.541665,126.266961
27.101651,14.583264,127.171164
27.003801,14.558693,127.224847
26.594889,14.637605,127.438933
26.584444,14.637283,127.439269
26.254972,14.668778,127.806767
26.036139,14.749751,128.175202
25.910138,14.748015,128.388344
25.882886,14.793101,128.404736
25.623173,14.788394,129.747584
25.519364,14.647322,130.427219
25.586216,14.588069,130.682023
25.722145,14.545171,130.757796
25.952657,14.682031,131.812215
25.875772,14.555728,132.465306
25.870261,14.587131,132.559771
25.917436,14.600730,134.129472
25.937249,14.601554,134.138519
25.889532,14.607735,135.519434
25.838848,14.605391,135.522326
25.716225,14.575336,135.797715
25.714840,14.597054,135.803216
25.708658,14.630305,135.806068
25.793341,14.574796,136.033158
25.695374,14.518484,136.167812
25.605023,14.628578,136.968503
25.597938,14.693192,136.989262
25.693735,14.751046,137.071800
25.686803,14.749400,137.073357
25.686656,14.749902,137.073884
25.848510,14.840290,137.949596
25.633688,14.908372,138.147212
25.568517,15.123344,139.470915
25.381992,14.783636,141.007637
24.825826,14.484037,141.699382
24.686239,14.404499,142.301266
24.669247,14.421856,142.308788
24.634157,14.148707,143.040064
24.546303,14.107725,143.168309
25.220425,14.128181,145.456183
25.218196,14.122708,145.472169
25.222911,14.121449,145.473139
25.285325,14.082251,145.543907
25.292826,14.053098,145.548625
25.120785,13.781062,146.134611
25.274521,13.713956,147.124914
24.895781,13.700313,148.069160
25.000470,13.863686,149.052845
24.997142,13.836150,149.059003
25.168095,13.630007,150.044848
25.082957,13.544334,150.798441
25.028726,13.516114,150.859773
25.104875,13.519143,150.954658
25.121366,13.491297,150.957293
25.039826,13.914790,151.311747
24.672586,13.943845,151.841959
24.637908,14.010469,152.590394
24.813916,13.481983,153.553908
25.221498,13.400016,154.132095
24.935907,13.564642,154.479486
24.955529,13.547712,154.498031
24.363627,13.603842,154.950011
24.458070,13.642987,155.789570
24.371329,13.144465,156.412787
24.848260,12.854746,156.783737
24.806155,12.838153,156.811269
25.486310,12.553892,158.651151
26.327245,12.552273,160.237667
26.364502,12.529570,160.273473
26.414875,12.478825,160.535856
26.244167,12.487653,161.055857
26.255815,12.372097,161.641715
26.710240,12.291375,162.037554
26.536344,12.208796,162.646461
26.400635,12.139049,163.244477
26.328133,12.257815,163.546264
26.338423,12.181807,163.607718
26.200675,12.080400,164.248191
26.187629,12.082180,164.251407
26.005728,12.041138,164.857625
26.000860,12.038811,164.857841
26.003529,12.046119,164.882052
25.828644,11.970378,165.457103
25.784586,12.008858,165.495058
25.779770,12.002348,165.498995
25.640059,11.941036,165.862771
25.712873,11.933069,167.238523
26.089562,12.113635,168.705217
26.355496,12.000489,170.312231
26.039130,11.881210,171.198926
26.039158,11.881317,171.199423
25.811825,11.885586,172.358139
25.442531,11.896665,172.778799
25.442485,11.896735,172.779284
25.338520,11.833478,173.370054
25.390254,11.777951,173.490041
25.352950,11.760690,173.496712
25.538045,11.866732,174.427352
25.520825,11.858812,174.432024
25.693956,11.777722,174.935367
25.402970,11.931096,175.256439
25.322569,11.892121,175.373454
25.322369,11.892118,175.373897
25.098705,11.845759,175.881112
24.922582,11.974784,176.243036
24.807124,12.037249,176.342289
24.770487,12.019668,176.361386
24.699275,12.097608,177.621563
24.542763,12.263885,178.049659
24.586672,12.237731,178.102398
24.542970,12.212457,178.130742
23.801771,12.282644,178.064157
23.801541,12.282532,178.064574
23.731016,12.226891,178.194937
23.741581,12.273026,178.481790
23.580405,12.201090,178.904877
23.574940,12.200257,178.904910
23.535622,12.241334,178.972859
23.290837,12.268145,179.118955
24.258004,12.177653,179.933339
24.315972,12.188346,179.994058
24.284786,12.212717,180.235092
23.993498,12.082041,181.030213
23.997467,12.071399,181.033431
23.939854,12.046018,181.269798
23.972788,12.062469,181.289835
24.005052,12.069802,181.300321
24.379456,12.002649,181.757942
24.854595,11.873090,182.415917
25.222362,11.790531,182.957547
25.690746,11.648043,183.693160
25.551986,11.670247,183.744561
25.592577,11.710382,184.527426
25.470243,11.690516,184.581165
25.494438,11.698940,184.588298
25.666041,11.348186,185.247254
25.669201,11.347530,185.247743
25.375366,11.399446,186.366949
25.497045,11.280535,187.746713
25.510306,11.288884,187.752060
25.358895,11.229031,188.099588
25.533868,11.220822,188.851402
25.373732,10.940699,189.263899
25.339872,10.446673,189.904209
25.578057,10.435150,190.805778
25.179597,10.661013,191.535184
25.069582,10.812626,191.645058
25.069080,10.812772,191.645817
24.735399,11.258516,192.264549
24.606417,11.415759,192.454176
24.620356,11.421054,192.474173
24.766332,11.478673,192.980320
24.739932,11.506463,192.988899
24.725856,11.500217,193.757571
24.754404,11.478647,193.771345
24.619336,11.421931,194.072324
24.679470,11.528008,194.630462
24.591484,11.569216,194.794496
24.605203,11.592292,194.862476
24.196583,11.715209,195.745212
24.010411,11.445538,196.754622
23.863993,11.285880,197.529287
23.884070,11.104078,198.400758
23.534804,11.078095,198.543449
23.825014,10.997311,199.930121
23.654444,10.944001,200.193069
23.431260,10.915549,200.404426
23.431701,10.918429,200.406333
23.153015,10.844421,200.885875
23.107414,10.850354,200.892979
23.113172,10.853213,201.021723
23.145634,11.143652,202.074646
23.126722,11.194315,202.210555
22.851522,11.282239,202.788985
23.102543,10.839929,203.795552
22.873776,10.793685,204.280113
22.996224,10.847065,204.687521
23.147016,10.916932,205.264986
23.334336,10.993986,205.865710
23.321897,10.951398,206.228707
23.413422,10.983226,206.410406
23.137403,10.970746,207.993798
23.142140,10.972827,207.994929
23.255500,11.003395,208.570070
23.256762,11.002850,208.570671
23.156800,11.020966,208.606893
22.932223,11.534790,209.169890
22.805798,11.766876,209.386674
22.698021,11.737449,209.585926
22.460339,11.777423,209.718429
22.460302,11.777293,209.718851
22.381995,11.720899,209.927398
22.405696,11.832905,210.751856
22.405642,11.832810,210.752268
22.405587,11.832714,210.752679
22.345310,11.774537,210.982070
22.207290,11.890026,211.259979
22.203440,11.917277,211.275645
22.114165,11.882137,211.461998
21.899114,11.861857,211.397187
21.730027,11.709881,211.784768
21.635486,11.642076,211.983263
21.653351,11.622791,211.995436
22.694863,11.748188,212.805485
22.698170,11.748020,212.805870
22.464017,12.062519,213.695698
22.417223,12.246334,213.710894
22.417284,12.246435,213.711273
22.505082,12.115893,214.151413
22.411154,12.453639,214.472134
22.342774,12.419455,214.638628
22.341380,12.420873,214.635031
22.561934,12.307024,215.040679
22.920971,12.209049,216.069996
22.841431,12.257719,216.441715
22.649849,12.388524,216.726142
22.568176,12.347700,216.870582
22.522885,12.295160,217.107688
22.522793,12.295177,217.108084
22.522663,12.295157,217.108529
22.371283,12.172020,217.553054
21.760316,12.248817,218.918865
21.730886,12.231169,219.066261
21.641423,12.287587,219.328457
21.641282,12.287570,219.328868
21.585430,12.111054,219.820850
21.579826,11.953766,220.342470
21.579622,11.953796,220.342916
21.412504,12.087049,220.564573
21.412332,12.087055,220.564977
21.386324,12.072477,220.572903
21.342445,12.066183,220.598774
21.341162,12.065608,220.599102
21.485906,12.168748,221.077811
21.411759,12.129127,221.188051
21.200141,12.397049,221.844240
21.269354,12.730168,222.223517
21.245361,12.757464,222.233620
21.175005,12.717628,222.336579
21.167862,12.714115,222.533096
21.420056,12.750506,223.548937
21.220221,12.867232,223.654035
20.985096,13.175011,224.123443
20.926551,13.140479,224.218222
20.859288,13.100436,224.309660
20.792793,13.139297,224.421519
20.791813,13.138876,224.421896
20.790683,13.025011,224.513866
20.707141,13.236152,225.086386
21.141043,13.377679,225.256721
21.268226,13.449498,225.331187
21.287551,13.272064,226.007637
21.287327,13.272055,226.008076
21.142622,13.447228,226.507053
21.142353,13.447189,226.507505
21.142083,13.447150,226.507957
21.158344,13.457611,226.514362
21.058882,13.421885,226.772465
20.913080,13.597316,226.917067
20.528404,13.621278,227.385342
20.566027,13.449026,227.635377
20.509453,13.746049,228.348394
20.464516,13.700737,228.420615
20.235937,13.704874,228.470846
20.320962,13.651540,228.672908
20.320076,13.651745,228.675137
20.016671,13.610263,228.954780
20.010947,14.006940,229.341112
19.863551,14.063511,229.521608
19.745483,13.995194,229.690676
19.745545,13.997972,229.693228
19.669873,14.002343,229.728302
19.759165,13.957532,229.901058
19.738082,13.986837,229.986434
19.872263,14.082964,230.698164
19.834365,14.057506,230.749106
19.887369,14.093095,230.784525
19.775137,14.129815,230.987343
20.264832,14.071970,231.211650
20.304497,14.101635,231.697168
20.316145,14.077268,231.703770
20.333092,14.087203,231.782204
20.429728,14.136376,231.965752
20.447287,14.238839,232.110221
20.423535,14.200653,232.152299
21.046162,14.095009,232.334108
21.027848,14.070753,232.660530
21.285306,14.128054,232.839167
21.336800,14.155889,232.951075
21.349846,14.210022,233.227388
21.341443,14.204754,233.262268
21.358915,14.161524,233.421851
21.754856,14.029441,233.958296
21.901293,14.104228,234.292116
21.903723,14.130902,234.336170
21.872804,14.111105,234.365443
22.079428,14.120420,234.512870
22.049772,14.101599,234.540500
22.240976,14.193308,234.978577
22.001430,14.350933,235.123167
21.937749,14.400759,235.180360
21.799133,14.569200,235.330618
21.720111,14.620612,235.642676
21.974651,14.578153,235.661378
22.023868,14.604280,235.739479
21.976620,14.820907,235.814723
21.955314,14.764748,235.864031
21.910163,14.723136,235.923560
21.847337,14.806144,236.000351
21.655895,15.000005,236.243898
21.627114,15.066876,236.264797
21.517111,15.062472,236.389482
21.545297,15.172499,236.812790
21.605401,15.209761,236.882650
22.186038,15.095126,237.097007
21.980973,15.280918,237.273501
22.007765,15.272965,237.440438
22.330546,15.068098,238.038523
22.416223,14.933952,238.290122
22.307013,14.949501,238.374404
22.303155,15.035995,238.400308
22.307985,15.055203,238.601012
22.293469,15.038630,238.677785
22.200692,14.982314,238.742116
22.197958,15.092767,239.057144
22.162999,15.067321,239.133091
22.193459,15.005709,239.370387
22.111861,15.020585,239.427972
22.098956,15.379203,239.966831
22.121111,15.386857,240.144589
22.090747,15.424779,240.165141
22.022500,15.336590,240.268257
22.053239,15.435540,240.563730
21.976199,15.487711,240.614676
22.052548,15.178848,240.936918
21.993718,15.141934,241.014747
21.915908,15.136027,241.091417
21.935538,15.211607,241.079825
22.548052,15.178671,241.169844
22.577813,15.204043,241.152862
22.679624,15.394623,241.191586
22.855102,15.487300,241.271421
22.878322,15.519458,241.254353
22.789538,15.608358,241.227493
22.814381,15.626272,241.210599
22.829637,15.693782,241.273168
22.776920,15.856823,241.582108
22.924529,16.035830,241.654690
22.992729,16.112199,241.614593
23.075537,16.213467,241.803496
23.168563,16.092261,241.807972
24.184923,16.103827,241.966927
24.475934,16.230682,241.991131
24.534414,16.249720,241.960139
24.618091,16.229272,241.958853
24.634432,16.236884,241.950361
24.735911,16.217324,241.897056
25.518519,16.258666,242.217799
25.527213,16.248881,242.213619
25.643220,16.235798,242.164497
25.726528,16.276930,242.121998
25.809926,16.308640,242.220298
25.853146,16.272061,242.198587
26.147876,16.211209,242.201942
26.928438,16.173426,242.506681
27.568520,16.095808,242.598667
27.722103,16.085971,242.604123
27.754700,16.043360,242.592216
27.938012,16.142636,242.799185
28.192883,16.120091,242.800393
28.608874,16.041408,242.890945
28.834659,15.950844,242.842537
28.877070,15.883146,242.850885
29.012548,15.938376,242.794577
29.161097,16.071451,243.105499
29.892444,15.989078,243.169908
30.007152,16.045183,243.126778
30.074246,15.991332,243.098745
30.135310,16.003925,243.071610
30.526551,16.112172,243.160777
30.652499,16.062917,243.126082
30.696768,16.060127,243.108942
30.697615,16.060063,243.108740
30.778130,16.003045,243.088068
30.635113,16.181068,243.411597
31.424777,16.315186,243.472363
31.429996,16.295902,243.466378
31.553253,16.248170,243.452921
32.039961,16.138797,243.303832
32.211570,16.251403,243.326050
32.425949,16.376337,243.494633
32.968595,16.457899,243.530558
34.168817,16.432831,243.441487
34.202022,16.475884,243.412424
34.329599,16.481717,243.409148
34.355645,16.457896,243.425786
34.648660,16.611149,243.574347
34.717255,16.640943,243.553439
34.982901,16.478136,243.602172
35.040307,16.411838,243.583539
35.635936,16.498547,243.634307
35.893871,16.348063,243.627888
35.887489,16.657052,243.664997
36.003077,16.624399,243.664962
36.003730,16.624647,243.664769
35.825719,17.070762,243.746217
36.048718,17.164278,243.667742
36.211277,17.241699,243.615413
36.281168,17.190138,243.593132
36.531817,17.314285,243.507800
37.237010,17.259864,243.520761
37.421522,17.221241,243.666675
37.871734,17.167842,243.685283
38.789494,16.997647,243.545940
39.227369,16.966673,243.509214
40.235169,16.950103,243.609120
40.609935,17.333136,243.530140
40.713343,17.379172,243.499323
41.103247,17.425670,243.453779
41.176712,17.597959,243.562993
42.088407,17.902262,243.879650
42.089022,17.902298,243.879591
42.559483,17.947808,244.000073
42.846493,18.131777,243.973477
43.458278,18.414287,243.965808
44.292367,18.321996,244.026656
44.645017,18.246662,243.762209
44.716355,18.204613,243.787747
44.716100,18.208260,243.787681
44.716509,18.209214,243.787089
44.701502,18.324737,243.788728
44.948846,18.268351,243.722927
45.680194,18.566390,243.872079
45.816118,18.626421,243.836899
46.649121,18.644931,243.904152
46.855320,18.644504,243.843066
46.999175,18.699922,243.809198
47.129624,18.781525,243.794354
48.253874,18.815276,243.785222
48.627435,18.904412,243.684253
49.029306,19.078899,243.574081
49.225530,19.112592,243.554264
49.237925,19.118843,243.550534
49.546875,19.045414,243.595854
49.671172,19.272752,243.658800
49.671765,19.272856,243.658757
49.685387,19.256884,243.668195
49.685827,19.257891,243.668245
49.924484,19.186715,243.711358
50.018808,19.165304,243.709106
50.883236,19.456229,243.779579
51.033885,19.445622,243.956143
51.178843,19.394685,243.846162
51.349771,19.487292,243.803856
51.948141,20.031446,243.701232
52.620000,20.193489,243.863190
52.858595,20.400990,243.996007
53.156580,20.432784,244.224076
53.856548,20.537535,244.288270
54.483370,20.541481,244.279670
54.681541,20.615336,244.242640
56.461357,20.357294,244.374746
56.573348,20.304587,244.396037
57.129307,20.317667,244.483910
57.973326,20.153096,244.461513
59.024652,20.373901,244.476003
59.025430,20.375242,244.475196
59.224126,20.459836,244.435220
59.478145,20.555652,244.460833
59.753879,20.487586,244.494656
59.761786,20.487327,244.481338
59.796055,20.473229,244.519125
59.905532,20.708168,244.517547
59.906251,20.708335,244.517387
60.183731,20.764803,244.492501
61.901599,20.996944,244.198819
61.914375,21.024635,244.187413
62.185921,21.161102,244.121349
62.637989,21.272123,244.315703
62.820095,21.266335,244.455670
63.087003,21.330318,244.430031
63.108265,21.358472,244.508483
63.866764,21.572184,244.278978
65.452517,21.558005,244.371426
65.951988,21.531031,244.303461
65.957440,21.489218,244.307803
65.958825,21.486137,244.310347
67.617181,21.399569,244.339754
67.621459,21.407659,244.333666
67.622372,21.407270,244.333515
67.647581,21.532077,244.311124
68.299771,21.580249,244.419168
68.724949,21.576246,244.682417
68.937048,21.355239,244.821042
70.682441,21.535715,244.913621
70.682011,21.539495,244.913919
70.558937,21.962339,244.965985
70.608058,22.274666,245.005066
71.171273,22.578721,245.178167
71.171885,22.584961,245.175355
71.431884,22.702448,245.133031
72.793885,22.803835,245.144769
73.066184,22.913856,245.100480
73.073123,23.127639,245.122529
73.052996,23.149038,245.134493
73.053716,23.149343,245.134408
73.050583,23.164941,245.135954
73.722069,23.692049,245.139551
73.740653,23.674008,245.136779
74.392432,23.672792,245.174394
75.335929,23.662646,245.181559
76.007692,24.058874,245.190717
76.684587,24.432302,245.276478
77.591556,24.217253,245.183534
78.418734,24.271946,245.165287
79.204472,24.668293,245.161281
80.406220,25.129094,245.089856
81.403021,25.646024,245.389062
81.635821,25.792680,245.420381
82.670244,25.985365,245.363009
83.816245,26.005969,245.346877
84.313596,25.913060,245.357602
84.619423,26.033584,245.306625
85.431927,25.916574,245.364582
85.721605,26.003218,245.320919
85.727243,25.997919,245.313398
85.784333,26.048986,245.294802
86.484545,26.046974,245.324187
87.327307,26.267663,245.323739
87.509137,26.424041,245.355807
87.558605,26.504284,245.326149
88.549008,26.598309,245.307620
89.009281,26.924945,245.372984
89.009956,26.928605,245.373940
88.880669,27.387275,245.422675
89.221405,27.626317,245.404249
90.436567,28.142293,245.396627
91.184636,28.318513,245.340094
91.192441,29.112026,245.393558
91.368353,29.230128,245.370811
91.654932,29.156331,245.327794
91.839909,29.415965,245.363916
91.838580,29.427167,245.376146
91.955495,29.985041,245.401273
92.285107,30.121420,245.441779
93.166666,30.140451,245.467235
93.373725,30.388778,245.432681
93.414782,30.359178,245.441836
93.447052,30.434015,245.422283
93.738769,30.566438,245.524822
94.274395,30.926360,245.751347
94.504099,31.047246,245.695571
94.866287,31.358285,245.638216
95.372026,31.733457,245.553963
96.125887,31.728886,245.545105
96.562257,31.748256,245.455820
96.598923,31.810273,245.487189
96.545938,32.051240,245.425942
96.547233,32.051134,245.425846
97.357635,32.139876,245.418184
97.918857,32.347327,245.363730
98.670896,32.579914,245.494355
98.687433,32.564332,245.498455
99.179002,32.652813,245.346208
99.456653,32.687063,245.229539
99.737348,32.668107,245.167784
100.658642,32.844394,245.186939
100.654382,33.334460,245.213771
100.656196,33.335586,245.215606
100.723664,33.355386,245.225054
100.971419,33.350410,245.139120
101.499768,33.532609,245.175277
101.552204,34.209326,245.188390
101.804046,34.160314,245.202436
101.747298,34.352519,245.205869
101.971392,34.309115,245.209068
102.240904,34.257564,245.222853
102.160777,34.899896,245.286654
102.161784,34.900252,245.286790
102.915208,35.234613,245.365740
103.082119,35.286531,245.267714
103.494591,35.652444,245.320778
103.495629,35.652802,245.320924
103.853625,36.345486,245.426983
104.294521,37.023432,245.323763
104.467394,37.249207,245.431261
104.799893,37.593728,245.366103
104.945095,38.273159,245.452814
105.287737,38.217578,245.484754
106.112592,38.694088,245.363298
106.115035,38.897583,245.409603
106.999619,39.425247,245.447528
107.417572,39.528241,245.471064
108.493916,39.952216,245.493561
108.626004,39.916967,245.531091
108.780566,40.078355,245.660146
109.247501,41.023006,245.734060
109.216221,41.106093,245.720426
110.031601,41.550733,245.754481
111.154228,41.684272,245.797231
111.503746,41.628885,245.843737
111.718160,41.976731,245.785746
112.105012,42.399678,245.797507
112.311576,42.737174,245.905044
112.443855,42.697729,245.913140
113.331673,43.064759,245.941045
113.782740,43.529646,245.976806
114.211997,43.540119,246.035767
114.233625,43.561709,245.998387
114.275975,43.541090,246.002499
114.779473,44.026787,246.034259
115.581464,44.409642,246.212975
116.469513,44.749933,246.243780
116.780592,44.968343,246.305237
117.137648,45.274852,246.214900
117.337185,45.181427,246.186402
117.775560,45.133725,246.209687
117.816296,45.111082,246.220740
117.880654,45.089599,246.224209
117.953625,45.054239,246.221064
118.120857,45.252164,246.232196
118.286632,45.213289,246.245150
118.981410,45.778344,246.307475
119.322603,46.036212,246.061494
119.225891,46.389597,246.219531
119.627190,47.215443,246.246106
119.899579,47.306549,246.319527
120.310189,47.575257,246.293826
120.514516,47.919104,246.210763
120.872247,48.072175,246.228940
120.966724,48.103552,246.174154
121.653795,48.400337,246.218724
121.395204,48.724282,246.094174
121.237743,48.782771,246.093843
121.029467,48.940292,246.101242
120.869807,48.996910,246.096971
120.392045,49.487838,246.124115
119.855019,49.753029,246.135778
119.707663,49.819626,246.146554
119.499304,50.648245,246.144437
119.526293,50.657109,246.150722
119.664602,51.594072,245.939506
119.854464,52.435355,245.958299
120.093531,52.791696,245.921907
120.038041,52.814503,245.918695
120.392943,53.269280,245.934478
120.386530,53.454755,245.905586
120.937604,54.277446,245.994179
120.809769,54.815517,246.066027
120.771287,55.258448,246.018008
120.874309,55.288932,246.026951
120.822405,55.582451,246.074918
120.822369,55.583671,246.074812
120.824035,55.590804,246.088400
120.836428,55.590768,246.080244
120.907390,55.635689,246.111418
121.014549,55.728262,246.112955
120.932698,55.793571,246.097749
121.046825,55.974059,246.193057
120.926968,56.026017,246.182560
121.122597,56.584048,245.820218
121.034343,56.691197,245.848872
121.296972,57.295604,246.036628
121.369859,57.481183,246.040142
121.008358,57.785454,246.077656
120.712670,57.909189,246.074874
120.869366,58.250190,246.036983
120.906197,58.470705,246.083093
120.948531,58.486688,246.087182
120.878331,58.987906,246.021063
120.830061,59.392485,246.108588
120.776054,59.396093,246.104628
120.270012,59.593977,246.074119
120.359354,59.844331,246.033864
119.613159,60.543297,245.929472
119.425186,61.388184,245.923455
119.295018,61.876798,245.880126
119.013751,62.217513,245.627971
118.967842,62.899333,245.492703
120.061896,63.676337,245.602633
120.145314,63.744811,245.656530
120.271967,65.248322,245.695349
119.669652,65.554218,245.640647
119.850090,66.145107,245.713776
119.710975,66.872986,245.744338
119.671843,67.143179,245.703186
119.583674,67.121611,245.701258
119.059669,67.605457,245.615657
119.009551,67.593093,245.616474
119.004096,67.591924,245.616307
117.848333,68.937331,245.556391
117.154691,69.614198,245.542668
117.083032,69.590203,245.541815
116.909827,70.008726,245.282652
116.502253,70.548949,245.436532
116.249956,70.901694,245.385217
116.080054,71.084523,245.359989
116.149224,71.625014,245.411473
115.899645,71.718537,245.471442
115.588673,72.151338,245.564490
115.257680,72.634570,245.611585
115.244016,72.981015,245.568014
115.210935,73.008495,245.477261
114.914911,73.142786,245.442253
113.704563,74.151903,245.386624
113.774735,74.223093,245.353586
113.273879,74.956130,245.505152
112.266891,75.695303,245.743452
112.207405,75.694969,245.735269
112.097440,75.645201,245.728198
110.887722,76.342533,245.620897
110.718578,76.258818,245.611787
110.292103,77.083073,245.670215
109.501342,77.339023,245.623088
109.453854,77.350302,245.613117
108.968872,77.568588,245.655271
108.897362,77.942122,245.635759
108.490373,78.317182,245.621158
107.740831,79.200144,245.638159
107.447951,79.723359,245.671055
107.529980,79.836127,245.684872
107.529076,79.836688,245.684891
107.051970,80.443026,245.606813
107.068407,80.470630,245.619659
106.832823,80.575857,245.564942
106.832001,80.576466,245.564937
106.533583,81.158551,245.539333
106.338563,81.479686,245.525421
106.412000,81.633686,245.434495
106.183795,83.111389,245.551991
106.085859,83.462744,245.465602
105.684760,84.958294,245.425619
105.582369,85.850153,245.370407
104.812755,86.234731,245.376068
105.032535,86.614548,245.305525
105.308873,87.259470,245.325190
104.824182,87.684353,245.368223
104.299396,88.027978,245.402654
104.298806,88.028578,245.402630
104.271815,88.937391,245.340352
103.338033,90.807434,244.907477
103.375190,90.830487,244.910745
103.608997,91.240223,244.830828
103.518488,91.756599,244.841151
103.161169,92.458621,244.749362
102.913699,92.938443,244.957308
102.259653,93.515946,244.972758
102.043730,93.788623,244.540891
101.740723,95.063446,244.324623
101.729640,95.102983,244.341405
101.760845,95.142666,244.350715
101.795489,95.183268,244.359917
100.743997,95.697974,244.288022
99.731172,95.956735,244.258024
99.525990,96.465288,244.197692
99.555543,96.489692,244.199885
99.563650,96.589342,244.202782
99.347464,97.526595,244.204595
99.576583,97.688588,244.097148
99.586815,97.708427,244.105128
99.268980,98.489741,244.191728
99.014936,98.644972,244.040505
97.962414,100.461743,243.983874
97.509131,102.140024,243.795202
97.511905,102.266793,243.823002
97.529622,102.291016,243.833523
95.854516,103.341807,243.559467
95.839410,103.332637,243.557953
95.529627,103.807681,243.504382
94.695614,104.821625,243.386954
94.699626,104.827390,243.389311
93.986658,105.714406,243.491662
93.755094,106.262601,243.355160
93.738389,106.254043,243.353600
93.471114,106.361919,243.481930
93.511741,106.697235,243.528645
93.784593,107.234394,243.390159
92.384636,108.017151,243.101629
92.383295,108.017057,243.101394
92.114513,108.021084,243.136936
91.568505,108.193358,243.096730
91.567543,108.193526,243.096622
91.122787,108.825900,243.214589
90.593207,109.446872,243.130604
90.247384,109.820044,243.042196
90.430433,110.127853,242.958993
90.065815,110.828916,243.033287
90.130531,110.885532,243.041617
90.498362,111.161309,242.969288
90.555872,111.311796,243.013033
90.643478,111.454455,243.087000
90.642806,111.454867,243.086943
89.946346,111.694834,243.080267
89.945743,111.695282,243.080227
89.945139,111.695729,243.080186
89.965417,111.729470,243.077957
89.236510,113.059142,243.086335
89.018059,113.241484,243.036298
88.543427,113.757509,242.986880
88.542766,113.757899,242.986824
88.045693,114.211957,242.983295
88.044020,114.210345,242.972344
86.841751,115.093022,242.816532
85.886209,115.745919,242.641287
85.337403,116.701385,242.475428
84.654026,116.969077,242.442286
84.784803,117.531100,242.066507
85.231921,118.346350,241.997881
85.278844,119.630099,241.984008
85.283467,119.633638,241.982235
85.322567,120.093192,242.039713
84.984344,120.656232,241.942161
83.952726,121.287394,241.852488
84.089683,121.876181,241.673606
83.109697,122.402271,241.548315
82.089847,123.451543,241.593745
82.107168,123.488706,241.602750
81.254951,124.761207,241.722488
80.861962,124.623962,241.692169
80.643963,125.167103,241.552806
80.665300,125.202107,241.545915
80.660946,125.200216,241.547303
80.235840,125.897893,241.624108
79.547785,126.367983,241.618198
79.545610,126.367376,241.619022
79.558411,126.406120,241.600121
79.573087,126.417483,241.600743
78.381021,128.080371,241.168326
77.974085,128.770628,241.248004
78.687874,129.561311,241.047856
78.718872,129.677733,241.077225
78.004756,130.460779,240.630619
77.057800,130.735860,240.584012
76.609399,131.497612,240.483299
76.326921,131.984577,240.162628
75.274845,132.392053,240.126961
75.198497,132.353757,240.115198
75.197613,132.354204,240.114828
75.110340,132.741140,240.050302
75.091559,132.802051,240.078950
74.245496,133.268989,240.004312
73.890950,133.814901,239.750123
73.866278,133.799062,239.744723
73.083162,134.877098,239.677391
73.027536,134.963467,239.635163
72.619594,135.473894,239.721633
72.617663,135.473298,239.721999
72.313554,135.879955,239.364159
72.614753,136.387412,239.222717
72.614091,136.387752,239.222743
72.217121,137.046592,239.039477
72.216466,137.046923,239.039512
71.852590,137.967998,238.684569
72.108372,138.653164,238.312922
71.554301,139.820278,237.807239
70.187405,141.298146,237.913004
70.286531,141.496796,237.621105
70.272804,141.490406,237.624605
70.159664,141.533023,237.577862
70.161853,141.570800,237.563853
70.046017,141.620248,237.600029
69.653537,142.033520,237.491841
68.023008,143.402585,237.232838
68.006638,143.394759,237.237012
67.562109,143.471440,236.935584
67.510128,143.450864,236.948427
66.721157,143.352154,236.848475
66.672369,143.458379,236.862980
66.543039,143.607083,236.957055
66.508776,143.657223,236.935345
65.456176,144.992664,236.912133
65.127539,145.945765,236.678912
64.876585,145.899397,236.359518
64.906961,145.932922,236.312877
64.697133,146.856765,236.255487
64.768546,147.825828,235.236159
63.136544,149.188940,235.017391
62.450008,150.346057,234.697249
62.835399,150.872225,234.846426
62.574522,150.973132,234.936880
62.563587,151.057048,234.982130
62.627216,151.274411,234.930038
62.248965,151.817751,234.837450
62.241575,151.818302,234.851207
61.927202,152.537741,235.090884
61.913554,152.544471,235.097343
61.955173,152.602352,235.115376
61.819274,152.829164,235.062849
61.845128,152.855559,235.054575
61.179155,153.675821,234.919513
60.902007,153.963762,234.410098
60.896801,153.968581,234.420305
60.727577,154.002619,234.423002
60.793482,154.128115,234.372758
60.295775,155.194358,234.378018
60.381908,155.259763,234.387875
60.395765,155.274500,234.377227
61.035862,156.059741,234.517030
60.948743,156.083146,234.222669
59.939483,156.761076,234.092299
59.937269,156.762346,234.093416
59.944276,156.768456,234.098459
60.004697,156.854786,234.129460
59.771253,157.160488,234.206876
60.210509,157.739835,233.438844
60.246594,158.234527,233.443276
60.260505,158.467635,233.298161
60.226056,158.548476,233.275319
60.283829,158.569711,233.253540
59.786888,159.595409,232.800658
59.678469,159.715629,232.835857
58.991470,160.741803,231.960774
58.665173,160.913276,231.400785
58.018121,161.709813,231.229207
58.353508,162.062809,231.052513
58.057195,162.543562,230.967068
58.014895,162.924556,231.084846
58.020272,162.927775,231.087833
57.796684,163.677152,231.091791
57.284650,164.196989,231.216544
57.284459,164.197509,231.216537
57.313884,164.217611,231.201449
57.308133,164.226621,231.215519
57.333723,164.267197,231.238987
57.241898,164.367359,231.189948
57.241470,164.367846,231.190070
57.241037,164.368331,231.190193
57.114294,164.649585,231.195430
56.926680,164.851003,231.272697
57.281872,166.118596,230.799864
57.284405,166.120021,230.798875
57.226058,166.181029,230.774058
57.205357,166.182259,230.783875
57.242147,166.232093,230.765543
56.871151,166.730750,230.282679
56.856021,166.744198,230.264291
56.738201,167.491345,230.135902
56.726519,167.494059,230.140847
56.720199,167.493626,230.136247
56.599257,167.688670,230.160341
56.022862,168.194368,230.132489
55.510956,168.896807,229.453759
54.837424,169.972652,228.861945
54.696017,170.381963,228.796108
54.703184,170.382266,228.792610
54.867629,170.568672,228.715683
55.138235,170.559226,228.575449
54.916117,171.807657,228.139124
54.772112,172.580669,228.023438
54.851956,172.720346,227.967046
55.397406,173.144980,227.936959
55.673089,172.990243,227.434490
55.807899,173.135055,227.514823
55.922027,173.583543,226.998265
55.836640,173.541754,226.943209
55.455688,174.055898,227.054087
54.996028,174.371970,226.373603
54.865067,174.418967,226.084072
54.864832,174.419389,226.083737
54.868642,174.417312,226.066328
54.908471,174.452812,226.012163
54.707365,174.706668,225.928691
54.868373,174.895973,225.843237
54.857077,174.895420,225.844407
54.611711,175.047047,225.281465
53.969454,175.736921,224.898635
53.723881,176.264639,224.739190
53.783915,176.733424,224.691372
53.306355,177.214906,224.429525
52.925219,177.413382,224.087943
53.812451,178.521727,223.324803
53.837603,178.692027,223.260476
53.715506,178.868650,223.289104
53.878420,179.425879,223.137917
53.521971,180.012479,222.645172
53.640433,180.129975,222.560669
53.294697,180.557994,222.401438
53.037320,180.957308,222.083644
53.138320,181.024941,222.007065
53.089487,181.492093,221.560612
52.726594,181.686173,221.184597
52.726224,181.686524,221.184133
52.810010,181.726501,221.101111
52.903618,181.839532,220.767484
52.903180,181.839809,220.766889
52.611712,182.240461,220.339303
52.557209,182.267005,220.373884
52.265120,182.629985,220.116950
52.431275,182.830636,219.961494
52.658591,183.565823,219.505035
52.437917,183.823592,219.499650
52.297358,183.801399,219.280788
52.302098,183.806559,219.288373
52.306988,183.810297,219.293555
52.691183,184.397836,219.539012
52.816513,184.610226,219.456660
52.850006,184.899321,219.330449
52.754001,185.079082,219.345280
52.512026,185.812591,219.059312
52.356345,185.795599,218.857141
52.323663,185.809341,218.873531
52.331304,185.821744,218.896678
52.172164,185.961557,218.879535
52.114985,186.114485,218.971782
52.173503,186.553344,218.687125
52.001894,186.737933,218.649540
52.001417,186.738819,218.649824
51.856540,187.081006,218.586829
51.902307,188.100927,218.408112
52.337245,188.404211,217.956405
51.344064,188.809127,217.794287
51.344315,188.880871,217.719031
51.514894,189.147085,217.605954
51.072158,190.119789,216.894281
51.013446,190.153559,216.937932
51.007186,190.743423,216.760513
50.777280,191.083889,216.492737
50.599494,191.237599,216.451288
50.885047,191.726513,216.176618
51.152076,192.012507,215.747173
51.357975,192.254485,215.577466
50.992510,193.174032,214.794898
50.863925,193.742781,214.669865
51.173928,194.781568,214.138587
50.540795,195.587940,213.925236
50.268985,196.152475,213.760871
50.036168,196.515624,213.556224
49.981637,196.908490,213.328894
49.901510,197.356075,213.178298
50.092192,197.589881,212.809343
50.075725,197.621206,212.828289
49.767683,197.857366,212.361249
49.761158,197.863500,212.347955
50.199151,198.335729,212.257111
50.199004,198.336568,212.256913
50.169287,198.406524,212.233655
50.033658,198.744076,212.112940
50.766367,198.900557,211.901962
50.728296,198.943082,211.933852
50.764201,198.937366,211.902993
50.378583,199.375046,211.656042
50.303844,199.850069,211.247175
50.360606,200.033860,211.154367
50.362574,200.076288,211.158001
50.353526,200.084681,211.165467
50.716693,200.642765,211.255304
50.870019,201.453198,210.626260
50.927739,201.593878,210.590746
50.798147,201.954827,210.510968
50.622098,202.548184,210.258555
50.662802,202.685469,210.009314
50.923606,203.224990,209.791990
50.927256,203.207661,209.733966
51.123196,203.467293,209.491204
50.857199,203.645977,209.161087
51.040616,203.702957,208.414628
50.992453,203.768966,208.384407
50.656774,204.111554,207.904985
50.622559,204.528305,207.595584
50.416419,204.726439,207.320004
49.502977,205.341652,206.730847
49.530251,205.304836,206.685557
49.836417,205.464811,206.527890
49.861711,205.439639,206.504448
50.023041,205.605164,206.364022
50.293280,205.815625,206.050938
50.043115,206.216718,205.572723
50.211029,206.229373,205.352928
50.246915,206.382248,205.064289
50.238391,206.367514,204.812537
50.241731,206.338941,204.773127
50.455539,206.678259,204.834921
50.465286,206.669220,204.813240
50.483599,206.651932,204.740202
50.511224,206.633345,204.713964
50.791949,206.905567,204.357260
50.657596,207.035686,204.086944
51.441217,207.702078,203.683181
51.517506,207.638679,203.658369
51.814560,207.857825,203.636901
52.506578,208.125989,203.099312
53.401970,208.370996,203.293237
53.631569,208.637649,203.051399
53.771400,208.547805,202.964093
54.082862,208.784905,202.725339
54.311670,209.022898,202.645433
54.364465,209.008369,202.632356
54.288006,209.073242,202.583036
54.330607,209.105236,202.633213
54.354619,209.118942,202.629128
54.652016,209.263130,202.267778
54.653882,209.265183,202.270146
56.424564,210.060118,201.812168
56.399596,210.081147,201.541341
56.588355,210.262385,201.552986
56.784722,210.274461,201.346579
56.850024,210.217977,201.279056
56.648571,210.307938,200.932196
56.792366,210.240454,200.848977
57.025331,210.458093,200.315350
57.026013,210.458084,200.315065
57.026841,210.459523,200.314871
57.133460,210.508248,200.369460
57.390725,210.788102,200.604071
58.176150,210.858373,200.434172
58.159024,210.893167,200.223075
57.991411,211.062523,199.995443
57.979108,211.077567,199.973846
58.401301,211.442139,199.702229
58.331371,211.603675,199.516378
58.512823,211.777617,199.703037
58.757230,211.923702,199.510825
59.549441,212.396670,198.988134
59.596670,212.387027,198.837632
59.597096,212.387194,198.837243
59.189197,212.780368,198.563780
59.283004,212.935515,198.306543
59.867143,213.213567,198.111663
60.059886,213.077931,197.978087
60.239347,213.619534,197.934535
60.239861,213.620043,197.934432
60.202428,213.646637,197.913740
60.271070,213.698399,197.687997
60.576643,214.051094,197.699449
60.588278,214.065523,197.718108
60.653036,214.197982,197.666019
60.661879,214.222051,197.685580
60.655644,214.299279,197.551972
60.596132,214.285213,197.470582
60.706978,214.290178,197.220764
60.735434,214.699538,196.476587
62.058054,215.078749,196.160477
61.843418,214.970639,195.697008
62.292262,215.301707,195.678039
62.396611,215.234902,195.603290
62.740253,215.298614,195.136180
62.712672,215.314939,194.985060
63.615672,215.732453,193.966535
63.907892,215.625040,193.871575
63.916796,215.603893,193.865048
63.957255,215.579037,193.882378
64.020031,215.360431,193.673127
64.081236,215.467472,193.739566
63.958814,215.543795,193.625954
63.994307,215.493898,193.627641
63.957425,215.529128,193.593514
64.127931,215.493054,193.311237
64.076307,215.605635,192.951795
64.224536,215.513035,192.961129
64.807619,215.709332,193.037321
64.972405,215.803407,193.180629
65.194281,215.738975,192.848214
65.117318,215.738213,192.774953
65.094411,215.724724,192.736457
65.135265,215.753414,192.733945
65.675791,215.466072,192.255456
65.519571,215.812695,191.601587
66.176374,216.055488,190.933626
66.502211,216.479761,190.824610
66.444865,216.481325,190.769133
66.818168,216.457778,190.596754
66.916111,216.428850,190.549768
67.121520,216.654509,190.341405
67.120131,216.740722,190.110307
68.539486,217.155860,188.838896
69.044926,217.696122,187.572527
69.238570,217.704288,187.005609
69.255788,217.505632,186.697952
69.381572,217.446820,186.436255
69.504155,217.569431,186.063687
69.727877,217.537570,185.738781
69.022690,217.760559,185.367777
68.912293,217.788063,185.199346
69.585686,217.784788,184.589743
69.939758,217.590524,184.388870
69.972510,217.572415,184.412502
69.981238,217.551661,184.414822
70.215238,217.745887,184.647725
70.573252,217.727243,184.356260
71.993467,217.556031,183.908976
72.016968,217.590194,183.768565
72.278940,217.447073,183.519143
72.916413,217.680037,182.845028
73.669606,217.595764,182.919816
73.656455,217.681741,182.810362
75.087297,217.851753,181.953080
75.227765,217.968600,181.952895
75.563828,217.804019,181.858250
75.983038,217.817310,181.430975
75.989699,217.863620,181.356942
76.473599,217.926933,180.715879
76.867907,217.731012,180.418575
77.584472,217.899691,180.201123
77.816503,217.746064,179.875184
79.643511,217.251794,179.273150
80.310149,217.375272,178.137262
80.639672,217.581426,177.848792
81.270745,217.767222,176.846552
81.398662,217.700373,176.932623
81.317925,217.596205,176.610809
82.105148,217.190533,175.723332
82.040518,217.172440,175.613354
82.407575,217.491120,174.951809
82.566355,217.708443,174.669362
82.800681,217.642849,174.721536
82.773716,217.629455,174.692997
82.774266,217.629173,174.692634
82.827200,217.651844,174.682391
82.385422,218.256235,173.965047
82.582878,218.169513,174.071275
82.647213,218.191955,174.051005
82.956860,218.173867,173.365071
83.381659,217.734546,173.050325
83.460126,217.808387,172.897796
83.459581,217.806885,172.896059
83.665809,217.706463,172.864055
83.801013,217.665367,172.930226
84.393385,217.815756,172.886400
84.348683,217.711161,172.658511
84.368818,217.740837,172.596018
85.011877,217.779179,172.095392
86.073310,217.738181,171.781260
86.074022,217.738085,171.781060
87.042543,218.181191,170.744212
87.025947,218.175589,170.720571
87.032628,218.173993,170.725736
87.933120,218.123253,169.894779
87.930055,218.125668,169.891336
87.843307,218.086416,169.792112
88.817599,218.547865,168.358041
88.741320,218.431537,168.081076
88.990721,218.621489,167.778056
89.374876,218.455047,167.568196
89.529340,218.471470,167.629932
89.539076,218.494019,167.610416
90.017349,218.596259,166.906204
90.201853,218.572369,166.968470
90.613925,218.389454,166.509161
91.003061,218.130402,165.857213
91.439810,218.222702,165.331387
92.580866,218.432159,164.555990
93.480704,218.571914,164.058140
93.758375,218.828425,163.257927
94.997900,218.878536,161.854925
95.286280,218.911294,161.576051
96.423834,219.126146,160.918042
96.820986,219.233518,160.811012
96.822059,219.233035,160.811099
97.486892,219.123220,160.453436
97.757411,219.334178,160.131184
98.219774,219.566321,159.770546
99.066706,219.422793,158.880075
99.900674,219.521571,158.389990
100.125139,219.633402,157.992897
101.621220,219.467398,156.885901
101.810845,219.451939,156.924538
101.753844,219.391638,156.643493
102.179606,219.738402,155.917379
102.376367,219.508524,155.218249
103.459542,219.768584,154.976100
103.481061,219.865941,154.471212
103.735695,219.968553,154.493160
103.738343,220.012705,154.483416
103.831339,220.023231,154.415007
104.372800,220.109105,154.349617
104.906167,220.391177,154.132031
105.004678,220.257761,154.074162
105.508464,220.072029,153.775656
106.344604,219.928455,153.011979
106.618287,219.894061,153.006828
106.487761,219.798942,152.767936
106.523271,219.795196,152.800308
106.380969,219.696584,152.540228
106.381818,219.695891,152.539894
107.352687,219.703496,151.512082
107.961887,219.839553,151.316594
108.721728,219.705330,150.759683
109.027215,219.822799,150.485587
109.028341,219.822894,150.485741
109.709223,219.927844,150.064950
109.710363,219.927913,150.065113
109.711503,219.927982,150.065277
109.864249,220.039736,150.133407
109.865374,220.039790,150.133563
110.588191,220.214599,149.884820
110.614596,220.258259,149.697405
111.510562,220.237110,149.144934
111.731520,220.229716,149.018892
112.560745,220.320181,148.988530
112.881642,220.236564,148.175262
114.169433,220.440914,147.283299
114.925899,221.116510,145.684707
115.116335,221.113296,145.489190
115.216596,221.007985,145.431084
116.326077,221.452363,144.471365
116.450049,221.402626,143.992455
116.449494,221.408412,143.990495
117.109477,221.444835,142.928293
117.707282,221.376675,142.884136
118.424930,221.548610,142.258725
118.875132,221.700925,141.902018
118.896131,221.747339,141.211844
119.006978,221.569178,141.157795
118.971271,221.606221,141.085292
119.435445,221.554019,140.343572
120.166436,221.359810,140.138687
120.173862,221.276266,140.110835
120.555656,221.294169,140.220960
120.952286,221.260140,140.079582
122.024018,221.131853,138.991529
121.534102,221.657590,138.149912
121.652321,221.641820,138.183648
123.129027,221.037925,136.589150
124.166192,221.047011,135.278376
124.487851,221.147989,135.069799
125.129177,220.956109,134.683269
125.146820,220.893967,134.202850
125.157094,220.909009,134.141017
125.115138,220.915574,134.065666
125.368097,220.889872,133.388167
126.395376,221.101546,132.066588
126.507069,221.020164,131.296679
128.086533,221.132146,130.203561
128.793288,221.363912,129.595958
129.970005,220.899534,129.121496
129.972519,220.898200,129.122424
130.053563,220.767725,128.403964
130.543706,220.807399,127.825793
131.581956,220.801301,126.929822
131.716120,220.838369,126.895051
131.802747,220.865202,126.927980
131.789489,220.763196,126.859381
132.963387,220.504583,126.571260
132.805840,220.495564,126.383080
132.848815,220.394593,126.360625
133.020156,220.557090,125.577952
133.461439,220.713622,124.960458
134.089176,220.954656,123.477680
134.893269,221.005598,122.441762
136.254783,221.289580,120.921998
136.749855,221.383310,120.320110
137.113758,221.581736,120.090834
137.087094,221.574185,120.060292
137.219152,221.559644,120.065533
136.855308,222.025422,119.662550
136.872886,222.184839,119.160214
137.886653,222.178643,117.755369
139.064121,222.305817,115.788338
139.052758,222.309995,115.778688
139.557633,222.151241,115.145805
139.557675,222.151554,115.144739
139.515161,222.180304,115.092335
140.160132,222.011394,114.533310
139.898233,222.380352,114.087436
140.447596,222.197190,112.921909
140.717360,222.014760,112.420548
141.793631,221.532089,111.230560
142.319904,221.377677,110.700758
142.663660,221.253250,110.110813
142.651187,221.322091,110.063824
143.531457,221.298762,108.990631
144.213523,221.354052,107.676495
144.214046,221.354280,107.675802
144.331728,221.489450,107.607319
144.791215,220.843037,106.138520
145.199830,220.974494,105.592334
144.612318,221.266564,104.475478
145.088530,221.213848,103.817125
145.773792,221.024945,103.549552
145.956883,220.748713,102.650303
147.355103,220.596574,101.132341
147.541580,220.934075,100.641055
147.459965,221.223506,100.016334
147.501087,221.249210,100.036458
147.368700,221.303774,99.922886
147.930274,221.006622,98.678562
148.724687,221.633265,97.781273
149.717125,221.444595,96.678455
149.717634,221.444731,96.677826
149.826269,221.183990,96.232763
150.371669,221.231370,94.958311
150.238859,221.284228,94.911149
151.026594,221.549260,94.149764
151.150219,221.724882,93.669901
151.400122,221.791682,93.292896
151.872981,221.942911,92.919770
152.324669,222.407445,92.241523
153.259876,222.239118,91.348273
153.784722,222.379858,90.654882
153.618185,222.571973,90.388996
154.158383,222.585663,90.048550
154.110465,222.569134,89.989277
154.250558,222.695399,89.551031
154.739896,222.862519,89.220920
155.357895,222.864664,88.609828
155.573078,222.806410,88.172073
156.206137,222.656891,87.975511
156.056590,222.707177,87.857856
156.228483,222.602352,87.825734
156.756767,222.696594,87.014268
156.910608,222.376240,86.669663
157.132074,222.287822,86.607414
157.932139,222.220252,85.722361
157.721162,222.321039,84.889843
157.721312,222.321523,84.888322
157.718978,222.319581,84.885693
158.008436,222.441685,84.578984
158.024485,222.596946,84.154525
158.025066,222.597106,84.153795
158.112020,222.725777,83.805993
158.434474,222.839283,83.479419
158.452359,222.903980,83.391891
159.181107,222.945921,82.999060
159.183421,222.948093,82.998940
159.369357,222.750256,82.575669
159.930002,222.336062,82.012035
159.930936,222.335887,82.011408
160.004105,222.346480,81.868722
160.347891,222.177620,81.599742
160.634589,222.222250,80.776181
160.499687,222.138959,80.621495
160.915356,222.256521,80.113077
160.916122,222.516518,79.967441
160.915681,222.516344,79.966102
160.625400,222.564287,79.562101
160.612120,222.580646,79.552136
161.039088,222.282641,79.228705
161.180147,222.548244,78.849866
161.484513,222.385355,78.602717
161.473267,222.360895,78.595875
161.464092,222.272420,77.771813
161.691208,222.037584,76.442337
161.842605,221.851880,76.163157
162.049454,222.013593,75.779049
162.101109,221.602523,75.261395
162.612918,221.698816,74.842683
162.448728,221.991675,74.114361
162.337501,221.997954,74.016403
162.864524,221.759856,72.987505
162.860068,221.566158,72.392170
163.129822,221.637960,72.023992
163.828788,221.819073,71.444483
163.829801,221.819287,71.443644
163.943134,221.906818,71.252462
164.264055,222.113154,70.805856
164.631523,222.069358,70.174749
164.633575,222.070328,70.174238
164.683989,222.037594,70.174647
164.830099,221.952252,69.244345
165.069999,221.825857,68.830252
165.019704,221.500349,67.518681
165.082777,221.603851,67.195300
164.930591,221.844630,66.607002
165.153968,222.218692,66.476484
165.136810,222.194627,66.443589
165.497402,222.118370,66.091290
165.337773,222.107747,65.604594
165.574622,222.157908,65.460520
165.683811,222.196687,65.413531
166.360357,222.187276,64.762168
166.377129,222.309633,64.434632
167.098907,222.372588,63.680549
166.976625,222.331315,62.996588
167.003188,222.323955,63.002216
167.126575,222.297740,62.971821
167.539261,222.613433,62.621572
167.596009,222.678727,62.487038
167.729364,222.551727,62.364072
167.423102,222.589629,62.179663
167.432286,222.648217,62.097952
167.087391,222.622846,61.274878
167.095133,222.718981,61.088972
167.070308,222.727834,61.080702
166.858000,223.018822,60.461247
166.872211,222.858173,60.040595
166.279807,223.135598,59.462771
166.279407,223.135556,59.461606
166.569201,223.105684,59.268849
166.564635,222.815979,58.801627
166.861489,222.737286,58.181612
167.085756,222.914445,57.920002
166.900861,222.985124,57.721762
166.915318,222.987605,57.708540
166.942796,222.978482,57.565928
166.747090,223.006028,57.166036
166.481415,223.065368,56.159497
166.227498,223.271685,54.895313
166.518919,223.372074,54.182142
166.478358,223.429477,53.210999
166.505424,223.441291,53.202116
166.284620,223.890728,52.571869
166.181612,223.879953,52.337793
166.588161,223.712818,51.656471
166.589772,223.713122,51.655090
166.513200,223.733049,51.651107
166.466525,223.606650,51.369914
166.200377,223.891131,50.792551
166.308487,223.926137,50.739326
166.540933,223.945535,50.489993
166.399634,223.850846,50.314434
165.786172,223.509895,48.832248
165.743745,223.626442,48.429210
165.232924,223.563126,47.718484
164.990723,223.320364,47.549709
164.824083,223.216866,47.182233
164.562807,223.362403,46.922834
164.543669,223.643765,46.628858
164.430274,223.400762,46.344167
164.465974,223.444144,46.266398
164.492091,223.308576,46.034616
164.587468,223.214006,45.947697
164.738506,223.286818,45.777265
164.872140,223.218273,45.637692
164.914174,223.230782,45.615481
164.732975,223.416940,45.326097
164.537663,223.521570,44.997575
164.385382,223.586876,44.773483
164.001493,223.425065,43.911207
164.136834,223.552507,43.674569
164.068464,223.686825,43.224820
164.179554,223.689125,43.154826
164.232436,223.733678,42.913888
164.372701,223.659302,42.283434
164.469909,223.710936,42.173500
164.412246,223.916412,41.582399
164.253364,223.721017,40.923501
164.807571,223.728787,40.111872
164.011300,223.635115,39.961259
163.581154,223.500836,39.801002
163.223701,223.593174,39.637672
162.195005,223.363664,38.977576
161.320849,223.018959,38.876863
161.088386,223.148599,38.645829
160.544294,223.025748,38.170090
160.064057,223.063952,37.917726
159.999831,223.055221,37.948082
159.933759,223.069593,37.948044
159.545747,223.164707,37.834818
159.009867,223.243511,37.601691
158.610761,223.522100,37.271155
158.144693,222.798679,36.677216
157.783401,222.929220,36.558612
157.389082,222.991816,36.457094
156.292564,223.181934,34.602400
155.322516,223.750371,33.362581
154.808048,223.688339,32.939381
154.759250,223.710451,32.960005
154.278356,223.903554,32.692047
154.172598,223.930386,32.716205
153.982767,223.864906,32.145561
154.396435,223.722976,31.754755
153.638357,223.883676,31.387465
152.945428,224.128364,30.995527
153.024516,224.114622,30.778690
152.720213,224.230054,30.583435
152.740618,224.403593,30.277063
152.453595,224.071185,30.000433
152.356061,224.092153,30.014159
152.142116,224.072559,30.053152
152.140836,224.072791,30.052798
152.141986,224.074246,30.048721
151.712795,224.222678,29.897673
151.910950,224.145628,29.387300
151.629771,224.270366,29.227764
151.202166,224.138915,28.456276
150.828340,224.266548,28.494613
150.477224,224.326830,28.359495
149.447618,223.923249,28.075686
148.713904,223.546884,27.798265
148.680120,223.617384,27.742424
148.022447,223.851320,27.326181
147.954213,223.887177,27.359190
147.225156,223.979964,27.178237
146.447037,223.726106,26.989166
145.396108,224.046621,26.588284
145.012820,224.234831,26.485085
144.241959,224.031365,26.618923
144.180799,224.057117,26.562595
143.957018,224.095380,26.367389
143.768242,224.054176,26.410776
143.848362,223.968378,26.112153
143.056311,224.153068,25.754743
142.442551,223.468593,25.413448
141.912178,223.545563,25.297321
141.909984,223.546484,25.298999
141.222700,223.983640,24.611265
140.868209,224.070785,24.469639
140.522636,224.156924,24.374170
140.147921,224.204113,24.705463
139.649946,224.143746,24.476041
139.472274,224.231785,24.532150
138.942163,224.369747,24.367387
138.023061,224.356400,24.316052
137.888117,224.375292,23.834873
137.165206,224.246638,23.620183
137.004598,224.404642,23.652787
136.707626,224.382526,23.717725
136.172651,223.955876,23.404817
135.508022,223.849118,23.255294
134.735682,224.201789,23.045604
134.735410,224.207405,23.039961
134.197421,224.597014,22.229841
133.062267,224.066559,22.324468
132.768237,224.043382,22.382567
132.348878,224.132171,22.280425
132.149951,223.826888,22.199898
131.691079,223.609831,22.137704
131.320604,223.734456,22.450026
130.594510,223.882502,22.527971
130.367179,223.789379,22.593524
129.778966,223.703862,22.561850
129.069002,223.863465,22.344939
128.517314,223.435751,22.276968
128.515940,223.439307,22.277690
128.118719,223.491357,22.451721
127.729094,223.694623,22.564270
127.534281,223.562130,22.253430
126.432436,223.766691,22.358039
125.139559,223.858699,22.513015
125.136315,223.903559,22.526996
124.362203,223.848048,22.451857
124.353576,223.856994,22.436615
123.880141,223.832578,22.599904
123.700702,223.990966,22.653329
123.129024,224.088181,22.486713
122.730598,224.253237,22.559734
121.445985,224.030200,22.263398
121.247132,224.138159,22.336551
120.886957,224.246243,22.012597
120.881635,224.235824,22.021016
120.283717,224.113853,21.922707
120.173160,224.092975,21.969631
119.587381,223.871114,21.975395
118.727194,224.154107,21.798397
118.552555,224.267039,21.931909
117.852056,224.574761,21.845480
117.487635,224.661553,21.729614
116.738026,224.468129,21.525245
115.940133,224.460719,21.469181
114.988383,224.395071,21.456135
114.298273,224.086892,21.499398
112.413425,224.043864,21.048154
111.996836,224.329355,21.112374
110.203493,224.237206,21.117270
109.634675,223.890565,20.868709
109.472884,223.924821,20.809592
109.106745,224.246105,20.913632
107.893929,223.995830,20.708093
107.504069,224.198403,20.538000
106.280708,224.299571,20.152149
105.474436,224.594385,20.056334
104.373925,224.764886,20.031183
103.887368,224.702139,19.873756
103.865214,224.705222,19.867117
103.449360,224.595876,19.944996
102.722576,224.464111,19.640362
102.723712,224.446399,19.624210
102.375343,224.253878,19.646726
101.776613,223.723779,19.626557
101.196470,223.613422,19.688320
100.075145,223.629863,19.427966
99.519074,223.716015,19.445134
99.251844,223.783519,19.350797
99.215937,223.830074,19.321148
98.941514,223.334676,19.529956
98.308895,223.350126,19.554865
97.707564,223.538274,19.530530
97.401573,223.681646,19.414691
96.481015,223.657708,19.166381
95.265506,223.581677,19.615810
94.301768,223.982990,19.652141
93.040100,223.633403,19.775095
93.038192,223.639547,19.777578
92.375046,223.920518,19.798420
92.029825,224.056241,20.139972
92.003606,224.089255,20.197921
91.327176,224.168168,20.284760
91.326155,224.169731,20.290146
90.725253,224.340555,20.379218
90.718007,224.377589,20.389740
89.544261,224.313610,20.068483
89.130003,224.185788,20.117287
88.805513,224.313249,20.025363
88.553736,224.638015,20.010111
88.553005,224.638943,20.009303
87.946905,224.915080,19.865427
87.169538,224.744978,19.720684
86.437264,224.395756,20.029883
85.728907,224.243970,20.044916
85.304503,224.324185,19.988880
84.965913,224.466684,19.896220
84.447884,224.487279,19.654272
84.447361,224.485736,19.653778
84.073976,223.782507,19.919631
83.619849,223.398684,19.947062
82.535592,223.132664,19.674448
82.232848,222.709140,19.560605
81.196800,223.057085,19.407862
80.198692,223.100570,18.858035
79.835386,222.539614,18.629890
79.832280,222.522309,18.637469
78.999652,222.603777,18.732941
78.649869,222.763268,18.656747
77.924756,223.059409,18.507919
77.652276,223.334483,18.447164
77.319319,223.493393,18.820530
77.218057,223.434621,18.718913
76.368033,223.386799,18.812480
75.947444,223.517300,18.747951
75.003962,224.103983,18.473588
74.727421,223.681235,18.370073
74.124435,222.897256,18.259566
73.786809,222.979631,18.330022
73.233986,222.766292,17.979550
71.742076,222.101513,18.179850
71.414884,222.166553,18.075216
70.733840,222.345165,18.165010
69.059165,222.654413,18.081604
69.051263,222.687634,18.052798
68.709753,222.604173,17.906495
68.206618,222.534837,18.073277
67.927433,222.681201,17.910104
67.513475,222.327371,17.872361
66.798059,222.647652,17.755194
66.789827,222.618394,17.703222
66.233024,222.617097,18.083298
66.111415,222.781928,17.991275
65.303237,222.945423,17.859148
64.940323,223.105658,17.735065
64.633911,223.252790,17.654857
63.682399,223.007674,17.646807
63.565772,223.136725,17.715520
63.498924,223.091252,17.714897
62.921625,223.153084,17.763711
62.618585,223.307929,17.665623
61.690972,223.904194,17.555304
61.680763,223.939666,17.575171
61.088008,224.226326,17.706259
60.593921,224.467985,18.155097
59.694642,224.466177,18.153738
58.831365,224.324505,18.239090
57.483658,224.778588,18.441430
57.477938,224.795152,18.426195
56.678270,225.202516,18.182294
56.391715,224.936142,18.430989
55.299550,224.519846,18.654574
55.052035,224.651758,19.002000
54.500372,224.648293,18.589120
54.475977,224.655746,18.618682
52.936584,224.715634,18.558321
51.902324,224.791731,17.983497
51.016063,224.192746,17.714200
50.786281,224.342326,17.623493
50.364157,224.180757,17.711489
49.733730,224.055451,17.781580
49.660361,224.166531,17.828632
49.596043,224.167196,17.839606
49.239616,224.407163,17.697259
48.441064,224.790225,17.678797
48.429931,224.784313,17.691408
48.225866,224.922749,17.614416
48.024939,225.060287,17.489405
46.861550,225.038780,17.664924
45.769882,225.028450,17.705005
45.394260,225.251344,17.917713
45.217577,225.221640,17.751820
45.216713,225.227088,17.758374
44.645942,225.215823,17.754582
44.641411,225.231224,17.745529
44.301556,225.476900,17.792489
43.774788,225.226213,17.666426
43.524417,225.282775,17.689517
43.365722,225.393059,17.609032
42.979836,225.484762,17.522215
42.409184,225.852917,17.618525
42.160689,226.000742,17.674866
41.985270,226.004650,17.927077
41.195922,225.823597,18.028163
41.048740,225.933438,17.957284
40.708612,225.619675,18.022079
40.434028,225.643372,18.006507
40.318548,225.674936,17.837298
39.870621,225.657958,17.797656
39.616849,225.534298,17.676027
39.159023,225.710955,17.342317
38.649248,225.309298,17.348045
38.222514,225.317634,17.365737
37.942009,225.229806,17.507940
37.452901,225.301471,17.483448
37.398010,225.391632,17.435224
37.238683,224.998004,17.441388
36.996992,225.194545,17.661026
36.832563,224.966598,17.616870
36.814510,224.965870,17.644949
36.403872,224.951878,17.711624
36.234997,225.073523,18.033819
35.791073,225.574736,17.978110
35.554986,225.815566,18.193055
35.222155,225.906879,18.244318
34.978530,225.526697,18.360853
34.977488,225.526265,18.359890
34.656038,225.842466,18.439491
33.802453,225.889053,18.435726
33.748802,225.804207,18.511411
33.648174,225.892744,18.792856
33.002924,225.530536,18.883361
32.923489,225.468922,18.955375
32.747418,225.112831,18.718249
32.166977,225.089882,18.708839
32.166324,225.090633,18.709101
31.123952,225.222787,18.872044
30.773790,225.555933,18.984923
30.211939,225.663220,18.965602
29.445840,225.761331,19.007693
29.365506,225.812566,19.192500
29.176201,225.909657,19.532992
28.991640,225.784153,19.469089
28.282663,225.230091,19.551577
28.182420,225.291997,19.798722
27.956690,225.403374,19.816582
27.928096,225.432728,19.881005
27.788371,225.566251,20.223717
27.723914,225.563357,20.396022
27.587801,225.668260,20.685400
26.510902,225.600955,20.504578
26.441129,225.580353,20.408087
26.267708,225.387920,20.392070
25.591377,225.472204,20.375487
25.198305,224.965449,20.336856
25.188324,225.015564,20.306306
24.564642,224.669762,20.308364
24.510129,224.712250,20.386278
24.272166,224.558307,20.347473
24.271068,224.556914,20.350455
24.165693,224.609571,20.328780
23.855150,224.752851,20.317664
23.760044,224.872790,20.299191
23.490788,225.212016,20.411120
23.456456,225.236269,20.491169
23.256760,225.363502,20.461677
22.921697,225.764813,20.536624
22.712493,225.903163,20.419386
22.450381,225.794983,20.464808
22.171339,225.692146,20.243852
21.860935,225.638408,20.288485
21.651687,225.892452,20.339590
21.418844,226.001364,20.225139
21.093351,226.342961,19.982628
20.931145,226.407096,19.978611
20.391498,226.173555,19.912837
20.267974,226.345886,19.897269
20.082711,226.381126,19.763439
19.965611,226.388243,19.747411
19.888197,226.499721,19.740759
19.781597,226.434426,19.765448
19.640638,226.522716,19.642694
19.259660,226.664350,19.690945
19.163403,226.771378,19.715257
19.058675,226.914737,19.730471
19.073833,226.885880,19.558080
19.030325,226.837174,19.454031
18.980230,226.882660,19.453803
18.848361,227.062497,19.352725
18.755320,227.099983,19.212551
18.781565,227.155023,18.994407
18.695944,227.026044,18.897495
18.527915,227.274161,18.801116
18.518144,227.287914,18.742478
18.223079,227.369617,18.646902
17.854057,227.505414,18.450670
17.767936,227.634488,18.377802
17.417803,227.611695,18.321778
17.387200,227.709812,18.206646
17.249534,227.963549,18.028391
17.087090,228.282404,17.924007
16.983145,228.425760,17.858675
16.868158,228.605665,17.604767
16.826232,228.732040,17.418463
16.609299,228.727735,17.194410
16.387023,228.943847,17.176891
16.350114,229.032325,16.874659
16.280531,229.072375,16.794906
16.294985,229.053854,16.662746
15.890661,228.927255,16.577587
15.820047,228.907903,16.586613
15.705857,228.940687,16.510502
15.533487,228.811809,16.236589
15.464308,228.756130,16.101410
15.157350,228.777101,16.079203
14.951498,229.036343,15.975634
14.905411,228.994858,15.977154
14.861998,229.065128,15.935267
14.799820,229.143364,15.868338
14.782250,229.172027,15.803175
14.758654,229.211870,15.760203
14.751050,229.229613,15.594068
14.405338,229.266193,15.576925
14.458153,229.136910,15.569746
14.325894,228.895645,15.629580
14.329507,228.599305,15.597245
14.361690,228.533206,15.633846
14.415518,228.425345,15.644308
14.389857,228.170809,15.569774
14.365081,227.992622,15.485582
14.214431,227.566398,15.329504
14.286355,227.426132,15.159719
14.326859,227.375788,15.061525
14.274310,227.013116,14.940423
14.254669,226.985871,14.885038
14.246789,226.806210,14.882242
14.261813,226.685295,14.837377
14.276122,226.656522,14.851654
14.306707,226.597791,14.874374
14.328644,226.437018,14.862622
14.361235,226.363922,14.723126
14.553857,226.223728,14.473400
14.589851,226.152031,14.508036
14.620562,225.951441,14.525155
14.661462,225.753533,14.527653
14.637765,225.613414,14.501851
14.793627,225.481467,14.386534
14.832137,225.390058,14.395485
14.973881,225.041164,14.256858
15.022894,224.714824,14.259565
14.942825,224.481306,14.180112
14.972210,224.153749,14.207677
14.996427,224.024617,14.215992
15.004038,223.992041,14.229741
15.025229,223.959763,14.249316
15.096117,223.586253,14.054545
15.131624,223.424960,13.931590
15.155217,223.349483,13.965243
15.157589,223.294720,13.995953
15.104580,223.153900,14.056701
15.142820,223.108549,14.052862
15.159928,222.960785,14.088936
15.190309,222.821456,13.974225
15.319152,222.598611,13.898807
15.366565,222.536476,13.868640
15.396572,222.423006,13.875753
15.392673,221.852633,13.915111
15.299729,221.799084,13.940475
15.330971,221.755367,13.867749
15.338282,221.507034,13.910742
15.417703,221.329504,13.826811
15.481131,221.170222,13.883081
15.529153,220.974353,13.949479
15.548312,220.862634,13.988312
15.573541,220.659213,14.025402
15.592707,220.571113,14.019490
15.651327,220.420642,14.060178
15.675577,220.293887,14.067047
15.602070,220.077358,14.141540
15.596366,219.886971,14.177608
15.536016,219.763492,14.236018
15.586064,219.651224,14.119275
15.581437,219.531749,14.118535
15.600895,219.403879,14.090993
15.657773,219.207871,14.140993
15.677385,219.099890,14.168280
15.684488,218.919331,14.196017
15.703041,218.778114,14.171968
15.687018,218.682007,14.168682
15.655316,218.486806,14.195764
15.681255,218.611372,14.202398
15.728951,218.781360,14.131890
