3000
3
233.280322,6.918270,24.421981
233.365852,6.956098,24.321400
233.437860,7.002852,24.239985
233.567897,7.166427,24.070625
233.589935,7.142713,24.380580
233.436849,7.211270,24.406759
233.390066,7.252555,24.454420
233.406399,7.325237,24.542389
233.355658,7.338166,24.602258
233.311727,7.342646,24.644205
233.255692,7.352224,24.697744
233.203094,7.366281,24.744215
232.841174,7.364716,24.756086
232.563202,7.397899,24.866522
232.472444,7.399611,24.976929
232.533501,7.371127,25.401499
232.523693,7.429709,25.403965
232.468108,7.463272,25.476561
232.462619,7.489480,25.489700
232.326116,7.531993,25.620345
232.237841,7.534319,25.699861
232.196505,7.650328,25.639487
232.065829,7.666892,25.686616
232.013684,7.894449,25.616282
231.993706,7.885388,25.632766
231.690519,8.015681,25.560457
231.612150,8.247373,25.616513
231.552878,8.268537,25.631416
231.521322,8.306925,25.664987
231.481590,8.343345,25.699866
231.439507,8.356547,25.745005
231.386611,8.713817,25.498171
231.342672,8.733813,25.493615
231.058672,8.973431,25.391855
230.958814,8.999614,25.441881
230.848703,9.130050,25.576020
230.809199,9.146889,25.606615
230.689493,9.220624,25.707422
230.575370,9.234896,25.980661
230.427408,9.277493,26.082167
230.398284,9.293633,26.045191
230.097595,9.470860,26.010973
229.986138,9.527667,26.115902
229.884398,9.587041,26.212423
229.495825,9.667280,26.161987
229.249453,9.710690,26.467954
229.032552,9.751315,26.657474
228.707295,9.945939,26.610247
228.683198,9.960176,26.633341
228.631953,9.957808,26.689689
228.540749,9.996433,26.774007
228.218794,9.980567,27.133025
227.835212,9.902537,27.395288
227.849734,10.026000,27.781256
227.710507,10.253204,27.607126
227.712454,10.265904,27.663601
227.462905,10.402795,27.747314
227.412134,10.416579,27.799212
227.078205,10.495945,27.806063
227.025393,10.514762,27.859960
226.836957,10.525821,27.960673
226.578244,10.468234,27.909916
226.521567,10.488279,27.967237
226.401534,10.595732,28.054061
226.231700,10.593036,28.045068
225.991794,10.582577,27.917093
225.854728,10.614253,28.092822
225.854063,10.614268,28.093104
225.963733,10.791352,28.124932
225.974571,10.897058,28.129913
225.846056,10.911173,28.254493
225.538035,10.923358,28.143527
225.192455,10.917170,28.220981
225.105122,10.920261,28.659186
225.044274,11.147427,28.764656
225.049890,11.196801,28.758311
224.945109,11.325710,28.763939
224.947165,11.371417,28.755039
224.845954,11.468478,29.337200
224.491636,11.475202,29.588226
224.431035,11.438321,29.608955
224.277150,11.523619,29.612214
224.219610,11.681421,29.700639
224.054041,11.733458,29.724697
224.053440,11.733578,29.724995
223.426865,11.656581,30.361037
223.486229,11.779278,30.286942
223.150926,11.824394,30.456616
222.592814,11.956291,30.575202
222.503559,11.934031,30.710997
222.252252,11.920667,30.751341
221.992703,12.109026,30.533976
222.091911,12.095779,30.801591
221.738470,12.399003,30.802217
221.390502,12.416219,30.652512
221.291949,12.448178,30.719521
221.414383,12.600536,30.580296
221.093329,12.667852,30.746769
221.086286,12.667520,30.740626
221.097729,12.680463,31.069375
220.947372,12.688248,31.333938
220.724685,13.021070,32.061843
220.532946,13.047258,32.131240
220.360438,13.124577,32.349574
220.446482,13.090793,32.548642
220.147107,13.246648,32.509601
219.725563,13.378844,32.724584
219.631067,13.382411,32.994124
219.622235,13.378944,32.996663
219.651934,13.411173,33.078687
219.526041,13.329086,33.749014
219.530394,13.520993,33.810342
219.224298,13.613225,34.008574
219.052467,13.551484,34.011528
218.974981,13.658423,34.129121
218.809074,13.693896,34.221939
218.680639,13.722297,34.309145
218.332598,13.790388,34.612084
218.325150,13.826762,35.035701
218.344110,13.766926,35.262066
218.133425,14.042094,35.405042
218.048560,14.037904,35.367257
217.937733,14.097841,35.487754
217.765891,14.249086,35.692600
217.621203,14.341249,35.770310
217.314096,14.644323,36.197696
217.173796,14.618974,36.312652
217.203536,14.638978,36.383429
217.203913,15.039598,36.628276
216.976622,15.097673,36.788398
216.799305,15.149903,36.897165
216.768358,15.145924,36.881629
216.673974,15.100701,37.033548
216.529603,15.039091,37.141158
216.260148,15.302076,36.949335
216.215579,15.293681,36.931117
215.987579,15.417891,36.762808
215.691292,15.660515,36.588895
215.786606,15.702512,37.267337
215.856699,15.679435,37.372511
215.837709,15.722842,37.692374
215.809718,15.766262,37.767056
215.665098,16.138763,38.359867
215.651064,16.212074,38.535451
215.197326,16.519514,38.838254
215.437268,16.485249,39.289629
215.347058,16.728779,39.346053
215.292665,16.826371,39.501274
215.335515,16.835049,39.514885
215.261879,16.985854,40.310178
215.278891,16.988892,40.312348
215.212837,17.083279,40.505070
215.202901,17.255265,41.091486
215.066630,17.505549,41.455946
215.130074,17.536191,41.876634
215.329305,17.590206,41.989556
215.377106,17.868019,42.200071
215.789860,18.139657,42.942976
215.716451,18.238212,43.149934
215.898343,18.459233,43.709496
215.746424,18.740781,43.938087
215.515446,18.761303,44.425260
215.514462,18.761997,44.425724
215.244146,19.125349,45.075650
215.283325,19.144261,45.082013
215.323207,19.146881,45.649882
215.512979,19.026297,46.170522
215.496047,19.101415,46.318989
215.541220,19.076009,46.402496
215.419332,19.142545,46.629177
215.272924,19.234397,46.748310
215.270616,19.333279,47.539479
215.377328,19.292266,47.773545
215.404132,19.338503,47.855826
215.376827,19.330601,47.861684
215.070150,19.522286,48.240179
215.106673,19.561402,48.343914
215.246446,19.547598,48.465690
215.259824,19.544396,48.684156
215.249063,19.512158,48.748173
215.088557,19.607828,48.940025
215.230127,19.614808,49.313353
215.232809,19.615644,49.313931
215.233762,19.615752,49.315008
215.363976,19.932124,49.863835
215.468438,19.963464,49.926631
215.469320,19.963557,49.927665
215.773593,20.234698,50.355560
215.667308,20.549156,50.887105
215.755310,20.809391,51.782525
215.758063,20.957087,52.068999
215.758307,20.957028,52.069997
215.894206,21.235075,52.018962
215.929467,21.323368,52.051681
216.119304,21.342951,52.169689
216.367938,21.275539,52.500343
216.059192,21.410174,52.744364
215.817299,21.527928,52.949331
215.815838,21.512319,52.976426
215.768589,21.682539,52.926454
215.931068,21.889469,53.195089
215.963529,21.865170,53.292347
215.956468,21.860696,53.297566
216.298574,22.115769,53.811804
216.511892,22.336681,54.210796
216.556472,22.305531,54.334092
216.532913,22.574100,54.253992
216.749307,22.645693,54.469709
216.801871,22.600469,54.677469
216.415591,23.168847,54.314233
216.610901,23.378321,54.267719
216.756050,23.442185,54.371812
216.758031,23.457550,54.344668
217.088616,24.145156,54.620762
217.123563,24.141505,54.675872
217.073821,24.483744,54.499725
217.100906,24.745300,54.542221
217.147250,25.054266,54.600096
217.153444,25.433549,54.657772
217.191801,25.415859,54.774387
217.222740,25.414760,54.783679
217.241337,25.596874,55.186043
217.217447,25.620980,55.184170
217.341956,25.986101,55.050593
217.349053,25.975598,55.093805
217.329916,25.989129,55.078390
217.191266,26.114711,55.335603
217.120200,26.182969,55.253709
217.334039,26.491859,55.776574
217.444387,26.527551,56.030320
217.296483,26.583531,55.920013
217.300058,26.579019,55.938530
217.322868,26.566066,55.998152
217.417869,27.168377,56.648497
217.424143,27.152035,56.702624
217.124842,27.281617,56.499006
217.105352,27.291006,56.466775
216.974790,27.503262,56.608753
217.091762,27.896982,56.316136
217.196111,28.222640,56.182108
217.036946,28.845633,55.766271
216.837314,29.054277,55.818310
216.875551,29.203493,55.877250
216.918407,29.516723,56.233884
216.895091,30.072383,56.495918
217.019137,30.387773,56.626349
216.938786,30.414945,56.579340
216.407508,30.765970,57.159334
216.343072,30.848654,56.984554
216.128267,31.055186,57.110875
215.833236,31.310959,57.198925
215.856807,31.559676,57.074859
215.729118,31.663311,56.896508
215.788306,31.718010,56.861417
215.934738,32.064753,56.925869
215.934146,32.065152,56.926086
216.330290,32.481696,57.108303
215.761352,32.989264,57.329763
215.607957,33.042933,57.237644
215.357358,33.278438,57.412955
215.051351,33.578007,57.531496
215.093115,33.779984,57.474250
215.127786,34.005303,57.416736
214.807453,34.812137,56.748115
214.539469,35.027828,56.809157
214.718808,35.332490,56.579504
214.583355,35.455286,56.362217
214.689858,35.550685,56.370479
214.849338,35.912437,56.220179
215.004694,36.316331,56.738251
214.846371,36.692727,56.729728
215.094534,36.963027,56.738636
215.145721,37.203954,56.695397
215.194441,37.440542,56.643028
215.499105,37.993490,56.710989
215.776046,38.521436,57.209390
215.653019,38.717691,57.380353
215.656621,38.718568,57.387997
215.877316,38.931126,57.584469
215.769418,39.041083,57.433188
215.716552,39.206851,57.457454
215.494382,39.549239,57.002428
215.439865,39.859752,56.756752
215.089179,40.503382,56.578343
215.013281,40.630008,56.399603
215.012986,40.630483,56.398768
214.542921,41.236352,56.486296
214.405420,41.637675,56.288365
214.217174,41.910908,56.262605
214.773965,42.528208,56.654836
214.773994,42.528693,56.654260
214.197079,43.626950,56.295725
214.156170,43.972951,56.311702
214.156224,43.973448,56.311121
214.216838,44.266948,56.239712
214.876189,44.756749,56.080800
215.188787,45.445917,55.691802
215.188806,45.446549,55.691261
215.021817,46.135682,55.434586
215.427539,46.387322,55.791461
215.427429,46.387989,55.790957
215.523243,46.512818,56.076391
216.091918,47.528271,55.982493
216.092107,47.528777,55.982065
216.180228,47.700323,55.714490
216.464590,47.993431,55.902264
216.360415,48.031874,55.770360
216.360596,48.032415,55.770004
215.964189,48.722256,55.108379
215.748355,49.032052,55.279304
215.739953,49.035705,55.266729
215.531029,49.348740,55.269023
215.542712,49.389014,55.306641
215.491485,49.399375,55.293048
215.562687,49.413990,55.299813
215.336201,49.800285,55.293084
214.968604,50.610772,55.547959
214.968188,50.611452,55.546895
215.035466,51.074723,55.962985
215.203191,51.822610,55.929864
215.604377,52.287282,55.930385
215.939469,52.877840,56.223448
216.011263,52.900300,56.212213
216.157193,53.423678,56.635303
215.935921,54.255486,56.855822
216.266679,55.096720,56.540852
216.451993,55.540926,56.317984
216.213463,55.898793,56.631496
216.213473,55.899310,56.631293
215.677888,56.520125,56.606810
215.632506,56.768208,56.775138
215.525922,57.265525,56.917109
215.474138,57.398206,56.647091
215.470208,57.399296,56.643887
215.468712,57.400036,56.642516
215.947392,58.522844,57.034859
216.037280,59.105622,57.164838
216.058054,59.500992,57.211241
215.925309,59.991142,57.614124
215.796694,60.241309,57.704714
215.708061,60.807588,57.501421
215.703391,60.809299,57.496587
215.573127,61.064035,57.705287
215.455394,61.617172,57.712755
215.629895,62.263798,58.259179
216.075095,63.181205,58.763141
216.209213,63.726298,58.742122
216.182333,64.465720,58.709432
216.264336,64.902864,58.592697
217.111292,65.537699,58.391370
217.273101,65.663841,58.235383
217.184843,65.973200,58.476168
217.305859,66.095647,58.288937
217.848594,66.420703,58.525361
217.994482,66.453782,58.642637
217.604400,67.140019,58.838576
217.564844,67.901936,58.809172
217.593798,67.897088,58.834261
217.771146,68.270605,58.902035
217.723477,68.690849,58.860978
217.624378,69.060408,58.418366
217.840655,70.230608,58.492325
218.434726,70.684960,58.624569
218.437732,70.684997,58.623868
218.630746,71.252483,58.110903
218.632460,71.252646,58.098325
218.037029,72.262753,57.615868
218.034555,72.263640,57.613312
218.590975,73.498473,57.320390
218.585631,73.505034,57.323550
218.960528,74.229784,57.964383
218.960637,74.230446,57.965208
218.673417,75.204874,57.673454
219.055698,75.687457,57.754452
219.669906,76.116093,58.124490
219.987861,76.832319,58.509280
219.870097,77.105785,58.200766
220.701398,78.366072,58.376178
221.066062,79.568549,57.814076
221.042325,79.589410,57.748551
221.056414,80.238612,57.849262
221.006354,81.160909,57.427944
221.002113,81.159437,57.414097
220.929959,81.819877,57.310214
221.029896,83.209011,56.809003
221.021233,83.212266,56.796009
220.878444,83.577743,57.027331
220.888351,83.626221,57.155930
220.888269,83.626635,57.155526
220.582967,84.414429,57.166658
220.837664,85.263400,56.538505
220.689259,85.547083,56.832821
220.689024,85.547474,56.832297
220.715820,85.548403,56.788182
220.762232,85.551071,56.712603
220.773685,85.550735,56.699254
221.277246,86.565733,56.508535
221.590711,87.046046,55.936691
221.590725,87.046789,55.935441
221.593072,87.046195,55.923256
221.924848,87.451012,55.932352
221.902196,87.920456,55.442565
221.812862,88.422630,54.896625
221.706819,89.195282,55.814565
221.858545,89.719489,55.781711
221.630677,91.090920,55.198112
221.506690,91.214225,54.995279
221.680805,92.675546,55.049395
222.125966,93.950182,54.675273
222.148318,94.872212,54.621363
222.133756,94.894185,54.616100
222.265432,96.106909,54.568998
222.265807,96.107349,54.568990
222.795043,96.958190,55.085039
222.815574,96.967775,55.157227
223.259542,97.679876,54.734425
223.207403,97.794159,54.556112
223.439755,97.985173,54.765858
223.442428,97.985370,54.760977
223.655269,98.831950,54.566529
223.400211,100.067603,54.245309
223.678081,100.432795,54.476252
223.364250,101.326617,54.323880
223.505453,101.556584,54.679483
223.501203,101.558098,54.680508
223.449574,102.018854,55.162341
223.485647,102.091245,55.389231
223.518877,102.095329,55.331583
223.506969,102.103553,55.369161
223.387706,102.296633,55.322450
223.392468,102.635263,55.177219
223.387341,103.015415,55.230277
223.029211,103.681734,55.641505
223.226970,104.310424,55.960996
223.131056,104.691267,55.624310
223.130184,104.691015,55.618969
223.359864,105.204802,55.181746
223.383110,105.205375,55.140369
223.108645,105.277643,54.974763
223.010388,105.284599,54.897963
223.012161,105.295450,54.908544
223.304734,105.622097,54.860930
223.304811,105.622441,54.860209
223.443823,106.193571,54.466690
223.992742,106.558709,54.266017
223.724540,106.630587,54.092479
223.724631,106.630922,54.091766
223.736978,106.629071,54.069863
224.282511,107.209960,54.356877
224.292778,107.208403,54.338392
224.062699,107.775083,54.457309
223.988005,108.872672,54.131329
224.000511,108.872145,54.102408
223.994710,108.868052,54.005322
224.152658,109.835834,52.946020
224.262386,109.968723,52.750971
224.226475,109.968493,52.717103
224.275117,110.043577,52.763155
224.274127,110.044887,52.753913
224.187418,111.240949,52.370834
224.296183,111.639232,52.997740
224.276554,111.658925,53.094361
224.062441,112.867423,53.217349
223.685449,113.868783,53.336322
223.676420,113.871032,53.351534
223.661516,113.878798,53.381417
223.672558,113.891306,53.451509
223.898754,114.118391,53.503340
223.618969,114.700924,53.773329
223.451154,115.329112,53.147092
223.106956,116.274264,52.959122
222.947586,116.520752,53.238216
223.217225,116.875746,53.577526
223.337235,117.116753,54.329725
223.322791,117.124385,54.355461
223.322723,117.124912,54.356509
223.280273,117.295466,54.174692
223.280230,117.295987,54.175664
223.280191,117.296508,54.176635
223.280150,117.297029,54.177607
223.194643,117.595167,54.191720
223.194603,117.595688,54.192725
223.086925,117.708512,54.372817
223.086642,117.709049,54.373911
222.998795,117.804718,54.509647
223.169014,118.298050,54.068023
223.035158,118.597901,53.374143
223.047701,118.606078,53.378362
223.366886,119.182220,52.947804
223.372749,119.815861,52.934314
223.389524,119.827161,52.958850
223.421326,120.519260,53.702527
223.544699,120.781902,53.515660
223.544892,120.782174,53.515019
223.717372,120.865932,53.664780
223.717554,120.866201,53.664133
223.764664,121.824453,53.458178
223.733318,122.420428,52.996141
223.817150,123.136830,52.589242
223.838861,123.128555,52.556042
223.838932,123.128892,52.555707
223.850183,123.124873,52.502521
223.944369,123.136035,52.556187
223.966980,123.804392,52.360129
224.023447,123.843129,52.267068
224.080394,123.868785,52.207850
224.548468,124.349872,52.468890
224.508347,125.219168,51.973757
224.357772,125.491722,51.756348
224.239575,125.731664,51.263030
224.474901,125.998953,51.234028
224.239469,126.285367,50.957198
224.328558,126.958995,50.656599
224.382667,127.243966,50.564241
224.301466,127.768361,50.286194
224.636441,128.073849,50.524055
224.629210,128.941114,49.821067
224.958630,129.192530,50.031025
225.129483,130.080826,49.956430
225.196956,130.807385,49.599490
225.208204,130.800654,49.580406
225.032033,131.181992,49.822663
225.058991,131.190385,49.789664
224.999171,131.216308,49.787098
224.927511,131.710926,49.940070
224.891684,131.707642,49.917394
224.963187,132.056296,49.738290
224.961287,132.259896,49.254461
224.932283,132.317992,49.127276
224.928165,132.316341,49.118446
225.010935,133.116180,48.524465
224.779718,133.969494,47.802672
225.086691,134.809793,47.803663
225.300187,135.058525,47.926955
225.274261,135.857870,47.682166
225.580761,136.119516,47.669026
225.610800,136.124486,47.688809
225.756844,136.985516,47.594152
226.038021,137.613199,47.714248
226.036636,137.619023,47.639113
225.698785,137.776027,47.482485
225.959726,138.029315,47.397108
226.110827,138.316479,47.444787
226.061397,138.346296,47.241765
225.864606,138.781406,46.892161
225.865135,138.781817,46.891850
225.867760,138.794769,46.905026
226.179068,139.264615,46.913207
226.403853,139.517584,47.027238
226.274644,139.689716,47.196305
226.127290,140.140287,46.555927
226.236212,140.415531,46.343733
226.188461,141.263749,46.155702
226.250365,141.274662,46.188931
226.030524,142.505120,45.337540
225.887297,142.840350,45.048967
225.676720,143.141787,44.938075
225.677848,143.146571,44.949355
225.681067,143.147176,44.948416
226.177283,143.889984,45.087313
226.360600,144.504885,46.213196
226.264895,144.700022,46.071242
226.248595,144.730979,46.122617
226.333466,145.088250,46.248732
226.403706,145.511710,46.320611
226.020025,146.268027,46.142951
226.043438,146.584953,45.607435
226.036764,146.585425,45.618296
226.084127,146.611129,45.673598
225.979110,146.815252,45.774221
226.107092,146.914521,45.739123
226.103554,146.923478,45.758387
225.529697,148.059634,45.755296
225.529897,148.060118,45.755891
225.778351,149.245402,46.697149
225.786716,149.246642,46.699021
225.614858,149.754955,46.640886
225.647308,149.800434,46.953671
225.539747,149.978626,47.136522
225.603676,150.375020,47.501798
225.810313,150.998431,47.544758
226.042727,151.136187,47.747152
225.778114,152.101271,47.809736
226.012525,152.704400,48.071310
225.722771,153.619253,47.486499
225.692013,153.632016,47.525309
225.530387,154.151894,47.759671
225.514186,154.777506,47.821808
225.564037,155.003973,48.080373
225.522784,156.147443,47.870547
225.145992,156.161789,47.635647
225.350371,156.920926,47.269375
225.342047,156.922786,47.268373
225.387606,157.394865,46.840872
226.290905,158.251518,47.217461
226.305756,158.253736,47.193321
225.839085,158.716994,46.797166
225.732252,158.772588,46.690948
225.726298,159.229746,46.654231
225.768524,159.393079,46.580948
225.524740,159.999130,46.719221
225.516536,160.208135,46.806999
225.435484,160.421901,46.533484
225.643373,161.618470,45.659978
225.897139,162.311832,45.879551
225.903202,162.311071,45.872950
225.915725,162.310895,45.886086
225.916059,162.311282,45.886115
226.169243,162.541882,45.911639
226.131469,162.610481,45.807577
226.269171,163.022718,45.578570
226.185682,163.167492,45.713906
226.112784,163.370886,45.690474
226.103070,163.377846,45.688595
226.163111,163.930271,45.544338
226.092891,164.155302,45.711037
226.086780,164.158082,45.720073
226.233250,164.599378,46.711057
227.131587,165.678329,47.232878
226.970156,166.112407,47.399060
226.798315,166.552040,47.036141
226.804926,166.551384,47.043809
226.958195,167.073472,46.954553
226.897185,167.207896,47.038802
227.023781,167.599984,46.815165
227.311737,167.715098,46.961133
227.349806,167.972065,47.032551
227.355835,168.040140,47.106191
227.444169,168.614898,47.488498
227.329047,169.066651,47.507355
227.193805,169.425332,47.667353
227.196255,169.432140,47.622238
227.179838,169.447711,47.616477
227.179796,169.448119,47.615935
227.162985,169.733075,47.015065
227.401739,170.033391,46.845674
227.475268,170.106898,46.873662
227.314503,170.758419,46.217336
227.229902,171.050031,45.868400
227.040838,171.986110,46.097958
227.041023,171.986499,46.097668
227.372013,172.135066,46.260527
227.300119,172.311649,46.151101
227.231719,172.490762,46.107104
227.260257,172.685119,45.880077
227.260037,172.685842,45.880003
227.260277,172.686207,45.879562
227.270038,172.856047,45.817684
227.365949,173.502860,45.190112
227.389056,173.505807,45.152312
227.232879,173.839154,45.380511
227.205587,173.986997,45.250027
227.137461,174.730678,45.777079
227.158946,175.341807,45.398915
227.035225,175.781898,45.150882
227.035139,175.782358,45.151128
227.029944,175.784899,45.159621
227.191520,176.013347,45.419421
227.191500,176.013770,45.419531
227.192781,176.014556,45.420350
227.092326,176.790614,46.095924
226.875627,176.977969,46.018977
226.546785,177.461920,45.678184
226.509457,177.478894,45.672788
226.401369,177.980101,45.596754
226.387898,178.091729,45.584739
226.240475,178.614368,45.762767
226.328854,179.206606,44.984013
225.964310,179.571996,44.826725
225.873917,179.760262,44.776265
225.879600,179.766390,44.740390
226.094909,179.929974,44.372150
226.027710,180.129118,44.185355
226.079151,180.206581,44.280007
226.068300,180.214144,44.301516
226.053872,180.345543,44.316187
225.940470,180.512533,44.345151
225.865553,181.160604,44.764874
225.961236,181.231913,44.707487
225.089805,182.057343,44.222078
225.091838,182.660125,44.756507
225.058604,182.670077,44.798007
225.240401,183.375449,44.574065
225.265340,183.389026,44.538911
225.164663,183.455059,44.403071
225.097123,183.464240,44.440493
224.851924,184.039962,44.116186
224.582952,184.676503,44.063381
224.393294,184.969659,43.571544
224.459711,185.349610,43.257289
224.285507,186.054837,43.252534
224.374624,186.345842,43.130365
224.311471,187.405494,43.626578
224.212533,187.710522,43.956259
224.140830,187.765417,43.957108
224.169531,187.895128,44.469255
224.145037,187.903908,44.504891
224.139602,187.901269,44.513058
223.992331,188.234811,44.551584
224.039205,188.432437,44.664442
224.074365,188.491809,44.611427
224.063484,188.966644,44.527571
223.791167,189.477615,44.766223
223.547927,189.988664,44.944177
223.547865,189.989023,44.944715
223.490129,190.020322,45.027828
223.212682,190.872016,45.018021
223.214812,190.873159,45.017608
223.501979,191.508243,44.876374
223.400510,191.649520,44.858942
223.032136,191.845798,44.973034
222.660791,192.112743,44.777387
222.660648,192.113121,44.777511
222.680292,192.265383,44.788511
222.719322,192.364335,44.734208
222.400527,193.126331,44.864024
222.400453,193.126738,44.864031
222.290222,193.239888,44.746610
222.290169,193.240295,44.746592
222.204483,193.351493,44.731664
221.884890,193.888461,44.915516
221.853309,193.880662,44.958203
221.758533,194.217711,44.731337
221.792005,194.276628,44.763468
221.520631,194.735206,44.126909
221.241540,194.799533,44.618130
221.298322,194.913816,44.515135
221.124255,195.178536,44.707777
220.517066,195.806538,44.339428
220.474852,196.461009,44.476006
220.454926,196.466685,44.652268
220.414759,196.606690,44.887142
220.414950,196.607221,44.887347
220.315032,197.255547,44.845622
220.315097,197.256035,44.845656
220.265849,197.397485,44.936168
220.371858,197.573213,44.799073
220.071554,198.288513,44.571010
219.872222,198.723826,44.121115
219.881356,199.470546,44.384233
219.881649,199.471168,44.384083
219.814215,199.894804,44.417540
219.603644,200.409499,44.382899
219.502653,200.541064,44.395484
219.378643,200.861553,43.939313
219.417359,200.916608,43.887609
219.550774,201.104077,43.727653
219.872213,201.456916,43.823414
219.491086,201.371243,44.088760
219.560943,201.470176,44.087572
219.798461,201.823236,44.062941
219.711390,202.082692,44.316446
219.707301,202.078497,44.329585
219.776982,202.167504,44.260974
219.782876,202.166417,44.266010
219.783391,202.167364,44.265842
220.083051,202.561330,44.463855
220.142732,202.689079,44.569816
219.972446,203.485281,44.878674
219.972237,203.583240,45.091234
220.008726,203.804342,44.898166
219.883942,204.062162,45.301213
219.944942,204.159491,45.406191
219.967343,204.194363,45.377715
219.624483,204.754428,45.785088
219.362634,205.030404,45.786548
219.359605,205.204513,45.821879
219.246884,205.324972,45.960088
218.933142,205.648163,46.390355
218.852280,205.788732,46.432544
218.685271,206.197879,46.552629
218.583996,206.249543,46.619821
219.068624,206.692431,46.924074
218.514918,207.686175,46.247732
218.081318,208.006536,47.067474
217.939899,208.393591,47.366985
218.012598,208.739702,47.602179
218.002201,208.728361,47.619045
217.743102,209.228509,47.951314
217.569336,209.395175,48.047488
217.542924,209.465616,48.024485
217.490295,209.528416,48.019157
217.448077,209.765075,47.957438
217.226415,210.134024,48.406100
217.088311,210.119492,48.577121
217.074531,210.548017,48.818328
216.636863,210.719741,49.190968
216.648621,210.795847,49.393685
216.587706,210.849815,49.428649
216.563394,210.824557,49.456871
216.232082,211.074317,49.031978
215.752166,211.505118,49.564622
215.248043,211.892495,50.374451
215.220370,212.066380,50.624555
215.154570,212.009873,50.742973
215.162914,212.014309,50.771840
214.993832,212.265732,51.093698
214.762616,212.407234,50.973901
214.753110,212.402646,50.945744
214.721710,212.382544,50.901222
214.711364,212.372485,50.873886
214.116148,212.212943,50.650562
214.029557,212.175711,50.627205
213.407527,212.408315,50.253245
213.406602,212.407939,50.252050
213.394821,212.396447,50.242839
213.214312,213.012064,49.363931
212.629486,213.443151,49.299325
212.607177,213.506482,49.288424
212.085060,213.463765,49.046135
212.091864,213.586769,49.277949
212.028179,213.648441,49.326444
211.967276,213.815974,49.532476
211.978684,213.839862,49.510397
211.945239,213.808537,49.517036
212.012151,214.231544,49.747254
211.635236,214.746560,49.688321
211.448558,214.844861,49.738801
211.388327,214.826386,49.566075
211.342373,214.789569,49.636917
211.033047,215.114221,49.418090
210.345031,215.527486,49.328894
209.874316,215.735222,49.284571
209.900532,215.892555,49.471259
209.786316,216.433106,50.233451
208.952114,216.902376,49.892609
208.869870,216.959573,49.767964
208.799893,216.962026,49.765035
208.488738,217.176053,50.028035
207.598840,217.253425,50.034635
207.613415,217.928077,49.583530
207.368499,218.026162,49.621599
206.703715,218.181713,49.738682
206.473816,218.097695,49.962833
206.235183,218.206494,49.778665
205.531322,218.413350,50.103806
205.122569,218.756782,50.207849
205.109045,218.742362,50.200760
205.098854,218.758637,50.264534
204.677465,219.260897,50.290636
204.640919,219.279101,50.252187
204.315198,219.652523,50.493405
204.314826,219.652973,50.494813
204.110195,219.860689,50.394969
203.717560,220.099635,50.182324
203.717556,220.109413,50.199872
203.539915,220.258488,50.566586
203.261603,220.422249,50.476065
203.242141,220.403250,50.497043
203.076790,220.565781,50.277956
202.450707,220.561095,50.145757
202.021235,220.578977,50.505180
201.468647,220.822049,49.777322
201.428216,220.831988,49.778230
200.769397,220.977027,49.026921
200.513724,220.977779,48.919284
200.513227,220.967507,48.899094
200.364321,221.112002,48.701427
200.364119,221.112137,48.584705
200.337776,221.102729,48.561727
200.156452,221.246851,48.776644
200.149055,221.230890,48.731226
200.153072,221.241382,48.714842
199.945262,221.501054,48.782623
199.833852,221.478150,48.491909
199.509590,221.733609,48.641042
199.511510,221.738880,48.632521
198.574149,222.115116,48.208500
198.178936,222.424229,47.165945
197.419392,222.979164,47.514016
197.426841,222.994417,47.474047
197.114915,223.291677,47.096659
196.947951,223.153776,47.280804
196.735810,223.216501,47.097113
196.731458,223.209877,47.106335
196.437398,223.278542,47.033377
195.930061,223.539946,46.989076
195.653236,223.646764,47.032246
195.106878,223.666395,46.971210
195.102545,223.664056,46.974054
194.855079,223.750658,46.897623
194.503527,223.621155,46.784177
194.479272,223.584871,46.671928
194.147881,223.627456,46.424810
193.832489,223.596190,46.750376
193.831997,223.596179,46.750206
193.616693,223.743671,46.664546
193.366564,223.839806,46.593800
193.366116,223.839937,46.593408
193.328344,223.815252,46.520619
193.039880,223.981673,46.219794
192.341325,224.365155,46.333029
191.941790,224.701093,46.544762
191.940363,224.698117,46.549089
191.486087,224.367345,46.724360
190.984157,224.363981,46.779919
190.961494,224.339371,46.817621
190.799280,224.260201,46.924089
190.258350,224.383271,46.594505
189.840315,224.272846,46.783450
189.517788,224.422844,46.675555
189.468937,224.372992,46.400663
188.780946,224.678259,46.513337
188.780448,224.678191,46.513440
188.085465,224.871948,46.913321
188.070278,224.886390,46.895841
188.069787,224.886321,46.895938
187.411808,225.082882,46.623033
187.005187,225.337664,46.856230
187.004263,225.344441,46.859323
186.932588,225.290172,46.594472
186.233030,225.553521,46.812331
186.232342,225.557629,46.814220
186.231813,225.557585,46.814215
185.665925,225.577626,46.442392
184.865668,225.771305,46.215511
184.367819,225.825227,46.490191
184.122325,225.724346,46.627470
183.716303,225.824873,45.791807
183.221074,226.197315,45.421879
183.186669,226.175541,45.511403
183.187801,226.174561,45.504030
183.169988,226.177844,45.506726
182.808773,226.048136,45.802865
182.438473,226.577226,44.979990
181.295601,226.341796,44.901328
181.035017,226.244579,45.057715
180.690653,226.486844,44.885589
180.315185,226.620969,44.815099
179.714820,226.919223,45.035730
179.711989,226.914326,45.043612
179.711499,226.914200,45.043841
179.610441,226.830943,44.780564
178.133520,226.737369,45.023061
178.133066,226.737314,45.023203
178.112750,226.742360,45.014755
176.729919,227.067094,44.627628
176.356784,226.950784,44.851253
176.352749,226.951290,44.886765
175.710820,227.007292,44.974367
174.799073,227.042920,44.948977
174.552308,227.232535,45.053451
174.063358,227.411054,44.846262
173.220846,227.859687,45.277340
173.200690,227.805982,45.356935
172.895459,227.823120,45.287680
172.039908,228.250692,45.617770
171.575885,228.412937,46.492414
171.424125,228.517352,46.313566
170.841193,229.063859,46.784351
170.390211,229.067208,47.118334
170.298982,229.048735,47.354296
169.452640,228.963312,47.285697
168.976664,229.171763,47.220396
168.580870,229.047364,46.585896
168.103801,228.864245,46.340583
168.103350,228.864365,46.340393
168.102898,228.864482,46.340206
168.102446,228.864598,46.340022
168.103405,228.875239,46.325056
167.413186,229.020652,46.305517
167.143398,229.142358,46.103722
166.525719,229.288817,46.015575
166.514373,229.266142,46.056025
166.507549,229.270188,46.051567
166.222446,229.385280,46.482407
166.205189,229.409727,46.509667
165.726722,229.323316,46.450963
165.124583,229.153411,46.620687
164.597229,229.227680,46.646051
164.596316,229.225748,46.648398
164.162699,229.434998,46.460310
164.156946,229.440310,46.462172
163.662492,229.800126,46.494921
163.662016,229.800357,46.495181
163.438149,229.840946,46.696825
162.582966,230.282993,45.671332
161.938729,230.382312,45.646910
161.584780,230.407804,45.527370
161.584382,230.407865,45.526911
160.811023,230.277733,45.453003
160.198872,230.443646,45.258214
160.190438,230.419182,45.194897
160.190011,230.419323,45.194741
160.189583,230.419465,45.194585
160.183141,230.457035,45.106118
159.228417,230.743521,45.208082
158.801472,230.852434,45.037762
157.865177,231.255720,45.245407
157.261621,231.561185,45.034743
157.021723,231.460226,44.714870
156.751148,231.575481,45.041407
156.746854,231.579728,45.042046
156.749647,231.588226,45.025995
156.310440,231.718792,44.893896
156.283462,231.715841,44.971884
156.005133,231.500479,44.795533
154.829720,231.593700,44.752447
154.731537,231.826832,44.577136
154.241011,232.234360,44.119790
154.192363,232.292294,44.117822
154.170334,232.272128,44.140964
152.798870,232.493270,44.175825
152.544998,232.435112,43.640936
152.221128,232.338987,43.817434
152.219686,232.337426,43.820684
152.208119,232.441047,44.362650
152.199434,232.445699,44.364880
152.005753,232.498987,44.550994
152.009371,232.506644,44.528123
151.486764,232.638886,44.386893
151.478104,232.644090,44.413126
150.261386,232.469058,44.224576
149.863477,232.423502,44.480702
149.724178,232.484214,44.478472
149.616022,232.425350,44.588168
149.532781,232.502956,44.612149
149.039902,232.645265,44.681610
148.418785,232.731346,45.258646
147.105843,232.650891,44.147570
146.460051,232.827021,43.011677
146.393501,232.764977,43.080324
146.374145,232.713017,43.031520
146.032580,232.602786,42.135127
145.505893,232.841713,41.686379
144.969023,232.978904,41.505666
143.218316,233.386350,41.718113
143.011820,233.290551,41.462385
142.627175,233.370731,41.547844
141.406889,233.218864,41.642444
140.964038,232.994050,41.159186
140.488004,232.953462,41.355780
140.479466,232.932661,41.342090
139.252567,233.095693,39.688643
138.957586,233.139756,39.945896
138.440308,233.295743,39.730174
138.409691,233.292002,39.756557
138.401188,233.290275,39.775661
137.892921,233.421644,39.622421
137.017872,233.496961,39.537838
135.550375,233.429281,39.954368
135.513145,233.420915,39.942935
135.497154,233.405650,39.958119
133.843627,233.366878,39.245929
133.845365,233.372716,39.234872
133.384633,233.552153,39.071352
132.953628,233.490336,38.852300
132.919314,233.671288,38.594697
132.347152,233.833446,38.356472
131.431857,233.905826,38.120270
131.406864,233.833442,38.128131
130.364433,233.749246,38.043835
129.757383,234.013089,37.180328
129.052666,233.853984,37.361076
128.529596,233.966988,37.190525
127.470210,233.868336,36.826490
127.188039,233.691930,36.731186
126.146241,233.825518,36.453048
125.414577,233.856974,36.717969
125.300131,233.841574,36.925218
124.756034,233.926691,36.759324
124.721586,233.914040,36.770222
124.682955,233.955509,36.810866
124.644058,233.924821,36.808597
124.630404,233.920403,36.842666
124.070340,234.029267,36.716842
122.319558,234.148780,36.310729
122.098053,234.027891,36.361362
122.097472,234.027832,36.361271
121.560500,234.156641,36.185488
121.560206,234.158248,36.183819
121.556021,234.165133,36.185002
120.114303,233.958547,36.079667
119.582819,233.843952,36.253353
119.194734,233.914914,36.150905
118.716277,234.115325,36.363261
118.432095,234.194967,36.570062
117.617981,234.317295,36.578244
117.576749,234.241684,36.534623
117.414107,234.068713,36.421337
117.110474,234.044167,36.554999
117.093356,234.056926,36.546083
116.538272,233.924619,36.414783
115.458686,234.123900,36.432313
114.086426,233.870664,36.851741
113.136275,234.105795,36.918644
111.363152,234.182797,36.125581
111.322842,234.135674,35.868274
111.143857,234.021461,35.239812
111.101662,233.958991,35.261347
110.173855,233.778247,35.449666
109.763265,233.903834,35.702904
109.170482,234.036377,35.485856
108.585972,234.164609,35.265920
108.424569,234.053297,35.201072
107.774357,234.237261,34.896444
106.454266,234.221423,34.651710
106.419535,234.285334,34.686147
105.813620,234.455966,34.494012
105.780472,234.480874,34.500967
105.693520,234.392516,34.411050
105.525257,234.319385,34.454044
104.996437,234.225921,34.206455
104.966355,234.191316,34.153294
104.801342,234.204617,34.034300
104.458390,234.143500,33.503642
103.882905,234.255063,33.796578
103.068562,234.583003,33.587667
102.683486,234.731633,34.278458
101.762660,234.659892,34.411034
100.467006,234.978309,33.466733
99.840317,234.864349,33.084171
99.548412,234.986084,32.866075
98.955326,235.133380,32.755726
98.341852,235.234618,32.521876
97.559073,235.546775,32.692225
97.267622,235.466566,32.703272
96.286554,235.428185,32.883625
95.707282,235.579483,32.547549
95.344879,235.694437,32.805299
95.342918,235.691395,32.811033
94.683941,235.833275,32.343962
94.232522,236.044570,32.499483
94.217664,236.064829,32.512182
93.657076,236.205686,32.343377
93.125530,236.321467,32.134273
92.835506,236.403334,32.751373
92.814711,236.372572,32.750728
92.383436,236.540654,32.679474
92.362456,236.504007,32.662361
92.317601,236.539044,32.636666
92.310242,236.531353,32.654048
92.309719,236.531445,32.654145
92.305832,236.536433,32.662869
92.304964,236.536781,32.667346
91.510176,236.511041,32.725254
91.000355,236.416421,32.898963
90.029117,236.279887,33.077609
89.505581,236.388313,32.881614
89.440409,236.341483,32.805344
88.707389,236.396323,32.663001
88.230358,236.683580,32.540378
87.719999,236.781850,32.285900
87.718314,236.778323,32.280198
87.718318,236.779821,32.277116
87.698781,236.778673,32.262693
87.057922,236.952162,31.623995
86.568773,237.053627,31.850409
86.189037,237.211350,32.060955
84.862148,237.211142,31.985205
84.397821,237.320990,31.816777
83.637984,237.481674,31.871641
83.423117,237.502945,31.717482
82.288030,238.182865,32.275279
82.303158,238.311682,32.312155
82.298594,238.321447,32.325044
81.841800,238.561413,32.200968
81.185873,238.529329,31.938586
79.613219,238.694642,31.583296
79.260189,238.876084,32.055430
79.113289,238.926665,31.962694
77.676421,239.237971,32.323508
77.091323,239.368117,32.031432
75.792900,239.336291,31.805686
75.792254,239.335749,31.805851
75.791553,239.334962,31.806046
75.078792,239.508480,31.870091
73.971052,239.716979,31.331815
73.591590,239.798845,31.460166
73.583332,239.820833,31.414563
73.239276,239.745647,31.451926
72.816581,239.802706,31.289047
72.380703,240.086241,31.164172
71.666453,240.237458,30.780027
71.667422,240.239899,30.774758
71.304772,240.313680,30.604472
71.297701,240.357161,30.610628
70.888317,240.465216,30.366128
70.887947,240.493549,30.373713
70.792055,240.493788,30.266723
70.342617,240.585842,30.217273
69.482473,240.941084,30.167836
68.523154,240.909015,30.274521
67.489028,241.176230,29.755996
66.321648,241.546269,29.744008
65.820445,241.677096,29.776310
65.487053,241.749253,29.613615
64.327780,242.286680,29.355591
64.015647,242.355976,29.385023
63.440066,242.501568,29.066505
62.885374,242.335442,28.998374
62.589009,242.444819,28.889777
62.516599,242.620006,28.899315
62.239679,242.676361,28.814427
61.268238,242.662579,28.591410
61.007789,242.617279,28.701398
60.727386,242.711244,28.565991
60.331021,242.913552,28.157567
60.019360,242.984797,27.982422
59.399552,242.870962,28.153086
59.079254,242.809433,28.088919
57.357967,242.775324,28.824790
56.577558,242.786307,28.825588
55.731216,242.854918,28.860870
55.064626,242.678252,27.956923
54.781725,242.735438,27.743841
54.120411,242.773082,27.749513
53.657785,242.744243,27.543157
53.603778,242.707666,27.590725
52.939187,242.739278,27.029276
52.910882,242.757395,27.050196
52.648632,242.823595,27.354923
52.480423,242.785947,27.440633
51.637545,242.545473,26.461597
51.214568,242.616758,26.437775
50.582695,242.613741,26.448341
50.175947,242.887567,26.317386
50.174583,242.886498,26.319685
50.165760,242.892567,26.336618
49.175173,242.865790,25.998026
48.406896,242.843536,25.718951
48.237051,242.792036,25.769776
48.235939,242.790033,25.771000
47.134573,242.891767,25.374952
46.198688,242.764911,25.632667
46.201369,242.774732,25.609783
45.711723,242.777297,25.331590
45.535500,242.825998,25.224275
45.516831,242.814278,25.248576
44.963779,242.889995,25.085058
44.565475,242.997186,24.863531
43.755732,243.045376,24.601099
43.525198,242.988868,24.712341
43.524271,242.986410,24.708757
43.523851,242.986547,24.708445
43.154007,243.166927,24.417051
42.368201,243.209307,24.165111
42.308897,243.189454,24.207314
42.308479,243.189720,24.207093
41.984575,243.320778,24.063733
41.830152,243.394214,24.015013
41.682185,243.452870,23.918598
41.271310,243.579628,23.673339
40.740516,243.584209,23.849686
40.316775,243.542326,23.999258
40.074386,243.689940,23.868324
39.488060,243.715257,23.327372
38.736703,243.947089,23.482889
38.068737,243.982588,22.538360
37.933376,244.025016,22.453318
37.593548,244.101288,22.229907
36.796147,244.228729,21.794308
36.207243,244.309096,21.870163
35.914205,244.346763,21.967473
35.643778,244.277115,21.417998
35.272100,244.346904,21.648446
35.222718,244.278913,21.693639
34.495339,244.239644,21.373623
34.383622,244.273087,21.299683
34.368185,244.257088,21.294934
34.258356,244.154505,21.211321
34.258343,244.156518,21.207763
33.904912,244.139858,21.014102
33.595501,244.195801,20.933758
33.091219,244.294467,21.083137
32.915564,244.244714,21.152198
32.732136,244.242196,21.282454
32.537590,244.184735,21.151739
31.928371,244.170929,21.190195
31.552428,244.022509,21.194001
31.551936,244.022203,21.193855
31.232493,243.971959,20.858431
30.964708,244.067870,20.680829
30.962435,244.065785,20.685411
30.681336,244.014496,20.607319
30.606883,244.046299,20.548335
30.522393,244.077448,20.489669
30.224290,244.068059,20.587944
29.791812,244.117632,21.223414
29.529395,244.012749,21.130756
29.304605,244.108710,21.621234
29.104148,244.218424,21.676094
29.024912,244.240199,21.632462
28.951716,244.267772,21.577133
28.762718,244.516057,21.599946
28.691488,244.471928,21.545750
28.617504,244.540969,21.673406
28.548800,244.566424,21.620692
28.428785,244.430642,21.559162
28.264670,244.497699,22.233027
28.198537,244.525328,22.181404
27.709951,245.025011,22.336013
27.095162,244.899008,22.099045
26.409526,244.794967,22.230905
26.409044,244.795048,22.230750
26.408561,244.795129,22.230595
25.924878,245.035849,22.350795
25.457549,245.098357,22.431862
25.207126,245.076691,22.444159
24.937800,245.054163,22.443225
24.781633,245.126254,22.990016
24.733119,245.159503,22.963481
24.637514,245.197841,22.874051
24.590867,245.216444,22.830608
24.297506,245.260001,23.115098
23.949262,245.401824,23.715099
23.775978,245.428089,23.736899
23.549270,245.419831,23.659446
23.411427,245.432732,23.627982
23.204421,245.522085,23.847927
23.023260,245.488283,23.894702
22.664032,245.416923,23.393191
21.902180,245.686341,23.538201
21.901625,245.686444,23.537839
21.867187,245.700975,23.501013
21.866625,245.701081,23.500643
21.833715,245.714952,23.465485
21.310595,245.644323,23.151999
21.310018,245.644431,23.151611
21.228125,245.676232,23.114362
21.111200,245.688838,23.022499
21.003565,245.597723,22.948697
21.002954,245.597854,22.948252
20.975826,245.614708,22.906968
20.417393,245.559120,23.058481
20.317234,245.575264,23.141514
19.773467,245.542736,23.225370
19.751269,245.553227,23.199430
19.666060,245.533589,23.139061
19.485374,245.441534,22.967729
19.377236,245.499814,22.827526
19.183579,245.468369,22.791982
19.089549,245.502826,22.704725
19.020555,245.530932,22.625618
18.985586,245.544140,22.580230
18.805204,245.497387,22.633283
18.608929,245.489326,22.449100
18.507392,245.541695,22.390782
18.425041,245.583720,22.298274
18.221951,245.576197,22.159215
18.194757,245.574044,22.142457
17.687626,245.801536,22.628258
17.320615,245.984791,22.729197
16.886075,245.942527,22.666611
16.835860,245.934661,22.679786
16.765084,245.965217,22.624762
16.721437,245.941964,22.559945
16.683467,245.943857,22.518054
16.628247,245.957102,22.566216
16.607705,245.960060,22.538586
16.582957,245.969726,22.513651
16.540671,245.970818,22.465653
16.162669,245.951717,22.459292
16.042140,245.842377,22.328819
15.868302,245.789142,22.398483
15.834720,245.807133,22.351250
15.782603,245.814435,22.292320
15.404702,245.732316,22.442587
15.358856,245.749403,22.406602
15.318717,245.767257,22.351014
15.207130,245.794037,22.250383
15.161289,245.681214,22.723339
15.199313,245.664564,22.780947
15.288642,245.618739,23.225307
14.909526,245.571743,23.410351
14.960487,245.551313,23.502963
14.992600,245.532264,23.553377
14.940006,245.490562,23.667851
14.959631,245.483462,23.699120
14.856768,245.471662,24.181220
14.893455,245.466522,24.240541
14.914413,245.453361,24.274888
14.924468,245.422385,24.379386
14.937135,245.414518,24.395720
14.971266,245.415206,24.446820
14.953206,245.405706,24.594779
14.983891,245.393198,24.645506
14.914914,245.431843,25.170263
14.619659,245.356505,24.604441
14.549550,245.389419,24.900558
14.554790,245.457134,25.741508
14.574848,245.441870,25.783089
14.493381,245.376657,25.835429
14.364010,245.184868,25.996008
14.302477,244.966453,25.963425
14.148373,244.857856,26.305540
14.203294,244.809503,26.435467
14.149882,244.850697,26.976634
13.985022,244.717376,27.310618
14.012072,244.698697,27.363205
13.891762,244.748665,27.860046
13.953102,244.695866,27.998899
13.968690,244.677683,28.137332
13.974242,244.630701,28.273694
13.904547,244.678770,28.676347
13.920573,244.667044,28.709598
13.920796,244.666981,28.710374
13.856060,244.634024,28.915787
13.873443,244.621187,28.952220
13.587539,244.743509,29.144577
13.583029,244.747012,29.145051
13.473520,244.805365,29.482001
13.224131,244.788445,29.957906
13.010669,244.872774,30.025169
13.048255,244.875531,30.110823
13.067710,244.860548,30.155935
13.067806,244.860526,30.156615
13.017081,244.834904,30.220890
13.017126,244.834921,30.221537
12.986309,244.588530,30.388678
12.744936,244.830596,30.559137
12.746678,244.830011,30.560200
12.677629,244.872398,31.434715
12.722019,244.837161,31.544263
12.780389,244.822808,31.672149
12.745586,244.672463,31.849314
12.775920,244.646071,31.992289
12.587740,244.785840,33.311939
12.452313,244.700513,33.492765
12.427349,244.716322,34.330507
12.428292,244.711347,34.395439
12.144799,244.681918,34.733501
12.169346,244.661054,34.803809
12.169421,244.661053,34.804420
12.154853,244.706869,34.925649
12.113617,244.735939,35.232196
12.001571,244.799423,35.832055
11.981303,244.840598,36.264559
12.008150,244.945444,36.574238
11.432916,244.780706,37.031078
11.466729,244.758856,37.122803
11.478309,244.752395,37.214833
11.479217,244.751601,37.215350
11.479634,244.751680,37.216718
11.507581,244.726632,37.306960
11.435625,244.480147,37.215529
11.419727,244.541968,37.401901
11.458901,244.506043,37.504832
11.280576,244.403895,37.691308
11.255978,244.375241,37.810632
11.308437,244.325615,38.015036
11.338592,244.297734,38.116306
11.347016,244.289834,38.259104
11.338592,244.283370,38.269828
11.328569,244.272645,38.272084
11.330092,244.194979,38.577994
11.353099,244.153895,38.705617
11.353100,244.153890,38.706128
11.353101,244.153884,38.706639
11.228273,244.035494,39.221051
11.139271,244.035916,39.279282
11.052269,244.013097,39.303546
11.072473,244.095991,39.795071
11.161835,244.051275,40.110256
11.230085,244.108060,40.352703
11.187060,244.118017,40.458241
11.185773,244.151435,40.464503
10.897491,244.329295,41.127661
10.807612,244.323300,41.585864
10.569667,244.260099,41.839102
10.559659,244.270168,41.848688
10.558934,244.270823,41.849120
10.557412,244.258380,41.875066
10.518519,243.992742,41.841999
10.573079,244.167295,42.374205
10.433512,243.952031,42.191008
10.203345,243.880285,42.459531
10.120041,243.899276,42.961577
10.024457,243.856164,43.805036
10.068668,243.807108,44.011966
9.938772,243.460300,44.373933
9.889846,243.421176,44.512878
9.818024,243.436534,45.151588
9.922900,243.440897,45.703417
9.958432,243.410304,45.887782
10.032788,243.323626,46.218990
10.099334,243.005834,46.282270
10.034020,242.898568,46.094860
10.090624,242.823218,46.301831
9.967470,242.680128,46.761890
9.999431,242.640036,46.942803
9.961786,242.573158,47.087632
9.965828,242.485257,47.288083
9.960165,242.439171,47.289673
9.782161,242.421234,47.832321
9.594706,242.340504,48.133903
9.594126,242.341181,48.134630
9.205621,242.232623,48.456509
9.210279,242.222183,48.459866
9.090126,241.943247,48.464164
9.125857,241.976221,48.658197
9.067176,241.719042,48.951888
9.009254,241.723420,49.670006
8.777474,241.285122,49.569951
8.717640,241.150673,49.795571
8.671413,241.225344,50.883605
8.438984,241.206241,51.281660
8.383379,241.299138,52.171185
8.342649,241.233383,52.330725
8.677219,241.340241,53.374513
8.524734,241.338541,53.652651
8.562503,241.277673,53.853089
8.492870,241.040137,54.339076
8.358647,240.695169,54.205102
8.384947,240.690544,54.290314
8.331118,240.471674,54.354833
8.331667,240.236842,54.720460
8.373880,240.173968,54.948382
8.436725,240.165546,55.376171
8.436759,240.165449,55.376755
8.474624,240.183505,55.467887
8.462229,240.204986,55.509038
8.465317,240.199549,55.509502
8.269836,240.113192,55.812395
8.287257,240.091753,56.235732
8.117218,239.785264,56.077817
8.113402,239.782129,56.093203
8.093460,239.757968,56.241251
8.124515,239.679033,56.455187
8.067587,239.568036,56.252207
8.016610,239.503789,56.462100
8.037541,239.424304,56.643668
7.942740,239.434214,57.069533
7.750980,239.293350,57.929829
7.741167,239.313182,57.962585
7.739954,239.306208,58.413523
7.689107,239.166892,58.598467
7.807854,239.037901,58.948096
7.866656,238.723161,58.905654
7.832131,238.608201,59.055607
7.868960,238.519227,59.285115
7.947369,238.542728,59.702719
7.992625,238.532771,60.870792
7.991059,238.527187,60.897523
8.028011,238.436155,61.121437
8.081214,238.347776,61.363701
8.061980,238.388495,61.445085
7.912002,238.112746,61.818159
7.927295,238.063360,62.332699
7.862205,237.874024,62.750107
7.758232,237.867753,63.137529
7.749216,237.874246,63.217340
7.744461,237.876220,63.219996
7.539659,237.361344,63.174497
7.575683,237.253599,63.392281
7.580676,237.253318,63.396293
7.586475,237.277262,63.486036
7.586531,237.277119,63.486713
7.586974,236.987094,63.521248
7.584259,236.929821,63.696425
7.584267,236.929792,63.697173
7.526162,236.760114,63.689418
7.509289,236.801763,64.049448
7.447097,236.728349,64.560279
7.506413,236.583874,65.289054
7.487141,236.344214,65.747331
7.410011,236.114020,65.820826
7.299543,235.754243,65.926696
7.300525,235.752094,65.930281
7.336869,235.579211,66.169908
7.314511,235.546306,66.510025
7.251089,235.562737,66.627308
7.251068,235.562742,66.628276
7.264238,235.413567,67.005205
7.318373,234.966198,67.036726
7.340825,234.888327,67.424009
7.344699,234.877655,67.454351
7.129382,234.458258,67.727066
7.115983,234.496811,67.824032
7.069785,234.080888,67.818621
7.105505,233.951501,68.079486
6.946755,233.657306,68.318517
6.935476,233.692065,68.477934
6.924469,233.725859,68.538225
6.912692,233.586050,68.926236
6.832837,233.327159,69.242018
6.923925,233.138595,69.781600
6.727570,233.147554,69.627752
6.667937,232.922464,69.965909
6.721561,232.776699,70.286180
6.554059,232.666906,70.645248
6.554043,232.667130,70.646651
6.541420,232.583485,70.658408
6.532000,232.542611,70.785918
6.494289,232.300765,71.231667
6.481852,232.258031,71.273988
6.774712,232.046825,71.535283
6.776244,231.952108,71.715998
6.740113,231.876506,71.817076
6.736130,231.890385,71.852595
6.744477,231.937281,72.027041
6.706623,231.847282,72.211592
6.650858,231.718716,72.611126
6.650201,231.719780,72.613440
6.715389,231.627146,72.634800
6.677987,231.511001,73.224931
6.540888,231.393905,73.501472
6.550902,231.354332,73.615435
6.528785,231.273341,73.673439
6.528068,231.275863,73.676357
6.528782,231.230173,73.852797
6.521622,230.853356,73.766306
6.520529,230.857679,73.775732
6.496217,230.789722,73.954911
6.695306,230.684347,74.353739
6.723722,230.655653,74.431998
6.721776,230.625094,74.570355
6.729885,230.639493,74.641347
6.687087,230.530900,74.634112
6.684088,230.563252,74.759494
6.682985,230.568145,74.780369
6.685450,230.587810,74.892056
6.657534,230.596070,74.980475
6.519444,230.447672,74.613470
6.519223,230.412422,74.755267
6.497608,230.285000,75.020103
6.518958,230.248127,75.083621
6.483942,230.142949,75.128642
6.484778,230.151257,75.203945
6.458598,229.917351,75.405140
6.649819,229.418713,76.137142
6.671732,229.318731,76.015462
6.723112,229.138090,75.833491
6.725080,229.068042,75.677551
6.701084,228.939441,75.570898
6.684968,228.409801,75.159410
6.640744,228.147615,74.878960
6.520368,228.023593,74.696596
6.545941,227.914908,74.580794
6.551143,227.896289,74.486304
6.564994,227.753719,74.224655
6.567165,227.743798,74.202453
6.542161,227.598447,74.043250
6.543617,227.587117,74.000590
6.560413,227.487512,73.910484
6.590271,227.346414,73.911707
6.508743,226.999324,73.787650
6.507783,226.974165,73.671423
6.507763,226.973635,73.669074
6.520843,226.877368,73.593817
6.403737,226.405956,72.869822
6.408000,226.386489,72.817174
6.245310,225.893194,72.794853
6.251789,225.900026,72.571530
6.256566,225.877354,72.511301
6.261510,225.853903,72.406844
6.261501,225.853441,72.405157
6.261258,225.852807,72.405733
6.268215,225.115563,72.018138
6.284421,225.040603,71.824919
6.266617,224.849431,71.559953
6.221440,224.419606,71.408220
6.226308,224.432389,71.332036
6.231436,224.259485,71.087928
6.318565,223.901203,70.846198
6.244814,223.319094,70.554219
6.212124,223.291326,70.431679
6.234118,223.198479,70.379191
6.233801,222.814585,70.412495
6.358104,222.241652,69.969821
6.366354,222.269576,69.840980
6.330555,221.850325,69.703349
6.351651,221.445862,69.807593
6.528114,220.970542,69.402366
6.426083,220.457282,68.968592
6.445854,220.357740,68.688865
6.672607,219.994571,68.566300
6.775013,219.658617,68.819568
6.657829,219.522947,68.702271
6.662319,219.379862,68.641490
6.719744,219.003496,68.499141
6.730689,218.944892,68.339114
6.738707,218.906380,68.308604
6.980364,218.559083,68.403286
6.980381,218.558563,68.402525
6.942593,218.577928,68.266977
6.920158,218.580025,68.287572
6.867840,218.282186,68.009722
6.822152,218.014068,67.737773
6.818326,218.022918,67.748086
6.824017,217.892638,67.802905
6.802600,217.668163,67.989907
6.788838,217.444166,67.620700
6.744633,217.157420,67.362972
6.761757,217.062511,67.206490
6.762442,217.063422,67.203963
6.758906,216.867033,67.048533
6.758931,216.866582,67.047774
6.763897,216.731255,66.798360
6.719571,216.280280,66.330985
6.734960,216.192242,65.986493
6.740521,216.098418,65.630225
6.819407,215.979364,65.759981
6.840218,215.897870,65.684747
6.822828,215.310551,65.152131
7.113872,214.950887,64.908711
7.216950,214.513513,64.754643
7.219658,214.520376,64.733289
7.186104,214.327052,64.670324
7.222943,214.094822,64.610159
7.372738,213.403429,64.554379
7.399052,212.874472,64.568309
7.435141,212.810509,64.396095
7.477235,212.612112,63.893428
7.456879,211.740859,63.352972
7.442072,211.207115,62.818771
7.443156,211.207195,62.817030
7.438427,210.863851,62.496364
7.448950,210.847348,62.497381
7.448984,210.846909,62.496834
7.546643,210.642887,62.266128
7.524381,210.318409,61.165678
7.455701,210.100249,60.619263
7.405289,209.698953,60.948448
7.493250,208.957930,60.122778
7.533860,208.705267,60.348924
7.494636,208.202090,60.124217
7.499158,207.907226,59.698205
7.487469,207.807950,59.713760
7.488285,207.138813,59.313003
7.539956,206.951424,58.735817
7.544704,206.334161,58.799202
7.544735,206.333684,58.798822
7.532312,206.103929,58.491629
7.352352,206.089668,58.517770
7.418613,205.744431,58.373948
7.418656,205.743987,58.373573
7.475443,205.212396,58.371233
7.412024,204.806913,58.682971
7.412067,204.806475,58.682593
7.405813,204.414709,58.562801
7.405857,204.414269,58.562423
7.783957,203.987550,58.361098
7.811874,203.647365,58.492850
8.151597,202.725430,58.108444
8.151634,202.724951,58.108039
8.083906,202.503378,57.733229
8.105340,202.493200,57.642915
8.136511,202.274272,57.372693
8.090341,201.758394,57.170021
8.085137,201.061655,57.107346
8.356428,200.168747,56.661805
8.917398,199.698213,56.656815
8.874796,199.297073,57.033685
8.588812,198.603352,56.269251
8.482574,198.201746,56.049920
8.515964,197.983993,55.521316
8.505450,197.960943,55.452207
8.473907,196.924643,54.680319
8.486061,196.903494,54.668596
8.486100,196.903040,54.668205
8.513986,196.696382,54.086563
8.923907,195.514420,53.706647
8.935872,195.380177,53.762142
8.919476,194.946302,53.893151
8.919528,194.945805,53.892846
8.919575,194.945336,53.892539
8.973969,194.578444,53.992386
9.034361,194.273606,54.139865
9.082857,193.969518,54.180105
9.194405,193.432044,54.029790
9.239193,193.125426,54.277870
9.239264,193.124960,54.277445
9.197106,192.414276,54.097811
9.198073,191.682192,54.594623
9.192636,191.675945,54.558146
9.244030,191.113168,54.406594
9.388677,190.417335,54.239308
9.287786,189.983034,53.815123
9.373399,189.552531,53.301371
9.417186,189.241025,53.069075
9.576620,188.295156,52.428810
9.572780,188.294358,52.406692
9.887346,188.148618,52.667027
9.844872,187.959233,52.505173
9.729357,186.888777,51.838384
9.714959,186.256892,50.423556
9.699574,186.230041,50.313515
9.895338,184.881983,48.776375
9.904205,184.552061,48.949966
9.982386,183.796437,49.081122
10.493077,182.182318,48.545691
10.630654,181.473146,48.534043
10.844042,180.479769,47.566985
10.842041,180.481704,47.550714
10.785914,180.243696,47.676142
11.411006,179.368848,47.850629
11.414052,179.367129,47.862113
11.471188,178.992833,48.117371
11.471616,178.969980,48.029012
11.493011,178.463471,48.275225
11.520632,177.914344,48.754801
11.515928,177.369790,48.811790
11.504981,177.303095,48.868897
11.855594,176.650447,48.593679
11.840594,176.641545,48.532958
11.853362,176.052335,48.592490
12.244827,175.427524,48.761814
12.216379,174.367276,48.607064
12.129778,173.729346,48.488392
12.168774,173.391564,48.663452
12.224981,172.999719,48.266539
12.238682,172.999833,48.137125
12.246968,172.995056,48.140093
12.266435,172.998210,48.241615
12.343687,172.109797,48.180554
12.344015,172.109624,48.179468
12.405136,171.708914,47.727818
12.454521,171.293910,47.152832
12.403344,171.029279,47.444594
12.454297,170.609761,46.973825
12.441515,170.588080,47.020967
12.460969,170.614568,46.863589
12.447467,170.602596,46.815759
12.498879,170.227296,47.036191
12.475790,168.713804,46.065169
13.082053,167.979408,45.900587
13.135334,167.599850,46.125291
13.215114,166.347244,45.269948
13.195414,166.314531,45.192529
13.202102,166.324496,45.134739
13.316418,165.724991,45.099006
13.320015,165.694050,45.126490
13.613942,164.979015,45.149669
13.616784,164.978441,45.151145
13.670503,164.577563,45.337801
13.725186,164.112555,44.941035
13.726764,164.106832,44.881464
13.662976,163.741941,44.658385
13.669986,162.380204,44.544807
14.126646,161.239385,44.399395
14.136272,161.232655,44.420548
13.970201,160.813956,43.974877
13.969513,160.814408,43.969552
13.985479,160.469222,44.073171
14.024892,159.915114,44.125029
14.268016,159.018390,43.913416
14.224329,158.611850,43.650534
14.278135,158.234204,43.864616
14.728067,157.431084,43.810677
14.664437,156.585726,43.539607
14.604655,156.020886,43.293743
14.604950,156.019985,43.240664
14.767597,155.159436,42.774737
14.799925,155.097662,42.739068
15.206410,154.012755,42.685704
15.206874,154.013033,42.676958
15.322995,153.649181,42.618867
15.384482,153.623997,42.446778
15.415787,153.202975,42.741767
15.454244,152.843761,42.860074
15.457324,152.832741,42.894066
15.437545,152.802166,42.944262
15.470201,152.394319,43.343910
15.459680,152.384610,43.358772
15.776982,151.459866,43.162492
15.907524,150.336210,43.045601
15.919993,150.307599,42.973412
15.873116,149.427414,42.766204
16.028273,148.666300,42.508104
15.986572,148.568686,42.433085
15.993957,148.558626,42.452088
16.012330,147.793332,42.472678
16.142971,147.073826,42.213995
16.187008,146.725986,42.195264
16.232403,146.399076,42.378538
16.357049,146.253268,42.601490
16.723939,145.616926,42.724576
16.703494,145.073530,42.740349
16.739713,145.081339,42.700015
17.197908,143.712376,42.519497
17.180380,143.318408,42.612571
17.200243,143.268701,42.788293
17.222344,143.263562,42.747155
17.227543,143.243111,42.778075
17.355972,143.174129,42.842810
17.318992,142.404655,42.817700
17.275476,141.445761,42.921792
17.274699,141.382085,42.942473
17.280347,141.382070,42.958344
17.314516,141.095094,43.107367
17.446335,141.048126,43.004717
17.572132,140.412456,42.404352
17.562775,140.221209,42.490205
17.581289,140.223602,42.487173
17.587015,140.211999,42.541896
17.685153,140.177006,42.489719
17.974638,139.406185,42.800273
17.987211,139.403464,42.815323
18.053021,139.314376,42.783078
18.465368,139.129020,42.721212
18.503411,138.320698,43.145803
18.825311,138.174600,43.197031
18.924919,137.883152,43.419112
18.951647,137.617724,43.614779
19.012791,137.256857,43.872292
19.020215,137.262947,43.897337
19.268055,136.467640,44.152341
19.196455,135.642959,44.295482
19.088683,134.853981,44.026945
19.059805,134.812517,43.717132
18.957168,134.129149,43.400610
19.017415,133.665194,42.689968
19.046453,133.381383,42.857939
19.043162,133.378798,42.852195
19.044183,133.378045,42.834376
19.059801,133.074279,42.954074
19.039205,133.066140,42.937575
19.207036,131.973984,42.909597
19.252260,131.689117,43.085745
19.642799,130.905577,42.822096
19.686254,130.864771,42.884920
19.625037,130.818128,42.919633
19.825788,130.793996,42.902916
19.800666,130.734281,42.994377
19.811702,130.738427,42.948142
19.685824,129.924399,42.865247
19.748184,129.660271,43.061417
19.708583,129.524535,43.093669
20.190305,128.704801,43.098845
20.320930,127.599768,42.898587
20.856249,127.021133,43.076303
20.990351,126.605402,43.302438
21.022558,125.981922,43.068316
21.261390,125.581507,43.369843
21.165688,124.574795,43.212093
21.141029,123.996005,43.440306
21.138446,123.994602,43.449156
21.607099,123.241623,43.566761
21.975068,122.237312,43.506851
21.996435,120.353556,42.987702
21.902861,119.771796,42.757552
21.888175,119.670744,42.632541
22.039314,119.579362,42.774078
22.015286,118.556253,42.285924
22.000995,118.554745,42.273358
22.087148,117.934768,41.955321
22.140520,117.642585,42.131078
22.184010,116.336981,41.733538
22.264266,115.829717,41.377416
22.261464,115.829250,41.371364
22.325836,115.679939,41.498927
22.290720,115.048391,41.360749
22.349414,114.548782,40.782533
22.346391,114.548889,40.775270
22.344516,114.514936,40.796485
22.744873,113.004290,40.883927
22.984630,112.396630,41.125999
22.994425,112.369282,41.184249
23.127546,112.351326,41.488732
23.237393,111.815231,40.856579
23.315445,111.719481,40.853132
23.856097,109.902243,40.523713
23.904658,109.649973,40.683162
24.036671,108.672652,39.805381
24.226624,107.766754,39.682911
24.143641,107.202812,39.772161
24.297050,106.699866,39.582681
24.508499,106.042505,39.677115
24.565064,105.065218,39.588817
24.528438,104.772031,39.532803
24.516450,104.768505,39.533812
24.516557,104.767910,39.533661
24.541853,104.235096,39.053218
24.601910,103.736262,38.811160
24.599370,103.266694,38.419426
25.177034,101.457541,38.744108
25.163607,101.328479,38.884793
25.183639,101.310841,38.915095
25.942211,100.477672,38.727383
26.007086,100.440093,38.671616
26.122158,100.409148,38.733448
26.146077,100.406211,38.728728
26.272178,99.463671,38.494249
26.268213,99.462020,38.496600
26.287771,99.298147,38.566963
26.301560,98.941223,38.848830
26.236347,98.456903,39.103848
26.280876,98.412660,39.115202
26.305005,98.007133,39.172389
26.503595,97.564992,39.072445
26.659505,96.938861,39.141269
26.728639,96.612894,38.951310
26.685433,96.219066,39.265847
26.713932,96.091104,39.101495
26.762616,96.072713,39.116027
26.756804,95.895405,39.275186
26.804106,94.785021,38.883291
26.823348,94.753780,38.931211
26.792973,94.319184,38.857454
26.958167,93.858284,38.979733
27.085138,93.659944,39.005986
27.417879,92.657875,38.560719
27.317223,92.599729,38.442097
27.540034,91.774897,38.274600
27.517722,91.766862,38.255512
27.473510,90.877903,38.186870
27.453648,90.677212,37.974524
27.464335,90.675554,37.960064
27.558364,90.236281,37.858797
27.526377,89.745874,37.360892
27.537204,89.743874,37.357228
27.572148,89.389504,37.262618
27.519185,89.305517,37.322937
27.587845,89.221883,37.103942
27.637647,88.911356,37.021792
27.537341,88.594334,36.890616
27.437399,88.160746,37.603232
27.647352,87.934583,37.598508
27.604780,88.194487,38.031586
27.539947,88.135130,37.961848
27.804200,87.523727,38.168552
27.752797,87.019677,38.230972
27.755740,86.340118,38.497671
28.058097,85.704538,38.204799
28.376345,84.571502,38.545015
28.344708,84.380792,38.424346
28.334752,84.373294,38.439646
28.401324,84.245370,38.600511
28.392030,83.607838,38.365953
28.465176,83.294223,38.619088
28.321304,83.236574,38.620208
28.082307,82.828427,38.474963
28.080480,82.823889,38.479084
28.037215,82.549794,38.387552
28.070042,82.547762,38.352256
28.056112,82.548689,38.341977
28.192432,81.971180,38.115333
28.294712,81.739214,38.303307
28.366353,81.300149,38.117864
28.307814,80.882408,38.126768
28.496399,80.498565,37.875894
28.282147,80.389488,37.831484
28.206620,80.194702,37.722312
28.450544,79.068974,37.224099
28.501158,78.454579,37.509556
28.430147,78.349020,37.411316
28.430256,78.348353,37.410967
28.291405,77.927827,37.320913
28.340822,77.926563,37.297069
28.480505,77.529097,37.561210
28.426592,77.503114,37.580029
28.426654,76.737027,37.809333
28.508627,76.269654,37.603602
28.489071,76.268412,37.590750
28.692470,75.540175,36.742475
28.731546,75.415223,36.622523
28.780980,75.095585,36.276250
28.516134,74.321575,36.259816
28.734256,74.192562,36.182305
28.527667,73.727602,35.912588
28.527018,73.726937,35.905485
28.367046,73.316376,35.699210
28.243423,72.374203,35.965075
28.234523,72.289885,36.042596
28.234051,72.289053,36.042954
28.233798,71.970382,35.830301
28.041402,71.338561,35.887192
28.004326,71.149468,35.791919
28.126861,70.908616,35.764086
28.054940,71.002390,36.124295
28.019812,70.976371,36.078485
27.842693,70.651563,35.636462
27.853861,70.279758,35.918784
27.791395,70.271364,35.959401
27.494357,69.873326,35.671154
27.531816,69.760692,35.606578
27.358323,69.082223,35.847310
27.568572,68.789826,35.884152
27.617586,68.763421,35.843448
27.348394,68.314310,36.005835
27.444583,67.833129,35.764887
27.618837,67.027568,36.235391
27.753167,65.978063,36.382860
27.680965,65.609938,36.634695
27.467059,65.253838,36.877197
27.461809,65.138854,36.934301
27.485688,64.934574,36.905827
27.499156,64.885902,36.882101
27.340449,64.676936,36.872222
27.434821,64.505990,36.864449
27.516510,64.392259,36.871515
27.527721,64.000520,37.116371
27.419988,63.633978,37.042081
27.436556,63.520943,37.067625
27.761012,63.024389,37.406494
27.857950,62.779650,37.407485
27.859313,62.435293,37.455656
27.859289,62.434288,37.455176
27.997145,62.030539,37.205043
27.786355,61.954916,37.327692
27.929667,61.621334,37.507258
27.844882,61.535511,37.611735
27.904835,61.266428,37.238241
27.776903,60.546605,37.533952
27.851666,59.848889,37.617998
27.839428,59.847023,37.618053
27.742939,59.604668,37.665376
27.576109,58.999132,37.785105
27.473429,58.862589,37.741984
27.742275,58.240406,38.169656
27.618823,58.068116,38.090856
27.914905,57.213546,38.668145
27.782950,56.659091,38.489690
27.891876,56.078251,38.386236
27.837421,55.861716,38.290332
27.612057,55.107858,38.894429
27.577338,54.966922,38.810869
27.595000,54.865375,38.889638
27.589008,54.862099,38.880518
27.524478,54.391555,38.958203
27.641112,54.318792,38.986064
27.747991,54.080008,39.154313
27.736026,53.962306,39.062735
27.900586,53.324179,39.191009
27.888224,52.913576,38.826292
27.989896,52.563788,38.945679
28.079103,52.231142,39.111778
28.079882,52.224558,39.132567
28.102173,52.090472,39.143526
28.280456,51.118175,39.938553
28.031187,50.188333,40.671349
28.042130,50.131227,40.627061
28.051401,50.282922,41.126037
28.039109,50.264102,41.107875
28.052198,50.088651,40.964864
28.089178,49.989132,41.032558
28.078266,49.689850,41.302516
28.162551,49.430088,41.585125
28.155209,49.421748,41.573701
28.141626,49.012431,41.582153
28.112671,48.707247,41.515783
28.231334,48.128998,41.563328
28.033977,47.922302,41.930745
28.207246,47.404744,42.328606
28.176390,47.219325,42.187657
28.072645,46.759394,42.400518
27.874284,46.488853,42.493057
27.807603,46.212035,42.892694
27.758317,46.124764,42.852785
27.826814,46.073905,42.876870
27.724438,45.438527,43.105496
27.725250,45.334076,43.018368
27.845851,45.037292,43.195206
27.937022,44.660825,43.280921
28.200449,44.486777,43.605853
28.230851,44.378170,43.567296
28.143850,43.766190,44.372552
28.290343,43.206177,44.925881
28.378024,42.876005,45.264565
28.387135,42.621207,45.747697
28.901000,42.107376,46.284641
28.678777,42.174911,46.597047
28.680180,41.822623,47.234757
28.633619,41.461575,47.898840
28.557109,41.380975,48.257796
28.521246,40.799146,48.825012
28.540929,40.500581,49.400947
28.456441,40.595954,49.548202
28.384952,40.681125,49.680791
28.260406,40.516521,49.865341
28.215835,40.536748,49.930958
28.017250,40.359000,50.489746
27.940066,40.136364,50.828295
28.008025,40.146383,50.991853
27.954749,40.182697,51.038550
27.865846,40.143410,51.300214
27.818457,40.148524,51.337505
27.821116,40.230180,51.488307
27.466145,39.730206,52.091558
27.406644,39.547372,52.512039
27.413577,39.408009,52.833900
27.448337,39.085420,53.632890
27.428290,39.053809,53.708076
27.704926,38.743439,54.192206
27.634881,38.763203,54.607426
27.753945,38.541240,54.918500
27.753821,38.541820,54.919961
27.683716,38.575754,54.968936
27.648601,38.276050,55.594689
27.308833,38.193673,56.110848
27.359967,38.034547,56.485681
27.105459,38.084997,56.784857
27.193560,37.835620,57.119464
27.228668,37.803836,57.111545
27.316317,37.893401,57.314288
27.304575,37.683870,57.965559
27.292885,37.620138,58.350825
27.292887,37.613672,59.000182
27.153713,37.672689,59.106581
27.200470,37.744225,59.213129
27.283500,37.586650,59.352189
27.092865,37.598733,59.427853
26.985220,37.406930,60.005176
27.030455,36.967503,60.343471
27.330903,36.425795,60.841520
27.362446,36.244232,61.051890
27.302551,36.141698,61.090554
26.852640,35.609383,62.561489
26.831178,35.328484,62.827642
26.601032,35.399072,63.029957
26.547223,35.341788,63.246998
26.783883,35.118859,63.897798
26.925832,35.076127,64.266459
26.930072,35.021870,64.315277
26.955278,34.702728,64.393615
26.981083,34.662492,64.495995
27.083634,34.626215,64.775878
27.108647,34.425627,65.027660
26.976477,33.675287,66.020076
26.991460,33.755089,66.408554
27.001623,33.769152,66.417289
27.167419,33.500944,67.009936
27.205832,33.399600,67.227455
26.998930,33.450242,67.506743
27.140600,33.218428,67.917751
27.279162,33.157757,68.119791
27.565852,32.971983,68.921449
27.337037,32.583622,69.850504
27.371170,32.559832,69.879274
27.423216,32.441582,69.944123
27.182238,32.001830,70.281347
27.200106,32.095337,70.457633
27.050977,31.959436,70.952429
27.125605,32.061256,71.139817
27.114101,32.134457,71.383459
27.310375,31.671142,72.416827
27.347564,31.672351,72.715246
27.509487,31.658890,73.155704
27.518655,31.667595,73.158570
27.669975,31.704858,73.394191
27.789196,31.599887,74.255666
27.563333,31.475203,75.091717
27.858120,31.720707,75.805901
27.852841,31.769820,75.888984
27.457572,31.334408,76.429989
27.434901,31.281108,76.504120
27.440626,31.263919,76.556017
27.384792,31.208617,76.939402
27.439181,31.276625,77.244912
27.644123,31.328613,77.783148
27.744436,31.443616,78.025620
27.292600,31.183237,78.959077
27.563705,30.760818,79.613873
27.476864,30.616417,80.079129
27.541954,30.720112,80.828644
27.401389,30.614979,81.214510
27.383413,30.564323,81.297971
27.358244,30.537861,81.356207
27.230516,30.750614,81.811890
27.230544,30.750691,81.812668
27.232620,30.717714,81.870174
27.227131,30.662165,82.741094
27.277492,30.549328,82.984387
27.281137,30.480583,83.010047
27.302695,30.480220,83.473228
27.165873,30.539443,83.897658
27.438915,30.413688,84.230168
27.678327,30.156371,84.597049
27.996865,29.982810,85.241866
27.825350,29.832021,86.363889
27.847671,29.822736,86.822578
27.859304,30.141811,87.185688
27.853534,30.111069,87.213722
27.891069,30.154047,87.239541
27.903622,30.154364,87.300013
27.655604,29.891318,88.111303
27.637078,29.910687,88.120423
27.806542,29.583223,89.428890
27.933359,29.633670,89.706029
27.895385,29.625545,89.758920
27.715498,29.570928,90.083339
27.826723,29.627723,90.494570
27.874328,29.595551,90.505070
28.150215,29.470985,91.363340
27.931847,29.184479,92.339003
27.911060,29.208578,93.861090
27.739286,29.121556,94.905224
27.799010,29.166469,94.973973
28.256579,29.095892,95.241435
28.294888,29.081814,95.346193
28.246167,28.784399,96.264418
27.959102,29.393845,97.344171
27.827352,30.198691,98.094223
27.663853,29.958413,99.319452
27.536033,29.785357,99.852351
27.442903,29.897879,100.314298
27.031349,29.581233,101.279517
27.027280,29.603779,101.906894
26.986976,29.607099,101.947013
27.009381,29.740868,103.044254
27.053223,29.406856,103.917375
27.210601,29.466466,104.108915
27.059691,29.683265,104.577304
27.053668,29.645956,105.345231
27.065796,29.642193,105.347468
27.057339,29.651229,105.355097
27.101940,29.540545,105.493492
27.104336,29.538922,105.494652
27.178669,29.438638,105.622146
26.792524,29.610492,106.078413
26.521309,29.384789,107.731560
26.401888,29.515598,108.229949
26.280361,29.824789,109.163183
26.352040,29.655421,109.914004
26.478248,30.013625,110.269955
26.477942,30.158849,110.576676
26.429316,30.100219,110.693091
26.352056,29.967232,111.026451
26.302173,29.963229,111.919347
26.060982,30.563532,113.061749
26.193995,30.705977,115.214954
26.010051,30.958465,116.554980
25.711724,30.517306,116.854554
25.599782,30.212246,118.285869
25.676238,30.338043,118.847322
25.495865,30.404283,119.557539
25.516959,30.442156,119.580144
25.495788,30.791334,120.475330
25.481462,30.791704,120.480530
25.481257,30.792503,120.482151
25.492593,30.800979,120.502404
25.041443,30.407523,122.797880
24.806325,30.544180,123.919579
24.367357,30.337448,124.843768
24.330232,30.295775,124.887026
24.190521,29.869670,125.575901
24.089878,30.807787,126.179942
23.918248,30.651807,126.817385
23.565732,30.672777,127.813185
23.562040,30.672597,127.813929
23.343229,30.439375,128.771041
23.250699,30.180499,129.760922
22.971663,29.864171,130.599901
22.927506,29.837991,130.759941
22.941153,29.826285,130.882099
22.772066,30.338647,131.991168
22.891203,30.404193,132.198672
22.683522,30.310738,133.120691
22.792795,30.721928,134.493100
22.864617,30.488890,135.709199
23.020055,30.617065,135.950084
22.883995,30.406285,136.847952
22.749959,30.843613,137.592148
22.855194,31.175307,138.430548
22.772439,31.136869,139.298166
22.629942,30.918806,139.911707
22.520201,31.400988,141.141488
22.598788,31.115797,142.109045
22.493301,31.077128,142.145594
22.478938,31.025790,142.197542
22.226493,30.732151,142.811031
22.216739,30.701974,142.824577
21.964760,30.423566,143.205121
21.853734,30.248517,143.728791
21.788830,30.638792,144.173862
21.776518,30.600319,144.740653
21.788642,30.533387,145.348548
21.571039,30.832197,146.436955
21.489394,30.666690,146.680870
21.458897,30.458616,147.310950
21.382032,30.302174,147.518331
21.090493,30.520808,148.241072
21.019480,30.522188,148.634298
20.706014,30.023787,150.110938
20.320223,29.963061,151.132309
20.134222,30.006739,152.817215
20.015301,29.907963,153.432034
19.672727,30.148490,154.722684
19.642060,30.048983,155.331785
19.731760,30.174241,156.300719
19.426757,30.351306,156.977164
19.355166,31.243243,157.476569
19.120378,31.244782,158.484477
19.071737,31.112840,158.966267
19.277380,30.897834,159.678614
19.336958,30.969841,160.324973
19.102183,31.028944,160.998842
18.999172,31.188094,161.686456
18.866213,31.230021,162.367194
18.574663,31.187816,163.498271
18.632411,30.947469,163.522471
18.530650,30.812397,164.151688
18.399840,31.903981,164.839001
18.422800,32.129935,165.462529
18.438974,32.413992,166.336129
18.055106,32.799212,167.761380
18.127576,33.025607,168.462877
18.246695,33.056261,168.581916
17.863318,33.000992,169.194211
17.837517,34.144027,169.762198
17.747807,34.044799,170.259086
17.716025,34.216364,170.651382
17.687213,34.220728,170.765077
17.651741,34.277999,170.819969
17.724995,34.177795,172.076890
17.755922,34.204544,172.146358
17.640139,33.959466,172.614625
17.606609,33.968539,172.651080
17.606002,34.368974,173.045365
17.537918,34.294310,173.859683
17.625250,34.019728,174.949124
17.416708,34.160257,175.922647
17.260160,34.545031,176.664757
17.192306,34.359442,176.995651
17.271289,34.540248,177.620613
17.230211,34.411914,177.772557
17.244877,34.432396,177.778357
17.173234,34.257441,178.102416
17.013978,35.083897,178.740322
16.772653,35.252237,179.675682
16.709732,34.756966,180.841419
16.187211,35.404816,181.634573
16.188467,35.410856,181.634312
16.225816,35.502193,181.689461
16.418032,35.671728,182.290149
16.486623,36.248913,183.762890
16.429006,36.437350,183.939321
16.418747,36.415281,183.948575
16.437894,36.458613,183.957073
16.329729,36.467098,184.406068
16.363080,36.757950,185.750859
16.387386,36.808941,185.905530
16.395315,36.744295,185.932995
16.027713,37.112641,186.740881
16.100793,37.288125,187.256811
16.132339,37.305138,187.332357
16.025147,37.344251,187.966375
15.798948,37.290723,188.807291
15.628496,37.197213,188.993190
15.580506,37.277489,189.070954
15.698180,38.282596,190.556584
15.637523,38.312530,191.372877
15.637781,38.158766,191.805564
15.398953,37.743569,193.286961
15.398042,37.741179,193.288305
15.303674,37.484283,193.659468
15.135838,38.614316,194.106125
15.202007,39.449108,194.417464
15.040304,39.421415,194.786983
15.040212,39.421958,194.787723
14.978687,40.262800,195.054246
15.002400,40.140127,195.129380
14.717853,40.420185,195.515878
14.608608,40.159688,195.945485
14.664200,40.284647,196.442374
14.663977,40.309322,196.441360
14.570473,40.426653,197.941894
14.570408,40.426736,197.942759
14.522381,40.270459,198.143309
14.476849,40.277962,198.354778
14.088257,40.219473,199.050599
14.163395,40.049377,199.672249
14.155034,39.674196,199.978739
14.149376,39.618606,200.068628
14.305318,39.204988,200.560323
14.118535,39.288871,201.497122
14.118402,39.288755,201.497893
13.918712,39.356127,201.790842
13.920096,39.352816,201.791591
13.841121,39.403699,202.227758
13.750197,39.445870,202.556562
13.772884,39.511423,202.579077
13.670569,39.681926,203.042131
13.842670,39.426510,203.874536
13.734856,39.497002,204.591289
13.713130,39.244171,204.900721
13.687006,39.296210,205.163250
13.609549,39.619596,205.753847
13.609486,39.619430,205.754618
13.689405,39.721707,206.210005
13.725284,39.798102,206.524024
13.645862,39.564867,206.799410
13.628201,39.547053,207.716249
13.628095,39.546788,207.717034
13.589889,39.434514,207.847714
13.552094,39.323446,207.976992
13.565320,39.225439,208.336993
13.477862,39.237611,208.843565
13.652522,39.043505,209.350841
13.668075,38.895871,209.559086
13.402301,38.635499,210.218730
13.458111,38.794365,210.641983
13.535522,38.467422,211.425021
13.136594,38.253185,211.935322
13.249458,38.447170,212.516600
13.209655,38.330314,212.646548
13.225825,38.235087,213.192469
13.285560,38.230960,213.264419
13.334114,38.281603,214.003554
13.030871,38.318765,214.460338
12.969454,38.224628,214.757645
12.932527,38.458802,215.211777
12.912695,38.448062,216.035648
12.908305,38.211473,216.415994
12.874811,38.066205,216.565124
12.904357,38.168343,216.982206
13.093589,38.320759,217.558317
13.087705,38.240875,217.687071
13.098892,38.107693,217.838941
13.276629,38.017406,217.939600
13.196555,38.415365,218.467388
13.244181,38.137638,218.710050
13.151918,37.809793,219.263775
13.113222,37.697850,219.365079
13.187979,37.800593,219.746515
13.212223,37.856209,220.195656
13.298210,38.075614,220.835707
13.153750,38.273581,221.237348
13.478410,38.768059,222.021700
13.698786,38.721281,222.254310
13.614608,38.612982,222.646668
13.586744,38.533499,222.713724
13.468735,38.296589,222.949903
13.478870,38.305363,223.050614
13.622896,38.501649,223.348736
13.553523,38.379710,223.515874
13.659676,38.313987,224.029582
13.706078,38.333578,224.281240
13.745758,38.436553,224.612676
13.505997,38.902573,225.424465
13.824376,39.291036,225.851339
13.842369,39.212408,225.919032
13.873285,38.892676,226.181277
14.162882,39.351517,226.420915
14.114220,39.329367,226.493051
14.125243,39.271534,226.533919
14.393914,39.003384,226.755003
14.381371,38.864831,226.933757
14.409289,38.771330,227.017237
14.439113,38.603181,227.169964
14.434227,38.308144,227.452063
14.424433,38.335565,227.833284
14.420720,39.409398,228.250566
14.477303,39.610213,228.166179
14.721126,40.078812,228.486084
14.821690,39.955969,228.758680
14.784608,40.124795,229.195204
14.662222,40.305211,229.313849
14.669301,40.560869,229.581272
14.697823,40.648566,229.564748
14.580233,40.916822,229.869735
14.667544,41.034413,230.179105
14.647682,41.122283,230.136281
14.651291,41.250996,230.069954
14.682318,41.337871,230.016776
14.842144,41.438803,230.024004
14.905837,42.071764,230.685704
14.879385,42.484096,230.717964
14.865157,42.897261,230.707909
14.905173,42.953246,230.687319
14.929959,43.343661,230.787614
14.922746,43.383108,230.764547
14.823456,43.555648,231.311399
14.817764,43.679121,231.254627
14.945413,44.011300,231.543372
14.938240,44.012574,231.555013
14.996709,44.281401,231.497490
15.033801,44.392910,231.438377
15.207925,44.457666,231.519250
15.359930,44.312539,231.730820
15.381536,44.528011,231.974021
15.515179,44.950663,232.124897
15.499872,45.335386,232.153171
15.620231,45.759841,232.180528
16.234631,45.895412,232.838585
16.453435,46.236544,233.007646
16.753139,46.894679,233.564849
16.813357,47.039859,233.497801
16.755184,47.452853,233.605204
16.800579,47.502237,233.580096
16.842341,47.732176,233.767478
16.947027,47.846497,233.685869
16.981999,48.546484,233.798564
17.324183,48.902168,233.999686
17.371154,49.000407,233.941812
17.435400,49.249500,233.857650
17.444826,49.246853,233.861658
17.618836,49.212763,234.028266
17.753176,49.597400,234.054268
17.845877,49.868752,234.267440
17.972449,49.886933,234.427104
17.973021,50.127181,234.529218
18.436270,50.480574,234.899017
18.465309,50.568352,234.863361
18.465036,50.569829,234.862940
18.429324,50.669326,234.824788
18.439214,50.572342,234.772006
18.429268,51.238505,234.928773
18.427046,51.239750,234.930612
18.596364,51.147811,234.933279
18.600115,52.063265,235.416824
18.666953,52.147846,235.682996
18.661279,52.234611,235.613876
18.576354,52.334978,235.576754
18.562204,52.335785,235.591438
18.647481,52.446190,235.659224
18.820374,52.652066,235.769691
18.628711,53.591233,235.880114
18.413759,54.560394,235.877486
18.287268,55.498178,236.028074
18.287168,55.499621,236.027896
18.268151,56.387491,236.281109
18.269214,56.377738,236.288581
18.105299,56.536012,236.313796
18.297997,56.649838,236.385778
18.245881,56.894718,236.316868
18.351961,57.074326,236.600758
18.229475,57.870464,236.737937
18.251476,58.066975,237.004820
18.304366,58.647897,237.122583
18.396828,58.973916,237.245739
18.419684,59.320441,237.416668
18.769237,59.837714,237.543241
18.797019,60.341118,237.813958
18.964962,61.034602,238.065957
19.323446,62.131809,238.358396
19.356464,62.254026,238.316949
19.356569,62.256055,238.316439
19.308664,62.575203,238.373537
19.469333,64.427576,238.591742
20.132918,64.358311,238.688252
20.168747,64.493814,238.659810
20.089696,64.578429,238.682626
19.961644,64.828995,238.612668
19.862330,65.396111,238.696067
20.042822,65.987837,238.574415
20.046860,66.089105,238.603185
20.410894,66.079019,238.731518
20.678582,66.652588,238.763977
20.741963,66.755691,238.734426
20.722365,67.377622,238.750869
20.780767,67.535408,238.704403
20.678428,68.100213,238.626462
20.654167,68.519425,238.644178
20.652807,68.520902,238.644580
20.669151,69.602720,238.611852
21.055721,69.489028,238.705455
21.063464,69.534297,238.874116
21.124365,70.562240,238.950083
21.232447,70.920512,238.868017
21.212510,70.961930,239.009213
21.432364,71.587114,238.841757
21.625600,71.427150,238.993328
21.841303,71.369393,239.456924
21.886720,71.589755,239.570224
21.863914,71.610337,239.576955
22.509867,71.825057,239.858007
22.455589,72.273398,239.811666
22.521036,72.330730,239.767042
22.645916,73.090276,239.701614
22.777732,73.494923,239.614271
23.283796,73.661780,239.660622
23.288317,73.660568,239.662867
23.403552,73.909887,239.669111
23.350957,74.188647,239.889548
23.404351,74.262642,240.122797
23.826829,74.322809,240.270284
23.900806,74.506462,240.225389
24.051441,74.944878,240.134006
24.051504,74.945904,240.133941
24.258398,76.139294,240.373323
24.787621,76.141290,240.422828
24.787707,76.142346,240.422817
24.678051,76.492134,240.486877
24.556832,77.008236,240.459955
24.698960,77.755182,240.512589
25.109478,78.329934,240.624359
25.241597,78.701691,240.671789
25.230543,78.709876,240.679614
25.500000,79.144284,240.680587
25.581211,79.766398,240.990706
25.839081,80.684548,240.965511
26.199282,81.297031,241.012601
26.244569,81.650577,240.988508
26.506394,82.343676,241.014902
26.613190,83.101587,240.999156
26.566904,83.903928,241.038970
26.558313,83.912537,241.025082
26.935329,84.961971,241.018667
26.925448,84.971263,241.013168
27.241478,85.425287,241.083686
27.189114,85.612758,241.053955
27.203288,86.137573,241.369227
27.698120,86.071182,241.497393
27.836232,85.887394,241.588643
28.046958,85.710917,241.674301
28.318917,85.789383,241.521693
28.483086,86.053376,241.595695
29.047346,86.706093,241.659058
29.181708,86.521448,241.991267
29.176144,86.534215,241.993999
29.037096,87.211253,242.039544
29.637010,87.285268,242.224615
30.245191,87.934575,242.388429
30.338248,88.290880,242.472112
30.220411,88.934302,242.520220
30.992613,90.327980,242.365780
31.615247,91.450162,242.382998
32.138084,91.534289,242.422244
32.061466,91.621279,242.635873
32.213942,91.560513,242.684159
32.308688,91.972267,242.676983
32.667352,92.969784,242.674475
33.165127,94.170591,242.675011
33.141682,94.193773,242.683810
33.600338,94.007885,242.868906
33.853798,94.393161,242.616544
34.015101,94.688216,242.611801
33.981787,95.029902,242.644661
34.220032,95.379444,242.564077
34.515009,95.406960,242.582405
35.027651,96.127264,242.617618
35.422005,96.589320,242.776276
35.397173,96.615456,242.784764
36.114954,96.789749,242.821102
36.351096,97.283789,242.851312
36.657973,97.505027,242.791535
36.542317,98.022635,242.970583
36.457842,98.401345,242.938946
36.989057,99.295087,243.017675
37.200218,99.810179,242.939532
37.561911,99.892766,243.054113
37.623565,100.520623,243.028735
37.608502,100.538955,243.027159
37.761161,100.277849,243.057730
38.682855,100.619302,243.059345
39.624487,101.211916,243.300119
40.103285,100.701325,243.540991
40.646590,100.996943,243.560209
40.975925,101.402768,243.586860
41.167366,101.659879,243.529463
42.267818,103.145412,243.688462
43.051509,103.422088,243.953433
43.863827,103.601549,243.744458
43.922849,103.803125,243.667002
43.895199,104.021730,243.682008
44.323099,104.090773,243.456325
44.342882,104.065363,243.451426
44.509254,104.608919,243.497958
44.671994,104.412533,243.463547
44.754981,104.275874,243.408723
45.147699,104.849588,243.555003
45.194935,105.163476,243.581007
45.335555,104.871484,243.895373
45.686691,104.620225,243.919917
45.691106,104.614074,243.919022
46.007140,104.383279,243.979376
46.353209,105.060325,244.091602
46.730150,105.322927,243.994633
46.792319,105.367798,244.085629
47.362085,106.149648,243.907216
47.794201,106.275164,243.659630
48.723005,106.205283,243.580977
49.136391,106.067314,243.645906
49.132051,106.136275,243.648931
49.229781,105.947284,243.709555
49.593952,106.614017,243.661357
49.867298,106.591412,243.693574
49.941673,106.916209,243.716020
49.986177,107.091976,243.839122
50.413288,107.493574,243.765514
51.743584,108.452887,243.706183
52.211872,109.029253,243.597708
52.690349,109.648066,243.511288
53.593500,110.019872,243.330799
54.598346,109.755174,243.442855
56.178821,110.067479,243.323084
56.695825,109.981352,243.420325
57.364084,109.687186,243.478282
57.555574,109.437034,243.442625
58.674815,109.477876,243.452413
58.729886,109.400564,243.444697
59.202635,109.577443,243.443237
60.287512,109.705190,243.645986
60.747813,108.911741,243.555428
61.046341,108.202978,243.500989
61.382403,107.914748,243.496461
61.576522,107.793720,243.416719
62.839816,107.047945,243.329007
62.885427,107.053979,243.432846
63.260637,106.616495,243.476627
63.765922,106.134696,243.512147
64.714411,105.417747,243.583694
65.669834,105.129253,243.637930
66.026162,105.093486,243.558387
66.435493,105.002277,243.563014
66.732328,105.137283,243.584529
66.869300,104.965252,243.560913
67.346955,105.043138,243.468495
67.819416,105.007135,243.648434
68.737176,105.462161,243.666471
69.076912,105.864934,243.596342
69.078207,105.864368,243.596207
69.213641,105.570259,243.612653
69.431963,105.316203,243.637571
69.448763,105.253679,243.632052
70.414337,104.763493,243.214797
71.059015,105.167350,243.144802
71.369358,105.303691,242.915750
72.447184,104.615425,242.732976
72.712719,104.610539,242.915634
72.923692,104.582297,242.891612
73.765351,104.452083,243.148549
74.207723,103.488563,243.153232
74.655683,103.877916,243.179224
75.219811,103.456741,242.976800
75.509130,103.628035,242.915802
75.541708,103.695563,242.917419
76.875399,104.383269,242.818821
78.021631,103.656882,242.852845
79.115213,104.120933,242.959428
79.603754,103.707464,242.756033
79.918665,104.078715,242.996078
81.597209,104.048403,243.298287
81.741813,103.599120,243.153816
82.050952,103.469404,243.111508
83.618134,102.750223,243.077581
83.608121,102.669950,243.082566
83.915124,102.332489,243.024494
85.780785,101.354943,243.000425
86.017737,101.102887,242.983672
86.088086,101.124249,243.003377
87.493020,100.420412,243.090796
88.753894,99.854454,243.040825
89.110297,99.394985,243.286476
89.973376,98.345990,243.140638
90.026978,97.420851,243.233200
90.294322,96.924185,243.270288
91.004802,96.125840,243.161968
91.243780,96.385375,243.118416
91.537837,95.969619,243.079565
92.138027,95.584127,242.976364
92.125164,95.559663,242.973282
93.472697,94.086528,242.992820
93.783100,93.899046,242.952123
93.830932,93.864799,243.022966
94.422041,93.544862,243.076641
94.398645,93.391069,243.076574
95.000082,93.025678,243.119352
97.443462,92.427069,242.721304
97.885334,91.846624,242.881468
97.814166,91.454084,242.831706
98.154188,90.884450,242.809006
98.352548,91.087026,242.799691
99.426306,89.763167,242.721584
99.506050,89.611159,242.697965
100.240133,89.050305,242.578531
100.845316,88.532123,242.662334
102.125451,88.742114,242.637961
102.346554,88.749176,242.708372
102.665690,87.764306,242.775319
103.122127,87.172053,242.841378
103.685760,86.905721,242.890489
104.524529,86.567185,242.935892
106.127339,85.307528,243.041690
106.921005,84.023144,242.979367
107.279774,83.741854,242.931397
107.527333,82.631922,242.876046
107.827136,81.978606,242.828088
108.459880,80.772413,242.783332
109.719571,79.702666,242.812460
109.674319,79.550263,242.841243
110.418558,79.391030,243.042225
110.888991,78.407273,243.067071
111.698368,77.665156,242.738412
111.780333,77.263019,242.706113
111.792907,77.045450,242.685128
112.136296,76.786874,242.642934
112.148239,76.769191,242.664340
112.178781,76.452581,242.691205
112.862340,75.577088,242.551702
112.929324,75.044528,242.598418
113.729626,74.349749,242.442861
113.859594,74.017017,242.482672
113.965255,73.694704,242.464425
114.082920,73.447566,242.506996
114.060791,73.264924,242.539821
114.544465,72.826897,242.548016
115.223919,72.276797,242.621367
115.175819,72.139826,242.584041
115.187195,71.970407,242.613462
115.750568,71.808442,242.684497
116.891216,71.451574,242.482551
117.498113,70.354071,242.695378
117.710164,70.178920,242.811725
119.133324,70.189343,242.910177
119.365710,69.510913,242.984112
119.640999,69.057490,242.901785
119.918774,68.847608,242.946752
120.386197,68.268202,243.035582
120.936684,67.767455,242.961459
120.937426,67.766377,242.961398
121.831414,67.455532,243.011011
122.215510,67.355393,243.188647
122.490646,66.795528,243.164112
122.507800,66.405065,242.933931
122.507380,66.402727,242.938434
122.508106,66.401522,242.938381
122.470860,66.274656,242.836448
122.775187,66.410657,242.795345
122.775889,66.409406,242.795259
122.785584,66.373474,242.794585
122.827550,65.677167,242.796918
123.156760,64.873521,242.691914
123.075056,64.340601,242.680704
122.783473,63.804258,242.988681
122.939506,63.938981,243.031311
122.838416,63.731885,243.020059
123.275910,63.474589,243.127187
123.613452,63.325780,243.067781
123.617783,63.295409,243.081121
123.671198,63.262396,243.173324
124.028737,62.808454,243.160303
124.750190,62.835491,243.257908
124.712091,62.762079,243.271573
125.060679,63.094108,243.456316
125.249042,62.445338,243.435499
125.854670,61.979744,243.587256
126.681523,61.090076,243.195686
126.828937,60.383364,243.043066
127.579292,59.802609,243.043479
127.536976,59.731652,243.029975
127.544160,59.663530,243.042918
127.535865,59.646048,243.040193
127.611922,59.572274,243.016218
127.936504,58.510554,242.895959
127.905245,58.456637,242.886733
128.092166,58.165131,242.939914
128.074393,58.137210,242.941379
128.304668,58.285792,242.956949
128.319645,57.220545,242.886590
128.553022,57.105800,242.789942
129.223071,56.717908,242.712303
129.452687,56.755865,242.642341
130.047998,56.633920,242.499294
130.314191,56.614888,242.517816
130.584456,56.872190,242.485864
131.147570,55.710910,242.441780
131.456946,55.915168,242.409402
131.938920,56.045989,242.404629
132.162282,56.146763,242.404823
132.468679,56.381620,242.384305
132.940962,56.912952,242.324521
133.724159,57.187362,242.251218
133.921253,57.154777,242.271314
134.007936,57.265310,242.253922
134.775092,57.328596,242.268815
135.401990,56.570036,242.217591
136.066727,55.670707,242.135300
136.486854,55.507925,242.145442
136.503107,55.510018,242.095949
136.642005,55.593836,242.114841
136.644188,55.582510,242.110794
136.890440,55.219146,242.124689
137.433059,54.832472,242.110907
137.585038,54.805927,242.169804
138.165765,55.306915,242.240906
138.564880,55.326916,242.246957
139.517716,55.547694,242.371306
139.760239,55.551152,242.363688
139.916753,55.552943,242.374020
140.182745,55.797501,242.318098
140.533821,56.068971,242.383486
140.700680,56.006358,242.362659
140.804907,55.995010,242.368992
141.022198,55.864962,242.352432
141.306600,55.895014,242.363503
141.723762,56.213763,242.309708
141.945329,55.843344,242.257298
142.262436,55.871335,242.311202
142.411769,55.766029,242.309317
142.831965,56.149270,242.315699
143.324758,55.749723,242.561792
143.424306,55.682277,242.569486
143.652601,55.582540,242.528473
143.868655,55.668881,242.544655
144.220434,55.711109,242.591084
144.356297,55.719698,242.649726
144.647682,55.623793,242.616240
144.868341,55.757629,242.584545
145.334397,55.958556,242.543223
145.509794,55.975860,242.521347
145.617017,55.499193,242.643488
145.803063,55.414937,242.648000
146.104432,55.401110,242.751467
146.436845,55.644154,242.752469
146.802389,55.590265,242.897322
146.786625,55.302592,243.088321
146.845384,55.200902,243.088566
146.982197,54.949880,243.086567
146.786056,55.096075,243.217892
146.656024,55.296131,243.349771
146.500486,55.334026,243.392472
146.248631,55.405671,243.460464
146.012832,55.412183,243.528486
145.468223,55.460171,243.768382
145.243088,55.558418,243.785778
145.136659,55.577182,243.805974
144.944862,55.507091,243.887077
