2000
3
22.050220,13.931064,231.316578
22.664201,13.854518,231.350104
23.262177,13.844309,231.376291
23.383580,13.824964,231.384051
23.566254,13.867595,231.376587
23.696947,13.773376,231.372718
24.340181,13.760390,231.485659
24.499126,13.765165,231.464226
24.728666,13.704999,231.534243
24.792589,13.884555,231.479201
24.953205,13.840853,231.557879
25.502056,13.599964,231.724718
25.580657,13.767526,231.721734
25.722181,13.767837,231.771326
25.928858,13.762802,231.808776
26.636239,13.676336,232.056922
26.744489,13.761283,231.953117
27.003268,13.531869,232.011116
27.498627,13.358954,232.086578
27.625916,13.345150,231.967967
27.900422,13.264449,232.174417
28.008346,13.350851,232.455124
28.286631,13.332573,232.578805
28.446841,13.347131,232.487286
28.628945,13.358736,232.770013
28.835444,13.262819,232.685677
29.087459,13.219804,233.038468
29.453888,13.101097,233.403093
29.802694,13.145046,233.398460
29.887484,13.178709,233.385239
30.019641,13.154101,233.452112
30.163807,13.156868,233.719147
30.619132,13.244078,233.808977
31.209212,13.275606,234.226455
31.065714,13.491477,234.380533
31.333304,13.537002,234.246022
31.595302,13.657551,234.062610
31.709666,13.662104,233.978403
31.935242,13.491235,234.035884
31.997654,13.516668,233.995655
32.228142,13.530334,233.979570
32.815485,13.655919,234.078619
33.164803,13.704364,234.003800
33.256100,13.955613,233.914515
34.225336,13.686185,234.434261
34.543986,13.351202,234.383648
34.775785,13.530502,234.357132
34.852064,13.814332,234.366235
35.124338,13.898911,234.238291
35.976411,13.774678,234.239148
36.032803,13.830882,234.246095
36.438146,13.952191,234.530706
36.737584,14.084949,234.467184
37.587658,14.119243,234.633314
38.018141,14.006814,234.566359
38.760706,13.744036,234.610467
38.896280,13.781304,234.555831
38.996746,14.111319,234.901391
39.123147,14.167595,234.820844
39.701987,14.255220,234.837622
39.857118,14.266222,234.819783
40.202148,14.582298,234.697204
40.203493,14.582604,234.697452
40.574157,14.613402,234.652647
40.612786,14.638177,234.698147
40.866064,14.405895,234.568279
41.565613,14.250647,234.954385
41.725779,14.265616,235.062001
42.250970,14.191814,235.149547
42.252224,14.191718,235.149979
43.108025,14.189549,235.289030
43.678123,14.125747,235.256168
43.772992,14.359498,235.296931
44.309123,14.625359,236.099493
44.459532,14.700165,236.345161
44.902962,14.688537,236.359106
45.382672,14.549707,236.508287
46.528163,14.427922,236.611596
47.864169,14.518181,236.388781
47.681598,14.759730,236.432605
47.804183,14.821246,236.356031
48.002177,14.724760,236.438475
48.330583,14.880575,236.297427
48.926439,14.932796,236.009832
49.504343,15.008860,236.033565
49.505439,15.009169,236.033590
50.071571,15.359131,235.881981
50.348148,15.268669,235.850096
50.755385,15.292739,236.033586
51.282789,15.518969,236.530438
51.275857,15.825930,236.534814
51.276926,15.826234,236.534891
51.301635,15.821306,236.549720
51.657192,16.287049,236.670321
51.876795,16.357261,236.588587
52.044493,16.307813,236.748677
52.235501,16.224181,236.487726
52.479626,16.135233,236.320855
53.717302,15.757595,236.342333
54.184316,15.902740,236.390887
54.422755,15.528180,236.308753
54.469231,15.515784,236.279130
54.948527,15.660822,236.650355
55.362554,15.771261,236.701560
55.855281,15.932637,236.528265
56.630991,16.098650,236.239435
57.636372,16.352582,236.150867
58.684295,16.528367,236.526447
59.482198,16.505222,236.196023
59.786316,16.616117,236.118852
60.822178,16.721108,235.442113
61.099897,16.803489,235.347473
61.161657,16.790267,235.360716
61.748036,16.656731,235.505198
62.356436,16.460301,235.050141
62.629661,16.545745,235.034954
62.648883,16.528514,235.052615
63.247597,16.518217,234.542138
63.428652,16.466042,234.554515
64.348513,16.587824,234.602255
64.927876,16.755634,234.429932
64.934027,16.750114,234.430676
64.971565,16.720169,234.373455
66.352072,16.819934,234.242656
66.600045,16.754354,234.325462
67.399239,16.995208,234.340637
67.444857,16.985870,234.381063
67.900192,17.124698,234.370503
68.843494,17.111099,234.517708
69.139947,17.191243,234.394593
69.433799,17.286407,234.298422
69.548389,17.299488,234.154929
70.109260,16.978408,234.067766
70.040594,17.153476,234.117388
71.681756,17.492478,234.127367
72.135886,17.320328,233.991187
72.727614,17.363501,234.078460
72.777227,17.334739,234.021684
73.179424,17.522889,233.948722
73.463525,18.136307,234.041304
73.498933,18.168027,233.943070
74.282296,18.487948,233.471496
74.350648,18.491125,233.464885
75.153818,18.406649,233.259901
76.383087,18.466472,233.257328
76.703709,18.594526,233.224306
77.461241,19.135125,232.902136
77.722433,19.353478,232.673243
78.058841,19.511390,232.552133
78.568489,19.709000,232.357084
79.332279,19.608136,232.448905
79.917538,19.652458,232.241610
80.125992,19.771995,232.537875
80.819569,20.107109,232.833812
81.556118,20.045639,232.744729
81.903897,20.161740,232.626333
83.407536,20.542250,232.420722
84.442331,20.602515,232.603064
85.922851,20.967098,232.658317
86.266211,21.098392,232.528239
87.316249,21.256567,232.552745
88.108200,21.434246,232.409900
88.111268,21.436433,232.401078
88.531519,21.551299,232.713583
88.670936,21.479068,232.631021
89.755150,21.556905,232.550454
90.111257,21.705837,232.798549
90.445223,21.794846,232.677521
92.020914,22.610968,232.486478
92.461208,22.780471,232.618566
93.751868,23.246661,232.635766
94.614929,23.591273,232.709583
95.967748,23.586920,233.274480
96.325566,23.742856,233.471528
96.701100,23.719696,233.488406
97.411956,24.453826,233.634478
98.330481,24.527771,233.772302
98.451653,24.538692,233.655736
99.150184,24.968557,233.373718
99.152070,24.968581,233.370810
99.545032,24.845989,233.270149
100.732241,24.977562,233.531951
101.966144,25.208193,233.374654
103.754259,25.796809,233.321308
105.115230,26.017486,233.252437
105.501175,26.071356,233.271897
106.599969,26.555963,233.760839
107.417407,26.922393,233.795030
108.725533,27.374640,233.758316
109.229788,27.961771,233.854537
111.720019,29.298856,233.784913
111.954056,29.218126,233.853447
113.452689,29.531043,233.686440
114.594102,30.123832,233.854869
115.327777,30.242559,234.150823
115.733877,30.072207,233.975402
115.753823,30.284077,234.236872
117.173140,31.189097,234.341621
117.032550,31.675341,234.772786
117.158878,31.614149,234.835482
117.152174,31.625628,234.838114
116.749347,32.401617,234.942565
116.837330,32.344168,234.856758
117.631388,32.686268,235.159869
118.012325,32.788281,235.225032
119.047587,32.852321,235.419920
119.238266,33.113399,235.466725
119.453227,33.783489,235.509744
120.174431,34.346476,235.466557
120.723221,34.316604,235.348550
120.809779,34.312289,235.414133
121.029199,34.342977,235.371116
121.303675,34.340559,235.225565
121.227784,34.734937,235.301496
121.611671,35.192458,235.361083
121.832412,35.258202,235.578116
122.722919,36.130773,235.585783
122.726259,36.129642,235.585767
123.274738,36.388366,235.702770
124.003620,36.472218,235.796728
125.256927,36.767195,235.786253
125.262909,36.762832,235.787972
125.560285,37.425047,235.546230
126.202509,37.851564,235.568730
126.291032,38.244406,235.624880
127.095951,39.052195,235.668844
127.098308,39.052805,235.668625
127.128183,39.140738,235.779898
127.662048,39.530086,235.915184
128.569216,40.187874,235.979058
128.882157,40.307034,236.004272
129.507822,40.686136,236.140777
130.011694,40.759943,236.047926
129.876352,41.048924,236.158052
129.977906,41.205399,236.070579
130.173869,41.317909,235.999394
130.833061,41.422268,235.729002
131.471906,41.887053,235.837801
131.709376,41.909228,236.083371
132.006172,42.218286,236.183607
132.588150,43.139744,236.701256
133.320985,43.736796,236.444755
134.110536,43.714455,236.342941
134.653133,43.719218,236.209179
135.457984,44.210333,235.915323
136.458404,44.173292,235.775238
136.922805,44.805410,236.119255
137.756959,45.030634,236.012842
138.139792,45.173041,236.079149
138.102949,46.013646,236.233302
137.777580,46.465090,236.233632
137.549777,47.490188,236.187134
137.825178,47.866291,236.245386
137.807227,47.891798,236.241005
138.021841,48.130748,236.272736
138.006780,48.171464,236.248282
138.652208,48.902097,236.499791
138.964699,49.089825,236.124362
139.235835,49.385582,235.964759
140.036570,50.389598,235.752981
140.165679,50.385056,235.737676
140.145716,50.528593,235.647910
140.891686,50.848193,235.322253
141.390466,51.063284,235.199778
142.073244,51.319060,235.047496
141.932691,51.576005,234.967192
141.901374,52.083396,234.925589
142.411521,53.563536,234.600724
142.100562,54.237700,234.602539
142.431219,54.392736,234.556273
142.266984,55.013079,234.857702
142.625004,55.875887,235.005173
142.643918,55.998675,235.042069
142.527333,56.224337,235.353054
142.312100,56.944499,235.443473
141.966963,57.473641,235.590310
141.955785,57.866823,235.553114
142.500734,58.173981,235.746488
142.793241,58.865456,236.249718
143.168900,59.572527,236.094956
143.184420,59.571193,236.098566
142.838038,59.843839,236.228093
143.093380,60.542446,236.413720
143.536945,60.940044,236.275248
143.392112,61.078864,236.271468
142.746452,61.507371,236.298184
142.873484,62.092989,236.796244
143.639501,62.839603,236.844281
143.486104,62.928659,236.911865
142.938779,63.903831,236.958367
142.684079,64.109975,236.901184
142.549797,64.473484,236.911117
142.877624,65.279213,236.636028
143.225350,65.541871,236.573856
143.247610,65.946520,236.610355
143.203538,65.967306,236.606878
143.703011,66.220371,236.915351
143.357136,66.416778,237.014645
143.385758,67.132732,237.109038
143.983182,67.838580,236.995018
144.486783,68.809421,237.047096
145.075695,69.818668,237.217485
145.398451,70.585199,236.980750
144.246629,71.284680,236.837865
143.531723,73.025894,237.244259
143.154659,73.214668,237.198825
143.232191,74.022659,237.239122
142.562464,74.470003,237.125750
142.574398,74.839264,237.053978
142.613901,77.084321,237.232872
142.068198,77.873843,237.238578
141.740714,78.342840,237.245580
141.463606,78.741279,237.354264
141.275243,79.168325,237.385045
140.517744,80.782039,237.089977
140.809782,82.031737,237.004440
140.560168,82.112012,237.071349
140.512166,82.687118,236.918577
140.167229,83.678009,236.420858
139.388768,84.684998,236.513101
139.227604,85.353504,236.511287
139.654265,86.577130,236.486748
139.742012,86.619891,236.501166
138.452450,87.545515,236.373544
138.027881,88.072884,236.358212
137.206859,88.947015,236.214893
136.654944,89.263293,236.118877
137.121817,90.320921,235.691736
137.128737,90.682179,235.860337
137.096481,91.303418,235.679921
136.367866,91.821422,235.522349
136.614458,93.063317,235.479352
136.867544,93.187654,235.393999
136.861360,93.441573,235.297852
137.079167,93.711149,235.164592
137.124967,93.838881,235.116621
137.037926,93.861213,235.082765
136.740932,94.233446,235.101378
136.205531,94.628299,234.995771
135.373708,95.419895,234.800360
134.799222,95.910688,234.704885
134.527795,96.262535,234.725867
134.445290,97.687508,234.804700
134.323484,97.933390,235.109719
133.922765,99.289968,235.294712
133.073498,100.812923,235.251723
132.316343,102.003816,235.023579
131.983757,103.040020,234.467170
131.756870,103.316711,234.558956
131.414831,103.752072,234.578542
131.721791,104.263978,234.855107
131.708893,105.182948,234.562975
130.351083,106.472483,235.118035
130.339263,106.469295,235.122936
129.929599,107.142359,235.047119
129.972653,107.211152,235.075510
129.609558,107.285707,234.993027
129.281750,107.528141,234.911067
129.226589,108.134675,235.008911
128.570305,109.965047,234.645225
128.286820,110.165861,234.921138
127.823701,110.975561,234.950968
127.276379,111.515530,234.846962
126.601502,111.763098,234.519299
126.966937,112.428368,234.679829
126.578909,113.233688,234.811629
125.984841,113.410197,234.864070
125.874097,114.588745,234.747984
125.032299,115.524643,234.755871
125.208455,115.716687,234.705805
125.349630,115.883374,234.871834
124.917116,116.431523,235.078269
124.833366,116.749911,234.893168
124.419573,117.487805,234.961210
123.197111,118.317373,234.736035
122.871527,118.369115,234.647256
123.288665,118.780342,234.409645
122.263406,119.931363,234.169410
121.488853,121.628853,233.981869
121.629784,121.775247,234.041240
121.033779,121.811636,234.022281
121.327898,122.147057,234.055283
121.697651,122.859582,234.147679
121.579707,124.027966,234.269121
121.328286,125.437664,234.012749
119.270838,126.708921,234.335390
118.865787,127.573574,234.405199
117.801696,128.855065,234.459953
117.829247,128.931543,234.419121
116.995690,130.477977,234.025765
117.027433,130.509395,234.026779
116.830258,130.549677,233.932940
116.935925,130.668173,233.937541
116.384194,131.365340,234.075594
115.112824,132.654641,233.777836
115.194602,133.031729,233.862878
113.991284,133.941533,233.734446
113.580273,133.983200,233.814721
110.583541,136.688085,233.338348
110.119078,137.063196,233.214122
110.174074,137.342301,232.732455
109.481889,137.806170,232.044617
108.252454,138.983555,231.931618
108.506373,139.477328,231.726196
108.240684,139.702176,231.896279
108.243906,139.709645,231.910548
107.138997,140.776899,232.263929
107.154861,140.797959,232.285146
106.268296,141.352624,232.464494
105.967286,141.959730,232.583928
105.768135,143.124534,232.683123
104.833226,143.584425,232.859815
104.189425,143.933015,232.719841
104.163098,143.982883,232.662623
103.565517,144.892929,232.200764
103.395470,144.776748,232.178555
102.737892,145.333820,232.260100
101.919174,145.667167,232.352684
100.590310,146.565008,232.269085
98.552909,148.641688,232.154336
98.062894,148.551719,232.165852
97.156231,149.142629,232.361186
96.423161,150.363299,232.285109
96.406528,150.522022,232.282529
96.440908,150.595846,232.246198
96.027998,151.146443,232.105812
95.809076,151.264340,231.999331
95.362825,151.602073,231.929399
94.329807,152.393745,231.160512
93.684941,152.903306,231.067789
93.255329,153.162369,231.061029
92.857301,153.759589,231.045601
93.382203,154.203389,230.970264
93.105379,154.572120,230.782279
93.214070,154.957616,230.927931
91.647813,156.277443,231.277239
91.746300,156.351918,231.231625
91.742589,156.359361,231.222920
90.681319,157.266439,231.223875
89.626840,157.931596,231.140849
89.624824,157.931679,231.141532
89.330218,157.912678,231.222286
87.719256,159.312826,231.407615
86.882087,159.716305,231.620548
85.996604,159.997743,231.614079
85.899775,161.409948,231.515853
86.404408,162.152616,231.369404
86.141519,162.360342,231.330485
86.156893,162.396231,231.351793
86.011766,162.753036,231.303554
85.578007,163.297479,231.445197
85.133085,163.677396,231.115659
85.054494,163.798104,231.073332
84.845394,164.268983,231.052080
84.613358,164.459284,230.593310
82.877005,165.289539,230.411343
83.167167,166.132106,230.234322
83.170677,166.137635,230.218733
82.455837,167.001194,230.043797
82.454868,167.001858,230.044151
82.389814,167.364271,230.041112
81.963208,167.598347,230.023798
81.829629,167.811388,229.831894
81.816407,167.839911,229.791632
81.418220,168.546096,229.414639
81.478445,169.602722,229.146527
81.195125,170.319081,229.199313
80.901621,170.858949,229.410966
80.420290,171.312380,229.447299
79.334555,171.668839,229.778699
78.696338,172.654840,229.777235
78.672801,172.763178,229.771296
78.289405,173.422961,229.512309
77.956876,173.967202,229.454929
77.054024,174.232980,229.308146
76.982984,174.438760,229.374245
75.641815,175.452358,229.197290
75.693727,175.825102,229.039153
75.745534,176.391672,228.513332
75.772329,176.408706,228.501743
75.716421,176.701607,228.613494
75.150742,177.526834,228.420652
74.993630,177.481197,228.476772
74.561329,178.105334,228.271517
74.320543,178.384422,228.316613
74.426457,178.560190,228.332342
74.051043,179.052411,228.082994
74.398199,179.796155,227.930848
74.131450,179.667506,227.697760
73.807698,180.266176,227.869495
73.864155,180.366416,227.826081
73.832872,180.904157,227.388463
73.811459,180.950517,227.336478
73.393345,181.316638,227.289464
72.785529,181.141635,227.385475
71.980850,181.726434,227.116017
71.575075,183.121513,226.744363
71.541585,183.129448,226.663651
70.873963,183.787353,226.742941
70.646308,184.166455,226.649193
70.413740,184.643951,226.600446
69.880483,185.328584,226.033191
69.909663,185.474563,226.071282
69.907463,185.587987,226.119641
69.920864,185.731298,225.963914
69.549327,185.625019,225.743947
68.435092,185.647519,225.630313
68.489211,185.750378,225.668848
68.472210,185.792618,225.603946
68.196626,186.210418,225.353786
67.889757,186.242593,224.930205
67.849424,186.258949,224.867531
68.255137,186.876112,224.485922
68.021122,186.952394,224.554142
67.746075,187.571884,224.296985
67.972164,188.122544,223.910962
67.832782,188.195517,223.834040
67.629186,189.086802,223.598717
67.479088,189.289710,223.339939
67.640510,189.415680,223.262880
67.769944,189.539408,223.267307
67.888154,189.804293,223.159446
67.955462,189.944338,223.049317
67.216568,191.029730,222.069857
67.338417,191.711178,221.676692
67.589096,192.069873,221.521413
67.725373,192.291203,221.458059
67.647036,192.378176,221.363613
67.473331,192.261844,221.302742
67.101542,192.080307,221.115601
66.899232,192.431468,221.211299
65.984252,193.719235,220.557419
66.080763,193.866858,220.488643
66.151282,194.269377,220.265316
65.781229,194.590849,220.256476
65.676383,194.747592,220.244900
65.685233,195.112159,220.264346
65.454491,194.954453,220.176757
64.899552,195.145298,220.167854
64.827902,195.199397,220.033060
63.437385,195.710285,219.454276
62.754252,195.714980,219.559173
63.284099,196.226038,218.826983
62.942399,196.465853,218.409156
61.264253,196.731067,217.613460
60.964139,196.886921,217.223190
60.425326,197.385783,217.065639
60.448273,197.872915,217.079431
59.375141,198.211796,216.417760
59.472713,198.431382,216.201763
59.238821,198.565203,216.310589
58.859360,198.623057,215.989449
57.189674,198.948355,214.870515
56.766415,199.183963,214.452335
55.893335,199.923543,213.962720
55.687289,200.173597,214.142623
54.807272,201.254639,213.922938
54.850508,201.821937,213.596993
54.905891,201.918444,213.373315
54.839911,202.640829,212.720637
55.032716,203.102430,212.134842
53.899922,203.799024,211.117028
54.151710,204.142259,210.801378
53.554941,204.449698,210.994212
53.550474,204.484289,211.012590
53.021330,205.015022,211.082045
52.317982,204.963903,210.211523
52.554953,205.118054,209.847958
52.755898,205.522434,209.563048
52.405830,205.796149,208.598166
52.427979,205.809993,208.369125
52.078187,206.325041,207.776036
52.468079,206.738371,207.102405
52.500188,206.829808,206.959157
52.144192,207.165740,206.882532
52.081613,207.383064,206.770752
51.600825,207.916317,206.776269
51.739628,208.220150,206.168015
51.984945,208.307941,205.933307
52.083028,208.320273,205.782337
52.027970,208.385955,205.620946
51.961672,208.452590,205.556286
52.033041,208.382337,205.092057
51.934501,209.022289,204.556520
51.595003,209.148503,204.127112
51.601747,209.086396,204.031749
51.555050,209.521264,203.544135
51.950926,209.779210,203.039846
51.636799,210.328196,201.826775
51.630680,210.376870,201.589121
50.888784,210.433843,201.004741
50.910693,210.414028,200.914198
50.711965,210.733324,200.526802
50.662667,210.788607,200.270992
50.125071,211.171841,199.798214
49.574024,211.767990,199.315256
49.677484,212.112067,198.730543
49.141043,212.327713,198.155271
48.523734,212.864187,197.208248
48.418266,213.021020,197.112586
48.338373,213.263398,196.837314
47.704274,213.506746,196.068286
47.154812,213.599009,195.520791
46.803402,213.893817,194.921248
46.714462,214.134648,194.554216
46.710887,214.752346,193.398027
46.893015,215.235718,192.995223
46.882938,215.445795,192.653898
47.053254,215.657630,192.265068
46.762309,215.851599,192.051547
46.778679,215.851551,192.031404
46.882012,215.943992,191.869153
45.889979,216.138537,191.256395
45.786797,216.285902,190.788553
46.114861,216.220282,189.804409
46.706135,216.343069,189.675419
46.687056,216.144967,189.530125
46.972226,216.454299,188.968915
46.828673,216.273741,188.873213
46.934814,216.382479,188.797610
46.742500,216.711875,188.100117
46.391277,216.812434,187.791261
46.301078,216.957819,187.168919
45.805948,216.468146,186.795934
45.915440,216.676139,186.528619
45.757704,216.888167,185.940230
45.500080,217.074242,185.806250
45.424343,217.767581,185.018677
45.397117,217.788427,185.024476
44.605559,218.269610,184.744348
44.502894,218.373863,184.712469
44.171886,218.593508,184.189526
43.423356,218.966112,183.788853
43.885075,218.937592,182.926360
44.725098,219.322043,181.946673
44.849211,219.218605,181.595452
44.734004,219.307382,181.359423
44.741753,219.315480,181.128244
44.877418,219.104856,180.947383
44.812284,219.556357,180.217138
44.707666,219.461749,180.112967
44.708462,219.461734,180.111664
44.729059,219.480837,180.108731
44.977936,219.845795,179.408379
45.028218,219.894676,179.420831
45.082581,219.852260,179.399667
45.226376,220.031341,178.470545
44.692586,220.362063,177.367908
44.726560,220.335600,177.359258
44.960137,220.355365,176.597343
44.815633,220.563721,176.110627
44.608751,220.611727,175.866345
44.534276,220.733856,175.773658
44.385293,220.815763,175.068986
44.381137,220.814496,175.065317
44.563655,221.178742,174.955717
44.299569,221.240992,174.407269
44.499032,221.273755,174.059079
44.304536,221.417694,173.416108
44.933034,222.235710,171.877719
44.685636,221.961955,171.059912
44.870677,221.781615,170.673569
45.214963,222.127017,169.222551
45.358330,222.019094,168.955579
45.901907,222.196057,168.155821
46.093953,222.208176,167.756020
46.146828,222.348176,167.284961
45.688072,222.383530,166.186664
46.193312,222.312928,165.419228
46.758928,222.502297,164.732944
46.779516,222.500552,164.727950
46.285401,223.115147,164.392733
46.004229,223.295742,163.971816
45.988960,223.323360,163.919303
45.998451,223.453912,163.091309
46.425865,224.114264,161.223373
46.644821,224.063913,160.791270
46.570456,224.362522,159.898178
46.481779,224.258685,159.823013
46.920932,224.855101,158.497451
46.907106,224.864082,158.473066
46.443387,224.997283,157.701321
46.324434,225.064140,157.654527
46.711302,225.280472,157.104779
46.738012,225.514480,156.233351
46.288791,225.417766,155.481265
46.441453,225.536906,155.124308
46.019641,225.505046,154.195708
46.181591,225.629760,153.826447
46.722272,225.810365,152.344066
46.734502,225.809985,152.340614
47.038375,225.848034,152.144398
47.268746,225.853404,151.377230
47.334778,225.838550,151.365377
47.552607,226.174417,150.859665
47.184037,226.400855,150.432743
47.150865,226.435320,150.411960
47.247932,226.362419,150.235311
47.220542,226.241083,150.146769
47.591024,226.689717,148.962699
48.032249,226.852214,147.994495
47.820017,227.081928,147.812676
47.824412,227.149605,146.727194
47.246985,226.988934,146.136053
46.723848,227.230635,145.587821
46.960527,227.450117,145.025188
47.031062,227.442255,145.000005
46.801431,227.603689,144.650219
46.319024,228.206743,144.108166
46.489376,228.480920,143.495351
46.281053,228.605058,142.965505
46.294123,228.604080,142.942162
46.292912,228.604790,142.941336
46.224930,228.643547,142.926205
46.249812,228.681103,142.918899
46.011308,229.233229,141.631155
45.980285,229.449889,141.124827
46.027348,229.704365,141.108694
45.836639,229.524209,140.067427
45.116597,229.561523,139.358245
44.543223,230.075636,138.794611
44.654041,230.957124,138.375583
45.029366,231.329085,137.598203
45.246683,231.279378,136.991129
45.407536,231.660035,136.086586
45.180697,231.178842,134.299870
45.309087,231.495251,133.746545
45.441856,231.426494,133.415425
45.906604,231.851537,132.318906
45.748549,231.917858,131.926810
45.767201,231.908377,131.923435
46.045953,231.845075,131.512677
45.862200,231.936409,131.105312
45.728363,231.853379,130.351843
45.646807,231.805078,130.317310
45.771997,231.919728,130.303052
46.159511,232.122655,128.637750
46.361885,231.967643,127.857697
46.471573,231.860542,127.620815
46.350775,232.008288,127.110132
46.340391,231.978457,127.095620
46.333186,232.367031,126.812046
46.720957,232.826014,126.026683
47.015420,233.020591,125.194573
46.531902,232.921807,124.148967
46.817989,233.099429,123.310473
46.815977,233.097356,123.309519
46.737850,233.104752,123.155308
45.875049,233.422886,120.671895
45.593815,233.362825,120.103254
45.597055,233.248435,118.839239
45.573624,233.383798,118.172702
45.796793,233.454710,116.352296
45.747410,233.484158,115.730507
45.512109,233.922190,114.534699
46.051951,234.090089,112.624964
46.113307,234.090416,112.603735
46.006988,234.241501,112.113346
46.304684,234.330540,111.492262
46.644685,234.305421,110.729652
46.600668,234.239969,110.718751
46.486080,234.203311,109.876734
46.281707,234.157052,109.432757
46.184783,234.289737,108.988856
46.155740,234.611865,108.856826
46.139551,234.612818,108.857238
45.306356,234.473261,108.319379
45.234931,234.401984,108.167026
44.761643,234.267395,107.580073
44.649992,234.476336,107.415781
44.294395,234.345865,106.943475
43.603830,234.856376,106.373964
43.453686,234.793275,106.143162
43.096732,235.304770,104.908594
42.920676,235.600814,104.044018
42.143283,236.221362,102.100194
42.075975,236.473553,101.551807
41.513325,236.698085,100.692848
40.502388,236.565234,99.150413
40.637609,237.005782,97.978316
40.581586,237.011831,97.986373
40.288454,237.132729,97.507247
40.274644,236.992195,97.269358
39.718048,237.289890,94.868588
39.564889,237.512406,93.366715
39.398000,237.587827,92.724268
38.581670,237.641381,92.280441
38.155354,237.854108,91.445688
37.767172,238.397029,91.115151
37.202154,238.662290,90.792884
37.190218,238.670382,90.220443
37.787466,238.652104,88.839428
37.623160,238.857926,87.329148
37.629614,238.860258,87.325899
37.568661,238.942069,86.467779
37.731741,238.826839,86.047217
37.741220,238.756193,85.973236
37.660904,238.842472,85.167404
36.730056,238.807604,84.115541
36.706638,239.064856,82.648519
35.808539,239.574720,81.402882
35.943500,239.645983,80.361715
36.008869,239.650673,80.337792
35.976757,239.607340,79.931482
36.231299,239.539583,79.263455
35.934203,239.770546,78.131008
35.719689,239.853479,77.740754
35.480482,239.914604,77.365739
35.330527,239.980211,77.181870
35.913266,240.370208,76.082984
36.055736,240.499138,75.728596
36.350621,240.514125,73.759913
36.525883,240.512224,73.684919
36.538991,240.652158,73.428036
37.110395,240.856711,71.536584
36.897257,241.018448,70.814911
36.900278,241.017562,70.813558
37.452537,240.711654,68.848409
37.454854,240.711335,68.847157
37.995772,240.912453,67.503277
37.863472,241.006587,67.136904
37.963449,241.079031,66.379742
37.635329,241.493806,65.772335
37.657767,241.484304,65.765491
37.712187,241.485728,65.735822
37.673480,241.518865,65.706593
37.601577,241.534679,64.615451
37.627241,241.782425,63.277684
37.746803,241.705986,63.113908
37.825986,241.700836,63.086339
37.803816,241.677348,63.084911
37.904126,241.691747,63.001019
36.851119,241.868737,62.154571
36.406139,241.800378,61.711497
36.184685,241.833914,61.122598
35.807314,241.749687,60.850650
35.753203,241.725622,60.851767
35.500263,241.742132,60.142330
35.432334,241.799493,60.143371
35.157835,241.858726,59.756813
34.961093,241.958453,58.708349
34.769254,242.036798,58.405860
34.669078,242.022642,58.404873
34.815990,241.959071,58.052163
34.179346,241.975135,57.461767
33.891223,242.191945,56.472092
34.019216,242.129609,56.251599
33.622039,242.119349,55.856534
33.675817,242.133699,55.813378
33.389583,241.985281,55.522354
32.734086,241.921093,55.320485
32.369270,242.193937,54.146061
32.300838,242.195082,54.153818
32.392186,242.157641,53.932917
31.998396,242.160381,53.951593
32.068446,242.147424,53.900164
31.689672,242.245998,53.340381
31.190247,242.379558,52.751734
31.185568,242.376527,52.752538
31.159746,242.611577,51.943415
31.017320,242.585895,51.926213
31.193340,242.958957,51.551909
31.192351,242.959490,51.551373
30.412044,243.345633,50.940743
30.224501,243.330852,50.971979
30.017414,243.391719,50.348461
30.121686,243.498699,50.028454
29.868929,243.623751,49.634056
30.017975,243.614522,48.816221
30.111012,243.600417,48.732466
29.966046,243.647001,47.853532
29.609104,243.732267,47.296052
29.598847,243.725471,47.294477
29.304280,243.635555,46.942259
29.080921,243.983128,45.941554
29.061148,243.915916,45.644182
29.095667,243.924588,45.616429
29.160927,244.264026,44.767134
29.176312,244.258820,44.760539
29.300488,244.242178,44.525822
28.952947,244.290616,43.639395
28.980795,244.581267,42.660907
29.110231,244.577685,42.035030
29.832918,244.688264,41.530596
29.883835,244.739714,41.490341
29.889570,244.737836,41.488372
29.486950,244.751669,40.599159
29.487122,244.751704,40.598352
29.938674,244.724804,39.969022
29.998052,244.694923,39.357364
29.740965,244.990303,39.073079
29.741132,244.990409,39.072295
29.847843,245.100843,38.629865
29.804112,245.275984,38.006242
29.945293,245.230259,37.707817
29.885977,245.245699,37.690973
29.273740,245.307559,36.823132
29.004673,245.248573,36.680277
29.138995,245.271989,36.486005
28.816557,245.121025,35.572743
28.886268,245.072786,35.463677
28.695040,245.230268,35.059266
28.192028,245.185656,34.568161
28.095300,244.970809,34.424059
28.094855,244.970899,34.423368
27.868701,244.600454,34.202977
28.508122,244.648614,33.528942
28.083423,244.862757,33.276096
27.119648,244.796344,32.638951
27.112839,244.896274,32.335514
27.047102,244.895370,32.028513
27.563643,244.798107,31.696673
26.996318,244.806746,31.492696
26.867685,244.908776,31.208155
26.815272,244.710724,30.486212
26.544096,244.682498,30.189345
26.525158,244.689868,30.187393
25.973690,244.816289,29.209649
25.963545,244.781936,29.196140
25.641203,244.739872,29.124847
25.773287,244.741911,28.113954
25.714595,244.567203,27.966449
25.667495,244.527996,27.865807
25.623926,244.545848,27.853180
25.618359,244.605479,27.623539
25.924150,244.640472,26.971378
25.744097,244.713365,26.764554
25.698647,244.716854,26.555385
25.698271,244.717122,26.554663
25.509131,244.793722,26.363444
25.314957,244.761441,26.278353
25.429858,244.536910,26.034288
25.228604,244.589097,25.834465
25.660407,244.681214,25.626067
25.915294,244.609763,24.924255
26.128392,244.648564,24.612646
26.135451,244.645961,24.610898
26.546224,244.573427,24.416552
26.396726,244.505873,24.193687
26.314231,244.539306,24.118249
26.413322,244.477914,23.844616
26.356628,244.546768,23.683553
26.372697,244.283272,22.585443
26.711039,244.065426,21.994312
26.452390,244.235307,21.566153
25.593427,244.162589,20.957703
25.520866,244.193682,20.898618
25.462060,244.259880,20.658865
25.642417,244.118535,20.014149
25.544509,244.170191,19.843852
25.583044,244.207907,19.727881
25.507944,244.184897,19.660833
25.361788,244.066562,19.455380
25.799980,244.040822,19.027103
25.720428,244.212978,18.866600
25.555611,244.207267,18.784380
25.785026,244.265954,18.688166
25.220195,244.253921,18.433498
25.199143,244.216725,18.239624
25.188479,244.320904,17.827894
25.186799,244.321842,17.826994
25.195756,244.199666,17.430430
25.251997,244.272682,17.311653
25.417003,244.103370,16.803173
25.479198,244.040798,16.485824
25.345485,243.802378,15.880027
25.442991,243.867600,15.741898
25.461227,243.892071,15.592156
25.607526,243.942156,15.522432
25.771146,244.174914,15.125279
25.727757,244.193529,15.099249
25.708027,244.187982,15.033614
25.602526,244.232797,14.962485
25.639027,244.289703,14.883804
25.662213,244.219783,14.464632
25.519144,244.280216,14.383518
25.416141,244.323793,14.324936
25.531878,244.280708,14.164978
25.653524,244.175477,13.954501
25.562906,243.774684,13.788221
25.761675,243.762057,13.204948
25.809476,243.822695,12.996963
25.812017,243.855976,12.870486
25.854819,243.673181,12.753678
25.720055,243.447059,12.602371
25.766309,243.418691,12.393990
25.743546,243.429466,12.382019
25.664220,243.470020,12.202216
25.524722,243.469501,12.119540
25.546242,243.520928,12.052490
25.464290,243.488581,11.781018
25.450436,243.644534,11.462745
25.468449,243.710411,11.368327
25.330050,243.728030,11.260153
25.194302,243.699885,10.944123
25.143954,243.721770,10.893265
25.174749,243.660475,10.590635
25.087258,243.607929,10.465272
25.221556,243.574290,9.947855
25.269980,243.466119,9.527947
25.046446,243.473196,9.394191
25.015994,243.520805,9.350358
25.059184,243.563379,9.230979
24.805983,243.487331,9.100761
25.268697,243.148424,8.785326
25.438038,243.011500,8.475084
25.591750,242.942702,8.494594
25.528843,242.869365,8.467672
25.646195,242.742995,8.222416
25.919902,242.504287,7.934508
25.976884,242.392880,7.916204
25.958820,242.319954,7.906519
26.057682,242.308554,7.918778
26.111909,242.190879,7.708320
26.181081,242.152304,7.696338
26.383125,241.845638,7.443900
26.511853,241.793755,7.473066
26.591828,241.762891,7.426734
26.823360,241.668947,7.278883
26.937913,241.537713,7.321030
27.073546,241.389307,7.334681
27.279562,241.385551,7.259166
27.317006,241.378853,7.262420
27.383885,241.358456,7.272325
27.018725,240.998119,7.050465
26.969984,240.603385,7.138076
27.009114,240.375416,6.970427
27.166134,240.185391,6.925780
26.989674,239.656459,7.046855
27.200123,239.369030,7.163980
27.200437,239.367521,7.164370
27.289536,239.298159,7.196023
27.425655,239.202953,7.239743
27.572791,239.146247,7.242859
27.597934,238.880420,7.215126
27.686666,238.785745,7.254336
27.509757,238.324034,7.037051
27.739877,237.864758,7.028768
27.669067,237.581335,6.966002
27.590800,237.325485,7.005583
28.289595,236.973406,6.966896
28.243225,236.793047,6.936558
28.313194,236.735355,6.958325
28.369814,236.749767,6.952345
28.561878,236.375114,6.933401
28.744943,236.279599,6.951811
28.863648,236.135547,6.997777
28.705555,236.034766,6.978562
28.927122,235.889057,6.977407
28.893346,234.829239,6.848116
29.151207,234.749554,6.878357
29.488875,234.486545,6.841164
29.466562,234.150863,6.820403
29.494088,233.566685,6.838714
29.511506,233.445584,6.685822
29.760720,233.214061,6.606895
29.927911,233.143618,6.616928
30.134278,232.824854,6.532224
30.345988,232.072147,6.506859
30.218071,231.974912,6.517811
30.148356,231.460343,6.487071
30.078710,231.014334,6.462157
30.262422,230.796348,6.520809
30.435690,230.653032,6.549948
30.241725,230.047921,6.463370
30.406465,229.885434,6.503225
30.185173,229.677986,6.475744
30.047033,229.546022,6.511504
30.171493,229.211682,6.514175
30.083076,228.867883,6.543652
29.824188,228.646117,6.598664
29.782413,228.540810,6.654608
29.112616,228.265803,6.742627
29.077612,228.209498,6.704675
29.113385,228.129726,6.732315
29.040601,227.955900,6.791966
28.262649,227.639503,6.764370
28.044096,227.280474,7.193457
28.115652,226.928525,7.233216
27.808911,226.332413,7.833293
27.512185,225.655186,7.730559
27.215469,225.212049,7.770269
26.597963,224.432309,7.759442
26.551378,224.191623,7.692933
26.084169,224.084002,7.690723
26.024806,223.973803,7.718189
25.787251,223.313047,7.843693
25.650789,223.100611,7.754137
25.554099,223.129828,7.760175
25.531784,222.607861,7.887217
25.338089,221.685895,7.803017
25.166393,221.702137,7.812677
25.264729,221.563923,7.848319
25.363159,221.423788,7.883449
25.764126,221.066296,7.881628
25.966565,220.629109,7.878490
26.080600,220.477506,7.917482
25.957208,220.144649,7.986530
25.795695,219.863957,7.950438
25.814225,219.819038,7.934336
25.426620,219.305491,8.117227
25.648136,218.936377,7.997163
25.431246,218.624739,8.030027
25.321805,218.258554,8.223886
24.834385,218.110811,8.258883
24.731580,217.843635,8.214425
24.950673,217.495643,8.298208
24.958352,217.492030,8.308067
24.881966,217.280027,8.372286
24.882268,217.279127,8.372340
24.791994,216.753221,8.362284
25.094304,215.804237,8.507864
24.266200,215.097604,8.532337
24.263367,215.106614,8.530148
24.192187,214.579549,8.876868
24.334495,214.061541,8.951641
24.283943,213.760722,8.884957
23.753639,213.574898,8.918013
23.700876,212.876303,8.854446
23.817637,212.668747,8.902791
23.817495,212.669466,8.901922
23.465117,212.613542,8.859452
22.871471,212.373481,8.898075
22.868022,212.373232,8.897954
22.954856,211.922906,8.794573
22.961260,211.322995,9.031375
23.077470,211.102473,9.083284
22.900564,210.273859,9.121087
22.617441,209.638959,9.100747
22.525070,209.476462,9.287801
22.780165,208.611733,9.400953
22.177695,208.360761,9.433059
21.866128,207.220258,9.382517
21.904508,206.374301,9.523986
22.107325,205.626964,9.553350
22.037303,205.449737,9.605412
22.093357,204.203800,9.545584
22.219296,202.863290,9.638084
22.285732,202.648738,9.569361
22.011971,201.612693,9.959022
22.135763,201.346382,10.024791
21.943735,200.740622,10.176498
22.046360,200.478408,10.233441
22.046279,200.477512,10.233646
22.044912,200.476337,10.236856
21.705737,199.241637,10.156785
21.646529,198.967032,10.112659
21.646459,198.965114,10.111067
21.947116,198.471516,10.127946
21.395789,197.907749,10.306093
21.562282,196.729934,10.246139
21.604947,196.372904,10.274708
21.569011,196.349094,10.352838
21.816178,195.938487,10.280790
21.005940,195.356793,10.384536
20.923183,194.941403,10.343336
20.439465,194.162640,10.338990
20.345069,193.733418,10.343642
20.226034,193.304470,10.474756
20.268561,193.074206,10.411989
20.453100,192.408658,10.465863
20.454188,192.407723,10.466602
20.566223,191.603940,10.643816
20.725211,190.894976,10.668071
20.725058,190.894007,10.668159
20.362244,190.679012,10.650272
20.577734,190.222245,10.771321
20.818564,189.103587,10.846618
20.825911,188.096955,11.091635
20.864181,187.321092,10.971389
21.055763,186.859895,11.079209
21.057282,186.859074,11.079544
21.184115,186.615054,11.139244
21.100953,186.264114,11.090929
21.218584,185.939969,11.099647
21.334707,185.609710,11.167314
21.323930,185.593849,11.175520
21.345296,185.590459,11.178796
21.340630,185.000767,11.278481
21.338055,184.997017,11.287946
21.325774,184.488722,11.416121
21.427166,183.142854,11.455493
21.158824,181.817085,11.598855
21.013093,180.997329,12.302903
20.963010,180.975827,12.298427
20.984071,179.910037,12.245502
20.445591,179.457525,12.376517
20.533551,178.944248,12.462902
20.517779,178.737934,12.526073
20.606213,178.327724,12.502343
20.610565,178.096560,12.416127
20.625436,178.049400,12.458670
20.661674,176.161222,12.695132
20.954329,175.148039,13.049319
20.835914,174.943325,12.963756
20.831820,174.939930,12.958238
20.945049,174.388615,13.036790
20.962398,174.383521,13.045070
20.503746,171.864292,13.547476
20.673348,171.149462,13.483253
20.181972,169.779943,13.964708
20.264375,169.210958,14.032115
20.282428,168.622261,13.909928
19.803141,167.067011,13.680714
19.092689,166.827778,13.724297
19.054522,166.420469,13.669511
19.000987,165.635131,14.238658
19.243893,164.692857,14.421283
19.354180,164.210542,14.508070
19.788259,163.363579,15.020062
20.017753,162.776804,15.113128
20.222392,162.545207,15.029580
20.069639,162.026551,15.109400
20.332573,161.222165,15.150458
20.422565,160.952395,15.002425
20.372061,160.126889,15.010796
20.350135,160.119254,14.994511
20.521545,160.136323,14.966024
20.493029,159.518917,15.194290
20.486779,159.517212,15.194260
20.255024,158.441389,15.313615
19.943683,158.006352,15.381914
20.092224,157.503245,15.475570
20.256814,156.987951,15.513928
20.823339,155.594575,15.592247
20.911853,155.501999,15.563476
20.677301,154.458522,15.751480
20.683769,154.455310,15.755286
20.446610,153.271698,15.942105
20.627161,152.703053,16.047887
20.926791,151.597675,16.224834
21.066143,151.162142,16.148815
21.068254,151.160953,16.148663
20.861941,150.522323,16.285571
20.830099,150.413569,16.240724
20.921106,149.770351,16.186620
20.614837,148.922304,16.073277
20.842284,148.700184,15.983618
20.860248,147.391655,15.955350
20.957509,146.156935,16.518502
21.047164,145.676664,16.767549
21.010093,144.635593,16.946513
21.170388,143.861384,17.269261
21.240506,143.766771,17.307568
21.241129,142.879906,17.292064
21.253041,142.858979,17.301561
21.406564,142.262428,17.385465
21.368747,142.250295,17.403793
21.382818,142.199960,17.436196
21.407305,142.106059,17.422924
21.497775,140.360476,17.302215
21.306749,139.767059,17.385336
21.331559,139.738715,17.413518
21.363057,139.671701,17.457150
21.368481,139.671982,17.461245
21.226272,138.866776,17.903340
21.233732,138.867090,17.933295
21.811769,137.499308,18.160810
22.368635,136.795402,17.998350
22.721073,135.576318,18.241465
22.772379,135.470086,18.251476
22.755693,134.954627,18.551471
22.737118,132.421968,19.095236
22.567620,132.272141,19.166650
22.556333,132.182011,19.137172
22.844046,131.362627,19.174168
23.420229,129.256498,19.542684
23.644913,128.440327,19.791956
23.358479,127.159274,19.851965
23.332018,126.970064,19.790302
23.379722,126.914729,19.820321
23.556596,126.348202,19.870696
24.403190,125.436864,19.858547
24.492723,122.675234,20.627724
24.581460,121.471619,20.613493
24.455380,120.771277,20.548843
24.868532,120.057708,20.506777
24.750057,119.410784,20.847649
24.539648,118.284653,20.826940
24.390703,117.672376,20.722070
24.330566,116.219260,20.634966
24.171670,114.961409,21.130638
24.854837,114.453219,21.260499
24.906746,112.850480,21.358886
25.025205,111.581911,21.383592
25.027606,111.578163,21.389573
25.085368,111.175007,21.479624
25.051028,111.057884,21.562772
25.102317,110.575853,21.398507
25.314542,110.001451,21.410116
25.473621,109.346944,21.541550
25.557102,108.789633,21.426190
25.455695,108.519986,21.407919
25.756976,108.088396,21.530050
25.639301,107.542708,21.466891
25.762147,106.522009,21.719395
25.757355,106.516944,21.735716
25.832435,106.295404,21.668488
25.778149,104.130369,21.936182
25.702210,103.392114,22.309173
25.768106,102.633833,22.528837
26.147791,102.200717,22.478105
25.947506,101.802715,22.456992
25.944750,101.728200,22.463088
26.073458,101.289369,22.629338
26.399036,100.842977,22.871630
26.431853,100.471336,23.121906
26.511302,100.089635,22.917790
26.969533,99.153188,23.001895
27.677339,98.091810,23.021781
27.703159,98.095077,23.027646
27.831135,97.930763,23.509915
27.817426,97.615389,23.598685
28.033934,97.065312,23.755188
27.994674,97.045655,23.811199
27.595924,96.439288,24.363095
27.382961,95.940508,24.290325
27.689507,94.687843,24.621531
27.773378,94.511883,24.715593
27.904288,94.374509,24.526163
27.790879,93.905105,24.869336
28.261563,92.172794,25.351266
28.260094,92.171457,25.351126
28.101352,91.728950,25.337465
28.103932,91.727519,25.339905
28.188712,90.872236,25.727236
28.375177,90.880246,25.652540
28.439894,89.589404,26.056973
28.481614,89.573185,26.118564
28.750507,89.467901,26.116531
29.245905,88.793798,26.472953
29.609905,87.956821,26.758402
29.616813,87.146388,27.650633
29.614438,87.136684,27.619606
29.220198,86.049645,27.532542
29.336848,85.816608,27.551866
29.229032,85.468291,27.420262
29.428941,84.644903,27.219810
29.643672,84.210393,27.322610
29.653591,84.203806,27.293203
29.824271,83.105047,27.314822
29.698071,82.744389,27.719895
29.826256,82.055882,27.922161
29.795140,81.870002,28.085242
29.873907,81.156421,27.950207
30.368484,80.607749,27.909762
30.563633,80.111077,27.946917
30.556658,79.639970,27.933485
30.234027,79.007733,28.447052
30.218437,78.989381,28.490980
30.350899,78.333443,28.480973
30.293605,78.303300,28.446237
30.270577,77.794630,28.820817
30.352056,77.394274,28.693813
30.204012,77.272581,28.741134
30.059534,76.966498,28.857219
29.888469,76.641488,28.819304
29.908966,76.201770,28.968765
30.099432,75.142846,29.086169
30.282971,74.043069,29.518452
30.281701,73.639207,29.633049
30.407682,73.111279,29.692180
30.319329,73.034308,29.694865
30.378369,71.817616,29.745135
30.206188,71.306369,29.705969
30.151027,71.295062,29.728842
29.987695,71.159540,29.603230
30.340257,70.843672,29.863035
30.277988,69.832664,30.215094
30.175215,69.352546,30.312905
29.926323,68.719761,30.827314
30.126821,68.298133,30.683940
30.219140,67.762448,30.582012
30.339564,67.188724,30.166420
30.584090,66.687127,30.399570
31.083867,66.092074,30.295511
30.979506,66.029247,30.207131
31.067488,65.523296,30.244486
31.081895,64.665862,30.565409
30.998221,64.593123,30.482715
31.167967,64.280678,29.987072
31.084923,63.651541,30.088630
31.143890,63.491283,30.097952
30.705068,62.833241,29.741768
30.884861,62.184501,29.789526
31.072215,60.754693,29.827361
31.555252,59.546126,29.694892
31.590385,58.695261,29.726316
31.443397,58.132579,29.432095
31.302993,57.934588,29.310391
31.274274,57.714408,29.353064
31.398786,57.264703,29.421770
31.199529,56.773506,29.607427
31.634466,55.638206,29.371989
31.341553,55.070648,29.376321
31.405522,54.721308,29.442183
31.402637,54.532133,29.679685
31.384609,54.294968,29.652783
31.581389,53.704710,29.639857
31.539509,53.472612,29.736413
31.735181,52.928889,29.670769
31.952323,52.722254,29.501054
32.152012,52.479836,29.668977
32.131441,52.379642,29.610228
31.974155,52.174372,29.428985
31.758972,51.964755,29.504231
32.350818,51.219323,29.637502
32.829201,50.617609,30.010424
32.732992,49.961745,29.689340
33.427668,49.326795,29.672176
33.729197,48.940916,30.147870
33.213309,47.444537,30.780639
33.624483,46.396700,30.600245
33.674802,45.967136,30.723470
33.970978,45.465511,30.689583
33.964595,45.211127,30.658731
34.371352,44.496773,30.582936
34.708006,43.655270,30.772481
34.794967,43.038482,30.748049
34.907697,42.620400,30.858099
34.795974,42.509190,30.895123
34.744297,42.174417,30.875423
34.955518,41.680597,30.837401
34.911732,41.633768,30.837726
34.827386,41.379558,30.861409
34.736713,41.230073,30.795796
35.004602,40.238651,31.134118
35.455014,39.799112,31.281177
35.757223,38.769951,31.502287
35.946379,38.091216,31.658304
36.126668,37.812063,31.780441
35.969338,37.522605,31.843171
35.893767,37.166355,31.890667
36.233099,36.487243,31.955658
36.158689,36.217349,32.226530
36.447425,35.700715,31.896695
36.829273,35.437755,31.932434
37.137100,35.487111,31.906787
37.656522,35.268847,32.298263
37.766248,35.267975,32.466662
38.350389,34.967543,32.323049
38.675252,34.882994,32.571664
39.083784,35.269092,32.470444
39.908160,34.851806,32.228326
40.389015,34.277134,32.392386
40.634410,34.250187,32.391794
40.879067,34.376109,32.297971
41.179287,34.350257,32.246661
41.404366,34.209158,32.161799
41.765408,33.916882,32.193858
41.811294,33.896997,32.251178
42.956887,33.407984,31.992087
43.035944,33.365963,31.857252
43.253904,33.015501,32.061713
44.165192,32.491634,32.309695
44.752977,32.229917,32.627956
44.949770,32.159143,32.830399
45.292810,32.255546,32.842849
45.540330,32.435994,32.887339
46.400695,31.940757,32.510934
46.586379,31.999882,32.588857
46.398561,31.581417,32.677024
46.834766,31.431452,32.658687
47.045313,31.379471,32.661804
47.856342,31.167289,32.371394
48.640927,30.836948,32.735691
48.767338,30.786704,32.875224
48.810457,30.748001,32.875422
49.469136,30.681686,32.690425
49.510740,30.644944,32.684396
49.705038,30.669541,32.754801
49.927307,30.767831,32.691671
50.658172,30.867018,32.377501
50.971093,30.557058,32.401125
51.218375,30.459363,32.404379
51.263978,30.460729,32.390437
51.518816,30.158816,32.285401
51.752939,30.253276,32.343563
52.241272,30.695063,32.235865
52.940931,30.346966,31.796003
53.575994,30.242208,31.725163
54.313971,30.497266,31.730585
54.728749,30.586700,31.546801
55.493893,30.426866,31.885778
55.771969,30.443430,31.983240
56.939382,30.318211,32.211593
57.144585,30.185881,32.162294
57.760516,30.318395,32.244088
58.660167,30.983464,32.491334
58.807145,30.808341,32.719689
59.571045,30.671256,32.855230
59.804623,30.666682,32.774265
59.807992,30.660370,32.767787
60.891433,30.495286,32.879673
61.727148,29.961299,33.392244
62.256392,29.585669,33.322054
63.087621,29.045890,33.014708
63.828500,29.458266,33.332887
64.446603,29.400641,33.830077
65.054930,29.089979,33.640254
65.876593,28.904197,33.783771
66.292650,28.940680,33.881970
66.805521,28.769825,33.929208
67.508992,28.853054,34.139443
67.597340,28.868311,34.180002
68.306567,29.561720,33.902016
68.567642,29.538455,33.894415
69.026703,29.726437,33.775930
69.343163,29.816168,33.841319
70.121092,29.895597,34.035089
70.123032,29.874628,33.995386
70.538098,29.794075,34.184382
70.914061,29.902370,34.545926
71.192818,30.070667,34.521942
71.542292,29.741944,34.083185
72.426457,29.802556,34.031148
72.552603,29.719279,33.950661
73.239815,29.657908,33.289197
74.125644,29.535376,33.175088
74.792570,29.523953,33.100694
75.210580,29.499336,32.951899
75.414152,29.160982,33.122128
76.196833,28.937254,33.094485
76.924019,28.734700,33.022408
77.752923,28.913995,33.063088
78.524331,28.987781,32.728045
79.367360,28.985988,32.553551
80.302692,28.654149,32.294826
80.775825,28.462927,32.372619
81.406810,28.387313,32.119317
81.986825,28.370254,32.143127
82.566389,28.264986,32.570320
83.478437,27.923660,32.444431
84.091599,28.082277,32.178119
85.126650,28.108977,32.574837
86.076545,28.177381,32.664643
86.372049,28.072939,32.745809
87.413863,28.284799,33.128887
88.221245,28.081110,33.363039
88.476527,28.059195,33.382183
89.177518,27.847051,33.270389
89.428052,27.883168,33.037392
90.602574,28.041161,32.713859
91.249605,28.216198,32.811778
91.280102,28.252240,32.798548
91.779118,28.127026,32.939643
92.010610,28.213911,33.023608
92.433377,28.465841,32.658436
92.521701,28.100821,32.435452
93.013197,28.072665,32.312766
93.124341,28.385288,32.243135
94.448446,28.508732,32.150669
94.972748,28.642570,31.782495
95.052324,28.671708,31.842237
95.853947,28.556668,31.988154
96.238654,28.738340,31.820432
96.916498,28.574824,31.950014
97.802337,28.754622,32.039670
97.912828,28.783102,32.056078
98.595710,28.908460,32.028139
100.132127,28.831211,32.160862
100.337501,28.829660,32.220445
101.265567,29.320115,31.881008
101.925467,29.037998,32.070718
102.804954,29.105943,32.329983
102.842810,29.015138,32.346194
103.116052,28.818690,32.124677
103.327369,29.076592,32.081343
103.630240,29.130772,32.281871
104.330446,29.261796,32.947252
104.812321,29.133349,32.935888
105.107599,29.065978,32.698301
105.558768,29.003887,33.173579
106.100865,28.986594,33.564815
106.338802,28.839527,33.687252
106.743555,29.012469,33.756279
106.980806,29.132963,33.896046
107.242315,29.162430,34.130495
107.253255,29.178525,34.100016
107.499763,29.132940,33.948907
107.498647,29.143088,33.977382
107.506300,29.120672,34.066875
107.688038,28.993101,34.154784
109.189678,28.696012,34.043019
110.659418,28.853075,33.897695
111.705333,29.151180,34.294640
111.752742,29.069556,34.198567
112.296942,28.936526,34.060208
112.876346,28.983014,34.115944
113.516925,29.277648,34.191222
113.917142,29.399778,33.980198
114.500685,29.156115,33.856088
115.334062,28.940317,33.815309
116.497335,29.150081,33.770094
117.032133,29.489593,33.474306
117.806192,29.343787,33.383533
118.780968,29.086371,33.219920
119.723660,29.273174,33.583922
121.189649,29.534162,33.300685
121.443198,29.457930,33.535641
122.823890,29.727588,33.235912
124.018318,29.639634,32.936444
124.934590,29.481428,33.694342
125.138416,29.408103,33.582355
125.872137,29.518144,33.404474
126.477651,29.755627,33.579478
127.296621,29.663874,33.539158
127.740472,29.939231,33.660201
128.562924,30.091274,33.397027
129.686520,29.676428,33.538722
130.676739,29.377507,33.494754
131.417432,29.310256,33.287358
132.127491,29.048697,33.214693
134.249876,28.867335,33.079455
134.367204,28.774001,33.377383
134.991038,28.528670,33.200658
135.068996,28.423086,33.328383
136.328966,28.736453,34.075121
138.437401,28.114544,34.316994
139.080242,28.099357,34.329867
139.605368,27.945594,34.184182
139.945709,27.754002,34.463683
140.406866,27.604424,34.366971
141.466483,27.787514,34.603229
141.601862,27.743712,34.668146
142.798255,27.504080,34.247908
143.302616,27.616061,34.021289
143.789213,27.460462,34.490902
144.069137,27.431446,34.555628
144.564129,27.258575,34.824192
144.572269,27.273449,34.874398
144.897660,27.262548,35.168149
145.281772,27.233395,35.155925
145.508773,27.505992,35.198632
147.410977,27.179604,35.282439
147.869503,27.210912,35.278606
148.413316,27.174839,35.044154
149.286490,27.156226,34.769914
149.298098,27.148485,34.821807
149.802661,27.468130,34.880067
150.807292,27.123056,35.649394
152.042108,27.127932,36.223666
154.019478,26.861242,35.845615
154.499462,27.129487,35.810841
154.558054,27.082154,35.876525
155.039548,26.906858,35.908276
155.678181,27.097367,35.670323
156.906822,27.106242,35.938796
158.938085,27.083315,36.123762
158.956447,27.058372,36.080831
159.081799,27.159717,35.942040
160.814499,27.196092,35.848620
161.117020,27.187093,35.681842
162.479725,26.797507,35.552714
163.084085,26.915471,35.796033
164.645184,26.486400,35.990451
164.699737,26.510249,36.074494
165.051211,26.424515,36.035416
165.581008,26.131851,35.974389
166.379523,26.127826,36.454485
167.055335,25.910702,36.523398
167.451122,25.914187,36.860455
168.755870,25.989457,36.605141
168.761734,25.968265,36.633564
169.585132,26.303444,36.995472
170.876692,26.827661,37.632596
171.406497,26.754261,37.230129
172.271113,26.760103,36.823573
174.511666,26.699544,36.111904
175.579082,26.641376,36.262509
176.786044,26.248546,35.870986
176.892135,26.607470,35.914280
177.392473,26.679291,35.763778
178.166011,26.635582,35.217938
179.022122,26.394718,35.578075
180.251461,26.040114,35.595902
180.335975,25.951397,35.620812
180.576088,25.885902,35.872045
181.496215,26.269063,35.894431
182.037015,26.236901,35.650610
182.430998,26.273144,35.403917
182.614411,26.072002,35.569405
183.774990,26.032388,35.847557
183.954353,25.869868,35.708599
184.584451,26.541863,35.888544
185.912150,26.952889,36.163361
187.284163,27.020909,36.093831
187.957300,26.996409,36.054867
188.925612,26.663446,36.325389
190.579053,26.640776,36.641056
190.985910,26.494866,36.318329
191.350947,26.279558,36.300603
191.865172,26.289974,36.434592
192.222455,26.072363,36.228451
193.031190,25.699074,35.876678
193.728012,26.214119,35.867795
194.324045,26.394209,36.071000
194.917538,26.072686,36.221209
195.948287,26.876243,36.041493
196.341626,27.086417,35.979078
196.346232,27.100796,35.997992
196.831989,26.926686,35.788269
196.937569,26.836408,35.825444
197.532853,26.610308,35.974303
198.628896,25.854188,35.723302
198.634852,25.860811,35.731046
198.848411,25.986714,35.920294
199.682472,26.470502,35.923081
200.522451,26.965184,35.656067
200.529629,26.948972,35.654324
201.287075,26.933448,35.449195
202.033311,26.342568,35.103272
202.554753,26.418359,34.796371
203.056143,25.976558,34.656730
203.464736,25.904825,34.567296
203.873834,25.748447,34.268659
204.402616,25.843622,34.307577
205.155225,25.466335,33.950778
205.919012,25.202448,33.541488
206.628086,24.954573,33.351324
206.993129,24.958959,32.903781
207.500270,24.786255,33.004660
207.970856,25.311997,33.071536
208.796310,25.908681,32.420166
208.926419,25.839773,32.798042
209.152555,25.835911,32.485260
209.831824,25.832296,32.606872
210.457193,26.603611,32.494138
211.370088,26.494864,33.338243
211.906537,26.165329,33.102964
212.342665,26.210278,33.022555
212.869322,26.768170,32.955478
213.830989,27.071112,32.987401
214.510602,26.877754,33.449017
215.298035,26.650628,33.436884
215.305520,26.685861,33.451866
215.775681,26.237289,33.646678
216.007179,26.205517,33.525866
216.322433,25.988752,33.422685
217.224922,25.658405,33.438703
217.563316,25.460748,33.445031
217.865894,25.804476,33.187161
218.213458,26.012390,33.106711
219.044050,26.151405,33.009622
220.021786,25.996800,33.243978
220.428982,25.613878,33.444197
220.662902,25.666496,33.336187
220.770347,25.644268,33.309985
221.413133,25.618869,33.891286
221.843420,25.239068,33.726769
222.763534,24.689782,34.166022
222.824045,24.643448,34.264379
223.375370,24.462183,34.242828
223.863315,24.357277,34.660497
224.147622,24.234851,34.790456
224.913349,24.202655,35.076372
225.188878,24.037905,35.199808
225.269236,23.972259,35.340803
225.597799,24.039044,35.334554
226.378783,24.241155,34.958285
226.915863,24.385659,35.080737
227.267366,24.207279,35.294342
227.787360,24.319809,35.102185
227.998802,24.202676,35.265478
228.145240,24.062951,35.223206
228.240430,23.956721,35.340179
228.477749,23.973899,35.571173
228.814287,23.695945,35.701652
229.311907,23.845795,35.763543
229.716626,23.774763,35.734432
230.089470,23.773160,36.023962
230.161335,23.701041,36.033388
230.799213,23.756426,36.380691
231.200672,23.624664,36.061018
231.647138,23.629883,35.698790
231.967381,23.554375,35.481169
232.256075,23.505885,35.328743
232.345213,23.410490,35.254738
232.402226,23.350679,35.061337
232.715512,23.710356,35.041617
232.763632,23.690137,34.811141
233.080813,23.805032,34.709804
233.120786,23.824211,34.643335
233.380589,23.809598,34.205735
233.662872,23.751736,34.142846
234.025411,23.649927,33.772868
234.329260,23.724268,33.667728
234.837124,23.974423,33.322863
235.195592,24.091728,33.305863
235.775223,24.352589,32.886760
236.297882,24.604803,32.694127
236.671030,24.716971,32.572669
236.766350,24.635688,32.425077
237.112902,24.818981,32.076437
237.416736,25.166405,32.369318
237.561237,25.420827,32.573220
237.598644,25.721186,32.614105
237.538650,25.807195,32.698771
237.921273,26.300515,32.799546
237.891552,26.435437,32.852764
238.251297,26.883092,33.123026
238.315787,26.944515,33.136129
238.322275,27.217355,33.325341
238.654506,27.897894,33.416773
238.743723,28.205854,33.126047
238.783487,28.561374,32.903100
238.838353,28.903911,33.027961
239.065334,29.137011,33.113354
239.170397,29.337509,33.183313
239.488912,29.904310,33.395913
239.672479,30.208692,33.480076
239.887027,30.875692,33.726984
239.860863,31.229347,33.603113
240.135392,31.504109,33.620829
240.083448,32.032823,33.691875
240.213538,32.521021,33.643862
240.175920,32.669915,33.789325
240.202278,33.369761,33.645617
240.311650,33.580643,33.854277
240.509852,34.337064,33.954063
240.634089,34.797776,34.051505
240.754933,35.761966,33.795827
240.778401,36.043726,33.584132
240.712170,36.207573,33.758950
240.627312,36.421628,33.841107
240.722361,36.816812,33.798579
240.845993,37.621111,33.607529
241.150104,38.748115,33.928565
241.138045,38.821142,33.968451
240.983153,39.938659,33.656676
240.994176,40.651617,33.500159
240.860657,41.053469,33.360331
240.745348,41.386413,33.139432
240.727299,41.665206,32.783448
240.719844,42.130500,32.579062
240.690240,42.217020,32.643159
241.229030,42.851701,32.243076
241.121067,43.234288,32.016774
241.126911,43.576540,31.757412
241.168383,43.882697,31.400636
241.153294,44.211935,31.384218
240.982534,44.817327,31.047866
241.069131,44.896361,31.002242
240.985762,46.102763,30.979024
240.993659,46.507826,30.613259
240.970136,47.311035,30.459043
241.004431,47.644814,30.640474
241.216650,48.107820,30.676492
241.373973,48.703848,30.776781
241.537579,49.552700,30.847887
241.396669,50.258139,30.942045
241.426540,50.539984,30.913065
241.481640,51.236287,30.938054
241.386848,51.993911,31.039660
241.402348,52.421792,31.082002
241.317452,53.474489,30.636428
241.287877,53.548090,30.417172
241.193632,54.253574,30.498937
241.222656,56.097321,30.464984
241.001692,56.840309,30.508657
240.986542,57.229029,30.548676
240.998659,58.131068,30.322764
240.960810,58.529353,31.022232
241.104161,59.960416,31.065125
241.476259,60.886960,30.763728
241.267926,61.742537,30.371643
241.070741,63.244028,31.103337
240.921413,64.009329,31.094917
240.934862,64.537587,31.234763
240.878435,65.436331,31.376874
240.751150,65.914129,31.610760
240.699199,66.758530,31.611916
240.685116,67.937484,31.764349
241.015322,68.926095,32.030557
240.964381,69.178401,32.149274
241.153974,69.447568,32.423746
241.243110,70.616383,32.351554
241.075900,71.459804,32.464113
241.000222,72.022436,32.197826
240.856665,72.566282,32.368302
240.929690,73.285780,32.452447
240.850282,73.842443,32.273902
240.957435,74.693650,32.711007
240.702966,76.248902,33.152405
240.979114,77.400631,33.648681
241.063653,77.499408,33.528336
240.349154,79.686095,33.353063
240.331696,80.135942,32.958066
240.014997,82.261306,33.151631
239.934805,82.612862,33.283903
239.643880,84.076803,32.825586
239.492909,85.185545,32.382539
239.455775,85.276321,32.470385
239.595016,86.013114,32.667506
239.022185,87.493306,33.094804
239.491908,88.199195,32.801424
239.520000,88.674714,32.258853
239.605605,89.702839,32.243810
239.537767,90.104624,32.391310
239.328988,90.911090,32.351888
239.260460,91.324210,32.267089
239.200396,92.640889,32.447422
239.308355,92.842541,32.407108
239.430713,94.236113,32.458339
239.426028,94.707158,32.454597
239.391195,95.062092,32.552062
239.396875,95.849636,31.958283
239.380113,97.159253,31.990634
239.059793,98.154237,31.734735
239.250720,98.773143,31.571584
239.009429,99.560484,31.618064
239.156369,100.157128,32.062128
239.059064,100.894153,32.328852
238.982929,103.053789,32.547714
238.870982,104.542090,32.743958
239.093259,106.356453,32.306587
239.142421,106.615002,32.191172
238.823142,108.903501,31.990908
238.822714,109.605279,32.221950
238.697859,110.433103,32.226222
239.132895,111.432260,32.025812
239.061259,111.964305,32.374804
239.078421,111.980033,32.341301
239.014673,113.203511,32.658606
238.983196,113.278585,32.726357
239.119284,113.878701,32.734192
239.024347,114.481069,32.663746
239.063236,114.924023,32.912099
239.030247,115.392232,32.821836
238.738259,116.168821,32.759139
238.787481,116.652196,32.594450
238.902020,117.335505,32.636857
238.783835,118.432558,32.680112
239.052456,118.945860,32.325384
239.069365,119.561136,32.292298
239.008385,119.967975,31.998365
239.099091,121.226443,32.312493
238.802172,122.495146,32.860582
238.689811,123.580302,33.130043
238.729500,123.596682,33.093342
238.794641,124.450345,32.497477
238.914656,124.601174,32.344722
238.538637,125.766360,32.438354
238.435222,125.887514,32.340677
238.244762,127.192195,31.663168
238.205938,128.150355,31.620543
238.074894,128.574282,31.648360
238.120297,128.661411,31.576980
238.151675,128.998648,31.726556
238.178257,129.303143,31.643741
237.939037,130.820536,31.193887
237.855654,131.317792,31.424585
237.669234,131.991057,31.016089
237.727233,132.200791,30.988478
237.540337,133.255778,31.179038
237.588471,133.334938,31.204931
237.711928,133.352720,31.151969
237.826490,133.950696,31.290332
237.799399,134.618308,31.172668
237.976554,135.090279,31.251540
237.885133,135.527313,31.092848
238.009250,135.841499,31.111227
237.999140,135.850070,31.133514
237.897258,136.431551,31.834854
237.767991,136.810549,31.255329
237.643840,138.202713,30.955314
237.645838,138.906648,30.983172
237.521229,139.388830,30.509999
237.527829,140.408557,30.364527
237.524862,140.414296,30.348336
237.455037,141.696559,30.464853
237.450612,142.683971,30.419258
237.290642,143.525519,30.146631
237.079762,144.376697,30.541541
237.014446,144.728666,30.839834
237.069619,145.187241,30.714668
237.057864,145.461115,30.702650
236.912091,145.862903,30.807537
237.044370,146.258821,31.047928
236.888071,147.091481,30.825711
236.849871,147.386271,30.766057
236.937995,147.988182,31.089645
237.037729,148.469092,30.946270
237.055284,148.777238,30.644931
237.073430,148.916424,30.645019
237.009462,149.827475,30.779984
237.016887,149.954845,30.982652
237.062795,150.956078,30.056278
236.969366,151.473163,30.242550
236.971140,151.608086,30.233287
237.000543,151.820917,30.209673
237.075789,152.363433,30.173322
237.117830,152.706556,30.282551
237.139632,152.974399,30.309090
237.181535,153.213563,30.371332
237.183355,153.367220,30.353515
237.152264,153.604257,30.319374
237.216510,154.055377,30.430162
237.317752,154.467761,30.417244
237.244659,155.121726,30.182374
