1000
3
248.762047,40.983631,36.501871
248.712168,40.617868,36.657834
248.256978,40.059557,36.804368
248.267013,39.784069,36.336174
248.109128,39.508305,36.008259
248.016266,39.328915,35.734215
247.911411,39.171794,35.446000
247.973843,38.737690,34.999380
247.821311,38.255281,34.766095
247.762682,37.716736,34.622641
247.744013,37.402098,34.338609
247.655422,37.270291,33.709938
247.410452,36.847320,33.386868
247.320857,36.307174,32.792734
247.346519,36.095344,32.135441
247.237040,35.851616,31.850366
247.055194,35.327317,31.518707
246.992527,34.711883,31.033545
246.996217,34.631231,30.412172
246.986022,34.372306,30.053868
246.912936,34.217185,29.532055
246.887437,33.905282,29.182114
246.895234,33.772007,28.888474
246.876740,33.556772,28.362463
246.749637,34.288299,28.461935
246.646142,34.776109,28.648208
246.610396,35.174356,28.872418
246.439779,35.739428,29.115638
246.355100,36.055296,29.321344
246.391571,36.632171,29.293449
246.238471,37.025719,29.709242
246.272791,37.583473,29.517223
246.066269,38.022690,29.123435
245.864788,38.684079,29.216755
245.756405,39.371273,29.605975
245.706401,39.795492,29.443255
245.291958,41.059230,29.541903
245.221408,42.049556,29.471916
245.280210,43.355042,29.120830
245.280682,44.335942,29.462636
244.863777,45.830213,28.971184
245.196507,47.490713,29.124062
244.967761,48.350479,28.995677
245.205498,49.892697,28.929367
245.114626,51.335664,28.304026
245.137180,53.575365,28.702546
245.022623,54.262980,28.530041
245.082288,55.924723,28.856906
244.986256,57.969919,29.547514
244.871517,59.462959,29.781646
244.715763,60.050775,29.889202
244.187634,61.770700,29.723624
244.233181,62.801210,29.771256
244.069360,63.697896,29.659513
243.682646,66.423029,30.073444
243.795659,66.796114,30.154948
243.567800,68.922713,30.019487
242.850762,70.531814,30.330203
242.749366,71.318345,30.773121
242.568955,73.374683,30.844020
242.698580,75.835088,30.612640
242.245387,77.608219,30.317884
242.049967,79.019045,30.477689
241.383845,81.666570,30.562873
240.865262,83.779466,31.224914
240.918048,85.446516,31.021195
240.477567,88.308020,31.442307
240.207809,89.289387,31.454028
239.962585,90.456831,31.441073
239.889919,92.038219,31.485034
239.187016,93.162911,31.184214
238.613505,95.875051,30.985898
238.529221,96.972095,30.775520
238.316307,99.204386,30.452795
237.632039,101.914267,29.964432
237.662915,104.703308,30.208010
237.336552,106.113834,29.463094
236.972282,107.441078,29.676544
236.493041,109.066627,29.945676
236.192475,110.291546,29.732266
235.615204,110.902821,29.086561
235.399319,112.336373,28.590173
234.647555,113.241141,29.000205
234.455410,114.281976,29.029015
234.200942,115.680710,29.427077
232.859722,116.565600,29.048587
231.889015,118.439027,29.004107
231.571953,119.317861,29.050340
231.578107,120.377020,28.897366
230.692373,122.410935,28.540296
230.547488,123.293739,28.535243
229.831017,123.894745,28.555901
229.132769,124.340206,28.577358
228.559784,125.021603,28.080826
228.084070,126.438968,27.455748
227.344654,127.760039,27.679814
226.935869,127.790016,27.739662
226.741213,129.034750,27.716346
226.524969,129.593847,27.865148
225.272237,129.879003,27.675648
225.035867,130.324620,27.712964
224.784038,131.631397,27.361167
224.712066,132.092294,26.926476
224.382411,132.788839,27.276886
223.987717,133.763323,27.159575
223.618724,134.480253,27.171945
223.305219,134.983174,27.239616
223.020930,135.824932,27.353937
221.856811,137.292072,26.948402
221.009924,139.494974,26.368921
219.708069,139.854982,26.454158
219.492879,140.690551,26.473800
218.079307,140.152297,27.186982
216.541912,140.527186,27.894440
216.296594,139.720055,27.430582
216.163080,139.370499,27.582859
214.717706,138.572125,27.548321
213.049756,137.384046,27.800732
212.048800,136.590362,27.729618
211.177756,135.656815,27.139745
210.780552,135.892882,27.298742
209.834082,135.201722,27.264181
209.296248,134.462378,27.491947
208.207284,133.988756,26.753220
207.112208,132.849483,26.095204
206.477678,132.336708,26.109717
205.925766,131.995576,26.333932
205.369524,131.632675,26.549856
203.408761,130.941688,26.173123
201.857524,129.554426,26.664727
200.561292,128.268710,26.655409
198.388065,127.400126,27.096244
197.745272,126.812170,26.645949
196.743824,125.765503,26.740438
195.650131,124.805904,27.025864
194.287961,123.662513,26.792058
193.102595,122.090650,26.712134
191.605836,120.662883,27.028787
190.813026,119.897433,27.133502
189.543548,117.986859,26.628270
188.166974,115.575382,26.667228
187.385790,114.207439,26.788204
186.011297,111.792950,26.754460
185.306557,110.349014,27.110205
182.445154,107.291024,26.957331
181.358646,105.869835,26.909201
180.949781,105.112506,27.143981
179.453945,102.456990,27.335581
178.641384,102.041977,27.895155
178.085544,101.303244,27.812852
176.283980,99.024536,28.310000
175.928614,98.315842,28.395310
173.893995,95.930947,28.439602
172.097828,93.897588,28.436065
170.276205,90.370542,28.408002
169.234175,89.122329,28.545450
168.246991,88.050011,28.151886
167.009673,86.578345,27.616522
165.682037,85.585455,27.341392
163.257116,82.952944,27.745306
163.137426,82.979032,27.735078
162.308306,80.785787,27.949169
160.583365,80.612477,28.339952
159.238920,79.749541,28.611497
159.003769,79.578033,28.347487
157.046692,76.732726,28.822012
156.177502,75.987824,29.179378
155.405035,74.485999,29.467631
154.164211,72.986476,29.892725
153.804902,72.604074,30.108909
152.413780,69.872802,29.318446
150.910419,68.007933,28.804907
149.778651,67.617409,29.054711
147.071065,63.633108,29.209905
144.820668,61.932026,28.919363
143.064376,60.295304,29.479346
141.905309,59.783829,30.026543
141.728596,59.725794,30.125016
141.640157,59.182120,30.007138
139.753863,57.199419,30.790222
137.611730,55.735046,31.443852
136.951405,54.998762,30.867560
134.679510,52.135855,30.994253
133.400867,51.240189,31.220739
132.667192,50.612141,30.863356
131.747115,49.949900,31.046600
130.382382,48.156739,31.540104
129.728090,47.892239,31.896319
129.679919,47.787366,31.795234
127.806824,46.450383,31.591980
126.662376,45.137434,31.844237
126.016492,44.269419,32.083025
124.515304,42.558533,31.901596
123.133737,42.359200,32.485005
122.680594,41.643080,32.465484
121.286798,41.077653,32.667350
120.533637,40.886974,33.139617
119.268288,39.967122,32.657844
117.962014,39.068684,32.086578
116.348474,39.530432,32.490030
115.194392,39.041451,31.911784
114.401940,39.138511,31.444458
114.170850,39.094847,31.351231
113.508235,38.248411,31.358996
113.239685,38.095257,31.146179
112.076037,37.701017,31.234339
111.740045,37.620080,31.490300
110.334779,36.747235,31.799892
109.378665,35.714755,31.535433
108.167197,35.059029,32.073684
107.522460,35.095735,32.225596
107.137259,34.932611,32.435154
106.627051,35.105980,32.415605
105.351717,34.740762,32.326303
103.869425,33.960961,32.300243
103.752371,34.025962,32.358858
102.503739,33.808538,31.921679
101.077600,32.850879,32.228620
100.502336,32.692048,32.407664
99.891402,32.619464,32.502074
99.041742,32.667086,32.206097
97.763037,32.791348,32.420592
97.011391,32.853351,32.324002
95.707928,32.272977,31.781047
93.722589,32.420751,31.925963
92.853897,32.728110,32.125522
92.000557,32.187660,32.284775
91.166689,31.777093,31.836834
89.251320,31.689842,31.882901
87.741382,31.231759,32.209039
85.708156,30.305345,32.197381
85.496819,30.355223,32.348990
85.030749,30.143288,32.226442
84.866848,30.254469,32.275097
84.121443,30.604304,32.066388
81.968592,30.736029,31.176679
81.177957,30.219871,31.556086
80.252034,30.310577,31.582499
79.486719,30.723252,31.482660
78.862256,30.756273,31.522559
77.714702,30.719736,31.297221
76.458594,30.817686,31.837263
75.072476,30.676540,31.792753
73.100347,30.211917,31.608377
71.972189,30.252447,31.433554
70.568854,30.262120,31.004434
69.374615,30.735127,30.815240
69.273783,30.664612,30.778548
67.182344,31.413551,30.604318
65.712534,30.940692,30.271790
64.975473,31.363971,30.469717
64.448917,31.076692,30.409526
63.632178,31.171017,30.566880
62.278372,31.142257,31.022424
60.955927,31.466638,30.393688
60.261820,31.734239,30.212418
58.908937,31.723752,29.740123
57.092397,32.068724,29.950515
56.072870,32.636098,29.713350
55.674816,32.612400,29.562599
55.148795,33.018991,29.774339
53.976474,33.561159,29.790810
53.656538,33.486273,29.923456
51.614848,33.291426,29.840073
50.602705,33.836035,30.113332
49.113608,34.590377,29.952464
48.459141,34.909594,29.461868
47.667195,35.170856,28.740113
46.990720,35.317163,28.840922
46.524222,35.312000,28.795284
45.974475,35.367869,28.655975
44.761492,35.922955,29.129062
44.331054,35.998743,28.862706
43.970034,36.268852,28.461560
43.363652,37.130882,28.366686
42.037082,38.319834,27.669362
41.869557,38.329213,27.582884
40.957034,39.126271,27.159150
40.754979,39.399956,26.523148
40.547000,39.579716,26.143622
39.905675,40.759376,25.995783
39.225324,41.921805,25.853974
38.869415,43.155977,25.549538
38.169080,44.220686,25.823605
38.308309,44.742327,25.788412
37.503497,46.135488,25.616800
37.254239,47.227638,25.222569
36.692964,48.591533,25.681017
36.695549,49.276649,25.388485
36.150148,50.253617,25.127862
35.734062,50.986633,24.849498
35.699696,51.700098,25.128569
35.282688,52.891810,25.056035
34.563313,54.417382,24.423769
34.569820,55.369136,24.429300
33.571203,56.065962,24.329984
32.948766,56.721945,24.765441
32.553538,58.111130,24.841580
32.169544,58.854382,24.803187
32.222010,60.001455,24.637785
32.100944,60.836213,24.275665
31.549666,61.915012,24.042308
31.699667,63.264411,24.644714
31.598968,64.185171,24.220366
31.270295,65.382200,24.074560
30.830220,67.596511,24.592799
30.584452,68.300048,24.490273
30.068917,70.503752,24.581037
30.250500,71.091957,24.597875
29.947199,72.879464,24.029287
30.144689,73.878602,23.944437
29.865318,74.402175,23.861399
29.799036,75.797923,23.973328
29.081822,77.408404,24.371130
29.169984,77.697079,24.343554
29.116424,78.672585,24.005571
28.861686,80.658006,23.512254
29.095041,81.062569,23.354470
29.187521,81.725065,23.491180
29.018319,82.221532,23.479236
28.718817,83.107840,23.346331
28.743809,83.433159,23.457031
28.985407,83.945352,22.966596
29.169150,84.581474,23.058886
29.295559,85.006515,22.647792
28.942224,85.593303,22.281390
28.949040,87.003049,21.968463
28.796115,87.906347,21.601564
28.451112,88.644518,21.254741
28.119993,89.827098,20.890778
27.994446,90.324602,20.471093
27.484386,92.888396,20.979714
27.578600,94.312434,21.052601
27.966398,95.419114,21.114525
27.391850,96.456034,20.954952
27.395419,97.839892,20.943619
27.561612,97.958135,20.809991
27.277820,99.861865,20.930333
27.276072,100.228423,21.147062
27.275331,100.235617,21.158983
27.483412,101.689991,21.004530
27.366270,103.151257,20.845498
27.009650,103.688218,20.836992
26.957670,103.813146,20.679945
27.144310,104.438613,20.558947
27.491642,105.519042,20.644934
26.740770,107.412576,20.699970
26.876776,108.342572,20.407774
27.368046,109.910233,20.033415
27.361742,110.200228,20.022631
26.970905,111.522696,19.522678
26.882455,111.628713,19.542810
26.903183,112.348859,19.471037
26.633515,114.181374,18.873435
26.250904,115.045524,18.742534
26.337227,115.515274,18.891146
26.330900,116.435017,18.260467
26.105336,117.875409,18.230185
26.064058,117.924111,18.208965
25.862741,118.618318,18.217693
25.259376,121.169567,18.317935
24.634314,123.375766,18.254658
24.338643,125.821175,17.942688
24.285845,128.278972,18.028912
23.763174,128.849634,17.889396
23.387808,130.688962,17.313642
23.168349,134.446916,17.051325
23.423611,134.720935,16.657165
22.971372,137.637053,16.500872
22.752204,140.843141,15.646526
22.212869,142.163628,15.537642
22.031422,143.032543,15.482479
21.602650,146.185117,15.182883
21.385383,149.374783,15.105345
21.321072,150.450861,15.118163
21.469497,151.711719,15.095703
21.314278,153.105528,14.714997
21.013432,153.818852,14.672226
20.791772,156.239923,14.066209
20.388350,159.321500,14.097529
20.061299,161.104137,13.788995
20.130490,162.208783,13.521084
20.613291,162.843792,13.374446
20.366012,164.553318,13.332691
20.133448,165.720986,13.391685
19.965582,166.879547,13.351864
20.086263,168.281125,12.949857
20.129868,168.993602,12.975434
20.171648,169.153616,12.964886
19.935992,170.930890,12.507347
20.135354,171.750236,12.484206
20.121559,172.414665,11.962997
20.412885,174.218088,11.422679
20.337385,174.337495,11.470306
20.467718,175.466701,11.336859
20.504971,176.634975,11.416908
20.525058,177.237102,11.170018
20.574607,178.445193,10.580662
20.844587,179.793559,10.463086
20.473882,180.909164,10.267164
20.591666,182.646592,9.627974
20.434835,183.581267,9.556583
20.556918,184.019089,9.439036
20.578559,184.030389,9.441486
20.605831,184.450189,9.441540
20.624404,185.338788,9.494878
20.100554,186.806985,9.462813
19.954335,187.976490,9.472255
19.826081,188.946519,9.313743
19.612774,189.212046,9.199575
19.533997,189.642458,9.190141
19.506756,190.827879,9.193063
19.253234,191.177756,9.154365
19.052919,192.070576,9.166022
19.016205,192.550905,9.162489
18.986892,193.007758,9.239994
18.971609,193.648941,9.315132
18.885126,194.128838,9.392244
18.552696,194.789882,9.303393
18.638105,195.638034,9.109964
18.543415,195.933238,9.093989
18.635431,196.645010,9.051372
18.579037,196.973506,9.019960
18.488307,197.293270,9.072569
18.629067,198.960617,9.100265
18.678904,199.627090,8.913715
18.766792,200.581106,8.904066
19.468154,202.056753,8.698417
19.171744,203.633209,8.601650
19.148515,204.654358,8.468099
18.893879,205.868009,8.133815
19.146560,207.651837,7.801437
19.465316,210.293761,7.288302
19.737563,211.484010,7.412450
19.733171,212.302395,7.399063
19.910626,213.372257,7.395561
19.796714,213.575578,7.365429
20.071254,214.624846,7.087094
20.090165,215.983860,6.805698
20.723700,217.471127,6.864300
21.047921,218.134789,6.720105
21.066305,218.499583,6.656919
20.716331,218.542175,6.648059
20.715569,219.040629,6.756592
20.437857,220.087700,6.677701
20.065425,221.125684,6.725411
20.419133,221.531422,6.640961
20.184028,222.274117,6.891027
20.090290,222.903252,6.541302
20.761183,223.601994,6.558091
20.600993,224.148010,6.668672
20.442937,224.435627,6.674178
21.450590,225.984647,6.401896
21.233922,226.595322,6.352716
21.315845,227.056176,6.259990
21.521649,227.820697,6.203971
21.411854,228.289907,6.244525
21.961569,228.576618,6.192300
21.869128,228.839988,6.271872
21.881711,229.791436,6.212422
21.624238,230.084094,6.358227
21.691998,230.625234,6.412549
21.536583,231.212678,6.529138
21.545168,231.765399,6.494209
21.354406,232.695975,6.455297
21.271147,232.784554,6.429717
21.121573,233.317666,6.463311
21.081351,233.359520,6.451284
21.148850,234.015530,6.545208
21.157190,234.535492,6.607349
20.979154,235.163119,6.615772
20.966452,236.099491,6.841943
21.039077,236.904084,7.023396
20.660128,237.396980,7.032663
20.706452,237.642855,6.893479
20.725639,238.404136,6.830766
20.772187,238.947950,7.034002
20.589056,239.087406,6.996644
20.574490,239.696694,6.996825
20.538759,239.957021,7.238539
20.406902,240.293757,7.465458
20.390434,240.455407,7.644720
20.128559,241.415366,8.374461
20.010986,241.758943,8.594839
19.799225,241.903431,8.534016
20.219562,242.092948,8.833948
20.456983,242.135426,8.949586
20.554042,242.273324,9.443382
20.554485,242.309531,9.706896
20.737507,242.612151,10.265294
20.843976,242.554351,10.351916
21.463858,242.577381,10.737380
22.287240,242.624120,10.805003
22.964052,242.750915,11.310872
23.123717,242.810013,11.592599
23.188046,242.777135,11.609119
23.315892,242.742743,11.697926
23.126628,242.912416,12.337567
23.435225,242.882852,12.392979
24.085998,243.112490,12.838344
24.640320,243.200776,12.976642
24.603782,242.962778,13.745916
24.909730,242.890847,13.770695
25.156518,243.014334,14.334536
25.343370,242.962217,14.541945
25.670432,242.927211,14.604894
25.314194,243.184511,15.203540
25.491369,243.306977,15.675736
25.507653,243.472103,16.035515
25.792403,243.447367,16.380285
26.624696,243.484362,16.991358
26.711939,243.354718,17.438480
26.936866,243.026873,18.260717
27.377322,243.393596,19.016922
27.991074,243.391246,19.313807
28.741428,243.436950,19.861359
29.151733,243.360784,20.147658
29.792655,243.372643,20.683506
29.997800,243.358046,20.871983
30.033956,243.406650,21.124710
30.436104,243.460552,21.840494
30.863092,243.348528,22.142514
30.911271,243.464950,22.829396
31.248305,243.314274,23.083874
31.548323,243.602544,23.851387
32.376113,243.748083,24.695033
32.626818,243.818994,25.490676
32.800138,243.848433,26.011667
32.951906,244.007631,26.126562
33.501261,243.996019,26.546704
33.741701,244.023132,26.853122
34.295156,243.862487,27.163004
34.564815,243.851967,27.750171
33.691854,243.823221,28.392113
33.695780,243.914279,28.988550
34.040470,243.714167,30.091818
33.636896,243.746845,30.505676
34.126787,243.784912,31.146024
34.049271,243.703265,31.770604
33.937479,243.731229,32.598782
33.893556,243.673012,33.502901
33.260697,243.237292,34.570503
33.017276,243.089860,35.040287
32.617467,243.021040,35.854042
32.732953,243.286362,36.959715
32.900827,243.375503,37.515028
32.685156,243.369162,37.583534
32.456484,243.272432,38.578762
32.681118,243.391100,39.662941
32.653571,243.327357,39.957176
32.126260,243.289941,40.551866
32.060463,243.165939,42.456070
32.719136,243.095913,43.324143
33.035746,242.977794,43.912235
32.612840,242.697483,45.042505
33.876248,242.842566,46.286535
33.971817,242.773598,46.991005
34.368882,242.402897,48.001054
34.308641,242.276701,48.409562
35.438123,241.759943,49.186127
34.933357,241.048107,50.415262
34.710252,241.058565,50.558795
34.655133,240.973569,51.147696
34.720636,240.904201,51.611853
34.820238,240.738970,53.563618
34.511662,240.272536,54.161432
33.988821,239.769869,55.811178
34.676247,239.826897,57.479480
34.346854,239.375434,59.180127
34.543691,239.540161,59.247127
34.729809,239.633207,61.197445
34.604140,239.812891,61.706464
34.494925,239.949460,61.932718
35.199914,239.583114,62.739657
35.433117,239.280875,63.029802
35.740494,239.316633,63.071073
35.790423,239.220742,63.488120
35.473925,239.028416,64.350931
36.394540,239.172638,64.919475
36.867684,239.100166,65.753975
37.158690,239.104816,66.731357
37.242184,238.898704,68.077946
37.772443,238.738199,69.361514
37.992295,238.771353,70.238131
38.542257,238.704123,71.063445
39.393640,238.695505,72.257625
40.031651,239.007407,73.258359
39.907118,238.853600,74.771503
39.465499,238.707397,76.745179
40.542751,238.426065,77.887676
41.391988,238.257117,80.544175
41.955730,238.043875,82.127090
41.833792,237.887941,84.410139
41.331546,238.047146,85.980566
41.268073,238.181355,86.682419
41.052608,238.286715,87.000980
41.195994,238.137294,88.873183
42.669022,237.517242,90.920187
42.513684,237.328950,93.566973
42.319323,237.261596,96.790072
42.811388,237.136193,98.399610
42.652696,237.066133,100.155634
42.817774,236.548849,102.168388
42.964167,235.972896,104.604199
42.574693,235.663676,105.687574
42.401363,235.448993,106.483077
42.482076,235.304942,109.909399
43.752771,234.702657,110.340954
44.174249,234.403859,111.669827
43.828261,234.139579,112.252416
45.074628,234.185193,115.050840
45.100322,234.210706,115.411986
45.180094,233.857298,116.794443
45.316689,233.842782,116.847642
45.921726,233.867997,117.122353
46.054497,234.010851,117.550655
46.640906,233.862951,118.344873
46.935395,233.728366,119.436944
47.518988,233.357325,119.975836
48.062043,232.849941,121.976425
48.859909,232.764075,123.864359
49.438984,232.803534,124.844920
49.409979,232.944513,125.237324
49.510284,232.521773,127.048637
49.347445,232.523459,127.224445
49.350622,232.454959,127.338806
48.241574,232.375519,129.069088
48.497109,232.141399,131.167140
48.865970,231.724715,132.959001
48.978014,231.369612,133.649293
48.352349,230.794455,136.076059
49.156246,230.650175,136.955924
49.404404,230.326564,139.118323
49.411375,230.324635,139.122622
50.441870,229.430792,140.927123
50.729599,229.180052,141.764850
51.079227,229.247572,142.841589
51.278458,228.745691,143.843647
50.789201,228.065082,144.844082
50.861063,228.274609,144.966866
50.369940,228.329943,145.809344
50.154225,228.140794,146.541941
50.194724,227.630704,147.866710
49.971706,227.427970,148.810051
49.828895,227.417424,148.840129
50.001177,227.428484,149.046704
50.027136,227.518114,149.126648
49.807610,227.238284,150.292420
49.547798,226.865947,151.734277
49.355131,226.601078,152.283788
49.298792,225.984415,153.675828
49.397932,225.782298,154.376856
48.881768,225.833668,155.126590
49.881796,225.100613,157.710290
49.217585,224.593278,158.997017
48.439923,224.289400,161.255974
47.957410,224.101543,162.320297
48.070902,223.591831,162.887687
48.316410,223.371544,163.807105
47.943949,223.152761,164.486500
47.488916,223.103741,165.760645
46.861121,222.541494,166.732880
47.035983,222.306316,167.209017
46.290520,222.182446,167.847069
46.946987,221.336204,170.485916
46.556740,221.209551,171.108933
46.141361,221.136896,172.151310
45.550811,221.010725,172.447109
45.651621,220.460137,174.353435
45.560313,220.218481,175.976834
44.873558,220.298736,177.043654
44.580556,219.794736,179.092814
44.096172,219.832128,180.285258
43.989992,219.539930,180.774218
43.249267,218.949021,182.085130
43.239437,218.977382,182.349808
43.173156,218.970788,182.656570
42.789527,218.471942,183.610289
42.626464,218.471715,183.818500
43.426658,218.079230,184.305706
43.469732,218.057075,184.320168
43.525562,217.843321,184.695976
45.035322,217.738770,186.310344
45.042741,217.416667,187.084526
45.476489,217.322535,187.748421
46.226674,216.923309,188.595689
46.125329,216.767198,189.275969
45.838327,216.085663,190.281496
46.111467,216.156583,190.845695
46.210577,215.509111,191.974213
46.979885,215.075983,192.776502
47.089357,214.600471,193.275153
46.791952,214.292701,193.780936
46.320671,213.599808,195.558838
45.920147,213.613805,196.050622
46.295646,213.551973,196.880858
46.386309,213.244608,197.602736
47.276109,211.179706,200.372396
47.658785,210.682579,201.825629
48.669425,210.143243,202.857476
48.541055,209.598461,203.441077
49.104777,209.250434,204.167277
48.244210,208.771948,205.393391
48.278312,208.795539,205.843106
47.761408,208.228144,206.775129
48.434513,206.998366,207.697232
49.154649,206.354014,208.082260
49.807768,206.070817,208.878770
49.820979,205.945476,208.924366
51.017024,204.550119,210.345483
51.692921,203.798802,210.740135
51.481198,203.223095,211.163707
52.703266,202.299854,211.559262
53.096436,201.742875,212.139663
53.310322,201.371413,212.365394
54.147154,200.722839,212.744065
54.393045,200.000973,212.825364
55.637222,199.508343,213.274333
57.031862,198.898868,214.611512
57.261557,198.884835,214.799337
58.900759,196.947840,216.256075
59.626229,196.014857,217.489191
59.922912,195.314688,218.358762
60.286567,195.192811,218.772228
59.810450,194.600582,219.211921
59.720812,194.395857,219.471460
59.713564,193.290407,220.215617
60.342951,192.847239,220.659449
62.328171,192.562010,221.472294
63.679758,191.827654,221.970982
63.903137,191.393697,221.986946
65.092548,190.056275,222.445797
65.704493,189.235635,223.348830
67.429009,188.588826,223.434946
68.014995,187.642997,223.886674
68.439839,187.128996,224.186450
68.128963,186.125169,224.915149
68.571274,185.697450,224.622347
69.786730,184.975795,224.576066
70.147734,184.368866,224.515747
69.994708,184.028174,224.591705
70.603350,183.441037,224.438859
70.763601,182.904781,225.060388
71.439334,182.672145,225.338413
71.861496,182.648207,225.342289
73.343213,180.981201,225.814746
73.086515,180.642382,226.037438
73.020898,180.589471,226.083536
73.832834,179.859618,226.307395
73.950833,179.093506,226.914005
73.837657,178.856789,227.218381
74.045202,178.089512,227.905124
74.810856,177.438791,227.905946
75.311929,176.505717,228.165625
76.863163,174.993290,227.860895
77.170715,174.353559,228.062701
77.169017,174.257972,228.655668
77.847736,173.313705,229.021532
77.811050,173.143638,228.997178
78.811572,171.080007,229.159440
79.955767,170.213290,229.362711
80.944628,170.053780,229.004166
82.633543,169.476079,229.124566
83.317294,168.947146,229.092344
84.914353,167.175493,229.032461
85.814391,166.971699,228.766893
86.186797,165.495379,229.283020
88.176195,163.186081,229.444364
88.475667,162.600247,229.715095
90.032110,160.233980,229.918601
89.887438,159.899633,229.704451
91.226772,158.926836,229.382273
91.924866,158.425659,229.545479
92.198651,158.376135,229.421347
92.220194,158.384925,229.411226
92.140796,158.293514,229.453566
93.339977,157.295011,228.906607
93.760208,156.481696,228.821277
95.265692,155.070191,229.384987
96.478632,153.732707,229.547580
98.176418,152.475269,230.048654
98.975137,151.396648,230.340388
99.240422,151.014101,230.011812
100.351204,149.405052,230.594049
100.508191,147.574304,230.729522
101.961865,145.634879,230.880828
103.345518,144.377811,231.101258
105.357772,142.029531,230.968192
105.394347,141.916968,231.111235
106.298021,140.795090,231.633442
106.513052,139.790720,231.973186
107.446557,138.672702,232.314179
108.701328,137.532323,232.661654
109.224175,136.711540,233.072170
111.106119,135.564379,232.840143
113.661276,133.322976,232.249118
116.032822,131.046213,232.633338
117.076323,130.206327,232.162386
118.637324,129.065005,231.665195
120.107415,127.834822,232.102763
122.662987,126.425117,232.060944
123.534584,125.346154,232.146120
123.874451,124.836206,232.219745
124.972260,123.765065,231.980100
126.526634,121.791468,231.524654
126.883447,121.232877,231.599993
129.610486,118.229681,232.810205
130.946066,116.489655,233.016382
131.851443,115.758246,233.042932
132.356851,114.546710,232.743463
134.418847,112.352720,232.968281
134.686159,110.934044,233.443252
135.972492,109.617445,233.481978
137.632702,107.005255,233.394153
138.101418,106.179380,233.505866
138.471165,105.722796,233.630136
139.046210,104.161119,233.475550
140.143137,101.201602,233.555793
139.868249,99.105965,232.961941
140.430983,97.111864,233.412732
141.728019,95.834329,233.149806
141.775665,95.030173,233.147031
142.646237,93.665068,233.029191
142.370681,91.508015,233.260363
143.494431,89.544426,233.688662
144.533844,88.613020,233.713338
144.983504,86.728922,233.842640
146.188019,85.643074,233.987836
145.914429,84.180838,234.248420
145.353675,83.026821,234.562983
145.922275,80.803349,234.683062
145.918406,80.585569,234.842410
146.406376,80.121668,235.060597
146.630236,79.326724,235.068261
146.254357,78.660968,235.363249
146.570819,76.746807,235.019588
146.924209,76.115734,234.842087
146.723722,75.189904,235.029836
146.922592,74.336481,234.897266
148.330069,72.444120,234.549811
149.311650,71.615585,234.273830
149.472794,71.404802,234.347091
149.335905,70.335241,234.268539
149.710567,69.381722,234.544063
148.984894,68.346332,234.680889
149.614116,67.517255,234.707322
150.056650,66.483524,234.348869
150.189143,66.230014,234.341232
150.512769,64.968978,233.978648
150.768168,63.388528,233.854425
150.587198,62.436338,233.673652
150.507289,61.109842,233.698168
150.566257,59.034254,233.183267
151.746359,57.029899,232.738488
151.898393,56.454432,232.761249
152.081917,54.394466,232.668134
150.967853,53.938573,232.751370
149.746509,53.122018,232.961909
148.289321,52.116846,233.281455
147.858440,52.019284,233.162049
146.822288,51.371957,233.260534
145.487287,50.716507,233.242747
144.278751,49.005999,233.081748
143.898140,48.344097,232.918781
143.264655,47.805831,233.028391
142.542360,47.001297,233.334827
142.081099,46.451206,233.608640
142.230489,45.794646,233.545270
140.612315,44.813142,233.905181
138.573937,44.054579,233.762726
137.756342,43.729251,234.082618
137.436189,43.588365,233.958296
135.998913,42.466370,233.673444
135.180822,42.194190,233.661274
133.934263,41.775565,233.697071
132.724202,40.919088,233.739150
131.338016,41.040299,233.970603
130.503872,40.703741,233.815881
129.857214,39.923479,233.944260
127.977465,38.567892,233.470312
128.090725,38.328393,233.416060
127.154369,38.087125,233.317716
126.684219,38.096841,233.258291
124.896479,37.415635,233.146576
122.947033,36.857349,232.983380
122.150144,36.875034,232.941059
118.586539,35.172230,232.360604
117.517778,34.792221,232.228590
116.857573,33.541689,231.959547
115.027313,32.874716,232.194854
113.950160,32.928313,231.957780
113.796777,32.996795,232.128710
111.763689,32.219882,232.495250
111.636729,32.051037,232.496322
110.033246,31.893665,232.140474
107.890858,31.746387,232.205573
107.455062,31.627016,231.917618
107.398441,31.592252,231.763927
106.222807,31.222782,231.456341
105.206935,30.278470,231.233795
104.963427,29.712211,230.916448
104.376685,29.212498,230.708770
104.132392,28.892922,230.868117
102.907763,28.783830,230.779461
102.002576,28.575487,230.824556
100.671680,28.118459,230.865339
100.150976,27.875262,230.670279
97.256001,27.233967,230.089613
94.629030,25.330928,229.952087
94.233706,24.457314,230.101487
92.655067,23.996347,229.933721
92.049419,23.684046,229.835414
90.684323,23.217547,229.618870
88.574800,22.712334,229.488211
87.368286,22.821118,229.185999
84.048541,23.190531,229.457347
83.059331,22.812235,229.448581
79.637026,22.450021,230.136434
76.687908,21.572292,230.369032
75.850071,21.236717,230.912545
75.071722,21.085948,230.837741
74.544885,20.675841,231.239415
73.956608,20.167407,231.414416
71.762989,20.367873,231.391815
71.419205,20.470302,231.611178
71.065415,20.231139,231.831771
70.342121,19.888507,231.911184
69.435676,19.897766,231.726916
67.654445,19.484251,232.113439
66.436440,19.507893,232.233508
65.239065,19.314966,232.469779
64.714505,19.089159,232.505343
63.495176,18.706416,232.521737
62.750245,18.496131,233.041023
61.822458,18.523452,232.640579
60.513016,18.677936,232.660103
60.233616,18.591124,232.762184
59.464029,18.858077,232.838675
58.978887,19.023656,232.758666
58.177339,19.116390,233.033749
57.302244,19.166840,233.296354
56.134425,19.255972,233.495755
54.543485,18.857286,233.296784
53.065412,18.759375,234.140014
51.145541,19.218140,234.038405
50.415764,18.825662,234.121599
48.656971,18.980537,234.345514
48.120318,18.741958,234.039622
46.329006,18.404213,233.424516
44.956760,18.312479,233.180792
44.901205,18.350894,233.132843
43.335112,18.808166,233.129919
42.139308,18.722763,233.142014
41.883643,18.699021,233.277881
41.167830,18.525813,233.396783
40.572601,18.368019,233.427290
39.693628,18.520078,233.472314
39.390292,18.497092,233.557076
38.840720,18.239262,233.171927
38.568498,18.129490,233.259663
37.410556,17.972962,233.072518
35.830980,18.234131,233.786543
35.262684,18.095296,232.975496
34.887843,18.118730,232.987460
33.895528,18.047341,233.178556
33.313636,17.861094,232.676854
32.631855,17.931730,232.432488
32.397442,17.582693,232.486663
31.741206,17.482493,232.587460
31.631533,17.591590,232.679472
30.590702,17.526767,232.663278
29.874834,17.442787,232.642583
28.886970,16.894897,232.927226
28.236407,16.677872,233.064732
28.050573,15.999492,232.661093
27.635144,15.299607,232.853413
27.192374,15.073397,232.946156
26.781156,14.609360,232.824739
26.202279,14.310414,232.870219
25.697518,13.793693,232.776586
25.417555,13.626311,232.943056
25.090256,13.440394,233.352951
24.723606,12.928284,232.980919
24.148670,12.641781,232.642398
24.253742,12.529150,232.141398
24.341780,12.497968,232.000123
24.477644,12.132291,231.305784
24.621716,11.983665,230.791478
24.509709,12.097904,230.400335
24.711176,11.732113,229.891240
24.912284,11.787483,229.410879
25.050232,11.787325,228.966409
25.091113,11.643579,228.542610
24.989142,11.559030,228.041169
25.102795,11.633597,227.619124
25.219149,11.577173,227.143173
24.702708,11.323854,226.634787
24.800234,11.160784,226.374757
24.865032,11.062727,226.145522
24.764478,11.085678,225.788202
