3000
3
152.656993,30.624738,239.215385
152.810222,30.598037,239.185343
152.971827,30.597875,239.069269
153.143306,30.553827,239.048026
153.199648,30.624650,238.995253
153.430444,30.660582,238.962887
153.565995,30.637019,238.946223
153.591672,30.500837,238.936219
153.901078,30.583852,238.865114
154.150962,30.604312,238.871514
153.578696,31.059223,238.803969
153.456100,31.125711,238.807480
153.279614,31.167110,238.741621
153.169998,31.235371,238.763047
153.072269,31.350671,238.782824
152.837186,33.035527,238.856709
152.716168,33.135272,238.784906
152.660828,33.189642,238.788857
152.491132,33.238467,238.731004
152.369652,33.926145,238.704747
151.998244,34.325822,238.761121
151.908557,34.509066,238.633871
151.679727,34.623462,238.648708
151.661675,34.666595,238.646661
151.512043,35.532920,238.792831
151.261035,35.724745,238.653518
151.053444,35.773906,238.694789
151.112517,36.208336,238.774439
150.889890,36.208294,238.744605
150.690922,36.583056,238.812849
150.651674,36.622822,238.796936
150.195800,37.334735,238.906422
149.974323,37.159951,238.935211
149.936720,37.124652,238.929569
149.888971,37.118527,238.888192
149.591203,37.215089,238.817060
149.132495,37.191694,238.736732
149.122841,37.253222,238.758391
148.884784,37.284208,238.814652
148.528964,37.714053,238.893704
148.534652,37.783218,238.955642
148.465372,37.762462,238.985463
148.368218,37.728495,238.956070
148.265685,37.770819,238.949542
147.965441,37.720770,238.807846
147.784054,37.859447,238.755662
147.104813,37.912696,238.690076
147.027739,37.997883,238.784937
146.473010,37.874756,238.633049
145.954905,37.873258,238.726135
145.918628,37.918824,238.593453
146.162230,38.747088,238.646081
145.841289,39.018149,238.670250
145.330647,39.465113,238.659117
144.958017,39.505131,238.609477
144.617380,39.453678,238.676878
144.610737,39.443642,238.677793
144.085751,39.818839,238.834010
143.399736,40.246837,238.631897
142.984145,40.309346,238.643579
142.737727,40.267795,238.701343
142.720102,40.232651,238.697394
142.633812,40.307826,238.728034
142.428728,40.345047,238.677150
142.269788,40.246571,238.652534
142.113164,40.324020,238.610011
141.422451,40.292679,238.599782
141.373393,40.399538,238.716945
141.117891,40.741210,238.809183
140.963233,40.953834,238.891992
140.765620,40.961490,238.937126
140.024231,40.818488,239.072878
139.677337,40.978829,239.048237
139.339088,40.861336,239.112965
139.332951,40.823768,239.107549
139.145023,40.818845,238.914871
138.289429,40.400879,238.824484
138.039211,40.326173,238.913553
137.736881,40.351953,238.968551
137.735522,40.330999,238.965167
137.202537,40.568881,238.975682
136.920239,40.413677,239.033347
136.828719,40.380770,238.902392
136.410217,40.229643,238.975840
136.419542,40.319560,238.937851
136.418217,40.318902,238.937749
135.884771,40.328380,238.796862
135.364472,40.057942,238.637839
134.865344,39.922223,238.557840
134.796804,39.903319,238.583112
134.452369,39.717013,238.671653
133.657609,39.491639,238.671226
133.497972,39.657875,238.733543
133.397690,39.769989,238.713467
132.658180,39.870834,238.570120
132.509887,40.009401,238.794094
131.960737,39.968281,238.732470
131.083518,39.832342,238.908524
129.617144,39.051161,238.658602
129.581106,38.949296,238.543169
129.579880,38.948811,238.543079
128.594543,38.835199,238.560237
128.178031,38.843021,238.575070
127.575482,39.081424,238.474126
127.212793,38.902757,238.490271
126.784801,38.821333,238.358958
126.718673,38.940878,238.309825
125.628631,39.023201,238.395516
125.210802,39.159822,238.343712
124.457204,39.084139,238.473060
123.717354,39.008001,238.502948
123.715847,39.012448,238.502424
122.663421,39.279045,238.344040
122.038298,38.939653,238.360908
121.313106,38.843493,238.493112
120.891943,38.667556,238.474588
120.299324,38.684845,238.570080
119.771299,38.734014,238.551385
119.142683,38.259139,238.551803
119.123281,38.245358,238.543666
118.161653,37.863268,238.564540
118.160197,37.851753,238.562034
117.588336,37.989362,238.632037
115.732006,37.659333,238.551774
114.343712,37.703418,238.196121
114.098463,37.625414,238.213782
113.440502,37.259504,238.239942
112.742630,37.478899,238.334267
112.545919,37.456035,238.370481
111.434958,37.166264,238.375569
110.679504,37.497127,238.223503
109.932355,37.537404,238.175796
109.650856,37.796832,238.263129
109.374443,37.831441,238.003182
108.221906,37.809863,238.105213
106.923993,37.662775,238.223556
106.922715,37.653788,238.215964
106.402393,37.653865,238.276468
105.894505,37.737142,238.598193
105.200029,37.358950,238.722461
105.196001,37.338380,238.731279
105.164062,37.312669,238.729486
103.853224,36.969007,238.920846
102.756985,37.069991,239.284384
102.641865,37.240483,239.322386
101.685204,37.090802,239.317274
101.278124,36.801608,239.414199
101.255801,36.763361,239.430362
100.698731,36.724542,239.285137
100.680304,36.692104,239.313314
100.079819,36.946301,239.418823
98.932243,36.798572,239.884961
98.764531,36.663784,239.893371
98.368464,36.431318,239.914491
97.943661,36.578295,239.963198
97.274448,36.535873,239.922391
97.073883,36.432408,240.149017
95.676048,36.472721,240.234119
93.850003,36.637279,240.139042
93.467323,36.724905,240.053045
91.627220,36.901964,239.955795
91.618590,36.927362,239.968585
91.538133,36.948275,240.024963
91.284405,37.777062,240.089139
91.016272,37.949195,239.907008
89.865550,38.263743,239.943413
89.333509,38.338677,240.203438
88.803300,38.336873,240.235338
87.677775,38.370431,240.214808
86.619507,39.062065,240.310320
86.458935,39.247334,240.261155
86.460917,39.268709,240.256956
85.821433,39.106816,240.295472
85.407943,38.921003,240.352768
83.736648,39.117655,240.457257
82.995775,39.872137,240.620392
81.289299,39.512106,240.789435
80.587318,39.846952,240.950646
80.069812,39.602586,240.810876
79.995583,40.047447,240.857345
79.604398,39.849056,240.928782
79.633661,40.629251,240.978986
78.854767,40.120025,241.130089
78.701999,40.324738,241.243869
78.528799,40.230046,241.103627
77.499568,40.491213,241.333073
77.041860,40.244146,241.107110
76.997942,40.243390,241.010212
76.569806,40.133035,241.038337
76.568528,40.130146,241.039564
76.298834,40.265695,241.228984
76.189618,40.499481,241.272016
75.383264,41.062267,241.128344
75.382889,41.066543,241.127237
73.502147,41.621492,241.154213
73.151393,41.471838,241.227838
72.770474,41.712130,241.820963
72.078791,41.792139,241.942921
71.728048,41.686010,242.139479
71.219156,42.104711,242.095165
70.890823,42.170651,242.191040
69.813473,41.894598,242.152798
68.718554,41.759080,241.987967
68.347964,41.859396,241.807997
67.310388,42.378654,242.108390
66.842770,42.016449,242.006079
66.190785,42.502564,241.847836
63.530449,42.724405,241.856053
63.141859,42.392903,241.729896
62.659903,42.359508,241.509725
62.652624,42.365234,241.432173
62.452127,43.103547,241.563573
62.310379,43.360533,241.498828
62.089743,43.161350,241.388260
62.089355,43.164672,241.385105
61.606663,43.673008,241.333073
61.597488,43.659327,241.326104
61.156278,43.281692,241.268068
61.055549,43.382832,241.228361
60.608667,43.554596,241.144196
59.611355,43.380158,241.122824
59.475655,43.689731,241.071892
58.544229,44.165272,241.216693
58.280638,43.988408,241.165071
57.889682,43.802413,241.125353
57.773883,43.930752,241.359467
57.391130,44.189880,241.298873
56.919132,43.940214,241.369026
56.363979,43.788458,241.670032
55.469250,43.507708,241.919224
55.156296,43.504969,241.812220
54.233546,43.184423,241.800097
53.765327,43.417242,241.670856
53.588886,43.326373,241.706540
52.830396,42.913139,241.752561
52.551527,43.262683,241.824263
51.713270,43.327878,241.914742
51.307460,42.997674,241.681747
50.568610,43.123290,241.609624
50.341970,43.488036,241.500430
50.210581,43.389793,241.533960
49.704245,42.914658,241.588436
49.107631,42.536488,241.712507
48.587300,42.741049,241.858905
47.910910,42.197314,241.745685
47.069043,42.175775,241.753393
46.952768,42.052681,241.791308
46.433457,41.603199,241.716978
45.750440,41.782811,241.341274
45.198626,41.757429,241.419220
44.949615,41.871095,241.462968
44.435214,41.800612,241.518801
44.083461,41.430295,241.620926
43.874475,41.604337,241.828866
42.600556,41.703426,241.666265
42.074003,42.604315,241.828434
41.865070,42.394185,241.778913
41.540907,42.483029,241.653308
41.286415,42.345885,241.550909
40.736605,42.406001,241.810278
40.212003,42.813036,241.921473
40.023857,42.606696,241.810725
39.102359,42.721118,241.734189
38.794004,43.285054,241.742347
38.720793,43.202826,241.766640
38.618812,43.103167,241.754072
38.561376,43.057832,241.619280
38.187188,43.554267,241.646780
37.611125,43.889970,241.626396
37.250708,44.019460,241.684373
37.249802,44.019053,241.684426
37.211182,44.109445,241.657555
37.061690,43.927785,241.621378
37.002491,43.857281,241.642528
36.028451,43.537124,241.627342
35.972632,43.470192,241.647216
35.925830,43.413849,241.664376
35.602812,43.382169,241.667707
35.378946,43.402715,241.486504
35.077762,43.529289,241.512917
34.547230,43.479701,241.527494
34.439861,43.410190,241.374568
33.997237,43.650687,241.287017
33.704991,44.297553,241.324198
33.589391,44.260014,241.397722
33.430854,44.261077,241.466385
33.341292,44.226641,241.445072
32.860712,43.898754,241.277595
32.859617,43.898049,241.277785
32.728727,44.076894,241.300281
32.727633,44.076182,241.300458
32.390160,44.536495,241.428052
31.687960,44.441922,241.256046
31.536084,44.468783,241.320183
31.388915,44.587981,241.306365
30.983039,44.447739,241.295874
30.670809,44.936806,241.303000
30.518234,44.907656,241.271463
30.354964,44.694772,241.227646
29.900043,44.994923,241.258169
29.834450,44.897475,241.287559
29.261436,44.788598,241.172626
29.223229,44.730864,241.190366
29.047237,44.472119,241.206768
28.691586,44.253410,241.162591
28.643306,44.179609,241.185429
28.537426,44.007678,241.167264
27.963315,44.117734,241.323502
27.796838,44.035217,241.231095
27.596284,43.812319,241.197592
27.370614,43.830750,241.432456
26.643801,43.898910,241.425350
26.605897,43.858203,241.438251
26.491563,43.840213,241.401399
26.396344,43.820249,241.247671
25.869918,43.553412,241.157951
25.747029,43.593335,241.123159
25.571631,43.835503,241.177297
25.156509,44.149759,241.067920
24.279446,44.053003,240.922020
24.188757,43.914381,240.942346
23.715892,43.679365,240.927445
23.758210,43.835561,240.812907
23.661173,44.072420,240.659828
23.657027,44.101892,240.591562
23.656679,44.158434,240.574390
23.594909,44.187036,240.436652
23.554748,44.378119,240.345388
23.135702,44.530142,240.291720
23.127121,44.590048,240.313158
23.141426,44.639934,240.281406
22.901586,45.166728,240.248051
22.664342,45.290096,240.085562
22.473072,45.473822,240.063653
22.517495,45.560785,240.044229
22.302969,45.801851,239.914511
21.996302,46.191543,239.838943
22.052452,46.310207,239.800742
21.957365,46.690420,239.795823
21.977749,46.744336,239.813696
21.779754,47.053176,239.691912
21.470085,47.285455,239.722560
21.177468,47.488387,239.629534
20.754075,47.860663,239.510045
20.833736,48.154115,239.425979
20.452291,48.183949,239.309512
19.769438,48.032533,239.174170
19.793713,48.664062,238.969676
19.843401,49.053699,238.864903
19.893572,49.200687,238.840953
19.432712,49.772630,238.820833
19.320209,50.057896,238.533794
19.348615,50.220156,238.506132
18.846499,50.387297,238.423285
18.721317,50.856178,238.285063
18.672033,51.080436,238.316117
18.664921,51.081712,238.311210
18.665276,51.083656,238.311285
18.547903,51.134946,238.223818
18.523782,51.157085,238.240568
18.393098,51.700084,238.240786
18.393340,51.702052,238.240803
18.424872,51.785298,238.239999
18.062240,52.130453,238.278153
18.072419,52.142877,238.268924
18.112374,52.247124,238.207168
17.541281,52.279186,238.088483
17.558861,52.261319,237.993979
17.458550,52.650820,237.863901
17.545050,53.305920,237.741754
17.617288,53.497746,237.792411
17.652918,53.987508,237.962130
17.653555,53.989209,237.962166
17.657976,53.992627,237.958887
17.719746,54.178013,237.903198
17.736139,54.212757,237.885041
17.788077,54.420267,237.652702
17.820454,54.496472,237.638568
17.707526,54.723637,237.675598
17.767841,54.886006,237.701440
17.716136,55.224488,237.633168
17.827085,56.073752,237.329689
17.654992,56.242909,237.250953
17.420863,56.845941,237.505272
17.682386,57.393540,237.323187
17.680578,57.538760,237.319166
17.811878,57.951509,237.192006
17.864928,58.151986,237.210546
17.722839,58.744689,237.303881
17.753020,58.987047,237.240298
17.759033,59.344350,237.298371
17.840106,59.612782,237.235381
17.833827,60.116886,237.205483
16.818668,61.719469,237.005256
16.868646,63.341326,236.875287
16.815812,63.519952,236.925018
16.817247,63.521348,236.923763
16.787828,64.362520,236.991591
17.143663,65.195093,237.037282
16.810244,65.345906,236.974682
16.801946,65.518099,236.846211
16.947598,66.048613,236.509737
17.017280,66.250946,236.469928
16.938166,66.607265,236.356207
16.825007,67.263952,236.107888
17.143195,67.672231,236.013180
17.113696,67.777914,235.795633
17.197211,68.099215,235.739695
17.191617,68.525121,235.734992
17.290098,68.916301,235.633425
17.045058,68.812432,235.542373
17.013837,69.168036,235.718771
16.954142,69.414932,235.625668
16.809487,69.639194,235.492676
16.845523,69.827824,235.509415
16.885263,69.984776,235.635336
17.005624,70.203249,235.438053
17.142543,70.857190,235.516226
17.125592,70.876522,235.524822
16.573219,71.254880,235.245060
16.379859,72.305529,234.977783
16.431833,72.482573,235.012441
16.430969,72.483633,235.012952
16.409134,73.139120,235.219887
16.511229,73.859087,235.317782
16.506593,73.956313,235.350176
16.208994,75.008821,235.220607
16.118856,74.920193,234.884627
16.132616,75.233184,234.917576
16.158630,75.165738,234.584205
16.157633,75.166870,234.583576
16.154299,75.168592,234.587596
16.161961,76.443578,234.646494
16.502570,77.425003,234.654127
16.550563,77.553430,234.595521
16.501775,78.481946,234.707097
16.552390,78.935579,234.715032
16.115856,79.533824,234.864259
16.090422,80.066779,234.829447
16.091929,80.067807,234.827454
16.296714,80.519972,234.711142
16.203775,80.572113,234.200548
16.256509,80.816043,234.133867
16.126779,82.470200,234.291749
16.301292,82.839014,234.299967
16.294419,83.382383,234.488139
16.391637,83.895887,234.367513
16.303830,84.438810,234.463150
16.406699,85.274080,233.958857
17.054733,86.735298,234.103772
16.915658,87.440248,233.986219
16.868241,88.163267,233.845964
17.120877,88.749470,233.738402
17.344942,89.119160,233.810677
17.360924,89.132675,233.791411
17.332660,89.275640,233.672424
17.671608,90.230211,233.812688
18.054569,91.073287,233.974653
18.054643,91.074498,233.974919
18.015833,91.887053,234.079331
17.994924,92.194684,233.778753
17.970808,93.542754,233.959460
17.979252,93.894567,234.104422
17.958294,94.124993,234.185679
18.089214,94.725742,234.027955
18.578441,96.015657,233.854999
18.687721,97.655932,233.851814
18.658317,97.651682,233.782118
18.691678,97.695534,233.812365
18.882654,98.770794,233.656302
18.948383,99.070806,233.570067
19.316584,99.928596,233.352440
19.262702,100.335270,233.347193
19.331666,101.167486,233.253543
19.246332,101.007355,232.983602
19.271936,101.950453,233.160238
19.901719,103.071816,232.360270
20.004406,103.258388,232.248319
19.949733,103.435123,232.261265
20.299224,103.820242,232.327420
20.097192,103.873975,232.239170
20.273068,104.262643,231.855790
20.053621,104.288646,231.805777
19.899300,104.218836,231.650683
19.666621,104.106634,231.224709
19.734465,104.420932,231.110031
19.876292,104.917674,231.061021
19.680834,105.073809,230.896552
19.683179,105.545518,230.765066
19.841536,105.710124,230.820556
19.859368,105.786506,230.771117
19.803868,106.168266,230.605599
19.947772,106.348659,230.078049
20.079862,106.588611,230.034840
20.081763,106.588258,230.032798
20.427400,107.238935,229.976673
20.556863,107.002030,229.699081
20.908034,108.032065,229.448381
20.940557,108.501684,229.378360
21.070153,108.453301,228.957043
21.065104,109.032818,228.932842
21.071902,109.029025,228.924902
20.959345,108.872424,228.642492
21.104422,109.222653,228.638053
21.203051,109.414632,228.235075
21.227241,110.498107,228.086752
21.029014,110.657705,228.085265
21.046510,110.404436,227.424157
21.091450,110.370409,227.043018
20.974968,110.313132,226.863294
21.134490,110.788108,226.836511
21.272042,111.273645,226.563672
21.343401,111.163636,226.122140
21.315459,111.647588,225.773613
21.284524,111.655218,225.280198
21.144501,112.217314,225.179712
21.317758,112.487479,225.145414
21.353556,112.618105,225.080824
21.615251,112.826587,224.869258
21.711329,113.123300,224.827049
21.848008,113.490395,224.754271
21.859971,113.986830,224.735981
21.860342,113.988579,224.736064
21.784394,114.136356,224.606848
21.814771,114.514322,224.629525
21.897189,114.958303,223.931566
22.037221,115.234378,224.006049
21.887399,115.098788,223.464488
21.806393,115.566546,223.503651
21.825151,115.948508,223.317764
21.884140,116.662142,223.259050
22.190052,117.946220,222.838614
22.210724,119.257010,222.781085
22.376857,119.747835,222.469899
22.711733,120.959488,222.184692
22.836267,121.658921,222.125591
22.974618,121.885969,222.181458
23.010271,121.912890,222.204362
23.097994,122.270205,222.037922
23.309386,122.936264,221.973394
23.361702,123.409384,221.830986
23.349860,123.618933,221.747579
23.296568,123.812138,221.623015
23.284247,124.120218,221.585858
23.341799,124.340611,221.652120
23.333809,124.360722,221.666409
23.408155,124.476041,221.706337
23.713245,125.412788,221.546160
23.605663,125.665906,221.534855
23.518682,126.045886,221.630230
23.557426,126.696642,221.383869
23.561379,126.747925,221.271220
23.551556,126.802045,221.288321
23.559416,126.939138,221.339930
23.732537,127.088066,220.642686
23.752341,127.466714,220.566607
23.829978,128.329271,220.330473
23.986389,128.893178,220.049218
24.463250,128.776707,219.094700
24.397621,129.340752,218.831096
24.598446,129.853037,218.723074
24.268017,130.173290,218.406116
24.314465,130.859297,218.000494
24.491131,131.167671,217.900275
24.621037,131.848099,217.629928
24.673635,132.309909,217.192317
24.688905,132.485780,217.228999
24.731892,132.844229,217.229815
24.560890,132.719373,216.493794
24.528099,132.562379,216.364004
24.366356,132.114053,215.961658
24.441103,131.985769,215.866550
24.459752,131.877152,215.773427
24.591870,131.029521,214.732296
24.677489,131.044646,214.310205
24.538967,131.091868,214.158039
24.360084,131.151833,213.389779
24.314874,131.095546,213.201177
24.246075,131.059831,212.993139
24.097821,131.579005,212.848888
23.736577,131.386389,212.368301
23.876832,131.481651,211.993401
23.770183,131.023868,211.378160
23.755897,130.957068,211.319807
23.710403,131.074142,210.882874
23.793578,131.484307,210.500203
24.049809,131.073023,210.209913
24.380916,130.512522,209.799032
24.566920,129.798129,208.933236
24.651656,129.797959,208.597180
24.667987,129.709003,208.601510
24.478725,129.052894,208.382523
24.708230,129.117796,208.005223
24.639258,129.199052,207.484399
24.579653,129.232174,207.295391
24.766868,129.371192,206.792647
24.134010,128.144498,206.026324
23.928281,128.184942,205.325007
23.864709,128.021059,205.189051
23.679589,127.846316,205.003950
23.704890,127.709817,204.949884
23.565355,127.130181,204.740739
23.558701,126.594793,204.264586
23.638268,126.076301,203.786895
23.578342,125.292652,203.158793
23.685301,125.132607,202.150279
23.825666,125.405200,201.734621
24.015018,125.125687,201.257208
23.995254,125.060657,201.156386
23.783308,124.675987,200.692943
23.927683,124.925581,200.296326
23.946863,124.818285,200.286447
23.920909,124.742933,199.842807
23.869213,124.940303,199.749562
23.925832,124.876945,199.635629
24.014988,124.656996,199.160411
23.615181,123.880561,198.676808
23.563675,123.620030,198.398799
23.403005,123.431351,197.654841
23.164210,123.151049,197.580945
22.694091,122.364289,197.225027
22.739313,122.388172,197.081357
22.966623,122.997983,196.606013
23.025174,122.693357,196.235673
23.101036,122.487589,195.975714
23.013147,122.236439,195.865264
22.941131,122.046218,195.620380
22.940985,122.044590,195.619549
22.735084,121.098864,195.176543
22.665951,120.951069,195.039317
22.624482,120.933056,194.797218
22.616304,121.041674,194.379160
22.699767,120.943110,194.203169
22.682071,120.935746,194.196974
22.220246,120.314229,193.649378
22.176324,119.888450,193.260801
21.881276,119.402443,192.944230
22.080123,119.034656,192.549824
21.947861,118.484768,192.062625
21.964719,118.507806,192.009777
22.151791,118.041096,191.551740
22.139425,118.056854,191.527371
22.495042,117.333041,190.425781
22.622813,117.119278,190.302619
22.431697,116.845116,190.029060
22.339455,116.592615,189.770670
21.877527,115.805532,189.268093
21.983215,115.265997,188.771234
22.124656,115.039181,188.341446
22.040866,114.176683,187.490143
22.120238,113.199723,186.498830
22.235215,112.120740,185.863556
22.127388,111.803971,185.498990
22.360539,111.408834,185.131205
22.520840,110.786650,184.592554
22.294864,110.356697,184.232382
22.325721,110.110421,183.437387
22.582237,109.784151,183.162279
22.293967,109.311227,182.937335
21.950767,108.508709,182.383899
21.786667,107.688093,181.989441
21.771857,106.508906,180.828943
21.721857,105.436537,179.829878
21.712314,105.120868,179.609348
21.566533,103.646087,178.606581
21.627503,103.153405,178.307472
21.137356,101.469341,177.549647
21.137313,101.468240,177.549152
21.211311,100.992649,177.279176
21.211266,100.991563,177.278689
21.236771,100.766481,177.264828
20.982297,100.603994,176.917473
21.229101,99.214640,175.927004
21.094572,98.975284,175.742350
21.134006,97.682449,174.941075
21.647587,97.646920,173.924112
21.531385,96.710732,173.426248
21.261402,94.628509,170.829523
21.313474,94.384006,170.325231
21.365481,94.763168,169.847909
21.726417,93.029874,168.210155
21.579842,92.517134,167.773538
21.333071,91.993767,167.377026
21.043454,91.678823,166.977370
21.043430,91.678020,166.976900
20.959668,91.798110,166.925323
20.942828,91.845935,166.863047
21.049907,90.947842,166.437136
20.988434,90.525379,165.382593
20.996008,90.511497,164.705165
21.147287,90.592707,164.164126
20.931875,89.772969,163.447071
21.194958,88.737010,162.109550
21.011941,88.731545,161.948835
21.034541,88.785735,161.904040
21.081451,88.251220,161.128540
21.110430,87.854058,160.711366
21.240627,87.948255,160.227290
21.179372,86.893649,159.317988
21.119943,86.742899,159.221175
21.130958,86.119418,158.739133
21.146870,86.256771,158.234901
21.571814,85.274561,157.381923
21.575565,85.273691,157.381524
21.575808,85.272995,157.381022
21.647020,85.456614,157.128135
21.646687,85.456031,157.127535
21.645856,85.509110,157.054818
21.187281,84.790333,155.815149
21.187190,84.789700,155.814593
21.058230,84.508754,154.993784
21.182561,84.106553,153.915677
21.170592,84.101425,153.878936
21.404295,83.760202,153.473403
21.338675,83.824589,153.358057
21.439111,83.277928,152.931490
21.825278,82.365098,151.982886
21.476514,81.612945,151.521728
21.539130,80.929920,150.219560
21.824908,80.675441,150.059987
21.701843,80.636736,149.741121
21.880008,80.108651,148.742427
22.096843,79.235935,148.029528
21.850255,78.642730,147.750126
21.937016,78.547325,147.591476
22.090048,77.807844,146.847901
21.953006,77.598822,145.906447
21.992426,76.904455,145.391066
21.845970,76.624481,144.556177
21.933876,76.253547,144.570171
21.721215,76.027405,143.237819
21.711856,75.957109,143.194173
22.192350,74.634458,142.070249
22.192354,74.633358,142.069881
22.448812,74.594211,141.465654
22.527208,74.466930,141.307583
22.350552,73.029865,139.624556
22.251365,72.569546,138.809823
22.134084,72.282480,138.643880
22.217618,72.606759,138.264627
22.213785,72.486560,138.277684
22.202997,72.450190,138.290857
22.188616,72.408521,138.268136
22.375945,72.246071,138.249517
22.470823,72.157165,137.730769
22.671283,71.553506,136.919075
22.731475,70.406634,135.013946
22.874312,69.440124,134.658167
22.991914,68.537098,134.088528
23.158830,68.060469,133.312912
23.087669,68.114568,133.291525
22.812516,67.769229,132.149125
22.928091,67.739019,131.797948
23.108813,66.996925,131.350867
23.215702,66.711508,131.038633
23.292671,65.996502,130.481597
23.737869,65.949726,129.716463
23.728124,66.073350,129.559357
23.739144,66.109761,129.540729
23.889509,66.796767,128.606932
23.910571,66.665039,128.543959
23.904255,66.662029,128.535817
23.811215,65.876162,127.149072
23.798254,65.484611,125.577786
23.905827,65.369791,124.300190
23.911848,65.216689,124.091881
23.794527,65.144564,123.549753
23.798817,65.027802,123.464876
23.723653,64.119776,121.631292
24.015173,63.543581,120.537317
24.028751,62.748608,119.404186
23.880289,62.333103,118.790502
24.148125,61.793872,117.582830
24.392893,60.614647,115.675533
24.486244,60.171938,115.133758
24.541941,60.596587,114.575980
24.451553,60.623474,114.498206
24.454405,60.645511,114.490250
24.576855,60.370916,113.988496
24.426308,60.098743,113.475182
24.566852,59.700648,112.906543
24.550061,59.696310,112.898368
24.724875,60.325913,112.092197
24.717349,60.307853,112.089845
24.817577,59.584100,111.403143
24.736687,59.746998,110.915792
24.813340,59.809737,110.852699
24.821350,59.808692,110.844400
25.241529,59.991427,110.073317
25.531468,59.715441,109.638248
25.501824,59.496616,109.156585
25.363012,59.201129,108.834207
25.356939,59.312855,108.822963
25.442608,58.993381,108.361923
25.686613,59.416616,107.577245
25.712600,59.634733,107.083810
25.876216,60.227503,106.320074
26.143277,59.935429,105.230814
26.042589,59.919714,104.976575
25.990195,59.542618,104.050114
26.354088,59.799471,102.971701
26.856522,59.431423,101.756743
26.958594,59.823897,101.420619
27.066999,59.787548,100.953434
27.231844,59.847602,100.836951
27.309912,59.533165,99.982366
27.318752,59.727993,99.242161
27.404966,59.483486,98.847276
27.719285,59.381362,98.363298
27.749816,59.461403,98.303329
27.839426,59.757722,97.498221
27.930870,58.952096,97.011036
28.249032,58.921905,96.499920
27.912681,58.559914,95.330591
27.914882,58.421980,94.905215
27.882776,58.576468,94.707115
27.637455,59.041617,94.275414
27.878594,59.257971,93.678714
27.898298,59.413330,93.075275
27.838707,59.148005,92.638198
27.898766,59.618996,92.277979
27.858835,59.592644,92.268418
27.878018,59.596634,92.249737
27.941923,59.686914,92.140328
28.046339,59.500616,91.268797
28.237716,59.350250,90.944524
28.344262,59.847313,90.586468
27.958439,59.605024,89.876508
27.590489,58.795564,89.288613
27.564547,58.789897,88.735519
27.620978,58.931487,88.578695
27.731767,58.739339,88.276492
27.621604,58.806020,87.873950
27.456751,58.618751,87.420501
27.408734,58.168725,86.892480
27.446299,58.223631,86.846357
27.288215,58.024345,86.553172
27.385069,58.249245,86.250621
27.178905,57.523330,85.802617
26.997273,57.404508,85.702028
26.916095,57.339498,85.641797
27.139569,56.879964,84.617964
27.134765,56.881944,84.608267
27.014966,56.706426,84.309904
26.794125,56.628205,84.044692
26.798118,56.642290,84.041359
26.793659,56.656396,84.026309
26.693788,56.914197,83.786137
26.738736,56.673914,83.116468
26.590586,56.709674,82.567908
26.663062,57.003177,82.343230
26.496852,57.078238,80.765268
26.446763,57.157968,80.550267
26.313933,56.956852,80.123172
26.342039,57.231477,79.525060
26.398330,57.726762,79.341690
26.529444,57.948032,79.277054
26.434127,58.168911,78.559537
26.458667,58.603021,78.028922
26.362489,58.333784,77.649218
26.322804,58.464928,77.075701
26.166156,58.647729,76.680482
26.283207,58.632340,76.336029
26.277731,58.625323,76.089454
26.212351,58.747010,76.019110
26.229265,58.787859,76.003806
26.227414,59.453295,75.802206
26.085079,59.663799,75.912741
25.986604,59.767517,75.799951
25.826317,60.244556,75.516430
25.807480,60.238520,75.460775
25.836032,60.299989,75.431861
25.893713,60.215586,75.239289
25.784119,60.434248,74.776942
25.698996,60.231942,74.615796
25.699184,60.231832,74.614866
25.721965,60.380312,74.186076
25.630265,60.365594,74.085921
25.640789,60.214507,73.769325
25.734036,60.073315,73.619739
25.733614,60.072939,73.618889
25.665946,59.960485,73.472412
25.659677,59.870453,73.311802
25.739551,59.766791,73.170803
25.718695,59.609499,72.956747
25.770107,59.516965,72.826776
25.705778,59.632070,72.148507
25.333754,59.986868,71.634541
25.150531,60.350153,71.394005
25.157958,60.261389,71.374743
25.268270,59.484919,70.645435
25.285705,59.388829,70.532772
25.270202,59.358643,70.528099
25.292839,58.700995,69.943987
25.299859,58.580569,69.829600
25.259620,58.472487,69.626978
25.505199,58.019283,68.873832
25.528194,57.945154,68.791537
25.826825,58.376433,68.026617
25.731028,58.369312,67.928017
25.816028,58.335891,67.896230
25.671814,58.401490,67.537672
25.655653,58.158201,67.305125
25.499970,58.173192,67.143405
25.499606,58.171437,67.141965
25.198908,58.078830,66.810997
25.260897,57.775700,66.554061
25.336889,57.775616,65.989966
25.158280,57.481071,65.389813
25.101127,57.402247,65.307410
25.232912,56.887133,64.409005
25.279100,56.961855,63.747470
24.889418,57.447082,63.073180
24.863710,57.399665,63.017442
24.962013,57.351296,62.777057
24.851505,57.402145,62.369509
24.876481,57.350166,62.000169
24.868543,57.310800,61.950029
24.859283,57.253496,61.861039
25.223839,57.521207,61.343746
25.197490,57.616846,61.174767
25.044906,57.517329,60.707026
24.777364,57.712954,59.685879
24.905035,57.574038,59.055016
24.735513,57.794028,58.642386
24.750783,58.088512,58.099936
24.752404,58.090819,58.067204
24.734384,58.000375,57.969678
24.713463,58.406743,57.163630
24.847707,58.109045,56.485070
24.927035,57.997699,56.226478
24.838456,58.230799,55.994538
24.614953,57.551433,55.223807
24.724436,57.431659,55.003146
24.722268,57.349492,54.895263
24.642990,58.178554,54.393630
24.430428,58.505024,53.851584
24.548500,58.377095,53.256947
24.551587,58.372536,53.055323
24.581027,58.370450,52.518498
24.681757,58.668230,52.609251
24.776610,59.245784,52.541179
24.800246,59.348351,52.611469
24.808176,59.735495,52.550414
24.798547,60.222688,52.502759
24.882644,60.799407,52.183322
24.689108,61.262830,52.123231
24.704166,62.146209,51.898473
24.738266,62.246409,51.979515
24.794897,62.482343,51.887053
24.812455,62.539795,51.781201
24.826374,62.679879,51.878783
24.904856,62.511915,51.555194
24.865410,62.876099,51.551622
24.872243,62.926142,51.578618
24.838077,62.897985,51.484174
24.768725,63.346813,51.531645
24.807689,63.444047,51.558281
24.809683,63.544496,51.629283
24.724905,63.737552,51.441582
24.868509,63.637958,50.926536
24.898316,64.145559,50.672064
24.646259,64.528883,50.579495
24.463485,64.669508,50.388416
24.567780,65.464712,50.657954
24.752447,65.636459,50.567221
24.866744,66.380846,50.357966
24.872793,67.194037,49.737626
25.019644,67.339344,49.197703
24.871605,67.941691,48.539690
24.752937,68.747333,48.506519
24.747512,68.750515,48.507614
24.435776,68.854110,47.978537
24.376708,69.081845,48.124545
24.350617,69.103697,48.128730
24.353043,69.312217,47.805518
24.469150,69.943306,47.874135
24.478425,70.154300,47.987950
24.307131,70.694898,47.895180
24.464326,70.869858,47.691774
23.967128,71.144399,47.483168
24.121889,71.496806,46.909314
24.165702,71.777962,46.971649
24.175382,71.899478,46.843134
24.178895,73.214201,46.425206
24.184264,73.331731,46.446612
24.234438,73.565664,46.446384
24.196766,73.607354,46.485705
24.229083,73.802161,46.521793
24.076206,74.192172,46.542944
23.989566,74.347922,46.251830
23.855487,74.603448,46.102393
23.612826,75.235158,45.537604
23.536793,75.824179,44.817637
23.526185,76.091045,44.932729
23.538967,76.459435,44.640673
23.506076,76.673078,44.706696
23.514861,76.813206,44.787141
23.518292,76.918111,44.090555
23.525734,77.155234,43.198753
23.453137,77.622141,43.332564
23.455646,77.629967,43.343206
23.253961,78.433673,43.100758
23.183924,78.791229,43.055807
23.140881,78.780166,42.804251
23.242604,79.129024,42.995697
23.309239,79.139726,42.961653
23.309081,79.312834,43.061384
23.357046,79.684870,42.917880
23.462221,79.977128,42.995357
23.714720,80.402034,42.888687
23.636655,80.724838,43.226443
23.639815,80.792895,43.240275
23.779408,81.403128,43.346820
23.944613,81.837400,43.533888
24.275203,82.790678,43.553945
24.138290,83.496189,43.437815
24.156829,83.555887,43.340592
24.330316,83.942915,42.835276
24.213170,84.167147,42.954944
24.367570,84.510003,43.077670
24.395320,84.656492,43.053466
24.415638,84.655511,43.025487
24.442396,85.026170,42.953335
24.473472,85.034200,42.996309
24.209607,86.218170,43.420040
24.368815,86.282670,43.410245
24.427865,86.507274,43.303704
24.555389,86.984765,43.554685
24.565366,87.056627,43.429590
24.331280,87.527743,43.402549
24.473984,87.786199,43.100700
24.466160,88.304797,43.486190
24.578186,88.801562,43.440266
24.696324,89.936836,42.710610
24.755670,90.053239,42.776388
24.917884,90.148218,42.819166
24.917563,90.215527,42.601274
24.921529,90.295021,42.416161
24.709205,91.125210,42.012426
24.847630,91.405230,41.848048
24.744925,91.774991,41.229672
24.437899,92.256638,41.280721
24.424845,92.329835,41.100416
24.381184,92.501567,41.035988
24.188161,94.328012,41.249996
24.136912,94.365490,41.264025
24.131797,94.983174,41.530545
24.153241,95.005308,41.508460
23.993237,95.523146,41.441119
23.634047,96.978903,41.888802
23.619668,97.274694,41.631138
23.638942,97.813070,41.745699
23.669639,98.112644,41.842823
23.576355,99.228298,42.407991
23.430975,100.140492,42.077403
23.344843,100.609037,42.083485
23.403810,101.315141,41.794467
23.281143,101.910942,41.821463
23.210307,101.963239,41.737180
23.177528,102.113166,41.770150
23.121780,102.429045,41.568054
23.081075,102.572753,41.653783
23.099449,103.052777,41.606867
23.099254,103.053597,41.607071
23.079673,103.072972,41.530672
22.971426,103.367282,41.410393
23.011332,103.362703,41.365496
23.012909,103.368627,41.363518
22.829253,103.755839,41.533161
22.791348,103.850827,41.359349
22.766199,104.302845,41.177746
22.766176,104.303630,41.177700
22.535179,104.907734,41.101146
22.533457,105.379364,41.330696
22.604292,106.243020,40.935696
22.630786,107.705574,40.984374
22.640652,108.392344,40.873661
22.696434,108.548098,40.979137
22.792823,109.008432,40.970838
22.787187,109.011591,40.962440
22.795061,109.014593,40.952485
22.702150,109.466919,40.856984
22.561615,109.970576,40.587007
22.588677,110.239494,40.406685
22.370645,111.156121,40.210283
22.354321,111.165101,40.181581
22.411574,111.358601,40.299195
22.098596,111.971617,40.613874
22.100902,112.224951,40.722136
22.065962,112.412339,40.554823
22.103896,112.919399,40.849332
21.823993,113.642675,40.810235
21.815433,113.641924,40.816634
21.600924,114.180883,40.897337
21.668509,114.275056,40.872630
21.581017,114.940807,40.555052
21.577062,115.000655,40.444326
21.446910,115.359043,40.083603
21.196008,115.578697,39.768660
21.111448,115.727900,39.955686
21.064154,116.842511,40.061383
21.105390,117.455201,40.176006
20.963379,117.992023,40.395406
20.723259,118.456253,40.895004
20.609009,118.764768,40.613129
20.602196,118.766107,40.604487
20.588088,119.013269,40.396214
20.690020,119.588383,40.633573
20.660678,119.596585,40.632162
20.755432,120.116760,40.865879
20.737194,120.554564,40.954031
20.354052,121.655034,41.399709
20.529526,122.813314,41.853595
20.559065,122.834333,41.847211
20.558919,122.834917,41.847461
20.540631,123.297777,41.799449
20.597252,123.403059,41.923379
20.313645,123.475704,42.071705
20.290753,124.676328,41.834895
20.213506,124.983215,41.594319
20.136979,125.331032,41.740752
19.868425,125.525500,41.986687
19.792260,125.881006,41.788081
19.807655,125.890928,41.820791
19.598463,126.401563,41.741869
19.585753,126.429085,41.677002
19.694816,126.938803,42.111820
19.589555,126.962574,42.022398
19.664443,127.582024,41.915187
19.510810,128.003877,41.730146
19.470811,128.248398,41.446342
19.457674,128.255010,41.416592
18.951564,128.524180,41.070471
18.984172,128.555314,41.098374
18.201805,129.742305,41.392391
18.194880,129.745525,41.378075
17.960494,130.225844,41.426841
17.964055,130.498436,41.365388
17.971094,130.554335,41.268192
17.916914,131.165489,41.841831
17.920374,131.165688,41.850511
17.908835,131.166828,41.866490
17.906739,131.163028,41.874326
17.909122,131.163762,41.908187
17.867362,131.447826,41.751218
17.869740,131.447209,41.780819
17.950338,132.077839,41.840802
17.908019,133.351733,42.410868
17.889205,133.446035,42.298217
17.782808,134.305940,42.682373
17.655050,134.907757,43.081625
17.087002,135.603325,43.563447
17.086018,135.603625,43.563812
16.936412,135.686072,43.758471
16.624635,136.697830,43.761935
16.536136,136.852933,43.558851
16.495346,136.902325,43.569968
16.455731,136.999325,43.441446
16.455354,136.999848,43.441417
16.227253,137.050792,43.667167
16.226869,137.051313,43.667092
16.182618,137.083381,43.604918
15.803517,137.765109,43.687706
15.803145,137.765656,43.687590
14.912929,139.045698,43.719042
14.907279,139.600079,43.951241
14.835236,139.860629,43.801241
14.364777,140.437688,44.520445
14.362931,140.436656,44.522065
14.355370,140.456867,44.481344
14.343139,140.473898,44.444267
14.357989,140.533204,44.659910
14.267422,141.142248,44.223014
14.272625,141.170967,44.217294
13.984439,142.464263,44.593125
13.923542,142.985066,45.127308
13.850577,143.508245,45.576734
13.742346,144.083829,45.464340
13.537893,144.695227,45.354882
13.618531,145.240117,45.503528
13.559693,145.475333,45.376784
13.569546,145.504370,45.394338
13.573946,145.510848,45.381164
13.543038,145.587631,45.277380
13.408805,146.586508,46.008568
13.147325,147.368263,46.235173
12.935553,148.372334,46.125338
13.084677,149.921490,46.292555
13.101723,150.021061,46.226939
13.084174,150.047218,46.165334
12.735397,150.392191,46.397963
12.731551,151.473939,45.801495
12.885100,151.685180,46.207988
12.893912,152.780512,46.051266
12.892885,152.871633,45.918206
12.869657,152.899013,45.865906
12.918767,153.273117,45.536280
13.014408,154.191373,45.761225
12.985258,154.863029,46.374622
13.000793,155.405589,46.572038
12.845199,156.784754,46.595380
12.803509,157.069743,46.403299
12.667169,157.819554,46.591734
12.603468,158.197312,47.106418
12.279712,159.642417,47.376375
12.285532,159.643924,47.391637
12.202096,160.163212,47.814342
12.130189,160.509971,47.495279
12.098028,160.577807,47.557748
11.971458,161.388559,47.903005
11.972014,161.387413,47.901010
11.972084,161.388018,47.900938
11.980675,161.439514,47.728492
11.916979,161.781955,47.425622
11.915539,161.786458,47.402270
11.915448,161.787087,47.402140
11.680255,162.550917,47.763237
11.662140,163.622371,47.394317
11.654608,163.621643,47.398341
11.596247,163.950982,47.078928
11.609121,163.977607,47.090242
11.628524,164.020424,47.107577
11.570614,164.147610,46.916562
11.577989,164.153047,46.946731
11.612838,164.731174,47.436195
11.527623,165.358412,46.993376
11.486997,165.662681,47.482373
11.350574,166.594823,47.130654
11.350115,166.595842,47.124650
11.296326,166.910222,46.871495
11.176035,167.741568,47.201062
11.193565,167.847295,47.164216
11.226431,167.960245,47.317478
11.286061,168.159663,47.399888
11.286173,168.635255,47.306783
11.107261,169.496492,47.526230
11.210416,171.140779,48.167342
11.268186,171.563588,48.393687
11.368359,171.978000,48.317317
11.461487,172.484019,48.652790
11.360825,172.857636,48.439772
11.263427,173.296023,48.450655
11.219760,173.584962,48.234151
11.238966,173.616858,48.303256
11.118793,173.978817,47.789901
10.773708,174.697854,47.279102
10.773537,174.698463,47.278577
10.773265,174.704176,47.262530
10.824989,174.836139,47.490698
10.667463,176.019660,47.365988
10.560386,176.155552,47.532485
10.450691,176.683376,47.061602
10.460038,177.922676,47.071077
9.952909,179.264884,47.714112
9.752338,179.498401,47.957859
9.712728,179.537613,48.056577
9.709965,179.538127,48.067914
9.710044,179.538467,48.069146
9.708670,179.535774,48.084726
9.711000,179.537519,48.097008
9.711024,179.537918,48.097846
9.705646,180.800930,48.123323
9.762598,181.988536,48.556627
9.706661,182.898848,48.937231
9.721397,182.912264,49.011789
9.724480,183.162161,49.141358
9.724520,183.162597,49.141993
9.637147,183.573090,49.279976
9.590230,184.661398,49.327735
9.590201,184.664249,49.319399
9.540354,185.991369,49.770134
9.539347,186.414949,49.297217
9.596402,187.929353,49.701847
9.546985,188.247511,49.469137
9.538966,188.569837,49.248426
9.485738,188.818112,49.237921
9.493285,188.823830,49.277674
9.510690,188.865688,49.274281
9.515692,188.869871,49.281082
9.435173,189.443776,49.458986
9.402450,189.666890,49.817745
9.382083,190.635308,50.251959
9.389455,190.652160,50.229995
9.389490,190.652655,50.230430
9.363515,191.031299,49.971517
9.366147,191.032943,49.960052
8.582548,192.177129,50.277255
8.630060,192.530122,50.346085
8.613334,192.663124,50.433776
8.613249,192.663562,50.434317
8.633890,193.826725,50.908853
8.606992,194.156860,50.895988
8.143929,194.843239,50.684636
8.117041,195.040173,50.924386
7.928384,195.199216,50.855250
7.928394,195.199745,50.855631
7.928365,195.200223,50.856135
7.939894,195.384323,51.324601
7.951728,195.393410,51.403350
7.910701,195.563741,51.441581
7.900539,195.584610,51.456425
7.847411,195.900884,51.267334
7.577173,196.602552,51.752324
7.611059,197.105733,52.235529
7.538788,197.767106,52.466188
7.591226,198.184708,52.557949
7.522214,198.618771,52.418467
7.566095,198.853074,52.702019
7.424456,199.380635,52.769344
7.417840,199.380986,52.839391
7.459139,200.285932,53.048142
7.419035,200.397937,53.295466
7.436853,200.464676,53.130889
7.553830,200.806045,52.990459
7.309315,201.562173,53.294522
7.300790,202.071615,53.717041
7.300761,202.072105,53.717786
7.300706,202.072636,53.718517
7.119834,202.973009,53.929840
7.087004,203.329127,53.913704
7.071095,203.444994,54.082279
7.114056,204.372256,54.295443
6.751335,205.255918,54.681063
6.742309,205.357429,54.870727
6.742296,205.357891,54.871643
6.789824,206.126177,55.083007
6.762807,206.190260,55.295080
6.669441,206.567866,55.658191
6.633140,206.836923,55.938028
6.646505,206.884355,55.940209
6.201736,207.623050,56.208023
6.201730,207.623466,56.208972
6.160761,207.855211,56.310901
6.335124,208.199036,56.612569
6.322491,208.282893,56.762707
6.254619,208.790433,57.023270
6.402324,209.228088,57.667251
6.249923,209.580251,57.658342
6.240785,209.992181,57.577133
6.279288,210.270913,57.132946
6.290565,210.377594,56.408653
6.460088,210.562090,56.465620
6.460144,210.562469,56.465522
6.439827,210.689743,56.543589
6.427256,210.749414,56.659945
6.482096,211.268967,56.579462
6.411427,211.786655,57.113177
6.542167,211.978445,57.281888
6.562047,212.078097,57.442296
6.544456,212.188250,57.730392
6.515425,212.346994,57.740084
6.516151,212.347141,57.748456
6.537375,212.505409,57.806213
6.566233,212.609588,57.792473
6.565563,212.610406,57.784652
6.694142,212.612833,57.479203
6.695476,212.611386,57.461348
6.654102,212.840775,57.292263
6.680780,212.928958,57.191329
6.782734,213.338495,57.278460
6.782660,213.339000,57.278651
6.813432,213.486971,57.144183
6.813354,213.487500,57.144437
6.870586,213.803171,57.298085
6.594448,213.934478,57.011975
6.440543,214.123988,57.034379
6.500389,214.780553,57.448337
6.500297,214.781158,57.448826
6.512250,215.302629,57.542470
6.600400,215.800702,57.265743
6.579170,215.958253,57.318346
6.585178,216.344934,57.389527
6.585136,216.345574,57.390233
6.570150,216.708981,57.404210
6.590287,216.864929,57.644830
6.672361,217.367759,57.680494
6.671250,217.366252,57.675483
6.851499,217.451806,57.617118
6.848909,217.512391,57.788490
6.915311,217.928540,57.741779
6.957372,218.172090,57.658760
6.949541,218.209339,57.745688
6.956097,218.560966,57.579559
6.819818,219.091651,57.856034
6.946175,219.241443,57.780529
6.961424,219.273695,57.843868
6.836012,219.813194,57.872189
6.770293,220.256144,57.533421
6.939431,220.993159,57.654835
6.905211,221.201001,57.469495
6.914565,221.223614,57.509880
7.021793,221.450468,57.447827
7.181073,221.572433,57.282178
7.179248,221.843755,57.433310
7.159164,222.051831,57.405808
7.135888,222.101692,57.463123
7.088307,222.011957,57.182696
7.046159,222.193399,56.950278
7.003218,222.395776,56.710957
6.979404,222.433953,56.612169
6.969881,222.422368,56.587283
6.782957,222.898138,56.373449
6.724093,223.072055,56.075553
6.683482,223.102280,55.935828
6.665648,223.083762,55.901538
6.669024,223.066176,55.796930
6.646072,223.238740,55.608642
6.622190,223.295490,55.424204
6.595210,223.578953,55.287043
6.673278,223.559791,55.190952
6.613022,224.080879,54.835100
6.628915,224.069277,54.641308
6.640638,224.048878,54.501661
6.627267,224.053525,54.450092
6.605637,224.189607,54.101380
6.583629,224.304543,53.764504
6.581908,224.295569,53.676608
6.502454,224.621614,53.271466
6.505805,224.598678,53.226355
6.542885,224.833503,52.823890
6.501401,225.004817,52.660901
6.654752,225.382473,52.414337
6.655232,225.382933,52.413902
6.693595,225.570966,51.943804
6.688697,225.594660,51.948269
6.736835,226.195512,52.122459
6.744069,226.164653,52.007760
6.747937,226.188674,52.005137
6.494213,226.560797,51.802006
6.436877,226.755083,51.599348
6.487010,227.246814,51.651381
6.512615,227.385511,51.813425
6.490783,227.476102,51.431212
6.505078,227.415302,51.179890
6.475271,227.550323,51.072297
6.475210,227.550627,51.071907
6.653483,227.451132,50.954893
6.731824,227.528446,50.979551
6.692265,227.689715,50.819578
6.787807,228.173219,50.722965
6.923435,228.367514,50.599233
6.945128,228.293137,50.500795
6.989181,228.545727,50.452719
6.960250,228.656237,50.135909
6.957155,229.157859,50.086668
7.030727,229.179777,50.073275
7.185165,229.481726,49.960938
7.146041,229.750373,50.132382
7.145828,229.741566,50.123594
7.170873,229.642650,49.624567
7.171414,229.634109,49.617039
7.198691,229.532556,49.120751
7.176903,229.561935,49.096485
7.180534,229.549047,49.081863
7.236160,229.762879,49.106413
7.174406,229.933858,48.728991
7.088689,229.882950,48.600096
7.157038,230.025606,48.218194
7.166508,230.170630,48.172256
7.145653,230.102790,48.042784
7.150842,230.303528,47.807912
7.078598,230.217477,47.598465
7.081920,230.205698,47.587462
7.074786,230.233482,47.214427
7.102213,230.569112,46.981006
7.123935,230.818592,47.012942
7.154699,230.841613,46.918627
7.145954,230.875912,46.833118
7.028374,230.984783,46.408410
7.029276,230.872585,46.038390
7.057115,230.810775,45.864404
7.102967,231.059973,45.740780
7.221342,231.338091,45.374648
7.221334,231.338033,45.374013
7.187622,231.280287,44.483716
7.159668,231.279640,43.720755
7.357463,231.514607,43.431315
7.335900,231.615070,43.144298
7.411000,232.172585,43.215860
7.457270,232.329708,43.361629
7.456547,232.262421,42.950416
7.290591,232.834871,42.490323
7.258353,232.943493,42.307674
7.218256,233.063465,42.136457
7.244939,232.981683,41.912880
7.368147,232.840010,41.448081
7.409654,232.962647,41.338325
7.675201,233.337249,41.022564
7.874208,233.478218,40.894406
7.888586,233.473598,40.771965
7.890309,233.469008,40.768861
8.108684,233.455228,40.046810
8.126674,233.421287,39.862083
8.169007,233.806896,39.923652
8.169049,233.806894,39.923180
8.155968,233.759894,39.847627
8.156070,233.759784,39.846842
8.117934,233.659303,39.363328
8.160840,233.740433,39.227264
8.201299,233.635181,38.678314
8.275476,233.484654,38.039234
8.329813,233.817061,38.142294
8.410613,234.176278,38.157035
8.742109,234.522699,37.992509
8.818285,234.629314,37.822653
8.889743,234.815010,37.681128
8.941687,235.008511,37.843085
9.012771,235.060212,37.279339
9.075454,235.400147,37.402332
9.108775,235.401222,37.384910
9.228971,235.595981,37.087509
9.228954,235.596080,37.087132
9.245541,235.561453,36.953018
9.242730,235.567433,36.953029
9.252256,235.411794,36.208937
9.250476,235.415541,36.210944
9.250405,235.415759,36.210644
9.204667,235.509993,36.048152
9.145726,235.965999,35.999942
9.303302,236.246721,35.876614
9.434115,236.676165,35.692000
9.389068,236.763410,35.536520
9.679880,237.243673,35.356790
9.680356,237.240719,35.355096
9.741039,237.194059,34.363973
9.786408,237.080448,33.887379
9.760135,236.905328,33.014279
9.749466,237.074813,32.662684
9.899195,237.011321,32.157708
9.874004,237.077584,31.928399
9.877687,237.060409,31.433351
9.877697,237.060357,31.432943
10.023025,237.047005,31.162322
10.056600,237.163657,31.056566
10.056573,237.163671,31.056190
10.098938,237.295780,30.901650
10.213138,237.242667,30.152977
10.213085,237.242677,30.152607
10.213031,237.242705,30.152236
10.460085,237.175495,29.964449
10.583853,237.338149,29.892894
10.529545,237.269804,29.336391
10.529255,237.269478,29.335853
10.777200,237.521825,29.335230
10.728170,237.585610,29.206803
10.679852,237.649812,29.080258
10.634663,237.720740,28.961299
10.593869,237.726229,28.406784
10.674481,237.731517,28.380729
10.704479,237.814624,28.250105
10.810605,237.940408,27.836913
10.924244,237.960778,27.918932
11.065183,237.948257,27.690031
11.200688,238.275922,27.793780
11.172710,238.321187,27.768290
11.128694,238.385293,27.661408
11.168681,238.329161,27.452267
11.127738,238.401122,27.353474
11.192492,238.657902,27.502308
11.140904,238.731018,27.399154
11.290026,238.857361,27.248837
11.292897,238.866583,27.255656
11.292900,238.866928,27.255556
11.370694,239.078413,27.401851
11.345542,239.553971,27.536087
11.403537,239.662714,27.324506
11.422720,239.683147,27.284828
11.793206,239.944227,26.997407
11.829316,239.950061,26.991051
11.787686,240.000877,26.897169
11.923008,240.076913,26.276624
11.968820,240.342437,25.709189
12.097766,240.376913,25.639300
12.188092,240.429866,25.481552
12.428530,240.662067,25.106655
12.386936,240.707654,25.023895
12.334792,240.800354,24.873613
12.208284,240.881939,24.622155
12.129214,240.968489,24.465229
12.150486,241.160838,24.503925
12.150461,241.160975,24.503721
11.986041,241.341038,24.179341
11.987281,241.343318,24.178331
11.913278,241.425947,24.032419
12.170777,241.568986,23.881739
12.106710,241.637922,23.757413
12.180089,241.601499,23.768662
12.404646,241.482992,23.646296
12.373405,241.516242,23.587275
12.499748,241.569006,23.660862
12.733223,241.589015,23.614020
12.802181,241.644769,23.646530
12.715776,241.788930,23.388225
12.616839,241.889940,23.199363
12.686145,241.973396,22.953304
12.778600,242.100435,22.839125
12.717527,242.161730,22.730087
12.757563,242.232007,22.617798
12.718353,242.271055,22.548270
12.773209,242.343654,22.423164
12.748480,242.375971,22.366100
12.693358,242.430146,22.270207
12.674661,242.448565,22.238729
12.937320,242.193081,22.068679
13.066099,242.255911,21.916079
13.196446,242.509150,22.114282
13.583767,242.611401,22.050484
13.629891,242.623490,21.978056
13.778369,242.648784,21.781860
13.900210,242.736637,21.673747
14.034561,242.832786,21.718676
14.141557,242.911572,21.505034
14.344448,242.878047,21.338153
14.480791,242.979329,21.335874
14.544676,243.200412,21.355998
14.530218,243.212174,21.334531
14.594103,243.159393,21.222171
14.528592,243.212398,21.126788
14.598593,243.157215,20.716147
14.556651,243.169634,20.660739
14.599834,243.191945,20.449640
14.658659,243.249891,20.335492
14.801454,243.426653,19.940160
14.931061,243.448458,19.929722
14.874276,243.516703,19.814199
14.824207,243.555254,19.751270
14.918986,243.483542,19.107506
14.841484,243.508626,18.979268
14.821123,243.524375,18.956001
14.846860,243.580212,18.863284
14.837916,243.615382,18.851851
15.076807,243.617329,18.588569
15.152456,243.693152,18.466084
15.152738,243.695744,18.465192
15.212000,243.781688,18.476370
15.189124,243.832337,18.392533
15.357777,243.909007,18.183147
15.414335,243.978658,18.113645
15.423524,243.968701,18.089021
15.391056,243.991282,18.051357
15.614932,244.158940,17.936072
15.799394,244.447238,17.521653
15.777346,244.460242,17.491327
15.937259,244.341649,17.343313
16.125108,244.302828,16.749509
16.325966,244.262556,16.768546
16.466825,244.369670,16.800924
16.534783,244.343028,16.841604
16.639413,244.281488,16.862106
16.836839,244.273508,16.871636
16.895208,244.237368,16.915863
17.261919,244.245689,16.573298
17.306241,244.221089,16.611271
17.372937,244.182930,16.662397
17.466750,244.126865,16.590918
17.491660,244.118514,16.614331
17.491288,244.120798,16.610840
17.520108,244.103037,16.637955
17.549963,244.100140,16.661832
17.671941,244.253458,16.740750
17.699187,244.237045,16.766269
17.848705,244.150936,16.392315
17.900707,244.141212,16.428244
18.035394,244.159660,16.418991
18.263742,244.239600,16.205861
18.452667,244.195544,16.253135
18.492303,244.172002,16.288144
19.028334,244.228192,16.225176
19.083134,244.215059,16.256617
19.158217,244.175752,16.315818
19.189988,244.154420,16.340293
19.318973,244.080361,16.027917
19.441614,244.029824,16.059439
19.656175,244.022599,15.961459
19.854074,243.881710,15.523626
19.860441,243.874264,15.533756
20.057985,243.820574,15.236257
20.618933,243.883780,15.304996
20.642435,243.871112,15.322547
21.091681,243.548230,15.248603
21.253007,243.561051,15.318995
21.279087,243.547055,15.337840
21.359218,243.477010,15.170347
21.687502,243.553871,15.085630
21.718333,243.540203,15.109708
22.044361,243.649051,15.256495
22.184182,243.638533,15.331878
22.367886,243.603349,15.377602
22.732485,243.452848,15.365602
22.748451,243.443535,15.378224
22.922696,243.534438,15.495485
23.014054,243.398530,15.510862
23.201346,243.507012,15.647341
23.477610,243.457141,15.772728
23.621921,243.463269,15.877584
23.625726,243.463669,15.876966
23.942277,243.316931,15.862931
24.025493,243.276274,15.918572
24.308665,243.297071,15.874261
24.536674,243.246357,15.599964
24.913912,243.316077,15.589853
24.915201,243.326276,15.598215
25.218922,243.336493,15.922940
25.476606,243.197172,16.139677
25.890678,243.276569,16.493644
25.892865,243.289706,16.504975
26.353128,243.219218,16.324750
26.353616,243.218997,16.324903
26.408608,243.194438,16.359301
26.569249,243.177808,16.452845
27.508314,243.243585,16.754381
27.508845,243.243328,16.754531
27.763892,243.153397,16.298814
28.116342,243.130656,15.823922
28.668994,243.136304,15.630271
28.669499,243.136131,15.630405
28.700354,243.137976,15.626879
28.705900,243.139862,15.620227
28.915421,243.172003,15.602879
28.915934,243.171850,15.603001
29.091244,243.085510,15.348369
29.260329,243.015550,15.000668
29.824756,243.036764,14.972194
30.192270,242.968883,14.817518
30.606954,243.016828,14.776486
30.825487,242.740291,14.694404
30.866597,242.719705,14.718734
30.867218,242.719134,14.718781
30.867980,242.719447,14.718137
31.055810,242.614556,14.547156
31.477756,242.664529,15.141012
31.480067,242.625113,15.130186
31.597960,242.647409,15.290230
31.725705,242.711205,15.308466
31.874388,242.647693,15.364789
32.616923,242.262521,15.068849
32.771060,242.209803,15.146360
32.927125,242.149099,15.219487
33.079972,242.371291,15.277466
33.308919,242.424685,15.230140
33.310021,242.425719,15.228818
33.559114,242.328865,15.344754
33.692911,242.353253,15.281876
34.356397,242.185335,15.272805
34.535330,242.117902,15.354767
34.747192,242.050435,15.474428
34.907653,242.004034,15.531080
34.918681,241.984423,15.531814
35.384449,241.790404,15.341966
35.570279,241.716908,15.426566
35.755523,241.644662,15.511839
35.755994,241.644205,15.511948
35.857515,241.604585,15.556701
36.253419,241.449996,15.579438
36.446164,241.371762,15.668897
36.870743,241.480123,15.855156
37.221380,241.561870,16.650313
37.222032,241.563482,16.650689
37.908800,241.511290,17.220484
38.146596,241.702800,17.308987
38.620255,241.662039,16.713616
38.669424,241.630646,16.761038
39.400267,241.772043,16.784261
39.552058,241.570786,16.733134
39.627424,241.599761,16.870373
39.627920,241.599662,16.870529
39.715023,241.401715,16.817373
39.724960,241.382747,16.834320
40.095487,241.196806,16.735165
40.640242,241.296879,16.669618
41.001509,241.260741,16.667295
41.002062,241.260592,16.667388
41.283857,241.103437,16.668747
41.289522,241.090256,16.658891
41.593344,241.175771,16.776367
42.247037,241.160524,16.796451
43.004787,240.928843,16.812146
43.350653,240.811062,16.688744
43.495837,240.803608,16.756813
44.124284,240.778659,16.788980
44.254235,240.742810,16.860668
45.323626,241.142468,17.265372
45.620655,241.051909,17.382551
45.622641,241.056085,17.377405
45.774468,241.009982,17.437360
45.799280,240.982094,17.464143
46.254425,240.872350,17.563176
46.438667,240.959292,17.529773
46.876393,240.773850,17.679086
47.707456,240.950006,17.485800
47.973535,240.879896,17.096516
48.228348,240.799864,16.939165
48.229785,240.812176,16.944862
48.230039,240.811851,16.946448
49.621389,240.730130,17.363883
49.620619,240.733612,17.369530
49.816744,240.687573,17.413367
49.817193,240.687572,17.413643
50.809920,240.764931,17.991603
50.991602,240.835075,17.902055
51.399435,240.897228,18.287772
51.555502,240.973777,18.742449
51.559779,240.991583,18.762607
52.352930,241.113339,18.901930
52.553048,241.059718,18.974090
52.559626,241.055261,18.963184
52.807379,240.871423,18.959567
53.578754,240.849338,19.069684
54.961710,240.971991,19.000688
55.176069,240.916764,19.076470
55.193614,240.940540,19.116556
55.625586,241.014605,19.707677
55.688164,240.875570,19.667126
55.884250,240.862292,19.456109
56.589481,240.728125,19.587153
57.692629,240.869996,19.434721
57.864417,240.856436,19.374275
58.025576,240.797236,19.408460
59.290437,240.690472,20.153891
59.568685,240.878874,20.251279
59.708589,240.923747,20.185738
60.898054,240.486625,19.955155
60.931130,240.507553,19.926147
61.600252,240.446914,20.239525
62.071766,240.319592,20.189942
62.134518,240.314298,20.240747
62.568984,240.185927,20.416091
62.569521,240.185876,20.416393
62.570085,240.186796,20.420012
62.869952,240.097732,20.459587
62.948978,240.051998,20.525378
64.004490,240.129742,20.655086
65.122043,240.052474,20.718657
66.337158,240.009154,20.793411
66.365420,240.002921,20.810953
67.208220,240.056315,22.021779
67.492997,239.991996,22.128272
67.541821,239.949238,22.180371
67.806135,239.761016,22.066308
67.809534,239.763539,22.080764
68.371855,239.520254,22.197114
69.773209,239.631845,22.639128
70.334425,239.478800,22.454950
70.839599,239.337694,22.469364
71.192318,239.249927,22.571674
71.210781,239.248872,22.584010
71.541872,239.170154,22.687605
71.875382,239.081262,22.795254
72.683551,238.914279,22.595344
73.086604,238.674647,22.587244
73.671377,238.709568,22.562556
73.778068,238.660827,22.635868
75.476449,238.517175,22.619035
75.843909,238.434436,22.727221
75.844275,238.433486,22.726661
75.841818,238.418058,22.720073
75.844097,238.416190,22.696200
76.303061,238.148572,22.759256
77.222303,237.906260,22.503041
77.222094,237.895324,22.493914
77.222536,237.894704,22.493521
78.065614,237.743131,22.532150
78.063970,237.721841,22.518865
78.259794,237.627145,21.908449
78.325017,237.664544,21.987847
78.754093,237.573380,22.101389
79.304277,237.554952,21.913808
79.596936,237.462225,21.963089
79.599504,237.471238,21.966285
79.599788,237.468599,21.966814
81.553421,236.923439,22.754322
81.630547,236.917624,22.920007
83.369668,237.029858,23.151780
83.426153,237.024362,23.153044
83.841953,236.941824,23.267764
83.987665,236.800473,23.224901
84.527359,236.805512,23.359092
84.535223,236.831264,23.369574
85.044405,236.724005,23.963245
86.019985,236.966894,24.014890
87.059722,236.775877,24.297422
87.093271,236.721174,24.296883
87.560889,236.582533,23.903700
87.561522,236.583276,23.903927
88.230339,236.922344,24.082748
88.695321,236.815637,24.218883
89.171604,236.756637,24.379581
89.609024,236.687341,24.944443
89.610959,236.688264,24.943328
90.054268,236.569419,24.847530
91.086128,236.476449,24.900401
92.185038,236.238921,25.142139
92.769547,236.119793,25.298245
93.035715,236.108966,25.219278
93.620845,235.750391,25.357949
94.277204,235.617339,25.593107
94.276925,235.611001,25.606154
94.900515,235.483753,25.814388
95.542415,235.396049,26.003789
96.047241,235.639994,26.188590
97.311180,235.666336,26.296555
98.029709,235.576002,26.401391
98.661024,235.404652,26.460432
99.110304,235.175353,26.694598
99.207009,235.085156,26.717044
99.235130,235.104639,26.693367
99.787692,235.258427,27.116165
101.195843,235.009516,27.097335
101.202655,234.997321,27.127355
102.185397,234.755302,27.777361
102.225877,234.726276,27.731183
102.747000,234.504630,27.657929
105.801321,234.208349,27.802318
107.035297,234.112866,27.574103
107.063761,234.090365,27.575354
107.670464,233.935370,27.672427
108.384368,233.786023,27.969275
108.750075,233.962979,28.008948
109.316972,234.078347,28.427046
109.424330,234.033144,28.298382
110.201961,234.044280,28.565522
110.285648,234.037533,28.546881
110.970245,233.941132,28.733850
112.153211,233.969372,28.858539
113.471911,233.693469,29.177231
113.473170,233.714969,29.202403
113.864911,233.546850,29.817190
114.275103,233.485651,29.944317
114.277753,233.493995,29.940150
114.345586,233.569724,29.944303
115.040916,233.413005,30.111656
115.076582,233.520837,30.171343
115.734005,233.375097,30.289462
115.743174,233.380655,30.276650
115.831721,233.311233,30.323901
116.620117,233.472186,30.322784
117.944860,233.508600,30.282460
117.935764,233.466542,30.371190
118.717872,233.357527,30.497450
120.105815,233.190311,30.462612
120.793667,233.061134,30.619768
120.919744,233.133545,30.727117
123.761915,232.879155,31.022858
124.491339,232.741620,31.186938
125.182141,232.642605,31.906096
126.224815,232.363228,32.025130
126.239835,232.384879,31.998004
126.914642,232.244273,32.149419
127.626943,232.099211,32.298946
128.299664,231.960042,32.473257
128.440454,231.985879,32.365961
129.009278,231.527987,32.459777
129.088422,231.612066,32.840820
130.439433,231.609539,32.804990
130.622042,231.504472,33.788159
130.800678,231.659723,33.891636
132.812983,231.584380,33.933639
132.836876,231.618327,33.929660
134.216927,231.393430,34.165239
134.381628,231.506069,35.128728
134.429733,231.464219,35.229062
135.351336,231.937363,35.358433
135.927257,231.757596,35.574452
136.098062,231.718817,35.673447
137.211325,231.683869,36.922955
137.236095,231.749522,36.932735
137.280409,231.820335,37.270446
137.301816,231.798950,37.221320
137.309455,231.795546,37.193937
137.938581,231.676664,36.980521
138.069430,231.598301,37.093754
138.087601,231.605244,37.052902
138.703808,231.489928,37.207861
139.513242,231.182574,37.123684
139.543990,231.165670,37.194469
140.535118,231.085783,37.382209
140.726331,231.305756,37.359022
141.907046,231.020539,37.610430
141.913077,230.992277,37.653433
142.496230,230.868285,37.721753
142.860202,231.000402,37.548723
143.724753,230.974213,37.476252
144.443330,231.035121,37.467835
145.427205,230.784015,37.546102
145.516756,230.962303,37.625370
146.928720,230.797430,38.196386
146.966854,230.776938,38.134358
146.992169,230.782640,38.219729
147.224102,231.009376,38.395216
147.324775,230.990218,38.358117
148.208993,231.066764,38.226632
148.736949,230.740039,38.081325
149.357604,230.581181,38.213386
149.569732,230.217283,38.426642
150.120536,230.082345,38.545967
150.326383,229.957411,38.610571
150.372157,229.990838,38.545382
150.372409,229.985626,38.541830
150.545995,230.044960,38.454199
150.547124,230.042309,38.449563
151.241603,229.612365,38.641279
151.642427,229.883586,39.428843
151.634724,229.859889,39.466008
151.651821,229.861511,39.533260
152.701025,230.117153,39.283490
153.194741,229.963464,39.393528
153.187377,229.944500,39.429004
153.691692,229.812206,39.721247
153.692074,229.812040,39.721558
153.917207,229.935879,40.035331
153.917613,229.935712,40.035616
154.261218,229.866545,39.989287
154.272397,229.840644,40.016995
154.785784,229.718281,40.208955
154.782418,229.699394,40.239044
154.836017,229.690134,40.207246
156.052452,229.623727,40.646273
156.126063,229.583185,40.537903
156.581442,229.626742,40.899554
158.564144,229.360696,42.114862
158.841696,229.250367,41.670778
158.917028,229.200372,41.493993
159.520802,229.075404,41.602782
160.365017,229.134100,42.687393
160.381282,229.096315,42.701676
161.311057,229.121173,42.569577
161.348784,229.105615,42.563611
162.097264,229.047379,42.511867
162.100024,229.039778,42.502628
162.563330,228.884468,42.584186
163.048308,229.017982,42.754429
163.949221,228.791605,42.387427
163.988388,228.744801,42.396141
164.168480,228.660359,42.252904
164.176403,228.678203,42.308821
164.398400,228.429339,42.628103
165.234832,228.442816,43.763356
165.732569,228.291519,43.910079
165.732158,228.290892,43.916061
165.864515,228.361806,44.280857
166.328384,228.505927,44.338045
166.331089,228.503799,44.335857
166.625324,228.712607,44.299249
167.060285,228.859956,44.568299
167.060645,228.859991,44.568669
167.045676,228.730210,44.755779
167.431687,228.530802,45.069509
167.503321,228.563075,45.009438
167.479682,228.536819,45.176826
168.186018,228.267519,45.122813
168.221168,228.239718,45.107668
168.269844,228.222496,45.101517
168.739150,228.283749,44.814130
168.901876,228.137408,44.889086
169.399677,227.697309,44.839535
169.399873,227.697166,44.840192
169.400072,227.697026,44.840845
169.406916,227.683469,44.843330
171.090098,227.419982,45.883192
172.245402,227.207752,46.183123
172.697397,227.057888,46.335003
172.446518,226.539070,46.216763
172.894981,226.170639,46.682700
172.892758,226.174118,46.695060
173.604140,226.127565,47.712287
173.601277,226.127076,47.719626
173.925696,226.109555,48.201284
173.924367,226.109381,48.205355
173.948278,226.095999,48.198358
173.949515,226.095993,48.196593
174.716510,225.745105,48.266652
174.722821,225.746109,48.254523
175.519923,226.112080,48.258836
175.581760,226.087149,48.142444
176.697197,225.833403,48.079929
176.703748,225.819795,48.086111
176.707024,225.786823,48.047145
176.707527,225.786783,48.047066
176.811345,225.877006,47.908226
177.579031,225.860118,48.010661
178.067792,225.657358,48.377797
178.420887,225.530709,48.536284
178.929608,225.350593,48.736500
179.021893,225.285964,48.746322
179.037011,225.292206,48.717039
179.237271,225.137272,48.596145
179.694145,224.780590,48.546849
179.730856,224.757683,48.462014
180.277423,224.669463,48.396120
180.579194,224.760464,48.275970
181.600317,224.636778,48.831030
181.948565,224.517193,48.906449
182.384045,224.607677,48.663380
182.387017,224.510455,48.709796
182.712852,224.384006,48.279810
182.806971,224.310984,48.291350
182.817728,224.289742,48.304257
183.186885,224.146569,48.366864
183.209454,224.132859,48.354228
184.214635,223.663994,48.820763
184.592670,223.885120,48.498332
184.897699,224.001617,48.303916
185.349401,223.566336,48.234628
185.347276,223.562834,48.243053
185.377477,223.512899,48.414636
185.705990,223.373919,48.499907
185.883499,223.215013,48.487278
186.353429,223.141748,48.806812
186.355243,223.134068,48.813986
186.699129,223.208816,49.869930
187.249145,222.908776,50.122992
187.611894,222.770684,50.042365
187.754998,222.705769,50.551734
187.748433,222.694615,50.569682
187.748607,222.694311,50.570639
187.789743,222.740930,50.832738
188.214754,222.360068,51.327956
188.930872,221.933211,51.664537
189.642852,222.104357,51.335309
190.373185,221.909198,50.962222
190.903378,221.765222,50.940060
191.185738,221.639180,51.668188
191.186319,221.639634,51.668688
191.217379,221.620977,51.664120
191.503965,221.500742,51.707900
192.440119,221.708519,52.510864
192.440574,221.708793,52.511601
192.438782,221.704777,52.510669
192.563642,221.707334,52.313218
193.478579,221.551938,52.597077
193.691566,221.601736,52.576945
193.998426,221.556912,52.801064
194.243442,221.708212,53.074780
194.257128,221.733694,53.184278
194.453820,221.841622,53.014087
194.526124,221.766317,53.024711
195.029698,221.565861,52.972477
195.454155,221.569251,53.178629
196.021254,221.486518,53.133647
196.958742,221.279660,52.660807
197.282838,221.207451,53.467886
197.446087,221.273127,53.396535
197.761851,221.400987,53.738138
198.096642,221.174765,53.180243
198.908727,220.926766,52.970672
199.133088,220.726795,53.179969
200.069895,220.352660,53.156463
200.070380,220.343745,53.140504
200.595529,220.512403,53.240098
200.996139,220.571755,52.931020
201.486582,220.226746,52.935311
201.834658,220.054979,52.971413
201.987031,219.922379,52.766954
202.141006,219.941188,52.789625
202.157370,219.951834,52.845203
202.165603,219.938240,52.790754
202.337811,219.994086,53.008433
202.777262,220.025053,53.259991
202.927461,220.220776,53.276682
202.932042,220.226433,53.293485
202.975107,220.266868,53.439364
202.980908,220.268932,53.461952
203.003835,220.292500,53.446346
203.812368,219.909455,53.498414
203.844526,219.863272,53.447069
203.975925,219.880683,53.298089
203.973252,219.852305,53.218378
204.660148,219.643325,52.549245
204.656824,219.638029,52.531573
204.922280,219.600852,52.113943
205.032200,219.680959,52.009825
205.105914,219.676195,52.050542
205.752797,219.396912,52.037415
205.734541,219.372264,51.963440
205.764493,218.872788,51.547139
206.568174,218.391228,51.907383
206.769283,218.338633,51.891042
206.772700,218.353214,51.869256
207.380443,218.298397,51.960421
207.392753,218.316974,51.957887
207.592614,218.232520,51.841233
208.439467,217.821070,50.662646
208.634849,217.690648,50.678384
209.147428,217.577135,50.383731
209.346256,217.504375,50.847018
209.388754,217.531943,50.682901
209.303955,217.263960,51.288319
209.297692,217.230437,51.190124
209.471368,217.210361,51.467284
210.675119,216.627169,51.207044
210.786224,216.708235,51.055640
211.243140,216.434162,50.324160
211.242565,216.422973,50.337664
211.429890,216.277866,50.515926
211.610573,216.298669,50.266131
211.758595,216.247849,50.042325
211.866487,215.455851,50.290533
212.199533,215.201713,49.979029
212.252040,215.250075,49.950739
212.491864,215.092045,50.047456
213.080488,214.828131,50.252212
213.103370,214.742136,50.208210
213.229010,214.194681,50.255402
213.426164,214.062677,50.281006
213.470576,214.105943,50.228471
213.561875,214.093160,50.134192
214.292641,214.196428,50.290845
214.345760,213.740061,49.808149
214.843594,213.482413,49.425281
215.043901,213.439347,49.299209
215.073568,213.469780,49.254344
215.106187,213.503284,49.213972
215.105558,213.436670,48.958666
215.276634,213.316638,49.080813
215.304125,213.357144,49.047327
215.237294,213.295950,48.720473
215.237937,213.296240,48.719770
215.370112,213.297915,48.561909
215.469991,213.317505,48.625852
215.504543,213.230006,48.449884
215.614254,213.258552,48.154523
215.791149,213.142963,48.279021
216.028855,213.115494,48.257029
216.059309,213.148659,48.209863
216.244518,213.030147,47.992316
216.340360,212.914677,47.841243
216.376870,212.954164,47.804097
216.389331,212.970511,47.787292
216.812727,212.799643,47.631883
216.906798,212.838835,47.530613
217.076147,212.790738,47.544578
217.436943,212.734931,47.627380
217.760516,212.399402,47.587776
218.081185,212.306291,47.304447
218.108417,212.335508,47.282961
218.258326,212.302347,47.230300
218.342817,212.052297,47.461401
218.459118,212.005774,47.451494
218.449945,211.990652,47.464878
218.411024,211.912216,47.375270
219.076601,211.322531,47.306690
219.120082,211.317288,47.501144
219.762163,210.900792,47.666148
219.882237,210.676788,47.881704
219.847258,210.083669,47.737726
220.019253,209.465629,48.275307
220.157565,209.291747,48.077057
220.144114,209.273673,48.095716
220.350208,208.961208,48.440710
221.108133,208.295153,47.882141
221.358583,207.981095,48.235955
221.391059,207.959007,48.200874
221.431446,207.931066,48.198682
221.411942,207.902938,48.227661
221.472562,207.824142,48.283819
221.667867,207.576694,48.096392
221.840543,207.024010,47.878640
222.086309,206.616110,47.836899
222.082423,206.612647,47.835251
222.400587,205.960583,47.598198
222.577532,205.724395,47.980124
222.550580,205.682877,48.020295
222.983672,205.116836,47.867348
223.369554,204.192275,48.699172
223.633996,203.568622,48.407355
224.099028,203.111306,48.648204
224.284127,202.955731,48.678471
224.279244,202.757158,48.708847
224.206677,202.667579,48.555657
224.322248,202.592155,48.523329
224.402430,202.472972,48.585690
224.493644,202.128306,48.461909
224.565539,201.871487,48.338991
224.529408,201.806243,48.369767
224.978928,201.541172,48.562705
224.976881,201.541206,48.553631
225.416236,201.021307,47.483827
225.730725,200.142772,47.168244
225.773457,200.113683,47.118523
225.874950,199.980450,47.207291
225.900242,199.983550,47.165764
225.903337,199.985364,47.160125
226.022179,199.744838,46.925356
226.086908,199.177560,47.177936
226.493486,198.389395,46.737517
226.674602,198.036645,46.748932
226.637595,197.940306,46.807340
226.794465,197.624216,46.682122
226.531541,197.371159,46.468135
226.699797,196.617373,46.636954
226.549188,196.472601,46.609197
226.744830,195.813053,46.098674
226.761398,195.699835,45.954175
226.967019,194.946752,45.796882
227.043753,194.818828,45.823709
226.649284,194.544130,45.604699
226.605931,194.451917,45.647374
226.752267,193.981989,45.431601
227.120810,193.695468,45.555673
227.126434,193.694702,45.550431
227.257176,193.217768,45.264188
227.170599,192.770005,45.477700
227.104816,192.633853,45.581739
227.103643,192.633113,45.582785
227.032212,192.491836,45.677612
226.616645,192.250407,45.470812
226.345528,191.369816,45.581289
226.179540,190.543193,46.028688
226.588175,190.272109,46.260110
226.271636,189.490300,45.417065
225.893412,189.094031,45.182596
225.632898,188.650380,45.007399
225.632536,188.649807,45.007422
225.629369,188.594032,45.050690
225.624032,188.592868,45.043628
225.631612,188.550093,44.981009
225.631236,188.549567,44.982395
225.456286,188.177873,45.135412
225.779891,187.675769,45.339774
225.616830,187.479585,45.668729
225.606616,187.101026,45.698769
225.735704,186.903809,45.676175
225.696470,186.528068,46.053468
225.674629,186.521359,46.081318
225.748510,186.089356,46.439204
226.068534,185.752604,46.608113
226.063834,185.412131,45.888897
226.038999,185.397014,45.928032
225.949981,185.242966,45.831142
225.949807,185.242448,45.831171
225.860061,185.029870,45.971385
225.776834,184.832030,45.843252
225.776669,184.831533,45.843281
225.997830,184.530717,46.255792
225.953362,184.244593,46.260381
225.456485,183.958447,46.247540
225.560141,183.647666,46.447493
225.699693,183.386189,46.772155
225.744978,183.366240,46.869362
225.948792,183.053159,46.816621
225.655690,182.803146,46.762109
225.745181,182.708854,46.621466
225.643973,182.464102,46.779422
225.623674,182.309406,46.741243
225.378883,182.153797,46.502559
225.378856,182.153300,46.502467
225.356897,181.315844,46.655817
225.490488,181.132431,46.458107
225.490482,181.131938,46.458003
225.506137,181.127115,46.433245
225.404661,180.879269,46.281665
225.294240,180.613488,46.451864
225.453908,180.291659,46.843847
225.412315,179.893700,47.035106
225.422731,179.892194,47.018444
225.330973,179.708852,47.077871
225.349281,179.392595,46.959527
225.353088,179.014346,47.185176
225.436145,178.885822,47.127340
225.727106,178.497821,47.346101
225.943838,177.805578,47.274497
226.120603,177.282269,47.338478
226.505729,177.292909,47.516130
226.413962,176.886301,46.475034
226.591095,176.553902,46.236052
226.588268,176.321177,45.777675
226.671312,175.561460,46.349941
226.848088,174.643579,46.368156
226.868911,174.224302,46.600924
227.483582,173.560405,46.962855
227.355910,173.220750,47.166615
227.164399,172.694116,47.329286
227.235746,172.582860,47.411485
227.198079,172.083357,47.182021
227.367481,171.565824,47.216682
227.402260,171.550828,47.247142
227.530801,170.819252,47.424612
227.592463,170.261202,47.932246
227.716574,169.991877,48.050715
227.617953,169.455244,48.209936
227.345653,169.354355,48.014877
226.951039,168.975925,47.692821
227.159150,167.583062,48.476332
226.921314,166.985976,49.229448
226.558461,166.608768,49.355415
226.845508,166.265990,49.461973
227.038223,165.916584,49.343879
227.002004,165.901784,49.301054
227.001771,165.901337,49.301102
227.001540,165.900890,49.301151
227.059486,165.856280,49.224832
227.031490,165.838026,49.210972
227.038512,165.653595,49.309740
227.038332,165.653157,49.309856
226.962668,165.399819,49.309844
226.962505,165.399389,49.309936
226.912471,165.386334,49.413725
226.776904,165.120738,49.609433
226.754090,165.107298,49.672759
226.652002,164.171817,49.421704
226.402766,163.760732,49.204195
226.599680,163.177704,48.944002
226.613371,162.813483,49.029590
226.730491,162.407428,49.446280
226.804737,162.215617,49.584486
226.955365,161.803549,49.419242
226.810501,161.360504,49.396040
226.807357,160.694834,49.413879
226.740902,160.238642,48.878541
226.835444,159.916845,48.861982
227.001811,159.639127,48.593859
226.995945,159.638214,48.587537
227.019709,159.457108,48.759556
227.204328,158.614792,49.325396
227.147608,158.292437,49.090861
227.149909,158.290592,49.091352
227.116524,158.263380,49.187992
227.137573,158.253316,49.151195
226.888448,157.941423,49.165833
226.970626,157.726100,49.302248
226.768704,156.901477,49.180640
226.785422,156.901910,49.161593
226.959633,156.518003,49.372326
227.238175,156.231154,48.554138
227.235884,156.231701,48.550089
226.997302,155.808152,48.754999
227.009325,155.770103,48.656247
226.899179,155.569118,48.842301
226.414090,155.301776,48.098144
226.408390,155.302046,48.080684
226.417476,155.301096,48.064731
226.264526,154.802447,48.296122
226.130125,154.343982,47.350636
226.172574,153.547109,46.889479
226.391341,152.795487,46.554014
226.354904,152.772430,46.287041
226.243384,152.245511,46.335715
226.296065,151.697456,46.380273
226.342153,151.674273,46.334987
226.135318,151.125852,46.199916
226.134266,151.125568,46.201409
226.107161,150.935835,46.407335
225.927148,150.778454,46.162802
225.584645,150.209860,46.048242
225.536925,149.506780,46.165415
225.754753,149.288544,46.499326
225.773283,148.999796,46.405159
225.708943,148.349871,46.756687
225.472319,148.301574,46.641533
225.728258,147.821824,46.938808
225.677449,147.792487,46.915624
225.700237,147.772465,46.879855
225.620973,147.408756,47.003688
225.600436,146.653895,46.815509
225.372389,146.099128,46.848024
225.363318,146.095319,46.888912
225.464313,145.831681,47.234038
225.189891,145.195515,47.174061
224.732834,144.100629,47.259001
224.673059,143.926622,47.498332
224.675610,143.925113,47.499813
224.730387,143.838347,47.686084
224.856806,143.564303,47.546016
224.890110,143.539625,47.485697
224.336985,142.623998,47.852306
224.260846,142.531991,47.976721
224.282367,142.528907,47.948249
223.816748,142.001904,47.610469
223.915420,141.708448,47.607545
223.912914,141.708619,47.602449
224.018869,141.420560,47.490306
223.972118,140.844430,47.674463
223.972154,140.844091,47.673321
223.815917,140.582275,47.321406
223.672708,140.248963,47.491565
223.885854,139.852425,47.211309
223.959800,139.130309,46.913202
224.426933,138.265528,46.216771
224.527243,137.111085,46.279209
224.634591,136.836507,46.166296
224.650739,136.820681,46.167733
224.587949,136.451187,46.111202
224.536647,135.698789,45.690209
224.061480,133.902895,44.981478
224.017857,133.417055,44.948470
224.173712,132.993212,45.142323
224.367186,132.799158,44.975833
224.463034,132.717665,44.833964
224.278346,132.436701,44.710828
223.946995,131.365302,44.399237
223.709689,130.889812,44.816676
223.723266,130.669719,45.005706
223.754391,130.658185,44.961769
224.029713,130.037792,44.809386
224.141976,129.784354,45.025774
223.681778,129.475549,44.799927
223.307818,128.978284,44.699317
223.307605,128.977829,44.699315
223.296756,128.973929,44.714312
223.293934,128.969426,44.711479
223.660490,128.038611,44.568829
223.672203,127.333891,44.398044
223.445274,127.056280,44.279587
223.503280,127.036125,44.186521
223.522016,127.007579,44.326025
223.575386,126.663833,44.534580
223.590487,126.602711,44.624463
223.166627,126.071293,44.566891
222.915798,125.734538,44.585235
222.798688,125.446223,44.444585
222.820927,125.174308,44.592026
222.792995,125.109103,44.666979
222.752783,125.108190,44.651001
222.117959,124.770372,44.347214
222.117385,124.770006,44.346764
221.818869,124.053458,43.916730
221.434113,123.532162,44.212519
221.440359,123.528608,44.203577
221.554164,122.940691,43.856265
221.184675,122.244774,44.089034
221.238296,121.756039,43.834207
221.401113,121.280463,44.126639
221.627227,120.603309,43.093353
221.691733,120.365095,43.218764
221.684608,120.365175,43.216660
221.165392,119.795255,43.700033
220.470488,118.986634,43.556061
220.748190,118.328779,44.135948
220.644409,117.797505,44.287143
220.954487,116.752475,44.179209
220.856703,116.650694,44.358356
220.476322,115.650347,44.815893
220.731946,115.336608,44.509685
220.848488,115.085573,44.446744
220.684543,114.396501,44.684590
220.371880,114.172834,44.486491
220.375476,114.167078,44.547855
220.320319,114.129021,44.591689
220.160888,113.744567,44.578408
220.161239,113.744128,44.579368
220.046293,113.004494,44.900802
220.214246,112.724841,45.520993
220.339049,112.410182,45.881702
220.336126,112.409034,45.904666
220.335876,112.408671,45.907107
220.161680,111.700013,46.165040
220.390738,111.446430,46.201293
220.390340,110.929967,45.357798
220.395940,110.929240,45.344083
220.326613,110.487780,45.253048
220.309614,110.481300,45.279467
220.356545,109.319877,45.259730
220.353352,109.028337,45.299468
220.442854,108.666537,45.262054
220.443394,108.665857,45.261516
220.241574,108.316068,45.033950
219.941155,108.295954,44.888159
220.000323,108.272115,44.852973
219.477020,107.688783,44.851212
219.500493,107.687000,44.821140
219.670630,106.876391,44.000462
219.671020,106.875700,43.999999
219.671056,106.875336,43.999490
219.661843,106.875581,43.997724
219.643241,106.872315,43.925731
219.661695,106.870796,43.903945
219.663467,106.868825,43.903798
219.846364,106.525119,44.086534
219.915991,106.182662,43.877565
219.889514,106.178394,43.780981
219.889697,106.178044,43.780671
219.733716,105.822293,44.131417
219.650863,105.485819,43.994280
219.675651,105.482913,43.963412
219.433486,105.219219,43.744622
219.433876,105.218831,43.744113
219.374667,104.370978,43.843954
219.496336,104.013698,43.653715
219.509284,104.012595,43.637771
219.446953,102.851643,43.083881
219.360844,102.623026,43.492161
219.043556,102.175777,43.301189
219.058229,102.171852,43.301497
219.381684,101.456607,42.926551
219.200039,100.890255,43.169262
219.131967,100.316764,43.194423
219.125885,100.316207,43.201934
219.201653,100.241215,42.970999
219.196083,100.240598,42.978121
218.813688,99.037095,43.189750
218.862581,98.518087,43.399948
218.479037,98.030882,43.159514
218.478522,98.030418,43.160038
218.220331,97.388371,43.331541
218.175755,97.379365,43.387693
218.266669,95.579497,42.970389
218.075494,95.142731,43.224963
218.254598,94.685984,43.133653
218.249976,94.688051,43.124891
218.097987,94.151242,42.711184
218.061616,94.141165,42.740451
218.045280,94.142734,42.730836
217.864081,93.961047,42.555293
217.854786,93.958935,42.556367
217.869365,93.088180,41.922105
217.578529,92.256217,41.865273
217.688198,92.075566,41.930743
217.783731,91.960375,41.823740
217.576804,91.779516,41.697569
217.603266,91.777502,41.668090
217.576092,91.382737,41.603147
217.468413,90.887830,41.815045
217.638116,90.513496,41.936909
217.794911,90.145826,41.874306
217.876085,89.727036,41.655646
218.052363,89.431990,41.163397
217.690442,89.283609,41.008744
217.708569,89.287302,40.988872
217.822555,88.936526,40.758942
217.670510,88.131716,40.969700
217.679605,88.131499,40.967309
217.848573,87.681910,40.873264
218.074421,87.111212,40.116289
217.938974,86.590874,39.993754
217.835276,86.569966,39.833181
218.103375,86.437472,39.957071
217.928658,86.048413,39.766000
217.934535,86.034583,39.767777
217.964370,86.019488,39.810377
217.932310,85.828298,39.646245
218.089943,85.228880,39.500186
218.100472,84.646846,38.927146
217.943707,84.444213,39.103239
218.079090,84.074138,39.507025
218.335196,83.566005,39.461052
217.842072,83.186938,39.251555
217.195967,82.176630,39.533161
216.972470,80.295207,39.565084
216.976332,80.293242,39.566550
216.806514,79.093729,39.711661
216.992209,78.749984,39.470160
217.048679,78.708874,39.413751
217.048380,78.709338,39.409789
216.886108,78.489959,39.584059
216.539162,77.606675,39.164685
216.274302,76.920982,38.659364
216.077890,76.495242,38.052909
216.108365,75.873991,37.903131
216.003702,75.358492,37.754318
215.615652,74.718940,37.516072
215.616184,74.717805,37.516570
215.824372,74.305939,37.643043
215.955387,73.843034,37.078084
215.554893,73.463742,36.933562
215.692504,73.132060,36.733832
215.512408,72.452443,35.827625
215.497220,72.456765,35.817368
215.661365,72.142203,35.595031
215.707157,72.078460,35.595280
214.606194,71.290344,35.463610
214.786984,70.835228,35.313137
214.785387,69.999145,35.314205
214.442368,69.722112,35.157927
214.441501,69.721937,35.157329
214.190906,69.688975,35.049623
213.837939,68.764800,35.602373
213.728149,68.161492,34.931546
213.713750,68.161018,34.919598
213.782109,67.235304,34.845409
213.487221,66.674788,34.557701
213.452588,66.332623,34.280486
213.781497,65.747827,33.850453
213.802185,65.738401,33.829756
213.992670,65.439742,33.635730
213.995481,65.439255,33.631937
214.168334,65.151757,33.432215
213.933747,64.315670,32.825564
213.958923,64.017860,32.565524
213.415214,63.784476,32.660839
213.581507,63.507731,33.199275
213.564360,63.022520,32.669435
213.146531,62.733374,32.482884
213.086817,62.731475,32.377656
213.154607,62.197336,32.134636
212.990957,61.566474,32.134039
213.059820,61.486404,32.188040
212.986191,60.982837,32.771821
212.899057,60.067525,33.274637
212.424092,58.963046,33.482702
212.470278,58.923049,33.527845
212.496972,58.231032,33.272173
212.363408,57.571119,33.471081
211.622150,56.543287,33.607283
211.530407,56.208895,33.470825
211.385501,55.741099,33.688816
211.147633,55.188722,33.150692
211.147186,55.188328,33.150818
210.911481,54.974057,33.471414
210.682498,54.756502,33.805095
210.589308,54.162362,33.755794
210.588819,54.161978,33.755867
210.526420,53.690329,33.393187
210.525887,53.689965,33.393233
210.529119,53.413320,33.372684
210.388876,53.257010,33.271609
210.286517,53.190326,33.341466
209.543081,52.731481,33.509047
209.450561,52.739296,33.290736
209.450032,52.738922,33.290822
208.808942,52.091122,33.454083
208.970116,50.858489,33.568374
208.667039,50.820381,33.590651
207.746675,50.126357,33.503982
207.965762,49.690430,33.454224
207.968166,49.689036,33.455256
207.663331,49.453574,33.291573
207.775859,49.214588,33.172488
207.827076,49.006805,33.121114
208.238755,48.667675,33.139897
208.238481,48.667222,33.140008
208.319851,48.141235,33.029458
208.502421,47.934355,32.850302
208.280505,47.611576,32.141894
208.327343,47.293551,32.295780
208.230738,46.648776,33.202364
207.906365,46.256905,33.645481
207.383789,46.059015,33.653423
207.245220,45.736949,33.044520
207.244515,45.736593,33.044486
206.838633,45.055640,33.618473
206.683945,44.865126,33.702621
206.241334,44.558513,33.666752
206.114225,44.465273,33.595858
205.634974,44.256072,33.727983
205.611116,43.845023,33.737664
205.299706,43.460950,33.630554
205.202292,42.199732,33.577901
205.202053,42.199164,33.578147
205.128491,41.959092,33.663371
205.096506,41.727099,33.726730
204.722214,41.554199,33.774067
204.811524,41.490419,33.840427
204.719652,41.373977,34.114502
205.025278,40.543821,34.289323
205.328398,40.182457,34.796528
205.084334,39.948789,34.901078
205.376088,39.337103,35.202872
205.333181,38.444173,35.493316
205.708205,37.824693,35.533360
205.808659,37.551518,36.139074
205.808110,37.549386,36.136571
205.250852,37.118043,36.117668
204.966137,36.878164,36.027856
204.576423,36.641159,35.865208
204.501839,36.588567,35.814183
204.144388,36.436543,35.689556
204.241142,36.210817,35.564225
204.040826,35.882899,35.690909
204.085829,34.901217,35.936263
203.987499,34.856560,35.887463
203.597019,34.161128,35.514526
203.674194,33.569579,34.720160
203.673857,33.568910,34.716750
204.505214,32.574063,33.925103
204.308295,32.224477,33.639714
204.280988,32.222653,33.675272
203.648753,31.321950,34.530879
203.655510,31.168129,34.402982
203.165931,30.627070,34.332786
203.051824,30.593189,34.341664
203.115231,30.574454,34.399368
203.069994,30.547587,34.370348
202.999647,29.891092,34.336289
202.884050,29.795381,34.261577
202.739330,29.756185,34.209451
202.772526,29.605900,34.747701
202.635175,29.199912,34.876146
202.472494,28.846636,35.042086
202.463372,28.566265,35.085670
202.349135,28.528727,35.052466
202.322883,28.428777,35.083491
202.003960,27.889587,35.246044
201.922275,27.851899,35.207842
201.974218,27.592899,34.969380
201.918218,27.578447,34.939471
201.676746,27.426375,35.005906
201.774201,27.030589,35.022943
201.929804,26.875731,34.815144
201.882401,26.743009,34.742813
202.205353,26.426579,34.349530
202.146875,26.223054,34.372812
202.093336,26.198593,34.316721
201.824006,25.893144,33.926032
201.932202,25.797378,33.865962
201.887875,25.329730,34.137062
201.977895,25.104148,33.911759
202.107422,24.939125,33.728042
201.617597,24.100060,33.298650
202.064962,23.859201,33.000982
202.334250,23.621081,33.201519
202.388234,23.468253,33.095495
202.627293,23.362998,33.594906
202.669011,23.314717,33.644522
202.872629,22.773514,34.116123
202.960359,22.777295,34.235998
203.271015,22.594452,34.206414
203.460942,22.419443,34.246763
204.029130,21.847383,34.489134
204.068308,21.857770,34.509376
204.104105,21.866526,34.509017
204.279568,21.888778,34.553663
204.348552,21.916457,34.617688
204.427306,21.928250,34.651728
204.646853,21.735501,34.987714
204.745129,21.618571,34.968209
205.010214,21.541243,35.255065
205.319937,21.186860,34.583149
205.755366,20.976673,34.760261
205.716927,20.868131,34.747934
205.620181,20.604033,34.796641
205.782014,20.501543,35.098108
205.964891,20.332513,35.475577
206.140729,20.109588,35.452766
206.150252,19.973447,35.651904
206.331763,19.695434,35.618012
206.394693,19.659917,35.471949
206.764309,19.482785,35.837815
206.904969,19.480509,35.911242
207.225269,19.300010,36.214340
207.470193,19.335345,36.485124
208.070843,18.874250,36.325173
208.074602,18.875864,36.317945
208.081258,18.879575,36.300720
208.174808,18.889952,36.232793
208.464509,18.660111,36.076297
208.658886,18.448214,36.191504
208.773716,18.478850,36.231516
209.019174,18.421422,36.107874
209.044698,18.437064,36.091981
209.150767,18.476585,36.113955
209.525959,18.574132,36.269541
209.780506,18.522953,36.140657
210.028861,18.269655,35.592126
210.116807,18.215664,35.645618
210.840942,18.265444,35.436287
211.040694,17.707857,35.075740
211.088338,17.659384,34.996686
211.088924,17.659258,34.996501
211.200650,17.603774,34.984165
211.274567,17.546303,35.206389
211.338094,17.372972,35.249121
211.413891,17.143586,34.875888
211.497888,16.630121,35.150128
211.570836,16.608181,35.333590
211.939389,16.465277,35.430083
212.310947,16.358532,35.254466
212.457656,16.288792,35.120774
212.740459,16.251271,35.055610
212.720564,16.159607,35.070125
212.894912,16.105285,34.880630
213.239943,16.069170,34.738904
213.881630,15.908860,34.627999
214.141846,15.961782,34.705037
214.565065,15.849928,34.518529
214.963321,15.927782,34.576763
215.256106,15.847417,34.618748
215.535770,15.733703,34.377615
215.822756,15.605546,34.319581
216.023033,15.463440,34.121661
216.486450,15.219084,34.007381
216.484134,15.148030,34.000774
216.484026,15.146034,33.998140
216.771504,15.123888,33.959376
217.250138,15.038541,33.972831
217.200042,14.867997,34.050566
217.495530,14.694255,34.598027
217.527963,14.364713,34.714474
217.447421,13.980527,34.777498
217.764729,13.789165,34.961006
218.056470,13.650699,35.167757
218.300040,13.545451,35.314458
218.327655,13.568597,35.395949
218.416749,13.453917,35.661880
218.545817,13.162093,35.848168
218.552683,13.152280,35.878252
219.039915,12.969483,35.604801
219.253541,12.816205,35.922138
219.484520,12.720426,35.771965
219.485777,12.719411,35.772539
219.670707,12.557648,36.111924
219.915172,12.366190,36.245444
219.903471,12.287972,36.295827
220.330964,12.141500,36.555326
220.741916,12.062598,36.795795
220.848280,12.068485,36.691263
220.972424,12.047533,36.639626
221.280538,11.937635,36.659348
221.314039,11.955434,36.714614
221.415780,11.918113,36.613042
221.424749,11.830275,36.680022
222.071387,11.599896,36.636446
222.316286,11.473350,37.133924
222.690144,11.135879,37.485116
223.096236,10.939702,37.803228
223.295320,10.967919,37.814977
223.512932,10.827458,37.719598
223.635451,10.757423,37.564637
224.001315,10.750922,37.590844
224.088144,10.720612,37.497561
224.179083,10.612042,37.312564
224.477384,10.558127,37.002694
224.507989,10.566953,37.074745
224.549958,10.336898,37.087232
224.702928,10.292039,37.066778
224.703184,10.156222,37.321403
224.719600,10.166226,37.343558
224.770687,10.190433,37.432023
224.969795,10.187339,37.108399
225.266705,9.815983,37.298403
225.520331,9.436718,37.212373
225.583365,9.289398,37.179585
225.934708,9.182184,37.093341
226.201647,9.100008,37.387525
226.356029,9.067983,37.034186
226.378356,9.061019,37.061483
226.591570,9.091037,36.847539
227.046396,9.106113,36.878025
227.131275,9.053960,36.958125
227.183120,9.042274,36.977879
227.566766,8.893910,36.887525
227.707375,8.873089,36.497981
227.611248,8.751552,36.469850
227.833061,8.680352,36.165867
228.042768,8.460309,36.349109
228.091743,8.440649,36.243329
228.108465,8.477420,36.164185
228.121436,8.473376,36.187395
228.250476,8.456418,36.061782
228.251748,8.455419,36.056609
228.390667,8.460838,36.210259
228.572772,8.349740,35.813457
228.826158,8.348401,35.764174
228.861560,8.337504,35.760969
229.070369,8.321708,35.740094
229.115901,8.307543,35.683353
229.292354,8.295715,35.526182
229.744079,8.297790,35.583600
229.821895,8.271026,35.487349
229.908941,8.249353,35.401665
230.013354,8.215686,35.342908
230.067863,8.076137,35.415116
230.126755,8.057878,35.376859
230.282846,7.996553,35.256763
230.332924,8.000216,35.201540
230.532912,8.017827,34.883981
230.548983,7.981202,34.732503
230.669498,7.956961,34.596457
230.663101,7.959174,34.507546
231.072932,7.801464,34.512906
231.108871,7.721115,34.458331
231.173999,7.701293,34.378501
231.676305,7.663910,34.090092
231.987625,7.663375,33.689946
232.069150,7.637597,33.629438
232.117633,7.569819,33.441257
232.151909,7.558404,33.344544
232.308292,7.503051,33.115677
232.348395,7.484114,33.067792
232.369069,7.390862,33.036414
232.444417,7.326692,32.936721
232.460390,7.290489,32.916464
232.488784,7.229016,32.872261
232.374797,7.099900,32.864714
232.601732,7.117461,32.587001
232.855168,7.005992,32.580660
232.901273,6.991342,32.515928
233.149964,6.878507,32.461652
233.079711,6.871631,32.244490
232.928727,6.616948,31.983185
232.987803,6.598323,31.834707
232.902748,6.475423,31.901434
232.954598,6.317807,31.831105
233.013967,6.302936,31.745752
233.028622,6.295983,31.705835
233.225610,6.224389,31.642028
233.293439,6.204422,31.596965
233.555510,5.981962,31.344800
233.587348,5.969822,31.290902
233.628950,5.952745,31.207891
233.678529,5.943844,31.145428
233.598707,5.831656,30.766928
233.650861,5.824369,30.689627
233.700270,5.819674,30.624808
233.741691,5.815310,30.519980
233.657476,5.723156,29.984622
233.904148,5.653838,29.689275
233.808585,5.629508,29.804271
233.714962,5.500742,29.912781
233.518904,5.380077,30.143272
