2000
3
33.845270,5.875064,218.140122
34.046312,5.869967,217.905239
34.175059,5.865301,217.781262
34.723960,6.037354,217.548070
35.186838,6.084429,217.333099
35.258720,6.084840,217.227116
35.239007,6.153083,217.027587
35.279295,6.203984,216.655015
35.412450,6.196201,216.350564
35.766802,6.295693,216.084324
35.884700,6.372545,215.858248
36.059164,6.359583,215.356539
36.145753,6.324143,215.132618
36.395944,6.400108,214.854479
36.504409,6.371797,214.507739
36.710683,6.355319,214.305008
36.933798,6.364119,213.987277
37.176653,6.390553,214.060699
37.503451,6.496063,214.396803
37.789750,6.449372,214.721277
38.038572,6.456511,214.881010
38.373295,6.454302,214.979691
38.520891,6.455392,215.047085
38.774516,6.399355,214.933396
39.131831,6.414372,215.261162
39.629314,6.652229,215.617516
39.919017,6.685383,215.568382
40.492776,6.755729,215.623156
41.503942,6.867408,215.830738
41.986822,6.957574,216.398879
42.168850,6.961013,216.628969
43.035531,7.069410,217.148324
43.919523,7.120829,217.483857
44.305465,7.195023,217.574015
44.448091,7.180001,217.800182
44.600412,7.202383,217.686090
44.969703,7.243646,217.866994
44.991583,7.278996,217.955993
45.277431,7.238065,218.352996
45.905403,7.179687,218.112786
46.494295,7.145469,218.113455
46.713598,7.132343,217.771832
46.990183,7.137522,217.688962
47.254595,7.228274,217.611606
47.373693,7.291316,217.355672
47.736527,7.186471,217.316628
47.673134,7.308742,217.394076
48.497447,7.512844,217.098413
48.716184,7.548611,217.094161
48.779029,7.642505,217.003073
49.772985,7.550606,217.061757
50.098263,7.530743,217.065134
51.366769,7.679920,217.733602
52.069486,7.765054,217.392163
52.523969,7.796093,218.026095
53.325923,7.942620,218.323070
53.663649,7.929766,218.733372
55.231918,7.931042,218.744553
55.984816,7.959318,218.162464
57.126729,7.843408,218.547291
57.228782,7.864030,218.457578
57.428464,8.035044,218.622877
57.604687,8.061697,218.687388
57.772754,8.087303,218.584767
57.943250,8.112471,218.478268
58.715926,8.368627,218.802512
60.018263,8.419459,218.856245
60.203576,8.493040,218.581477
60.678627,8.499227,218.225888
60.969250,8.661313,217.944008
61.166132,8.686246,217.832976
61.335637,8.716098,217.672550
62.582307,8.713873,218.335732
62.739694,8.585573,218.112205
63.578739,8.522159,218.355955
64.962259,8.707751,218.656982
65.652718,8.778767,219.085327
66.509112,8.872590,219.532647
66.952105,8.903132,219.521148
68.198897,8.951869,220.037942
70.056292,9.111662,219.912299
70.302872,9.146641,220.135754
70.581163,9.247619,219.913419
70.835572,9.286818,219.767594
71.897317,9.348127,220.632328
72.207128,9.430324,220.752054
73.091815,9.420549,220.605020
73.862068,9.650202,221.033240
73.856927,9.660362,221.155208
74.519995,9.612535,221.315280
75.830395,9.623082,221.792990
75.945605,9.623480,221.586242
76.898087,9.847224,222.006987
78.282896,10.020154,222.324462
78.530395,10.068632,222.199216
78.867665,10.221199,222.364164
79.462244,10.244936,222.367860
80.721195,10.227111,222.524991
81.146579,10.140923,222.664272
82.082193,10.248873,223.152475
82.682694,10.836271,224.593492
82.976752,10.854110,224.404087
82.888946,11.124232,224.709220
83.525405,11.326594,224.815315
83.880703,11.446134,224.366557
84.147195,11.549884,224.782754
84.366698,11.633833,224.815548
84.457880,11.693369,224.831848
84.883081,11.661042,224.894800
84.954228,11.636875,224.979739
85.109920,11.799477,224.909418
85.970005,11.978406,224.889225
86.420174,12.140978,225.630600
86.575155,12.218650,225.733064
88.333168,12.630654,226.112021
88.565305,12.967438,226.097076
88.897989,13.005384,226.438053
89.614349,13.336175,226.720701
90.489608,14.061544,226.911570
91.022643,14.178415,226.640442
91.505371,14.392001,226.469533
91.774209,14.543377,226.140033
92.603075,14.433062,226.402790
93.445404,14.493471,226.404565
94.029134,14.724038,226.133308
94.820782,14.947252,226.385349
95.099753,15.032606,226.846003
96.013139,15.436281,227.001726
95.905402,15.571269,227.065451
96.713387,15.986693,227.320223
97.012161,16.225621,227.890365
98.467145,16.545616,227.811678
98.677523,16.529192,227.854389
99.216708,16.980290,227.630181
99.343573,17.094149,227.464771
99.493675,17.328730,227.326632
99.906215,17.418352,227.798139
100.175691,17.433526,227.959559
101.222311,17.482827,228.096021
101.322114,17.448628,228.148587
101.371456,17.471745,228.158036
102.331880,17.742076,228.151305
102.896794,18.245894,228.258032
103.022821,18.549965,228.290703
103.237405,18.568462,228.303185
103.435315,18.568550,228.344294
103.588411,18.851159,228.399005
103.988847,18.924515,228.323827
104.413717,18.893536,228.390476
105.089416,19.111057,228.423328
105.438301,19.139374,228.532843
106.345809,19.360800,228.663474
107.009415,19.813282,228.804373
107.513944,19.843816,228.842960
107.854087,20.070180,228.681390
108.558677,20.220642,228.754204
108.965481,20.281552,228.989217
108.947166,20.338890,228.895506
110.013204,21.351469,229.521721
111.955103,22.308379,229.738487
110.742052,22.754490,229.651359
109.952822,22.995611,229.522556
109.547936,23.148670,229.458307
108.877843,23.316721,229.593245
108.615006,23.617549,229.716219
108.274196,23.800675,229.614921
108.041632,24.071784,229.644415
106.746623,24.658431,230.120850
106.495644,25.180023,229.888538
106.057395,25.618604,229.841731
105.642096,26.395364,230.028769
105.355669,26.594548,230.132288
104.603888,26.949894,230.259547
104.340540,27.359205,230.442100
104.144836,27.488775,230.361276
103.978281,27.556032,230.345983
103.268676,28.066417,230.141616
104.317415,28.792642,230.633236
103.988651,29.213702,230.531570
104.596150,29.460612,230.561996
105.067955,30.214191,230.685634
104.559467,30.424739,230.585586
104.249735,31.066980,230.594141
104.950653,31.694141,230.833805
104.854641,31.910164,230.650265
104.765664,32.539462,230.362750
104.025387,32.850959,230.205262
103.724662,32.925347,230.246855
103.079622,33.063628,230.190807
102.930316,33.335546,230.320235
102.311142,33.437349,230.316808
102.560720,34.009487,230.323882
102.420027,34.233998,230.325414
102.044690,34.564265,230.286052
101.507432,34.579792,230.201075
100.999851,34.807112,229.957389
100.233972,34.838427,229.905180
99.686056,35.412311,230.804013
99.413317,35.597759,230.841688
99.352272,35.568845,230.869599
99.280641,35.545115,230.831965
98.899914,35.681797,230.737253
98.738224,35.901655,230.846415
98.021269,36.233108,230.857772
97.463484,36.335916,230.980341
96.618918,36.513741,231.067605
95.754320,36.708422,230.909023
95.228072,36.916761,230.719415
93.948235,37.145174,230.761290
94.519437,37.896979,230.880438
94.055330,38.211088,230.669999
93.870752,38.903321,230.486010
93.512795,38.821556,230.419213
93.109808,38.650403,230.383703
92.784577,38.772450,230.245405
92.281371,39.008077,230.268268
91.886837,39.774475,230.716142
91.017861,39.883680,230.646902
90.747816,39.954629,230.730793
90.768737,40.137388,230.588310
89.824822,40.540256,230.488901
89.871631,40.720478,230.361802
87.534687,42.107619,230.468224
87.188408,42.232103,230.392746
86.320900,42.303134,230.373131
86.319076,42.303747,230.373058
84.379900,43.445177,230.548088
83.187444,43.602058,230.375613
83.184369,43.600975,230.377876
81.732392,44.318860,230.012641
81.005004,44.599174,230.002586
81.264129,44.750945,229.872646
81.028049,44.845091,229.946262
80.448039,45.338479,229.774136
80.359090,45.530543,229.656253
79.908253,45.689736,229.647246
79.676588,46.132357,229.359201
79.675248,46.132811,229.359405
79.128027,46.311340,229.381861
77.530656,46.650639,229.457984
77.796635,47.348553,229.636388
77.770166,47.731407,229.716470
77.439809,48.482828,229.631947
76.812580,49.400402,229.541059
75.785558,49.824664,229.169126
75.076652,50.012538,229.061630
75.585224,50.488585,228.748250
74.354347,50.962378,228.405868
74.660330,52.157222,228.413198
74.680385,53.431041,228.243020
74.658328,54.053755,227.642161
74.367066,54.604743,227.656446
73.986302,55.029211,227.275514
73.353892,55.578389,226.962516
71.615890,56.079316,226.921826
71.205804,56.329768,226.827976
70.947134,56.565338,226.781297
70.823634,56.568985,226.808351
70.857896,57.031305,226.727484
70.821582,57.514170,226.806234
70.096780,58.205305,226.855293
69.793338,58.979750,226.460545
67.797285,59.987952,226.227877
67.522745,60.571648,225.923684
65.758621,61.363917,225.250375
65.900221,61.968602,224.995411
65.871723,61.994679,224.952022
64.386263,62.934206,224.519344
65.268301,64.006316,224.540065
64.230667,65.947179,224.789976
64.675718,66.496773,225.145861
64.876071,66.871738,224.822209
64.875808,66.872562,224.821704
64.817091,66.881160,224.848336
65.312362,68.546103,224.705837
64.841144,68.861511,224.464615
64.874071,69.085924,224.228461
65.107617,69.441247,224.308781
65.503226,70.085201,224.701030
65.248844,70.682162,224.432830
64.714231,71.128647,224.957679
64.480169,71.509730,224.917828
64.153732,72.110503,224.958693
63.994423,72.640914,225.074961
63.831048,72.922113,224.924555
63.813488,72.919673,224.931662
63.557335,73.482022,225.055907
63.219099,74.275600,225.350675
62.293982,74.688871,225.255988
62.262868,74.692110,225.244872
61.680097,74.895899,225.272288
61.392565,75.934410,225.047862
61.992251,77.510915,224.983566
62.080708,78.585836,225.348119
61.771284,79.481910,225.392842
62.084495,79.910262,225.518443
62.158414,79.918251,225.499064
62.638706,80.869028,226.239237
62.859060,81.344251,226.433180
63.430679,82.547526,226.873508
62.911368,82.726849,226.926923
63.013261,82.962401,226.819713
63.181885,83.319607,226.750453
63.169125,84.447018,227.303335
63.269944,85.383434,227.232152
63.014511,88.039178,227.125428
63.000892,88.064770,227.134123
62.818940,89.165712,227.264954
63.068578,89.831746,227.135682
63.655669,91.461005,227.536769
63.376972,91.798485,227.671543
64.051030,92.912010,227.632063
63.514081,93.270941,227.623415
63.181058,93.884231,227.666664
63.176741,94.725327,227.848744
62.411902,95.111313,227.967512
61.587316,96.024407,228.340002
61.577322,96.026216,228.338596
62.321864,97.062694,229.319201
61.944194,97.212587,229.171656
61.906616,99.043598,229.558982
61.914004,100.877980,230.163502
62.039195,101.117339,230.148934
62.169893,101.270587,230.079699
61.770758,102.368520,230.393867
62.064108,102.819904,230.984767
62.469298,103.426110,231.116242
62.496798,104.543416,230.948351
62.518768,104.545090,230.936506
62.813629,105.016517,230.654659
62.942700,105.537480,230.421988
62.873453,106.354335,230.603805
62.996052,106.986025,231.157242
63.040749,106.990588,231.140578
63.408812,107.391432,231.255208
63.657534,107.823892,231.280454
63.675315,107.982173,231.366438
64.418685,108.547435,231.075722
64.732776,108.778890,230.953045
64.321950,109.558131,231.648448
64.662200,109.990987,231.469683
64.766935,110.006937,231.410475
64.767824,110.008081,231.408244
65.499512,112.618460,232.321172
65.692854,113.574103,232.488400
66.519753,116.002988,232.494484
67.110285,116.528279,232.392727
67.625713,116.761835,232.367565
67.626238,116.762818,232.367671
67.375042,117.297565,232.737781
67.375475,117.298543,232.737911
68.015986,117.502959,232.687021
67.414516,118.312898,232.397454
67.837401,119.036338,232.538391
68.056885,119.492368,232.639059
68.758211,120.233533,232.655651
68.593954,120.263580,232.704568
68.282316,120.799734,232.229390
67.392801,121.319995,232.108946
67.457872,122.229309,232.174089
67.338616,122.676827,231.932940
66.941950,122.845645,231.929038
67.002204,122.862429,231.946903
67.136158,124.560446,231.765000
67.149678,124.562330,231.733506
68.022614,126.098186,231.346401
68.023927,126.099333,231.346545
67.529126,126.415368,231.325520
68.114317,126.761611,231.209418
67.799456,127.466675,231.323787
67.949316,127.493962,231.253983
68.831083,128.086066,231.363944
68.834657,128.087393,231.361196
68.324327,128.485619,231.482101
68.471234,128.752993,231.719600
68.666564,129.225927,231.798832
69.072725,130.180199,231.983996
69.064443,131.800964,232.322156
69.065220,131.802142,232.322834
68.838372,133.011373,231.858596
68.357824,133.356647,231.621862
68.513387,133.678389,232.071472
67.818954,134.037846,231.904495
68.661753,134.959781,231.805952
67.867214,135.760700,231.613258
68.053696,136.095412,231.632974
68.877039,136.831556,231.640758
68.862034,136.866435,231.608408
68.887709,136.876571,231.612758
68.810587,137.232647,231.954520
69.095443,137.630287,231.690813
67.923300,138.498921,231.690096
67.308264,139.187085,231.749775
67.356644,139.319092,231.726152
67.130316,139.339464,231.716965
67.123294,139.466882,231.849034
66.300065,139.814697,231.650934
65.860570,140.047187,231.529985
66.362157,140.444906,231.617075
65.870525,141.318990,231.822159
66.160881,141.794009,231.672177
65.798154,142.661465,231.472761
64.094595,143.353385,231.229358
63.727933,144.091143,231.375331
63.668111,144.618279,231.135261
63.750174,144.806816,231.214402
63.590633,144.936411,230.996118
63.656059,145.876193,231.173466
63.840539,146.536479,231.268655
63.718122,146.652183,231.292997
63.401448,147.986899,231.384935
62.898566,148.146286,231.446652
63.090889,148.250641,231.351643
62.677968,148.264489,231.318436
62.782696,149.457729,230.966952
63.012240,149.969943,231.077074
62.238090,150.587199,231.353934
62.373859,150.841438,231.562776
62.473981,151.639109,231.354130
62.525254,151.694131,231.332113
62.213401,152.448828,232.111187
62.076507,152.450183,232.073181
61.681846,152.567112,232.007402
61.936094,153.785275,231.503986
62.045048,154.054365,231.490143
62.250681,154.100996,231.519083
61.702095,154.609849,231.108321
61.704381,154.611747,231.109218
61.705470,154.613034,231.108862
62.159444,155.515424,231.014045
62.181766,155.982605,230.569501
61.803602,156.783929,230.819116
61.318887,157.783057,230.796501
61.572354,158.080120,230.265652
60.837391,158.766291,230.119686
60.997502,159.817065,229.977103
60.950604,159.926716,230.000189
60.562949,160.153895,229.971091
60.924087,162.152430,229.749121
60.596043,162.364449,229.630784
61.038057,162.688042,229.652055
60.820554,162.746720,229.752929
60.821089,162.748033,229.753265
61.208933,162.953256,229.818772
61.233845,163.070729,229.824395
60.807978,163.487692,229.558928
61.086074,164.152853,229.923261
60.796353,164.652693,230.038154
61.000862,164.912619,230.010710
61.452451,165.302504,230.032442
61.532411,165.551873,230.021152
61.662588,165.789475,229.880812
61.732739,166.155394,229.754378
61.619880,166.396684,229.401368
61.946142,167.239665,228.894216
61.976105,167.246070,228.896866
61.385684,167.460280,228.630069
60.624131,168.536712,228.631738
60.969997,169.080240,228.364797
60.640113,169.777473,228.299892
60.785389,170.685900,228.148883
60.225435,172.014772,227.989238
60.010299,173.181420,227.352198
59.401781,174.154551,227.294453
59.354448,174.292100,227.101994
59.437294,175.013309,226.884752
59.448223,175.524595,226.517693
59.533213,176.478042,226.376006
59.696727,177.747954,225.688320
59.532737,178.447572,225.732635
59.520469,179.136359,225.646424
59.896568,179.412411,225.504035
59.513663,180.098238,225.210648
59.446179,180.516270,225.089684
59.540240,181.185762,224.896220
59.566817,181.262472,224.809017
59.609338,181.796701,224.374836
59.717708,181.906048,224.355930
58.658409,182.159010,224.153996
58.684557,183.067542,223.579448
58.628878,183.298596,223.601210
58.514280,183.374026,223.471177
58.512065,183.374503,223.470882
58.614434,183.849168,223.157060
58.237435,184.466798,222.402652
57.916143,184.887632,222.401691
57.645865,185.065950,222.368603
57.664493,185.206998,222.336245
57.736708,185.279193,222.322805
57.784128,185.552512,222.297665
57.814971,185.621276,222.200792
57.858110,185.761676,222.266132
57.458341,186.378338,222.076292
57.439238,186.531924,222.070391
56.400952,187.042136,221.926122
56.318491,187.555479,221.923500
56.296127,187.882927,221.923065
56.104260,187.840093,221.853129
55.821279,188.070306,221.584298
55.716066,188.000545,221.549951
55.590107,188.430096,221.466431
55.510986,188.795651,221.489809
53.516870,190.120835,220.595503
53.559392,190.642961,220.196505
53.580713,191.056905,219.758448
53.579170,191.057516,219.758107
53.457839,191.451128,219.484809
53.225780,191.886685,219.684328
52.982075,192.074514,219.602933
52.846374,192.377051,219.425795
52.844730,192.504923,219.437093
52.108496,193.078776,219.452159
51.578251,193.554195,219.195018
51.560911,193.640263,219.125247
51.667908,194.103259,218.894183
51.293551,194.194444,218.851695
51.264133,194.484052,218.735072
51.370398,194.546903,218.724214
50.784371,195.548101,217.896200
50.594596,196.155911,217.434951
50.989012,196.853786,216.970565
50.881677,196.873165,216.855174
50.816230,197.046680,216.853965
50.602736,197.356155,216.272123
51.190054,197.902341,215.782630
51.251541,197.992029,215.717158
50.652018,198.023756,215.541580
50.277810,198.201926,215.159256
50.250069,199.225166,214.382743
49.182735,199.553531,213.993484
48.900665,199.958625,213.604590
48.847559,200.468325,213.158588
47.286829,200.962686,212.465831
46.826197,201.586970,212.404131
46.524434,201.782846,212.604184
46.261622,202.119804,212.581888
46.092505,202.803993,211.882674
46.157407,203.253232,211.609183
46.184300,203.328435,211.582995
45.877222,203.375668,211.272464
45.594899,203.922613,210.776578
44.848476,203.958403,209.368362
44.767944,203.845771,208.486075
44.477981,203.701177,208.122083
44.411427,203.642117,207.846150
44.186397,203.941876,207.576747
44.440274,204.193939,207.272663
44.568897,204.434337,206.983942
43.973224,205.285566,205.317979
44.082195,205.232809,205.170376
43.983507,205.181682,205.036836
43.868910,205.350960,204.970224
43.495646,205.532776,204.488676
43.330288,205.830181,204.173499
43.132412,206.203460,203.680933
43.140035,206.402788,203.415957
43.138066,206.515522,203.275461
41.361085,206.892751,202.298727
40.657262,206.744206,201.745016
40.673457,206.721856,201.675899
40.475487,206.787014,201.440133
40.389440,206.940457,201.274995
40.440451,206.905428,201.204965
40.510974,207.132482,200.613224
40.587385,207.200835,200.457326
40.615447,207.156053,200.400540
40.402875,207.185092,199.726375
40.348086,207.210997,199.718368
39.716340,207.467931,199.136732
39.165796,208.226066,198.676152
38.925934,208.507665,198.257846
38.528886,208.545404,198.237443
38.324195,208.289270,197.183330
38.241385,208.353780,197.045619
38.338777,208.165448,196.792198
38.125111,208.681323,196.122059
38.351696,209.237831,195.406774
38.366366,209.245957,195.398688
38.317433,209.796250,194.829184
38.356178,209.759226,194.759188
38.420930,209.720406,194.683085
38.524274,209.633801,194.350921
37.496550,209.439549,193.682905
37.691062,209.664180,193.231102
36.462500,209.408480,192.766368
36.563303,209.991553,192.082193
36.453013,210.181467,191.902332
36.307601,210.373051,191.834167
36.285668,210.399085,191.808835
36.133084,210.598523,191.298377
36.021312,210.766162,190.938431
35.792047,210.168245,190.491440
35.544403,210.035771,190.294438
35.628876,210.328764,189.948175
35.437622,210.665040,189.458366
33.591242,211.360480,186.836792
33.589555,211.363509,186.836109
33.033280,212.117943,185.519553
32.222704,211.923601,185.384948
32.038272,211.909506,184.556179
31.978848,211.501522,183.280263
31.848800,211.762347,182.871574
31.970567,211.668020,182.615602
31.666643,211.421779,181.846069
31.674327,211.410657,181.838729
31.487365,211.681553,181.586980
31.555543,211.621449,181.475433
31.530443,211.683987,181.472884
31.477259,211.765435,181.046686
31.615621,212.027760,180.276777
30.773287,211.434840,179.394174
30.487877,211.464417,178.990369
29.765040,211.671219,178.247956
29.633309,211.524610,177.974384
29.353642,211.957329,177.371739
29.372073,211.852994,177.313000
29.339357,211.839175,177.305843
29.267297,211.946314,177.126126
29.109399,212.218471,176.670705
29.101278,212.223988,176.674172
29.132698,212.212702,176.187440
29.231818,212.059193,175.900099
27.963325,211.808384,175.199648
27.113994,211.961294,174.709033
25.945247,211.856100,174.166567
25.974839,211.737646,174.024963
25.682463,211.576945,173.024947
25.692334,211.554915,172.778176
25.519299,211.974020,172.197556
25.460479,212.085713,172.013210
25.566995,211.745457,171.629082
25.390502,211.792473,171.443003
25.593464,211.646667,170.814397
25.599480,211.637032,170.811817
25.599633,211.636333,170.810505
25.598631,211.439008,170.517696
25.604022,211.785720,170.242363
25.688248,211.710278,170.079744
25.649027,211.487260,169.973307
25.648838,211.486491,169.972128
25.555855,211.280982,169.356477
25.107247,211.228975,168.773851
25.280189,210.899865,168.367532
25.301443,210.863889,167.995991
24.908273,211.134703,167.473424
24.907905,211.133899,167.472269
24.907173,211.132930,167.471151
24.929155,211.128915,166.084359
24.956119,211.009566,165.699899
25.073439,210.795132,165.304643
24.990927,211.001154,164.116861
24.991586,211.003094,164.115594
24.872901,210.824424,163.744301
24.311514,211.417964,162.005974
24.295123,211.588610,161.733050
24.246103,211.626532,161.674719
23.808206,211.860597,160.148526
22.778342,211.680479,159.796964
22.739956,211.750123,159.747179
22.669876,211.892501,159.503141
22.627977,211.971238,159.464674
22.645266,211.931852,158.866187
22.623402,212.184428,158.174367
22.545689,212.093762,157.085233
22.426574,212.359338,156.103473
22.196884,212.284092,154.777367
22.148716,212.242360,154.557936
22.113213,212.300148,154.530285
22.088117,212.099526,154.386026
21.973360,212.640026,153.168104
21.892996,212.620242,152.640485
21.990790,213.340039,151.219714
21.849853,213.529795,150.882124
22.004208,213.670225,150.129209
21.871349,213.920483,149.746400
21.075274,214.443775,149.340128
20.831110,214.824578,148.776978
20.780891,214.822459,148.297916
20.987824,214.747184,147.202794
20.714666,215.239037,145.664601
20.714814,215.231893,145.661502
20.751605,215.193684,144.828905
19.696776,214.760289,142.875139
19.596026,215.019551,142.520480
19.588279,215.006045,142.476920
19.516544,215.193933,142.093893
19.492281,215.686172,140.356437
19.312349,215.366425,139.948341
19.273410,215.454861,139.891325
19.261893,215.989669,138.717289
19.531293,216.255219,137.548552
19.346023,216.399105,136.998829
19.305282,216.651806,135.692228
18.795571,217.416089,133.798538
18.736171,217.549274,133.517070
18.756221,217.728437,132.543561
18.270192,217.997147,130.807681
18.194635,217.985107,130.524966
18.317422,218.049653,129.954413
18.411473,218.289540,129.451987
18.510398,218.360884,128.022317
18.513513,218.391530,127.975889
18.609758,218.764657,127.229411
18.345438,218.341663,125.989706
18.250591,218.537892,125.390005
18.127334,218.719758,124.213286
18.232647,218.420517,123.690391
18.216271,218.842819,122.765844
17.929313,219.239365,121.676535
17.787382,219.291880,121.245972
17.176315,219.114493,119.940383
17.193125,219.510730,119.108671
17.219862,218.855964,118.043262
17.044461,219.269846,117.035445
17.015630,219.345453,117.013886
17.017721,219.356603,117.012676
16.951120,219.450467,116.593519
16.778377,219.791026,116.063892
16.962665,219.696919,115.399075
16.885546,219.961552,114.965991
16.786886,219.884581,113.596056
16.614610,220.132200,112.810603
16.430199,219.564203,111.010684
16.307968,219.911393,110.329570
16.231163,220.165662,109.545737
16.322733,220.236130,109.000089
16.175659,220.618188,107.916049
16.108657,221.055386,106.934786
16.100339,221.065433,105.738672
15.953599,221.332229,105.249678
15.920980,221.679071,104.279231
15.259447,221.653174,103.540346
15.347907,221.688206,102.664461
15.322516,221.675033,102.170119
15.233565,221.435406,101.934219
15.217027,221.467999,101.707143
14.841493,220.865303,99.756002
15.002338,220.839305,99.009381
14.652785,220.936992,97.462588
14.731906,221.242343,96.933030
14.793312,220.990521,96.683117
14.652212,221.059994,96.628161
14.451754,221.411611,94.903780
14.314365,221.798205,94.154841
14.193914,222.068305,93.671126
13.280401,222.039778,92.483881
13.320060,222.310791,92.276182
13.103615,222.582108,92.061489
13.124640,222.445877,91.806517
13.197524,222.236837,90.996689
13.275787,222.181830,90.389302
13.018526,222.507240,88.077673
12.961777,222.617119,88.010605
12.874574,222.241417,86.466908
12.209763,221.990901,85.940070
12.110717,222.562082,84.723334
11.967749,222.807198,84.250900
11.902495,223.113170,83.827124
11.900832,223.116428,83.826369
11.879112,223.180213,83.784561
11.820865,222.322825,82.225592
11.902861,222.677113,81.668023
11.843815,222.867833,81.223540
11.825126,222.826637,81.162900
11.800120,222.873543,81.124085
11.702625,222.624213,79.850916
11.810023,222.516581,79.049398
11.604809,222.832720,78.368050
11.563516,222.821029,78.154405
11.469711,223.110586,77.746616
11.282116,223.538370,77.211280
11.312845,223.660867,76.973112
11.123170,223.496683,76.012702
11.081227,223.631319,75.632974
10.938650,223.223352,74.875212
11.237342,223.258111,74.160555
11.153347,223.784819,73.162205
10.986603,224.026458,72.182745
11.228141,223.963866,71.113957
11.231322,224.052417,70.110158
11.316195,224.281869,69.760315
11.244989,224.514685,69.390109
11.144077,224.790231,68.769934
10.730411,224.796634,67.741177
10.815204,224.815389,66.382349
10.639700,224.659264,65.688922
10.639991,225.246156,65.156293
10.599542,225.330216,63.967960
10.377284,225.755469,62.687706
10.627487,226.397246,61.108365
10.680092,226.250710,60.874544
10.696436,226.258743,60.865900
10.660939,226.430749,60.596258
10.684408,227.086698,59.780814
10.565050,227.550593,58.940079
10.524092,227.533909,57.743880
10.445997,227.060908,56.237685
10.322982,227.148841,55.743371
9.586675,227.276994,54.736444
9.628663,227.136203,54.349709
9.592219,226.964352,53.446007
9.495304,226.925627,52.289233
9.553130,227.087224,51.700927
9.554584,227.079908,51.699396
9.560946,226.482135,50.813921
9.492534,226.451481,49.924485
9.307193,226.568880,49.550974
9.272494,226.823088,48.716637
9.321207,226.639419,48.181448
9.290996,226.811554,47.924888
9.383023,227.159214,47.130656
9.294810,227.176954,46.453184
9.347932,227.323180,46.090329
9.324081,227.412115,45.904219
9.264051,227.429158,45.489539
9.010420,227.375491,45.362653
9.017027,227.320127,45.046311
8.889366,227.289588,44.645966
8.992297,227.526824,44.319335
8.992912,227.527788,44.317986
8.952385,227.467276,43.962463
8.826234,227.038033,42.755377
9.122203,227.358363,42.397611
8.683583,227.022912,41.198607
8.660924,227.117942,41.058223
8.804878,227.172871,40.139719
9.050412,227.612340,39.548386
9.011093,227.646940,38.723653
9.144843,227.927242,38.283958
9.218286,227.826837,37.139520
9.346058,228.005749,36.049743
9.328319,228.076486,35.933799
9.497266,228.039492,35.701348
9.421893,228.121011,35.166641
9.235799,228.109436,34.803035
9.186210,228.163319,34.601473
9.114622,228.041418,34.238384
9.093395,227.297799,33.538968
9.152738,227.441049,33.199668
9.156657,227.533407,33.101763
9.328699,227.994847,32.568916
9.383445,228.015103,31.967850
9.486493,228.171591,31.727715
9.620469,228.027625,31.042762
9.851516,226.825880,30.531775
9.851975,227.095358,30.172098
9.949695,226.898933,29.543693
9.931785,226.665023,29.059541
9.929812,226.910424,28.701251
9.999302,227.002865,28.599688
10.066594,226.938074,28.108270
10.097508,226.979046,28.035441
9.931309,226.901575,27.727613
9.907226,226.958269,27.669259
9.889404,227.015914,27.612569
9.824731,227.180628,27.382551
9.881287,227.310749,27.122866
9.771884,226.560122,26.654856
9.811739,226.491331,26.453044
9.780547,226.591352,26.360413
9.843401,226.676104,25.854149
9.855489,226.735580,25.786678
9.793037,226.862680,25.591036
9.760824,226.997463,25.473343
9.761821,226.916820,25.137414
9.762244,226.918269,25.135680
9.723147,227.038325,25.028087
9.532457,227.056106,24.853624
9.516916,226.904222,24.410443
9.512207,226.520165,23.614714
9.460692,226.537075,23.046239
9.518196,226.552987,22.815551
9.551129,226.597491,22.770600
9.584505,226.485261,22.555536
9.625063,226.009476,22.366501
9.632672,226.083634,22.308833
9.526766,226.479146,21.950920
9.351461,225.812414,21.338214
9.247864,225.992018,21.117419
9.266751,226.079207,20.906474
9.230277,226.092416,20.685501
9.170490,225.571460,20.456169
9.139020,225.540063,19.881519
9.115606,225.549955,19.729091
9.120993,225.806441,19.293208
9.096380,225.849179,19.135392
9.109316,225.891487,19.058835
9.137133,225.940150,18.675959
9.033636,225.903525,18.461585
8.761828,225.859798,18.313991
8.724531,225.947779,18.234226
8.676046,225.977888,18.098271
8.621725,225.964232,17.772343
8.536334,226.025384,17.475518
8.538306,226.191668,17.349887
8.517876,225.863508,17.344614
8.380286,225.593800,17.388692
8.382196,225.460021,17.465333
8.377440,224.896924,17.238124
8.319322,224.563438,17.022983
8.287087,224.098077,16.997691
8.128362,224.009403,17.001728
8.076296,223.549315,16.967689
7.888812,223.354667,17.077921
7.907060,223.257283,16.984635
7.837955,223.040917,17.081335
7.849500,222.862266,17.164422
7.858742,222.876072,17.033964
7.847483,222.468697,17.070720
7.813094,221.900646,16.902789
7.908518,221.400253,16.315721
7.949716,221.216047,16.404839
7.964508,220.739294,16.076043
8.132176,220.546538,16.095074
8.091612,220.150965,16.073164
8.019824,220.094395,15.926730
7.995735,219.801687,15.833615
8.004560,219.761168,15.851469
7.979012,219.690783,15.821696
7.831682,219.403515,15.948835
7.895643,219.130780,15.750647
7.879871,219.029224,15.707501
7.924027,219.022128,15.505665
7.970070,218.631446,15.318464
7.938273,218.625013,15.289140
7.854635,218.012451,15.076419
7.961586,217.708748,15.206806
7.932550,217.461830,15.261628
7.933683,217.394465,15.275512
7.842088,217.177533,15.370111
7.821896,217.025978,15.358017
7.805321,216.884035,15.311520
7.974144,217.086734,15.285134
7.992189,217.011080,15.320293
8.014410,216.840750,15.357372
7.983867,216.527320,15.101035
8.022681,216.368119,15.162414
7.999916,216.090554,15.251490
8.017120,216.006667,15.273056
8.036268,215.818988,15.226403
7.949220,215.690689,15.277045
7.976898,214.851017,14.778282
8.029067,214.569230,14.832641
8.088002,213.968647,14.700297
8.107076,213.870183,14.735561
8.037775,213.798455,14.772155
8.068272,213.591814,14.846509
7.749005,213.625596,14.658114
7.885409,213.133103,14.296173
7.904580,213.085490,14.214046
7.944816,213.162684,13.961035
8.042685,212.348550,13.712509
8.061581,212.294000,13.515602
8.084782,212.172088,13.554501
8.167652,211.788857,13.446320
8.237831,211.615483,13.086441
8.278597,211.543086,12.868060
8.240858,211.211118,12.825653
8.100617,210.887729,12.859107
7.991092,210.650403,12.648362
7.865289,210.418056,12.673833
7.988233,209.998467,12.549504
8.009158,209.590792,12.574848
7.996725,209.286988,12.660384
7.996801,209.286270,12.660339
7.996161,209.059254,12.660648
8.037639,208.751182,12.746868
7.907550,208.327723,12.731119
8.124995,208.301041,12.702658
8.076849,207.994067,12.547658
8.104601,207.619521,12.587135
8.318804,207.446937,12.409854
8.406068,207.003162,11.930194
8.894574,207.265738,11.739218
9.127435,206.191120,11.183033
9.426209,206.115855,10.574841
9.472104,205.937534,10.445658
9.596056,205.453850,10.051308
9.690934,204.934276,9.942829
9.572800,204.571468,9.772476
9.623735,204.278080,9.836832
9.969561,203.841846,9.660039
10.165429,203.639903,9.375544
10.152286,203.616138,9.365441
10.014768,203.161649,9.352436
10.121306,202.125915,9.452762
10.179172,201.805752,9.326854
10.174040,201.753440,9.177426
10.178030,201.751178,9.181345
10.321980,201.109248,9.217880
10.291305,200.993849,9.222670
10.337041,200.758666,9.264380
10.443878,200.003206,9.333583
10.635659,199.273469,9.010650
10.845881,198.731113,9.028183
10.870736,198.399661,9.042638
10.934953,198.058349,9.101075
10.936412,197.746566,9.129228
10.995129,197.476995,9.149237
11.030130,197.458069,9.046124
10.940173,196.448656,9.208433
10.884255,195.632069,9.115885
10.978519,195.611467,9.011495
10.991827,195.092021,8.821663
11.082609,195.105692,8.812193
11.090742,195.105778,8.756888
11.082230,195.094884,8.750228
11.148721,194.333057,8.826608
11.150780,194.331974,8.828305
11.143625,193.703860,8.921253
11.087710,193.240779,8.869965
11.087136,193.239868,8.869319
11.090336,191.795642,8.841492
11.234877,191.098308,8.911868
11.335378,191.134267,8.889064
11.360950,190.357529,9.042676
11.420599,190.011083,9.097670
11.108666,187.301423,9.379465
11.165437,185.358976,9.418876
11.331713,185.019636,9.452036
11.210198,184.501703,9.518416
11.278426,184.140778,9.477879
11.324620,183.727321,9.519583
11.452701,183.175193,9.530081
11.568405,183.089548,9.453335
11.895784,182.510447,9.579552
11.961048,182.515184,9.558601
12.025247,182.469215,9.528504
12.133756,182.059271,9.467102
12.165296,181.032204,9.152506
12.060565,180.470811,9.092701
12.141741,180.485112,9.073599
12.159798,180.391090,9.105952
12.173682,180.015599,9.004870
12.157237,179.989527,9.024173
12.157099,179.985090,9.023439
12.157017,179.984202,9.023662
12.137204,179.914796,9.009285
12.134037,179.913969,9.007222
12.074475,179.231268,8.954332
12.046025,179.167135,8.936450
12.364328,178.680912,8.701071
12.381054,178.665237,8.712558
12.286117,179.073072,8.234478
12.414193,178.485315,8.503136
12.431048,178.485998,8.496315
12.470732,178.224194,8.519274
12.706673,176.914450,8.404904
12.745908,176.883549,8.430662
12.774323,176.718550,8.177201
13.288995,175.733334,8.346421
13.281461,175.238380,8.137583
13.558931,174.624096,8.087501
13.488507,174.209804,8.052648
13.430468,173.997356,8.022380
13.294960,172.921573,7.968347
13.307219,173.375216,7.691140
13.710365,172.898505,7.403831
14.148380,173.210072,6.980309
14.108304,173.019615,7.053582
14.182323,173.327910,6.950644
14.346113,172.909467,6.958442
14.597748,173.233140,6.695067
14.787299,173.048003,6.868325
14.776793,171.570993,6.748497
14.772480,171.478337,6.746380
14.834440,169.076832,6.618816
14.832844,169.075568,6.617457
14.666248,166.553898,6.816340
14.665851,166.552695,6.816559
15.068191,165.679619,6.678964
15.058112,165.669900,6.674452
15.119534,165.634198,6.625483
15.452021,163.201197,6.520917
15.451940,163.200051,6.520833
15.589630,163.244756,6.503285
15.794337,162.395355,6.485512
15.732658,162.110405,6.460378
15.830836,161.769396,6.414525
16.270423,161.321104,6.382946
16.300274,161.310145,6.391464
16.539926,160.944025,6.277975
16.529433,160.925235,6.283051
16.624392,160.932770,6.229805
16.557014,160.228706,6.397437
16.558515,160.227135,6.399004
16.545524,159.404392,6.612567
16.735182,159.076089,6.645416
16.804094,159.039622,6.658960
16.816680,159.011192,6.709428
17.378985,158.553498,6.633295
17.650589,158.078010,6.664201
17.629017,157.930783,6.842343
17.763272,157.176991,6.819318
17.756832,157.142046,6.834437
18.133126,157.175173,6.887999
18.169779,157.163969,6.799954
18.092580,156.551912,7.005320
18.075512,155.319585,7.003968
18.230133,154.662415,7.084420
18.423988,153.599599,7.091846
18.676231,152.550616,7.250340
19.282282,152.193816,7.400491
19.448377,151.718371,7.374990
19.527712,150.902346,7.627357
19.445529,150.189764,7.719101
19.437655,150.183558,7.716298
19.418459,150.029453,7.947497
19.320908,149.280271,8.249643
19.675552,149.412130,8.190468
19.469824,148.239432,8.263003
19.439971,147.067997,8.265039
19.688548,145.865449,8.099390
19.645260,145.681006,8.086754
19.580297,145.551370,8.053361
20.115841,145.382221,7.956505
20.140074,144.352564,8.101888
20.182971,144.335004,8.112742
20.401690,144.279863,8.232638
20.816009,142.573068,8.339850
20.754898,142.168559,8.474040
20.763576,141.639853,8.531102
20.621411,140.843733,8.476827
20.748875,140.608754,8.774117
20.876476,140.658183,8.814884
21.131245,140.654554,8.949443
20.992825,139.894811,8.891653
20.800994,138.516787,8.801446
20.856665,137.973629,8.760534
20.867829,136.514905,8.796833
21.034581,136.362893,8.868836
21.150776,136.056993,9.084484
21.151393,136.053834,9.094973
21.049194,135.169328,9.183032
21.170323,134.078401,9.184770
21.154702,134.027953,9.206589
21.298826,132.460052,9.345461
21.957702,131.199662,9.572925
22.017499,130.382147,9.790061
22.075420,130.052518,9.828425
22.027092,129.632306,9.759053
22.033237,129.618770,9.732296
22.204583,129.269141,9.691023
22.404871,128.474429,9.889211
22.872210,128.263863,9.912499
22.941555,128.053210,9.838684
23.509428,127.462249,9.986508
23.844766,126.940584,10.059218
23.813530,126.323051,10.110265
24.185327,125.189359,10.359183
24.237610,124.581582,10.508354
24.323646,123.664813,10.601536
24.634425,123.005943,10.788114
24.923157,122.613240,11.017548
24.998389,121.990348,11.117268
25.569213,121.190730,11.493843
25.726795,120.171565,11.566884
25.596847,119.531894,11.653211
25.723181,119.037995,11.645252
25.857239,118.791526,11.582964
26.441792,118.246128,11.916184
26.348028,117.810369,11.943966
26.303081,117.441916,11.923882
26.600967,116.683877,12.004915
26.589181,116.308584,12.021017
26.588326,116.301895,12.021972
26.781272,115.539585,12.177638
27.396883,115.425507,12.125365
27.454106,114.994394,12.148077
27.658811,114.485993,12.231774
27.671286,114.020047,12.320340
28.290011,113.568476,12.453946
28.237006,113.051294,12.606012
28.464794,112.431494,12.619698
28.525090,111.972296,12.908789
28.775229,111.713118,13.057205
28.857844,111.455562,13.018873
28.979901,111.215575,13.179441
29.279340,110.506906,13.236372
29.310321,110.311575,13.297632
29.467094,109.821935,13.354561
29.635114,109.321798,13.322002
29.756340,108.823207,13.451506
29.926641,108.201046,13.554070
30.055204,107.312152,13.768918
30.657674,106.726026,13.469246
31.354886,106.228540,13.489731
31.885204,105.861111,13.416301
32.056903,105.449921,13.379737
32.690113,105.179589,13.678986
33.137205,104.624039,13.816474
33.713580,105.153861,13.861484
34.448545,105.440142,13.829956
35.476498,106.158558,13.795496
35.974866,106.388321,13.771719
36.275189,106.852071,13.803383
36.560970,106.995019,13.804792
36.779192,107.301402,13.706189
37.200006,107.661418,13.592169
37.478887,108.059580,13.446186
37.864781,108.519979,13.767840
38.440990,108.920869,13.580375
39.343983,109.206290,13.559206
39.803741,109.505476,13.454425
40.906203,109.819478,13.760385
41.966976,110.146921,13.834974
42.156128,110.560223,13.722678
42.393175,110.838204,13.774710
43.367420,111.277638,13.805089
44.535191,112.341282,13.440013
45.291423,112.747254,13.409281
45.882283,113.251982,13.528081
46.406034,113.794608,13.560428
46.990897,114.150848,13.664513
47.363994,114.599559,13.599184
47.642794,115.117587,13.419091
48.325086,116.122201,13.476820
49.363050,116.769652,13.398988
49.851897,117.144107,13.283763
50.922925,117.319908,13.201794
51.242977,117.022572,13.237296
52.104767,117.241398,13.350382
52.125558,117.225486,13.331133
52.613131,117.301124,13.387098
52.939952,117.372089,13.454262
53.166231,117.750452,13.385684
53.916545,117.771888,13.393898
56.276654,118.601691,14.076144
57.240599,119.126872,14.540719
57.815651,119.442137,14.435469
58.847775,120.844319,14.448012
59.003258,121.121565,14.499758
59.362319,122.114987,14.622352
59.507964,122.428513,14.656912
60.770911,123.880773,14.914509
62.952726,125.485297,15.049846
63.922784,126.667106,14.882544
65.419993,127.835730,14.940032
66.257739,128.423680,14.800272
67.375700,129.139838,15.615055
68.526044,129.593381,15.772113
69.115315,130.107130,15.657745
70.855763,131.944616,15.404651
71.257922,132.398574,15.427963
72.115053,133.344958,15.451242
72.655866,133.647725,15.340927
73.241908,134.659419,15.670827
74.061570,135.489583,15.697125
74.626415,135.438914,16.286707
74.891745,135.500745,16.245633
75.845899,136.155552,16.312648
76.624200,137.651613,16.327805
76.804364,138.092805,16.721621
77.976362,138.412084,17.350352
78.473854,138.298491,17.214159
78.700714,138.698440,17.141184
78.964803,139.185221,17.200369
80.291800,141.377175,17.438411
81.468426,142.247983,17.485261
81.500697,142.434164,17.643313
82.253841,143.012782,18.074736
82.772702,143.999971,18.151706
83.213644,144.483629,18.196942
83.633861,144.884254,18.173145
85.873454,146.697831,18.265358
86.397925,146.950016,18.377152
86.768742,147.365839,18.501053
86.767006,147.373011,18.497139
87.054381,147.211726,18.457622
88.511834,147.741805,18.692931
88.932209,148.787697,18.523032
88.913102,149.157190,18.450862
89.377128,149.493053,18.391516
90.208008,149.932435,18.439132
90.542514,149.988579,18.498983
92.020386,151.566421,18.560140
92.283962,151.388661,18.608911
92.659895,152.025251,18.513211
94.193483,154.085353,18.610357
94.427528,153.930688,18.640089
94.985608,155.056682,18.775194
95.266170,155.708602,18.874818
95.241841,155.845303,18.907450
96.159606,156.862114,18.911512
96.520509,156.992657,19.002571
96.507631,157.011921,19.010239
97.127347,157.827172,19.177464
97.595777,158.248470,19.268601
98.105836,159.495372,19.348306
98.357308,159.492310,19.274501
100.235321,159.841264,19.277219
101.811015,161.340546,19.411892
103.053651,162.186673,19.146267
104.597924,164.267216,18.884323
105.673436,164.289744,19.118255
107.433056,166.839129,19.501281
108.601400,167.377225,19.281366
109.855027,168.695443,19.353877
110.129340,168.541589,19.402751
110.092407,168.612844,19.470839
111.139344,169.757881,20.143963
111.297383,170.464713,20.180967
111.702665,171.180347,20.170551
112.362716,171.493896,20.055002
112.564372,171.706581,20.125051
113.619780,173.139621,20.135442
114.214249,174.583760,20.152852
115.046963,175.105871,20.348315
115.878311,175.821572,20.439864
116.531999,176.850162,20.723722
118.013308,177.835262,21.009717
118.771784,179.247817,21.215665
118.748769,179.468172,21.223630
118.845162,179.481940,21.244929
119.145253,179.291042,21.283829
119.148299,179.290620,21.285459
119.976755,179.670975,21.507447
120.625522,180.779597,22.073970
121.938404,181.790828,22.052150
122.470574,182.099582,22.210543
122.855174,182.610554,22.309928
122.824352,182.768429,22.416530
122.833179,182.706895,22.374782
123.807682,183.442285,22.333488
124.144115,184.547354,22.596155
124.382609,184.954638,22.711081
125.287452,184.926591,22.976042
126.110273,185.873662,23.130580
126.093952,186.015406,23.197266
126.811830,186.512188,22.969470
127.415098,187.084927,23.023450
127.456790,187.172210,22.988784
128.444390,187.562758,23.233921
129.646229,188.295991,23.129765
129.978030,189.281712,23.302115
130.710828,189.340362,23.107233
131.224566,189.303068,22.972474
132.496175,189.932680,22.916594
133.482913,190.088687,23.160019
133.747050,190.117794,23.111254
134.358350,190.156404,23.987829
135.325389,191.329993,24.102826
135.589973,191.282741,24.111543
136.538687,191.831258,24.494973
137.816691,193.235523,25.429113
139.244612,194.840444,25.803402
139.845903,194.715007,25.786339
139.850955,194.846851,25.846904
139.960047,194.963964,26.048812
139.966955,195.008052,26.082480
141.424596,194.916781,26.213894
141.784803,194.453231,26.221495
142.519845,194.862016,26.630253
142.520653,194.862441,26.634591
143.093361,194.769572,26.496216
145.439114,197.194684,26.768336
147.906595,200.148790,26.902758
148.464210,200.320642,27.214896
149.031703,200.881976,27.297921
149.262699,200.749380,27.278107
150.190157,201.788304,27.727538
151.317919,202.571912,27.963874
152.160328,203.149381,27.932403
153.172286,204.122267,28.181277
154.154884,204.676144,28.361534
154.157859,204.680923,28.347956
154.535699,204.783052,28.236036
155.389293,204.232368,28.796051
156.043712,203.963450,28.698984
156.309658,204.238690,28.551945
156.860051,204.153198,28.346933
156.908561,204.205258,28.309161
156.926903,204.225164,28.319175
157.172940,204.159007,28.198957
157.632898,204.217345,28.203132
158.608233,204.970791,28.440752
158.803369,204.963599,28.330847
158.852973,204.956215,28.259858
159.067882,205.132334,28.613664
159.791174,205.624486,28.768528
160.431427,206.536185,28.853007
160.853300,206.777506,28.727217
160.879042,206.881344,28.742083
160.997640,206.967048,28.638419
162.208189,206.954430,28.803372
162.354841,206.804030,28.887684
163.019950,206.930365,29.554388
163.046371,206.950958,29.479376
163.150547,206.812870,29.525963
163.265323,206.936791,29.481385
164.032719,207.158062,30.096246
164.549450,207.513989,30.254520
165.729243,208.221702,30.554959
166.367477,208.571984,30.773931
166.719882,208.795166,30.643824
166.795424,208.697002,30.573312
167.301298,208.410912,30.458398
168.487799,208.340226,30.526454
168.880270,208.061928,30.642283
169.668002,208.171241,30.583150
170.476890,208.098075,30.318971
171.282072,208.646209,30.161880
171.579163,209.124171,30.281242
173.159125,208.547433,30.476297
173.843504,208.862646,30.123174
174.229727,208.917877,30.175146
176.353645,210.122593,30.457588
176.529014,209.988198,30.401107
176.552502,209.974465,30.440774
176.979702,209.940351,30.472192
177.863671,210.021330,30.651966
178.701107,209.965191,30.685771
179.974280,209.936389,30.694901
180.336669,209.991138,30.506758
180.359648,209.991320,30.516228
180.953178,210.020789,30.568540
181.036537,210.131968,30.845034
181.360864,210.158809,30.731511
181.661821,210.362710,31.357001
182.758700,210.698756,31.613936
183.271613,210.332182,31.754750
183.624933,210.595007,31.834561
183.993125,210.655204,31.763697
184.131315,210.441820,31.889216
184.426451,210.434353,32.028004
184.458108,210.303834,32.175286
185.395030,210.703908,32.287367
185.832705,210.992170,32.388746
185.833981,210.992732,32.389018
186.134677,211.185405,32.699338
186.578163,211.418848,32.815203
187.166036,211.680079,32.579532
187.608021,211.800104,32.379374
188.045066,212.384232,32.297451
188.531456,212.527495,32.599011
189.132941,212.416764,32.429550
189.542224,212.640710,32.477365
190.004460,212.591331,32.710251
190.302572,212.488834,32.621555
190.492110,212.624252,32.766947
190.773531,212.629510,32.625963
190.955748,212.711126,32.566793
191.148546,212.640472,32.430477
191.335784,212.680293,32.275508
191.856243,212.540607,32.284598
192.512188,213.060926,32.149333
193.059983,212.857598,33.230797
193.275096,213.161531,33.388083
193.698137,212.971476,33.347254
193.702197,212.972298,33.355302
193.753734,212.955989,33.493937
194.827686,212.631471,33.813207
194.936164,212.707757,33.775265
195.377441,213.301681,34.033305
195.589447,213.529170,34.091218
196.190014,213.124379,34.547138
196.472865,212.986324,34.476888
196.523705,212.892038,34.595764
197.322053,212.829077,34.909417
197.784628,212.613670,35.056412
197.911047,212.456042,34.723712
197.966226,212.424356,34.700343
199.060896,211.748061,34.918373
199.661078,211.459362,34.638068
200.307204,211.042628,34.991106
200.919182,210.696241,35.527095
201.018965,210.207555,35.896703
201.117934,210.099964,35.899905
201.792083,209.731913,35.728826
202.421928,209.206613,36.034410
202.725263,209.163779,35.578590
202.910254,208.787435,35.306679
203.709226,208.276145,35.340031
204.278863,208.042613,35.497827
204.429778,207.957041,35.399845
204.583849,208.009380,35.310086
205.008274,207.783849,35.641929
205.423536,207.249545,35.568988
205.708866,207.052996,35.609857
206.544678,206.507726,35.271022
206.591049,206.551479,35.237690
206.853926,206.329503,35.256397
208.385499,205.719777,36.176980
208.754338,205.563389,35.851827
208.856902,205.476055,35.829466
208.802739,205.317949,35.829033
209.378947,205.014430,35.915284
209.838718,204.790871,35.842401
210.113189,204.678615,35.489429
210.505505,204.574940,35.275001
211.270185,203.594278,35.406362
211.243097,203.564269,35.427351
211.409746,203.477704,35.922172
211.407656,203.471337,35.949110
211.398684,203.459283,35.957887
212.279253,202.870411,36.558807
212.402513,202.644595,36.639713
212.717050,202.568502,36.943766
212.734618,202.419951,36.933194
212.939236,202.104697,36.805651
212.930522,201.613252,36.527380
213.422726,200.935092,36.999384
213.686002,200.446583,37.177352
213.965946,200.109455,37.279023
214.173515,199.891798,37.168502
214.457225,199.231264,37.245377
214.488324,198.952749,37.194564
214.498065,198.791184,37.290845
214.682596,198.277910,37.046553
215.921385,197.822166,37.395372
216.252663,197.000325,37.989106
216.506056,196.556984,38.204295
216.811574,196.099671,38.042973
217.374044,195.333341,37.729559
217.319170,195.252484,37.743310
217.644188,194.832676,37.567487
217.692240,193.546431,37.889787
217.586515,192.829958,38.806024
218.264042,191.970725,38.767796
218.793731,191.572188,39.093206
219.002850,191.358262,39.101581
218.950393,190.898005,39.097747
219.405083,190.326839,39.378435
219.344792,190.218358,39.446942
219.360010,189.675942,39.544178
219.394719,189.315008,39.971291
219.439860,189.184492,39.934433
219.612289,188.202738,39.477696
219.832065,187.727668,39.285982
219.941256,187.402137,39.182928
220.311159,187.019417,39.479522
220.623417,186.431750,38.892399
220.626794,186.430166,38.887680
220.725756,186.066594,39.063810
221.169903,185.331754,38.872735
221.243584,184.718093,39.169676
221.146685,183.865095,39.710568
221.142914,183.863363,39.715077
221.086189,183.631497,39.680248
221.183660,183.568360,39.658714
221.368465,182.915136,39.611057
221.524922,182.596435,39.617609
221.640644,182.592220,39.717821
221.971416,182.128504,39.609703
222.378769,181.232971,40.127650
222.344500,181.150693,40.155642
222.344549,181.149369,40.155947
222.425326,180.892071,40.458905
222.558832,180.791260,40.365897
222.714961,180.467578,40.201706
222.828270,180.341747,40.130260
222.823663,179.993089,40.217166
222.734368,179.767011,40.320796
222.745063,179.763463,40.308102
222.775950,179.746037,40.370428
222.832863,179.441635,40.033826
222.581503,178.398527,40.277640
222.743349,177.647030,39.972135
222.752827,176.866447,40.014549
222.823903,176.775121,39.945954
222.628258,176.376678,40.197349
222.540049,176.251122,40.304533
222.308981,175.602294,40.190247
222.391299,175.518174,40.159117
222.512133,175.118085,40.333803
222.398475,174.802714,40.326840
222.177210,174.207729,40.245512
222.254833,173.962421,39.966111
222.084646,172.868543,40.480249
222.204474,172.764661,40.546839
222.264036,172.497013,40.528214
222.218786,172.312587,40.693058
222.348438,171.501535,40.640311
222.670973,170.749946,40.808385
222.655051,170.106036,40.553890
222.655377,170.104890,40.553769
222.801390,168.855202,40.692128
222.890393,168.745761,40.653079
223.181243,167.868022,40.989522
223.191526,167.159682,41.026753
223.281655,166.932487,41.005767
223.516707,166.739852,40.534710
223.508897,165.763669,40.547039
223.614979,165.229621,40.952971
223.481432,165.011109,41.156314
223.554174,164.187377,41.440486
223.851188,162.981495,42.477244
223.783051,162.503685,42.812276
223.944151,162.276332,42.740529
223.592137,161.339707,43.154181
223.507347,161.229667,43.268432
223.282802,160.727591,43.667569
223.316298,159.842287,43.740313
223.643373,159.189646,43.894494
223.750488,159.001587,44.172215
223.809962,158.665816,44.427132
223.992834,158.229646,45.023393
223.862377,157.162613,44.841174
223.699756,155.304500,45.668830
223.545325,154.938927,45.784129
223.517119,154.936895,45.819844
223.687717,154.470335,45.537115
223.630438,154.066204,45.663013
223.213049,153.556380,45.456785
223.491192,153.150542,45.376420
223.348472,152.709562,44.769643
223.282884,152.407653,44.686807
223.204375,151.802615,44.962971
223.164796,150.943508,44.862430
223.161777,150.897371,44.725400
223.282355,150.053808,45.544419
222.997359,149.627338,45.527682
223.065644,149.178303,45.398048
222.925750,147.699949,44.942149
223.012970,146.633073,45.337927
222.862690,145.889346,46.005272
222.761297,144.832727,45.915718
222.946271,144.376429,46.019176
223.334357,143.589847,46.605665
223.368218,142.994142,46.632689
223.383227,142.989711,46.661531
223.242843,142.101825,46.354844
223.407113,141.099913,45.947254
223.588734,140.728238,45.975292
223.660426,140.672988,45.983274
223.912653,140.279636,45.710329
223.737250,138.939357,45.606480
223.691660,138.570277,45.897241
223.717646,138.285317,45.965214
222.878579,136.978190,45.493320
222.856070,136.974952,45.463403
222.755925,136.858587,45.226043
222.333408,135.891983,45.026413
222.243599,135.477524,44.766412
222.245348,135.475640,44.694436
221.932046,135.147208,44.495224
222.046165,134.976680,44.593777
222.186645,134.608449,44.786802
222.243752,134.124206,44.741471
222.015979,132.493738,45.492869
222.020129,132.490281,45.502499
222.246761,131.768799,45.413255
222.224460,131.758878,45.481190
221.670142,131.331644,45.470913
221.776606,131.155788,45.374020
221.718530,130.442213,45.299442
221.835422,130.146005,45.450831
221.835766,130.144678,45.452629
222.164959,129.146459,45.778927
222.292564,128.945156,45.643605
222.335996,128.940016,45.581552
221.795712,128.538630,45.426071
221.677228,128.021788,44.999513
221.831479,127.804246,44.842331
221.477075,125.973815,44.933489
221.451638,124.974538,44.398390
221.359323,124.116603,44.297197
221.607700,123.746449,44.052987
221.638627,123.525091,43.919615
221.595467,123.374616,44.109657
221.219356,122.607864,43.932952
221.158145,121.721387,43.618868
221.929037,120.668994,44.118297
222.038803,120.480417,44.305951
221.966347,119.331131,43.526570
222.063574,119.139172,43.568817
221.967080,118.684517,43.503591
221.825554,118.290852,43.290475
221.835331,117.888509,43.066369
221.973659,117.704569,42.934020
221.862976,117.312370,43.358869
221.911557,117.291041,43.293893
221.911016,117.289881,43.294229
221.507298,116.988892,43.186336
221.531426,116.968772,43.154861
221.145718,116.416110,43.129062
221.400399,115.909533,43.017019
221.782830,114.649506,42.819365
221.910763,114.457128,42.802405
222.016760,114.098281,42.795902
222.021491,114.094807,42.765525
221.939947,113.607985,42.202673
222.220738,113.125818,42.297159
221.460391,112.214642,41.892135
221.768886,111.499043,41.785512
221.338660,110.617361,41.137287
221.272848,108.988716,41.541977
221.241487,108.138015,41.050941
221.133796,106.488289,40.991315
221.053757,105.806964,41.255321
220.145450,104.498246,41.275653
220.262667,104.296027,41.188765
220.214701,104.299534,41.240899
218.630954,102.065981,41.413129
218.721453,101.835035,41.936419
217.983579,100.001051,42.729866
216.961367,99.172711,42.710150
216.930673,99.171112,42.746209
216.716632,98.757803,42.093341
216.463982,97.962198,42.318765
215.792442,96.159261,42.653495
215.363536,95.531709,43.128070
214.111105,94.512810,42.793907
214.280663,94.039639,42.448240
214.263081,94.016590,42.472823
214.152888,93.298756,42.466771
213.957313,92.962563,41.853890
213.733660,92.819208,41.764713
213.542225,92.469233,41.604845
213.045360,91.993703,41.078178
212.970753,91.933232,40.992202
212.514931,91.377889,41.090514
212.443471,91.384538,41.052557
212.272079,90.988318,40.841570
211.476569,90.201903,40.468833
210.932077,89.464948,39.824843
210.930625,89.464533,39.823471
210.496685,88.451303,39.784686
210.222689,87.745471,39.396788
210.030222,87.573440,39.286359
210.157178,86.358927,39.149374
210.493828,85.793350,39.668195
210.459810,84.176701,39.478232
210.105473,83.483703,39.745795
210.386121,82.236591,38.921452
210.010505,81.515653,38.051040
209.640903,81.021390,37.552719
209.367141,80.777530,37.327997
209.231663,79.836175,38.394677
208.827080,79.479636,38.255136
208.066787,79.105111,38.077619
208.065490,79.104223,38.077089
208.390920,78.007090,37.901720
208.409481,77.595797,37.497723
208.450976,77.490658,37.444413
208.378361,77.444375,37.381573
208.479571,77.014986,37.269523
208.462450,76.682595,37.216044
207.972237,76.324483,37.028914
207.741430,76.112769,37.135066
207.915235,75.781211,37.253640
207.925160,75.779356,37.266254
208.762983,74.853647,38.732755
208.633882,74.105290,39.050233
208.408778,72.665090,39.272440
208.430348,71.696176,39.155595
208.306682,71.643242,39.265180
208.360516,71.056681,38.927313
208.305036,70.728696,39.406606
208.148967,70.393980,39.231588
208.465004,69.751872,38.920142
208.657266,68.251020,38.906204
208.652112,67.231641,38.479969
208.804916,66.935618,38.763618
209.122001,66.585907,39.168564
209.489219,65.547034,39.331373
209.406746,64.918537,39.430811
209.246764,64.175070,38.893842
209.320949,63.892360,39.540349
209.401318,63.011673,39.451503
209.055502,62.318312,39.994010
208.983040,62.045134,39.847954
208.888062,61.608133,39.976487
208.526948,60.112830,39.625641
208.404610,59.082009,39.076662
208.582422,58.848192,39.756700
208.825907,57.950338,39.460738
208.950357,57.821109,39.466892
209.193702,57.547473,39.278492
209.194799,57.546655,39.278565
209.195754,57.545823,39.278614
209.735314,56.904696,39.342475
209.744690,56.905249,39.348319
209.908796,55.811570,39.252148
209.941900,54.983097,39.376312
210.207931,54.648437,39.204527
211.011769,53.286397,39.020300
211.171329,53.263852,39.060675
211.385486,52.489709,38.404984
211.635302,52.261443,38.340787
211.962035,51.915167,39.261922
212.297373,51.430439,38.958094
212.246492,50.824397,38.771010
212.360717,50.391723,37.981614
212.599501,50.124100,38.445927
212.481950,48.976441,39.245439
212.674407,48.473347,39.754649
212.672878,47.876670,39.728359
212.675196,46.869121,40.069922
212.821904,46.410621,40.098185
212.791201,45.773878,39.626648
213.091409,45.157128,40.820127
212.999349,44.682695,41.191970
212.852283,44.158143,41.765409
212.866973,43.995528,42.041669
212.917333,43.950036,42.151274
213.008797,43.640279,42.921257
212.926665,43.319193,42.578769
212.952959,42.725286,42.126593
213.147455,41.929836,42.133209
213.295111,41.877190,42.245149
213.348158,40.773795,41.819048
213.182884,39.703247,42.400813
212.953214,38.595457,43.052465
213.020400,38.164431,43.001464
213.099765,37.349070,42.873718
213.554758,36.973824,42.564492
214.277042,35.793614,42.809259
214.531923,35.623338,42.619394
214.908308,34.914589,42.777935
214.958877,34.842915,43.045789
214.907246,34.823685,43.102526
215.637201,33.882170,42.590552
216.280838,32.863734,42.215110
217.172453,31.907566,41.935336
217.849275,31.240704,42.447428
217.999603,31.142678,42.482951
218.597575,30.678364,42.431882
219.015264,30.371025,42.307681
219.202132,29.250615,42.822715
219.626933,28.730328,42.740750
219.492389,28.514125,42.479536
219.594797,28.053955,42.753507
219.744527,27.937074,42.990403
219.913987,27.569090,42.672642
220.018955,27.364833,42.682403
220.595801,27.003090,42.150075
220.733356,26.935463,42.100723
220.784466,25.668605,42.903029
220.785176,25.322903,42.939428
220.830568,24.801432,42.803834
221.019871,24.401123,43.374580
221.275411,24.272241,43.598863
221.416968,24.020463,43.912935
221.473608,23.543984,44.080325
221.209718,23.301845,44.092732
221.541908,22.993455,44.531873
220.713814,22.535466,44.663351
220.846338,22.263013,44.994461
220.824192,22.249525,45.008066
220.775547,21.843931,45.333026
220.434411,21.380542,45.388916
220.206152,20.921534,45.865553
220.478328,20.630342,47.237560
220.710278,20.436582,47.457862
220.128608,20.123538,47.755914
220.458517,19.689962,48.091555
220.434514,19.382046,47.729994
220.411920,19.032756,48.013368
220.127728,18.438962,48.560763
219.996716,18.230532,48.924963
220.148339,17.912315,49.256571
220.223566,17.871236,49.458739
220.376476,17.549442,49.280238
220.251017,17.293740,48.990532
220.160599,17.186669,48.770836
220.102509,17.045201,48.753504
220.375636,16.873173,48.342172
220.603914,16.792020,48.314138
220.578440,16.805884,48.232955
220.867124,16.652393,48.071981
220.847531,16.406831,47.825780
220.521580,16.180869,47.564985
220.483509,16.163833,47.439728
220.635723,16.033777,47.132286
220.434583,15.486704,47.074018
220.388326,15.476403,46.998895
220.583142,15.206259,46.675339
220.920844,14.977251,46.413630
220.912626,14.980850,46.282024
221.121595,14.802958,46.336996
221.088800,14.718861,46.258784
220.644277,14.536324,45.915472
220.826975,14.458310,45.756646
220.954035,14.358933,45.880840
221.085235,14.310184,45.723704
221.107223,14.327729,45.535527
221.316353,14.196310,45.333394
221.198440,13.976184,44.997797
221.508379,13.603636,44.367066
221.106724,12.936010,44.268095
221.044550,12.952157,44.079265
221.184746,12.899518,43.947338
221.238781,12.887764,43.553981
221.596151,12.523546,43.075991
221.615882,12.453076,42.850102
221.443812,12.368237,42.423776
220.987686,11.907029,42.182247
220.770319,11.652591,41.821801
220.706754,11.604212,41.708508
220.711967,11.437153,41.438651
220.327354,11.340274,41.247595
220.400600,11.244379,41.037287
219.825542,10.910844,40.422980
220.087651,10.763922,40.445429
219.642863,10.685001,40.013323
219.304802,10.437989,39.948530
219.381413,10.415396,39.864789
219.619144,10.301712,39.523184
219.835621,10.101936,39.431477
219.844213,10.144637,39.054227
219.801072,10.052557,39.023747
219.685490,9.847146,38.896160
219.255084,9.752300,38.574254
219.292258,9.715198,38.181975
218.872153,9.484067,38.066073
218.910079,9.520691,37.569332
218.967090,9.429176,37.625992
218.080310,9.129796,37.328584
217.965640,9.180341,36.650615
218.021270,9.167077,36.594435
218.267482,9.179714,36.237796
218.467168,9.164808,35.809399
218.594670,9.154074,35.683284
218.529929,9.102711,34.903190
218.764238,8.920013,34.853849
218.590370,8.902827,34.326188
218.328825,8.678999,34.270217
218.504324,8.637259,33.942328
218.443225,8.553868,33.412645
218.656859,8.223411,33.392939
218.460627,8.248910,32.685353
218.171635,8.148347,32.524957
218.192297,8.113342,32.434442
218.204072,8.110573,32.431293
218.015574,8.082087,31.464594
218.122552,8.059257,31.373629
218.176147,8.064330,31.268645
218.465044,7.912843,31.322068
218.653310,7.842964,31.186324
218.472082,7.787953,31.219544
218.134531,7.772099,30.891728
218.163744,7.732863,30.733837
218.290047,7.721394,30.566182
218.429909,7.699838,30.438050
218.428568,7.655110,30.368196
218.501538,7.619011,30.238183
218.397972,7.652232,30.142696
218.541827,7.586419,29.745091
218.657468,7.428064,29.019952
218.588681,7.427362,28.310032
217.907809,7.517593,28.377439
217.891375,7.438178,28.624263
217.485699,7.509360,28.784847
216.893362,7.529938,28.795871
216.596985,7.428065,28.985905
216.422037,7.433029,29.130272
215.435091,7.512540,29.713576
215.302794,7.528194,29.828358
214.664699,7.455779,30.115768
213.861815,7.446117,30.156779
213.088538,7.454445,29.245872
212.434687,7.474409,29.400005
211.903392,7.462326,29.604922
211.349420,7.490970,29.840288
210.898033,7.438519,29.924114
210.592359,7.423468,30.191044
210.386605,7.513462,29.726076
210.172591,7.552217,29.761360
209.921402,7.639113,29.848400
208.933220,7.520686,30.203895
208.089080,7.557947,29.537828
207.626278,7.371485,29.886855
206.890553,7.251585,29.333375
206.164665,7.343004,29.522192
205.965979,7.226206,29.477973
205.503454,7.175625,28.906565
205.291863,7.144637,28.926051
204.821607,7.157012,28.950112
204.637463,7.153232,29.140185
204.514975,7.185636,29.227975
204.002305,7.145766,29.374586
203.171269,7.150923,29.772536
202.662607,7.176383,30.087518
202.355114,7.104960,29.929950
201.867914,7.079723,30.139756
201.296644,6.984977,30.460398
200.782136,6.827102,30.589786
200.579166,6.884542,30.650929
200.346745,6.809459,30.446598
200.199488,6.795079,30.405095
199.714773,6.385703,30.609423
199.227503,6.323515,30.759015
198.651235,6.366148,31.007947
198.397085,6.368213,31.065592
198.184857,6.340690,31.093697
197.926450,6.221544,30.579679
197.509859,6.052514,30.766665
197.427004,6.046136,30.735235
197.191654,6.042547,30.847825
196.891058,6.038069,30.896450
196.652447,5.986382,30.981285
196.429887,5.973684,31.061575
196.114092,5.750953,31.299320
196.280962,5.718951,31.381748
196.857293,5.646996,31.424396
196.991804,5.658015,31.451706
197.203630,5.651875,31.492501
197.317301,5.652646,31.488023
197.388184,5.666871,31.539256
