3000
3
13.630455,22.845094,233.917541
13.615380,22.760271,233.963769
13.634929,22.795309,233.891108
13.647167,22.817118,233.781401
13.703540,22.803429,233.601990
13.729759,22.817404,233.504425
13.870198,22.780460,233.221066
14.026760,22.864767,233.276523
14.186586,23.033849,233.328970
14.219966,23.076684,233.337342
14.286941,23.109656,233.384751
14.368272,23.158211,233.326648
14.363075,23.396754,233.317383
14.419888,23.543731,233.350042
14.627293,23.584067,233.296160
15.020138,23.596100,233.367918
15.102273,23.702649,233.347457
15.149528,23.775370,233.348985
15.238247,23.787064,233.379238
15.257998,23.843593,233.427602
15.335850,23.953529,233.388993
15.382609,24.004227,233.421953
15.483540,23.982842,233.380031
15.644729,24.061822,233.422880
15.953243,24.134126,233.358210
16.064380,24.193726,233.395939
16.161400,24.225442,233.444140
16.237298,24.387862,233.378409
16.308853,24.428450,233.371409
16.348199,24.489891,233.440980
16.480641,24.537396,233.406507
16.549739,24.606696,233.313508
16.675431,24.915178,233.358340
16.687173,25.002344,233.381167
17.024540,24.960893,233.530288
17.218809,25.012131,233.529695
17.384317,25.589468,233.577729
17.426297,25.603781,233.580297
17.617347,25.730992,233.677200
17.728018,26.097010,233.647867
17.723702,26.222708,233.807809
17.870660,26.319513,233.866799
17.965443,26.411186,233.881632
18.023973,26.454977,233.855360
18.090889,26.471458,233.875132
18.183946,26.582551,234.228136
18.307393,26.769587,234.206422
18.364160,26.831846,234.200414
18.429096,26.839522,234.345437
18.776334,27.462835,234.618407
19.125410,28.054295,234.749147
19.239716,28.684840,234.885757
19.417702,29.107965,234.892871
19.421897,29.227155,234.884216
19.380121,29.245871,234.879485
19.365140,29.902013,235.083286
19.286735,30.134700,235.257180
19.484984,30.062621,235.452416
19.490413,30.215646,235.362333
19.605318,31.318800,235.647026
19.645598,31.541782,235.836983
19.572356,32.207003,235.830974
19.533237,32.913421,235.938638
19.498478,33.035097,235.903090
19.481126,33.288449,235.925894
19.440128,33.408271,236.022316
19.365131,33.449606,235.999232
19.339602,33.503046,236.016798
19.475533,33.778744,235.859744
19.720657,33.780156,235.803291
19.720843,33.781158,235.802693
19.739236,34.074232,235.593708
19.707435,34.197648,235.602521
19.728327,34.375629,235.674480
19.686783,34.492250,235.720294
19.681863,34.607513,235.651004
19.563740,35.334197,235.592462
19.596602,35.429493,235.555198
19.779687,35.762232,235.387569
19.897009,36.134829,235.771776
19.985202,36.322518,235.718755
20.171752,36.277193,235.755028
20.107019,36.476748,235.803920
20.107095,36.609551,235.820491
20.096740,37.511968,235.880654
20.094538,37.857461,235.698257
19.916558,38.473615,235.722388
19.853244,38.681793,235.719000
19.917515,38.900744,235.757146
19.999196,39.488628,235.764695
20.023787,39.724274,236.330829
19.931468,39.787211,236.332664
19.974343,40.374585,236.491772
19.980429,40.688806,236.544855
20.146750,41.353489,236.396193
20.278575,43.064251,236.510974
20.381239,43.002757,236.453659
20.726981,43.647829,236.142927
20.631855,44.328219,236.219746
20.547850,45.087336,236.410870
20.511727,45.293314,236.326365
20.429536,45.428902,236.295612
20.410215,45.857412,236.265569
20.339558,46.418628,236.029582
20.339297,46.419381,236.029505
20.252060,46.526499,235.978865
20.310355,46.674429,236.052803
20.207419,46.785627,236.012132
20.192540,46.801496,236.028219
20.117050,46.952683,235.997882
20.123866,46.952497,235.986245
20.436816,47.231152,235.884344
20.649389,47.229148,235.930142
20.610668,47.288250,235.971003
20.689005,47.375528,236.227657
20.946700,48.087137,235.982920
21.135885,48.425002,235.993010
21.368589,49.337198,236.367672
21.340341,49.840263,236.575023
21.243059,49.957289,236.533369
21.200820,50.290291,236.488024
21.349896,50.656064,236.703088
21.423222,50.690108,236.823643
21.315376,50.874664,236.770482
21.476665,51.496114,236.677546
21.701686,51.722848,236.734422
21.952246,52.307005,237.448549
21.835072,53.297252,237.621756
21.903974,53.504310,237.552197
21.911961,53.505660,237.572166
21.797033,53.843177,237.090040
21.826076,54.055409,237.019393
21.837662,54.459136,237.071429
21.822824,54.468914,237.081370
21.672926,54.587151,237.126011
21.855273,55.732933,237.140626
21.808573,56.116975,236.996251
21.702681,56.852738,237.077349
21.981804,58.073693,236.916459
21.820406,58.555520,237.155855
21.981588,58.724893,236.964537
21.999163,59.194889,237.236227
22.057883,59.738851,237.147211
22.287884,60.084772,236.795063
22.389334,60.342905,236.707485
22.482228,60.385843,236.721470
22.658253,60.215705,236.816306
22.663658,60.216574,236.811868
22.704409,62.154059,236.703746
22.711888,62.450389,236.694069
22.843923,62.614418,237.035139
22.834615,62.695586,236.852942
22.766924,62.775511,236.815074
22.698544,63.208832,237.036608
22.935523,63.467242,236.966326
23.184405,63.202904,237.041002
23.099013,63.342537,237.020988
23.238265,63.472418,237.049192
23.202746,64.226346,236.922343
23.205525,64.226777,236.919052
23.291808,64.809052,236.763524
23.272290,64.835582,236.772126
23.680789,65.949970,236.564143
23.929481,66.041701,236.708143
24.143149,66.571947,236.776853
23.969706,67.008110,236.894410
23.969535,67.008804,236.894295
24.236437,67.634589,237.051719
24.224931,67.897808,237.023530
24.346617,68.211815,237.171410
24.549436,68.872770,236.914580
24.755937,69.282401,236.774938
24.664174,70.010499,236.615785
24.789380,71.274484,236.535067
25.066707,71.938047,236.959584
25.257111,72.957291,236.985058
25.454526,73.773517,236.582999
25.470641,73.769051,236.574315
25.470904,73.769616,236.573873
26.013917,73.523529,236.338317
26.184235,73.878238,236.231076
26.320886,74.072521,236.713750
26.476508,74.513061,236.427321
26.476575,74.513638,236.427287
26.457346,74.658692,236.389928
26.457467,74.659273,236.389994
26.539370,74.856463,236.563480
26.299599,76.380313,236.445437
26.324830,77.315430,236.446054
26.474539,78.070840,236.561706
26.539526,78.055335,236.522603
26.528795,78.073110,236.529983
26.549904,79.275719,236.517888
26.557444,80.433073,236.404649
26.605397,80.419648,236.379204
26.744958,80.771456,236.283755
26.718440,80.851115,236.312340
26.903289,81.213983,236.251788
27.071423,81.580256,236.090665
27.232749,82.100442,235.951669
27.216586,82.108531,235.964816
27.701505,81.845298,235.873202
28.084843,81.975934,235.879536
28.353044,82.446338,235.872718
28.112416,82.973998,236.093591
28.263539,83.375469,236.090547
27.973826,83.981112,236.076214
27.842203,84.577847,236.153024
27.892246,84.610699,236.154159
28.059927,84.734455,236.234546
28.018459,84.838685,236.353613
28.011222,84.843606,236.358344
28.031253,84.843349,236.349745
28.430292,86.240811,236.240684
28.316011,86.639505,236.052250
28.397333,86.719230,236.001488
28.244586,86.953107,235.919968
28.626195,87.258553,236.081549
28.209852,87.920154,236.201722
28.213720,88.485620,236.263596
28.454700,88.891641,236.116180
28.458423,88.890872,236.112730
28.651675,89.036197,236.004757
28.652017,89.036726,236.004197
28.639259,89.227223,235.892005
28.669032,89.632803,235.734207
28.706186,89.629567,235.717048
28.706503,89.630131,235.716411
29.010538,89.913516,235.757468
29.180436,90.585375,235.853972
29.466035,91.197315,235.895007
29.641400,91.549984,235.792610
29.543101,92.118997,235.869098
30.239648,92.434188,235.938904
30.698495,92.443941,235.970314
30.972385,92.291275,235.746015
31.123390,92.315036,235.684097
31.248358,94.262413,235.858265
31.320429,94.871937,236.220529
31.333769,94.876482,236.214686
31.544323,95.653762,236.211490
31.536534,95.657736,236.215863
31.439881,97.118478,236.314107
31.596204,97.989017,236.134090
31.298243,99.260517,236.158311
31.409532,100.130184,236.115428
32.004181,100.558890,235.949848
32.026371,100.916573,235.821003
32.696027,101.192383,235.764045
32.608848,101.543679,235.806426
32.481032,102.043072,235.956116
32.923174,102.418050,235.892826
32.954273,102.414934,235.920692
33.116424,102.584766,235.843099
33.406293,103.064915,235.957647
33.909631,104.217225,235.790138
33.820869,105.321803,235.959449
33.881865,106.033101,235.808673
34.040654,106.464826,236.326290
34.353585,106.802834,236.302367
34.219790,107.553724,236.439803
34.426735,107.899091,236.342423
34.506902,107.996451,236.302279
34.510683,107.996264,236.303010
34.710777,108.304052,236.271457
35.243269,108.245652,236.493081
35.772972,108.757675,236.463470
35.653266,109.156506,236.524605
35.828525,109.813812,236.640424
35.804619,110.171170,236.692871
35.917974,110.842818,236.726408
36.094178,111.494469,236.789436
36.641043,111.129190,236.675878
36.690173,111.127701,236.651923
37.092795,112.092234,236.828430
37.072056,112.230711,236.785678
37.072976,112.307143,236.814514
37.308687,112.630479,236.702302
37.309107,112.631376,236.702366
37.537792,113.499374,236.896252
38.097230,114.391631,236.995665
38.367564,114.509189,236.951360
38.379132,114.511243,236.936130
38.857073,114.584423,236.994971
38.923766,114.596283,236.964378
38.897645,114.683069,236.882148
39.079289,115.080658,236.986421
39.469006,115.384759,236.500087
39.335943,115.924584,236.431990
39.798445,116.636453,236.733940
40.180187,116.997871,236.801383
40.450949,117.605915,237.011714
40.346545,118.198248,237.032210
40.843633,118.800643,236.529987
41.182941,119.536142,236.737036
41.405119,119.872469,236.929182
41.611372,119.934113,236.961664
41.552979,120.052394,236.939817
41.684050,120.740526,237.030023
41.855105,120.884468,236.916532
42.366079,121.841844,236.856142
42.522739,122.275865,237.154490
42.522531,122.277488,237.154563
42.986311,122.898058,237.313410
42.945188,122.930304,237.299422
43.854878,123.951430,237.482334
43.992244,124.491443,237.524341
43.931832,124.658225,237.547754
44.394869,125.423807,237.523907
44.617605,125.732483,237.731857
44.647679,126.364407,237.700286
44.647226,126.366592,237.699932
44.995736,127.094476,237.759422
45.097857,127.725040,237.825725
44.975033,128.192971,237.870946
44.969123,128.200233,237.862076
44.832812,128.826491,237.810313
44.784290,129.120261,237.847271
44.729480,129.249189,237.834762
44.843546,129.285019,237.853675
44.835392,129.295890,237.867443
44.925578,129.237013,237.920111
44.980672,129.547850,237.920350
45.202158,129.799414,238.131252
45.713835,130.113696,238.086637
45.976903,130.463742,238.165967
46.389353,131.178024,238.218277
46.646512,131.304191,238.346291
46.868182,131.494412,238.315782
46.972780,131.869733,238.702061
46.911373,132.022348,238.711662
47.371522,132.664735,238.926309
47.652499,132.676497,238.952717
48.526868,133.320050,238.740888
48.525179,133.416322,238.799283
48.640400,133.490184,238.764604
48.640853,133.578245,238.764836
48.859502,133.895781,239.048938
49.111369,133.932475,238.990865
49.329565,134.194207,239.203888
50.481645,134.863800,239.326360
50.876210,135.188581,239.210137
51.207302,135.394758,239.083049
51.263501,135.670575,239.101967
52.154127,136.814307,239.000364
52.236003,136.946352,239.250727
52.591427,137.427508,239.270495
52.561627,137.573761,239.278352
53.492476,138.398488,239.506807
54.519764,138.764260,238.957108
54.901484,137.897968,238.852924
55.682059,137.391257,238.748328
56.049139,137.079147,238.732478
56.198848,136.999158,238.710347
56.329290,136.914729,238.555171
57.001716,136.636809,238.360162
57.768882,136.785829,238.513240
58.175860,136.941969,238.702756
59.178109,136.469586,238.721306
59.678887,136.111219,238.472596
60.284185,136.269407,238.499749
61.322038,135.645174,238.513971
61.918020,135.400221,238.403567
62.422493,135.598215,238.344691
62.989012,135.265811,238.163686
63.911135,135.069855,238.283627
64.018167,134.865867,238.273882
64.068548,134.770904,238.253816
64.551260,134.009932,238.121931
65.101038,133.989676,237.952083
65.204216,134.114730,237.969663
66.143274,133.433513,237.748218
67.113259,133.018108,237.712920
67.187839,132.988813,237.684876
67.274552,132.905338,237.701104
68.413129,133.027628,237.678209
68.418597,133.035966,237.680538
68.873391,133.028324,237.524352
69.114448,133.005941,237.469372
69.408618,133.290734,237.650720
70.004770,133.949694,237.724689
70.254874,133.543424,237.719984
70.360414,133.360789,237.624655
70.630762,132.993823,237.556152
71.069305,132.853921,237.516288
71.969338,132.131033,237.857302
72.681739,131.167453,237.641123
73.074586,130.662109,237.813132
73.302236,130.859154,237.717935
73.383254,130.624375,237.739193
74.792341,130.869574,237.620230
75.421220,130.926807,237.654431
75.816509,130.348023,237.644944
75.866692,130.119791,237.618224
76.945638,130.132468,237.566384
77.295665,130.155163,237.509324
77.450065,129.951748,237.410057
78.419926,129.459265,237.199107
79.172727,129.576929,237.227730
79.833948,129.129182,237.056577
80.638360,128.778601,237.204465
81.118168,127.914321,237.044499
81.881644,128.545140,237.129999
81.848104,128.422156,237.114519
81.839078,128.408508,237.112611
82.202991,127.563501,236.957523
82.492375,127.336221,236.919576
82.494697,127.221693,236.890292
82.770662,126.543721,236.740070
83.649223,125.640146,236.817644
83.590481,125.520058,236.806388
83.816094,125.094858,236.857419
83.799051,124.986319,236.902530
84.098415,125.089999,236.755110
84.098928,125.088529,236.754956
84.069505,125.038269,236.731707
84.070140,125.036944,236.731573
84.343660,125.206612,236.784237
84.412549,125.073476,236.743080
84.413134,125.072088,236.742960
84.637468,124.783666,236.812445
84.887794,124.598018,236.728538
85.078085,124.053314,236.785238
85.875141,123.245382,236.789236
86.736235,122.971526,236.773444
86.750314,122.969816,236.754874
87.343109,121.904805,236.821015
88.481884,121.359862,236.595110
89.062924,120.624759,236.661936
90.067635,119.805941,236.400502
90.362331,119.494114,236.363596
90.627437,119.633656,236.267710
90.634229,119.634989,236.263043
91.246131,119.141580,236.408113
91.407140,119.108386,236.220951
92.054681,118.972517,235.980718
92.558048,118.545296,236.103464
92.904058,117.804613,235.999171
92.927075,117.814567,236.008443
93.238266,117.443029,236.154697
93.495328,117.385029,235.964644
94.480729,116.872915,235.795002
94.951175,116.095952,235.583773
95.222239,115.719625,235.468419
95.236694,115.571747,235.431474
95.744409,115.605824,235.270050
96.294182,115.176758,235.396151
96.599904,114.809710,235.342081
97.333255,114.647862,235.492927
97.936826,114.261570,235.807165
98.289241,113.897882,236.015102
98.781314,114.087698,236.208536
98.785927,114.091875,236.210222
99.823628,113.485980,235.879024
100.228485,112.350471,235.992703
100.248650,112.353427,235.965086
100.994773,111.627238,235.967408
100.987248,111.612138,235.998548
101.237399,111.197850,235.857086
101.575250,110.690319,235.665516
102.213010,109.558563,235.541394
102.747824,108.633207,235.451384
102.762798,108.269062,235.521656
103.334695,107.974413,235.636228
103.671058,107.554914,235.869533
104.036442,107.047030,235.798721
104.053683,107.055670,235.785045
104.775782,106.063965,235.795645
105.658022,105.274199,235.572659
105.652151,105.235442,235.542280
105.915502,104.578198,235.363231
106.471609,104.671166,235.322248
106.998400,104.410208,235.240312
107.254608,104.517676,235.115813
107.604290,104.453013,234.898180
107.768669,104.628855,234.777575
107.926003,104.678159,234.606450
108.530412,103.864157,234.694722
109.399294,102.632712,234.443513
109.399776,102.632138,234.443427
109.816062,102.471751,234.161491
109.815412,102.469751,234.160413
109.982203,102.639549,234.055449
109.926286,102.533535,234.076465
110.195982,102.590159,233.932357
110.570070,102.332611,233.700311
111.446585,101.609286,233.701105
111.774475,100.983605,233.196226
111.957404,100.781113,232.877207
112.063532,100.427553,232.964008
112.367759,100.570040,233.092520
112.685605,100.494190,233.189898
112.961947,100.391936,233.111009
113.168580,99.701429,233.031083
113.168473,99.700228,233.030906
113.662572,99.014858,232.745696
114.393121,98.560206,232.016506
114.614985,97.973410,231.819448
115.757853,97.368089,231.576430
116.002406,97.477084,231.445627
116.639132,96.073364,231.338978
116.891942,96.185443,231.439216
118.186214,95.398627,230.904879
118.556089,95.102569,230.771152
119.488651,94.235783,230.960890
120.507456,92.237617,230.947818
120.772929,92.318099,230.856534
120.784274,91.986667,230.774938
121.261870,90.987975,230.685994
122.145302,90.019991,230.510717
123.466537,88.898717,230.260726
123.613325,88.490469,230.377413
123.772788,88.192306,230.191409
124.150210,87.598936,230.096783
124.692281,87.602837,230.027672
124.691115,87.594607,230.035518
125.203420,87.814237,229.675893
125.390976,87.285680,229.637380
125.651633,87.383737,229.505858
125.651911,87.383023,229.505762
125.652188,87.382308,229.505667
125.990454,87.347616,229.437067
125.990806,87.346967,229.437074
126.010394,87.368421,229.443280
126.119008,86.729757,229.861418
126.132548,86.743507,229.865274
126.866842,86.591320,229.381910
127.453144,86.601346,229.113941
127.830134,86.201637,229.238659
129.169532,86.089913,228.269119
129.434938,86.195837,228.124478
129.382230,86.089239,228.083211
129.437513,85.737703,227.880243
130.073760,84.920611,227.727135
131.505281,84.049601,227.844477
131.678339,83.839315,227.958739
131.670124,83.830355,227.945610
131.996043,82.750994,228.157211
131.959244,82.504055,228.229166
131.959120,82.503023,228.229107
132.411422,82.216213,228.132404
133.022264,82.163118,228.321383
133.859035,81.866510,228.465916
133.847722,81.813984,228.498490
134.083805,81.904920,228.598466
134.211387,81.886149,228.675982
134.278935,80.870390,228.534009
134.275533,80.865627,228.532061
135.218638,80.149053,228.019446
136.065087,79.323981,227.793700
136.053902,79.307865,227.802579
136.135869,78.846020,227.679744
136.135823,78.844996,227.679855
136.778548,78.990780,227.859872
137.334833,78.477536,227.678951
138.650176,76.098277,226.882822
138.839622,76.547382,226.853905
138.815244,76.413632,226.902569
138.815579,76.413039,226.902370
138.762632,76.282523,226.857126
139.836248,75.282088,226.342391
140.332288,74.441869,226.063298
141.404030,73.581783,226.074766
141.614345,73.294534,226.093135
142.395298,72.807462,226.029333
142.395650,72.806865,226.029239
142.406793,72.800005,226.059248
143.548943,72.415278,225.846702
143.549574,72.415245,225.846350
144.536798,72.199346,225.874010
144.539614,72.199553,225.870999
144.546403,72.209785,225.866523
145.250523,71.425659,225.647959
146.631178,69.942785,225.202609
147.059796,69.951870,224.942868
147.060492,69.952081,224.941888
147.278757,69.695880,224.909937
147.419740,69.759168,224.836409
147.420157,69.758813,224.836434
148.134183,69.647092,224.648652
148.169195,69.586344,224.732780
148.395009,69.347577,224.829466
148.744847,68.971655,224.878775
149.239473,68.613332,224.761217
149.251947,68.621069,224.746969
149.265890,68.619434,224.768725
149.756061,68.392691,224.694527
150.283831,68.163848,224.841355
150.422850,67.959687,224.928392
150.437468,67.947905,224.887690
150.507831,68.006412,224.861770
150.508166,68.005814,224.861954
150.643447,68.063954,224.796458
150.643780,68.063354,224.796643
150.644114,68.062754,224.796828
151.874614,67.627799,225.284245
151.895305,67.583587,225.350780
152.004553,67.322787,225.493969
152.084980,67.318813,225.422200
152.462157,66.749468,225.223949
152.575218,66.798563,225.161283
153.747278,65.599534,224.710413
154.437551,64.799395,224.871485
155.388315,64.738405,225.026615
156.882250,63.419234,224.532054
157.668511,62.462123,224.881671
157.754292,62.508104,224.877734
158.220554,61.589774,224.592434
158.221912,61.575357,224.596480
158.212317,61.553131,224.591731
158.760646,60.880866,224.457271
159.935041,60.378742,224.064664
159.947917,60.397728,224.057089
160.043265,60.287660,224.105750
160.991176,60.891930,223.481323
161.885670,59.913221,223.328662
162.322073,60.574999,223.108316
162.535949,60.713639,222.962502
162.551033,60.735132,222.947038
162.567536,60.752892,222.953268
162.581291,60.771427,222.943468
163.636128,60.193880,222.789967
163.684943,60.255636,222.463483
163.863917,60.352013,222.406414
163.864749,60.352519,222.406095
163.906140,60.409817,222.373426
163.927715,60.419071,222.341204
163.943442,60.341963,222.384940
163.941416,60.337469,222.363777
164.333826,60.385539,222.474611
164.844340,60.089516,222.499610
165.108044,60.010196,222.596000
165.865347,59.924946,222.895175
165.871193,59.857793,222.927438
165.868554,59.797957,222.955515
167.229634,58.710492,222.678111
168.051129,57.720789,222.482767
168.479787,57.497956,222.083864
169.714920,56.260812,221.722190
169.725559,56.246953,221.712046
170.572694,55.811914,221.546874
170.975063,55.599111,221.691683
171.196623,55.584191,221.721410
171.675476,55.255332,221.451624
171.682550,55.134304,221.418947
171.756676,55.154666,221.522442
171.766533,55.151053,221.554564
171.797290,55.058882,221.590514
171.806033,54.993590,221.629997
171.798373,54.967500,221.645694
172.049484,54.945990,221.784421
172.040900,54.924076,221.776392
172.457740,54.842440,221.940920
172.558135,54.882023,221.884353
173.506176,54.098131,221.684489
173.968646,53.983848,221.481792
174.060669,53.792220,221.481615
174.457658,53.381390,220.990973
175.434363,52.378054,220.717390
175.530469,52.398483,220.805366
176.214364,52.934817,221.153169
176.679807,52.336831,220.796972
177.678151,51.250927,220.447132
178.610043,50.292611,219.985217
178.706489,50.381363,219.928915
178.891023,50.512745,219.867681
179.496610,50.101749,220.081259
179.844729,50.328274,220.147001
179.863494,50.320137,220.157008
180.126524,50.462664,219.970320
180.180907,50.190387,219.492968
180.225586,50.160708,219.559008
180.577987,50.238316,219.680027
180.818472,50.016430,219.703213
181.286946,50.359045,219.352824
181.439511,50.484710,219.263728
181.461085,50.509471,219.263238
182.310595,49.351580,218.864309
182.446319,49.469862,218.746347
182.749392,49.542344,218.218445
184.075576,48.587696,217.461381
184.199059,48.538937,217.334874
184.814275,48.705729,216.990813
185.208478,48.660844,216.862109
185.277868,48.898353,216.330791
186.055742,49.065390,215.888099
186.413183,48.806042,215.523036
186.629122,49.047824,215.602270
187.803306,49.368011,215.323657
188.566965,49.295488,215.576761
189.507145,49.190586,214.842728
189.575242,49.282184,214.854482
189.636187,49.343935,214.814267
190.087778,49.888398,214.969207
190.650303,49.979974,214.591667
190.646149,50.002788,214.573655
190.838388,49.861491,214.697302
190.842875,49.852704,214.704824
190.847060,49.846451,214.712575
190.847938,49.846379,214.713020
191.249430,49.854448,214.751243
191.985152,49.830274,214.581779
192.259545,49.686417,214.660185
193.138641,50.299537,214.202346
193.442036,50.186497,214.123932
193.617103,49.944881,213.930104
193.653791,50.030932,213.897651
193.786127,50.332554,213.982854
193.794890,50.360148,213.993358
194.168226,50.520937,214.024014
194.490286,50.231469,213.681144
194.742573,50.625294,213.854253
195.071155,50.797602,213.612813
195.071853,50.797989,213.612951
195.079109,50.797600,213.622252
195.443739,50.749626,213.233240
195.854002,50.603483,212.724268
196.173884,50.556547,212.979664
196.482804,50.770654,213.129736
197.053562,51.116616,213.258608
197.057749,51.120349,213.265160
197.300485,51.296968,213.168174
197.566218,51.005073,212.729990
197.562426,50.999799,212.718985
198.014331,51.090958,212.554309
198.338492,51.274339,212.407344
198.790271,51.051940,211.875799
198.914190,50.976104,211.864786
199.267763,51.480621,211.155948
199.864025,51.124725,210.649083
200.329070,50.557653,210.393472
200.513435,50.743805,210.237758
200.976639,50.643528,209.687279
201.704166,50.792748,209.576392
201.704648,50.792689,209.576214
201.771441,50.808330,209.553775
201.866828,50.718328,209.634979
201.858434,50.697788,209.612175
202.940628,51.452681,209.044834
202.941134,51.452918,209.044737
203.408968,51.659754,208.906370
203.888211,51.280877,208.605596
204.216264,51.300046,208.535067
204.797090,50.895148,207.777478
204.887877,50.762389,207.779969
204.888579,50.762313,207.780172
205.028235,50.730647,207.908567
205.156190,50.464009,207.697874
205.315497,50.689355,207.542020
205.384276,50.620858,207.607496
205.626923,50.645969,207.679070
205.627781,50.645938,207.679432
205.594647,50.657848,207.583304
206.118582,51.033992,207.459166
206.579816,50.657301,207.205861
206.642642,50.567638,207.191062
206.730166,50.479463,207.201471
206.851025,50.376165,207.133672
207.134125,50.398299,207.165061
207.524480,50.087838,206.759608
207.925872,50.343666,206.629400
208.149348,50.139067,206.097912
208.618793,50.418180,206.250490
208.671531,50.526485,206.217002
208.672650,50.527230,206.217541
208.675338,50.501214,206.067822
208.835967,50.459749,206.172600
209.083339,51.072076,206.218087
209.296334,51.112980,206.117635
209.574599,50.869674,205.837612
209.623852,50.891726,205.893425
209.637879,50.912459,205.907990
209.654595,51.053210,205.768084
209.683359,51.205661,205.627927
209.866467,51.351716,205.454915
210.438486,51.773165,205.089576
211.106993,50.700143,204.527837
211.762941,50.837627,203.791269
212.426625,51.117371,202.823914
212.747344,51.300824,202.655742
213.266777,50.940667,202.861615
213.416868,50.724581,202.532854
213.809995,50.524467,202.333542
213.807724,50.475238,202.330763
214.017686,50.043048,201.996967
214.040625,49.937740,202.030353
214.175545,49.825278,202.016887
214.185848,49.771908,202.040984
214.711644,50.011969,201.911378
214.602927,49.062582,201.645134
215.385062,48.429103,200.984633
215.429524,48.397267,200.718860
215.203885,49.010666,200.462179
215.403462,48.590893,200.140208
215.399624,48.782835,199.983229
215.783009,49.036624,199.662960
215.796301,49.099141,199.581965
215.844380,49.084232,199.547464
215.975473,48.884833,199.387336
215.838683,48.819806,199.002899
215.864293,48.798328,199.007623
216.164746,48.517243,198.402914
216.107800,48.402929,198.187036
216.347927,48.094235,197.749597
216.433507,48.262648,197.573232
216.818737,47.893149,196.809834
217.073470,48.059232,196.880299
217.045317,48.072445,196.816541
217.117823,48.060024,196.788723
217.471518,46.792089,196.184999
218.500772,46.789573,194.796029
218.410204,46.814270,194.531085
218.533574,47.081530,194.371841
218.479976,46.988189,194.199398
218.514487,47.045861,194.174342
218.610717,46.908992,193.806138
218.876231,47.750378,193.483672
218.950530,47.656498,193.372543
218.868467,47.641183,193.184174
218.865507,47.647071,193.185068
218.912318,47.696970,193.100732
218.657733,48.342805,192.850014
218.606279,48.399285,192.797114
218.505082,48.533713,192.657075
218.528494,48.554486,192.657697
218.756921,49.233754,192.219672
218.721996,49.293039,192.186716
218.717155,49.299560,191.822748
218.660530,49.343154,191.568680
218.656377,49.523576,191.328353
218.656143,49.523732,191.327515
218.546875,49.586388,191.149618
218.506041,49.759898,190.985339
218.516511,49.721995,190.537269
218.544363,49.735067,190.512651
218.493841,49.762562,190.418231
218.513320,49.735889,190.409413
218.570546,49.744553,190.329272
218.570440,49.744577,190.328525
218.451952,49.827150,190.127836
218.905988,49.959552,189.518381
218.775003,49.896342,189.145828
218.930938,49.985051,188.988808
219.131476,50.088744,188.681531
219.176965,49.712820,188.433868
219.491911,49.873620,187.980010
219.857158,49.815986,187.776528
219.779918,49.647501,187.545471
219.676706,50.098222,187.064849
219.709436,50.157420,186.988532
219.858185,50.073597,186.688116
220.234415,50.424035,186.202895
220.419411,50.282569,186.035969
220.456988,50.366337,185.954910
220.647830,51.232573,186.254754
220.597056,51.308538,186.212900
220.981074,51.122186,185.627028
221.212904,51.805867,185.000328
221.212874,51.806155,184.999768
221.256565,51.905355,184.890643
221.078573,51.788420,184.535090
221.120709,51.930424,184.428644
221.323362,52.220070,184.083435
221.450574,52.677376,183.729684
221.354939,52.496414,183.528928
221.479199,52.769307,183.121168
221.441862,52.920025,182.802216
221.471950,52.854314,182.776719
221.471970,52.854342,182.776115
221.496204,53.037468,182.660890
221.536593,53.026853,182.637446
221.615473,52.892809,182.541875
221.625453,52.876997,182.536986
221.667373,52.892442,182.511193
221.549712,53.381532,182.052163
221.731688,53.523616,181.687455
222.148948,52.954015,180.924311
222.598387,53.414876,180.647429
222.971039,53.771731,179.953900
222.973109,53.768243,179.952517
222.895772,53.326328,179.434568
222.954449,53.217337,178.929410
222.859197,53.379082,178.712629
222.762657,53.543717,178.493004
222.667881,53.398495,178.228096
222.667611,53.398696,178.227502
222.805387,53.467992,178.095951
222.679553,53.491645,177.442053
222.938963,54.317263,176.135130
223.017372,54.188899,175.979069
223.081005,54.076180,175.842549
223.204907,54.796618,174.861178
223.599689,55.327333,173.995641
223.544930,55.416236,173.653949
224.215446,55.948003,172.892155
224.215865,55.947871,172.891632
224.601302,55.341463,172.093574
224.605505,55.334420,172.092269
224.630397,55.363855,172.002408
224.669353,55.307042,171.877339
224.667747,55.301721,171.874263
224.729761,55.244475,171.823156
224.806130,56.245457,172.070204
224.952652,57.073642,172.434205
224.863475,57.047597,172.309274
224.787998,57.029272,171.960657
224.803483,57.212047,171.892173
224.864468,57.193898,171.829600
224.987257,57.902654,171.028122
225.001664,57.938908,170.935051
225.441090,57.997463,170.971307
225.480438,57.900081,170.839839
225.417849,57.853346,170.752360
225.433471,57.856886,170.727244
225.746141,58.154275,170.294941
225.549135,58.583642,169.605770
226.154577,58.949879,168.692656
226.331444,59.075679,167.319036
226.324668,59.287791,167.215095
226.735673,59.271761,165.920199
226.769951,59.408655,165.875562
226.770102,59.408535,165.874919
226.959428,59.731459,165.292494
227.022002,59.615782,165.180052
227.032207,59.594233,165.170265
227.105169,59.909494,164.653442
227.116333,59.866823,164.621376
227.509951,59.793943,164.249514
227.835924,60.267325,163.208546
227.601071,60.331235,162.446169
227.548936,60.396231,162.411780
227.568335,60.340110,162.369686
227.451458,60.253022,161.956089
227.756938,60.579521,160.686234
227.714985,60.531796,160.618592
227.944167,60.102159,160.050354
227.913233,60.177493,160.043763
228.006442,60.208034,159.900077
228.105716,60.787793,159.090412
228.032231,61.432828,158.550222
228.270029,61.945107,158.101886
228.146933,62.254040,157.693580
228.139522,62.417799,157.636913
227.899658,62.946239,157.410510
228.356350,63.163077,157.053130
228.374583,63.054119,156.867426
228.414440,63.257267,156.764157
228.584597,63.853793,156.486332
228.587096,63.881460,156.490118
228.515747,63.932849,155.874597
229.202794,64.471288,154.989716
229.027251,65.016920,154.359697
229.331426,65.140684,153.355628
229.363950,65.413223,153.240173
229.132890,65.703542,153.058296
229.155456,65.655281,152.994210
229.397233,66.525835,151.963006
229.529652,66.654747,151.923207
229.556859,66.818495,151.172851
229.601423,66.992332,150.955436
229.616113,66.949074,150.717866
229.588961,67.014629,150.733867
229.733870,67.449621,150.078728
229.594781,67.690669,149.842602
229.585562,67.712130,149.852895
229.495634,67.916817,149.776653
229.484937,67.947087,149.791581
229.509046,67.961187,149.721676
229.927648,68.162565,149.397336
230.202415,68.738060,149.294474
230.247162,69.173844,149.503423
230.265507,69.173057,149.475509
230.131461,68.932514,148.945049
230.327207,69.385270,148.859601
230.390555,70.203772,148.234091
230.448223,70.204438,148.090017
230.525363,71.016186,146.892897
230.527303,71.014152,146.889611
230.749001,71.117915,146.354065
230.930320,72.467958,145.115594
230.869136,72.690989,145.082925
230.948316,73.894747,144.012652
230.955611,74.418595,143.881724
230.992934,74.429750,143.778356
230.892086,74.721919,143.673304
230.979631,76.840923,142.623754
231.196152,77.581742,142.009559
231.252918,77.539565,141.834487
231.246452,77.536062,141.829342
231.539920,77.094644,141.154086
231.506797,77.189556,141.185461
231.561149,77.226683,141.204402
231.426825,77.306799,140.589596
231.429396,77.307531,140.586541
231.651807,78.477088,140.131145
231.964617,80.272173,139.480615
231.817806,80.667856,139.277137
232.224372,80.844572,139.127767
232.379425,81.890575,138.274627
232.519791,82.772012,138.083045
232.555200,83.813957,137.323769
233.110193,84.117372,137.257724
233.048031,84.389398,137.208527
232.933747,84.610986,136.658020
232.860135,84.799754,136.743006
232.926205,85.502515,135.929171
232.837331,85.832916,135.864317
232.869928,85.909361,135.885131
232.616188,86.144538,134.791688
232.669398,86.984184,134.863227
232.813351,87.439219,134.320110
232.788491,87.707545,134.412793
232.779540,88.196896,134.118825
233.214992,88.433372,134.002279
233.615715,89.049008,133.985337
233.566886,89.227508,134.029804
233.664771,89.969724,133.267432
233.798304,90.199863,133.329091
233.851203,91.149958,132.810291
233.969102,91.250370,131.455612
233.611400,91.863599,130.676788
233.611337,91.864162,130.676486
233.612565,91.864556,130.674834
233.477411,92.703860,129.920151
233.486045,92.699828,129.911150
233.839616,93.187435,129.046099
233.865874,93.303336,129.123895
233.865801,93.304088,129.123831
234.019705,93.577821,129.152988
234.127421,93.655303,128.958998
234.240084,94.709183,127.607189
234.347323,94.807803,127.620345
234.266305,96.144395,126.459064
234.366822,96.745756,126.507846
234.389508,97.741915,126.055241
234.350840,98.139499,125.886678
234.034723,99.142698,125.201606
234.032932,99.148845,125.204162
234.019256,99.184441,125.232566
233.708941,100.244924,124.207342
233.723265,100.306842,124.260729
233.849233,100.820712,123.880874
233.877847,101.606203,123.142242
233.890428,101.626719,123.081026
233.999397,102.418015,122.950247
234.278366,104.920442,121.723979
234.092710,105.042695,121.738572
234.057162,105.279634,120.746330
234.057020,105.280703,120.746654
233.992060,105.563327,120.794147
233.997905,105.607360,120.828222
233.828415,105.771225,120.505968
233.828259,105.772584,120.506572
233.784931,105.792270,120.385369
233.718169,106.650106,119.747173
233.649036,106.994586,119.748949
233.711510,108.144206,119.531812
233.383669,109.154594,119.251289
233.220500,109.317706,119.276566
233.108332,109.983251,118.675088
233.158888,110.009657,118.354877
233.031787,109.692503,117.666360
232.980300,109.586414,117.559420
232.973037,109.545189,117.521619
232.972971,109.544941,117.520468
232.974832,109.537526,117.509854
232.950250,110.328429,117.015790
232.561606,110.917046,114.992014
232.006371,112.109017,114.569081
231.915877,112.129197,114.551816
232.085851,112.430329,113.839133
232.163924,113.035868,113.503098
232.141396,114.586764,112.829111
232.141240,114.586911,112.828239
232.202297,114.696668,112.493340
232.202160,114.696825,112.492500
232.022576,115.025370,111.682981
232.352231,114.320199,110.597818
232.467183,114.668398,109.945865
232.489086,114.655536,109.905974
232.039736,115.018441,108.452205
231.975598,115.450815,108.394153
231.975661,115.442389,108.374220
231.975524,115.442759,108.373608
232.001187,115.425093,108.246065
232.027359,115.612040,108.353403
232.028585,115.613007,108.351938
231.920946,116.126076,107.935426
231.823606,116.278795,107.575206
231.720816,116.781500,107.339360
231.719075,117.578630,106.524630
231.495697,117.746375,106.245285
231.495928,117.747245,106.244237
231.743867,119.417874,105.366356
231.582696,120.929906,104.161846
231.582352,120.930602,104.161555
231.541266,121.254894,104.259566
231.439890,121.688352,104.300656
231.258444,122.374365,103.818113
231.194180,122.409441,103.623014
231.130445,123.093452,103.143844
231.130153,123.094281,103.143648
231.130963,123.103477,103.138532
231.385486,123.381003,102.870599
231.141611,124.055158,102.330268
231.195604,124.864286,102.172881
231.260926,125.114148,101.540697
231.245769,125.250434,101.623889
231.133866,125.616925,101.210205
231.017980,126.070381,100.485739
230.939619,125.857382,100.162433
230.979089,126.920088,99.453704
230.963348,127.678580,98.780759
231.245589,128.925018,97.380416
231.332091,129.236338,96.957539
231.412812,128.823158,96.312202
231.412497,128.926165,96.379510
231.412552,128.927168,96.379360
231.540005,129.270903,96.247138
231.450462,129.770495,95.556685
231.465110,129.866615,95.571743
231.463640,129.867660,95.570722
231.399795,130.438398,95.352841
231.558033,131.963784,94.542009
231.333899,132.998485,93.969106
231.455401,133.632462,93.558073
231.385280,133.818635,93.501350
231.121280,134.177613,93.091195
231.117751,134.186198,93.098458
231.592963,135.060892,92.111344
231.655405,135.396510,92.118531
231.587288,135.356726,91.903892
231.539414,135.968231,91.551470
231.527651,135.984823,90.430998
231.601154,135.713140,90.147953
231.554776,136.334472,90.000449
231.659668,137.115839,89.186442
231.530323,137.578420,88.820892
231.637745,138.261462,88.526777
231.707522,139.227049,87.554056
231.775096,139.697924,86.519807
231.996373,139.912338,85.601209
232.064682,139.905085,85.559576
232.233070,140.326960,84.983209
232.324684,140.838349,84.636703
232.248766,141.140028,84.254769
232.360293,140.990144,83.952980
231.799467,142.167879,82.625032
231.886233,142.193437,82.398331
231.980847,142.297671,81.996410
231.981043,142.298198,81.995448
232.067597,142.067632,81.743755
231.999113,143.534425,81.043017
232.285427,143.730051,80.123603
232.445512,145.127538,79.313708
232.461420,146.307330,77.769702
232.408997,147.657689,77.045660
232.329043,148.141276,76.326050
232.499077,149.028472,75.796370
232.488740,149.440565,75.518396
232.266061,149.043484,74.809966
232.199261,149.521039,74.128106
232.680467,150.738163,73.275424
232.747603,150.995476,73.156236
232.388564,151.165388,72.805497
232.387210,151.165302,72.804447
232.387171,151.165843,72.803789
232.352569,151.166878,72.799567
232.422986,151.122006,72.742269
232.501160,151.505183,72.491566
232.512962,151.395862,72.375791
232.694829,151.552179,71.875930
232.683424,151.550157,71.871680
232.569346,152.391108,70.942061
232.618354,152.287238,70.815043
232.597082,152.101631,70.031111
232.597093,152.101786,70.029995
232.622558,151.969541,69.380369
232.735722,152.018344,69.318839
232.908003,153.180337,68.446231
233.146253,153.956315,67.378304
233.131595,153.931095,67.348753
233.139394,153.891085,67.317269
233.193866,154.205849,66.974010
233.194057,154.206667,66.973526
233.277138,154.476529,66.499345
233.023013,155.040348,66.151697
233.223478,155.274930,65.312281
233.425972,155.796583,64.997572
233.223226,156.482593,64.684799
233.223867,156.988767,63.808684
233.328653,157.336621,63.277974
233.342946,157.378238,63.283943
233.341976,157.404405,63.295615
233.337911,157.418210,63.301741
233.172408,158.229403,62.878023
233.131585,158.506403,62.725095
233.072366,158.923020,62.160418
233.126300,158.432138,61.586642
233.235197,158.719731,60.797706
233.316009,158.869196,60.541576
233.320071,158.856915,60.533745
233.179986,159.232156,60.122757
233.109003,159.530551,59.605611
232.983456,159.766487,58.578976
232.940089,159.800654,58.519512
232.948461,159.915609,58.523084
233.269995,160.405246,58.208473
233.276121,160.341398,58.164624
233.196868,160.142573,57.619186
233.196427,160.143250,57.618484
233.196159,160.143863,57.617734
233.064022,160.304193,57.495944
233.089079,160.646198,56.978591
232.789848,161.284267,56.129566
232.726582,161.733927,55.867752
232.810214,161.928918,54.383702
232.975211,161.810548,53.526018
232.976099,161.811971,53.525421
232.992433,162.741606,52.986480
232.582047,162.733901,52.240210
232.635259,162.872374,52.112552
232.689039,163.031917,51.987040
232.404696,163.419435,51.229837
232.323283,163.542669,51.104102
232.288414,163.580009,51.085434
232.179998,163.892596,50.724657
232.157279,163.855166,50.476467
232.198001,164.022856,50.384222
232.000391,163.925843,49.944329
231.940305,164.255192,49.587888
231.699235,164.271949,48.948122
231.798536,164.334943,48.623634
231.879891,164.524547,48.359077
231.804308,164.728626,48.107250
231.993718,165.482102,47.803306
232.000143,165.514599,47.804685
232.245351,165.779700,47.496275
232.245216,165.780823,47.495381
232.158675,165.915043,47.273233
232.077685,166.010356,47.246774
232.079616,166.019443,47.243502
231.999597,165.906313,47.071195
232.159334,166.274871,46.784714
232.200579,166.485748,46.664096
232.321788,166.356943,45.970795
232.078572,166.500300,45.745309
232.057509,166.485843,45.730600
231.984781,166.584274,45.666182
231.866072,167.103680,45.111168
231.785486,166.907698,44.855985
231.594779,167.056558,44.785380
231.725944,167.349705,44.619992
231.602377,167.475770,44.231596
231.664074,167.514654,44.094088
231.614250,167.747186,43.988854
231.604689,167.845616,43.934739
231.736383,167.964669,43.482402
231.735863,167.968233,43.481556
231.582318,168.128950,43.313509
231.556369,168.276793,43.208428
231.362673,168.870462,43.008290
231.372033,169.588851,42.159681
231.256054,169.752395,41.587696
231.315803,169.820390,41.165301
231.359301,169.762925,40.914597
231.056807,169.513057,39.970227
231.002681,169.133066,39.083384
230.960559,169.106314,39.045669
230.909585,169.190267,38.972305
230.809815,168.828162,38.435185
230.733729,169.346389,38.263342
230.717951,169.458491,38.160839
230.868859,169.399083,37.695023
230.866338,169.363914,37.368633
230.895672,169.354261,36.787325
230.875703,169.368445,36.707922
230.879713,169.464450,36.662264
231.196939,169.044209,36.012992
231.048854,169.034273,35.348173
231.241404,169.315240,35.033918
231.390949,169.135698,34.839414
231.377147,168.974060,34.859251
231.360775,168.828754,34.741687
231.318125,168.136316,34.314002
231.286147,167.917115,34.255329
231.459447,167.538097,34.130481
231.507813,167.209882,33.970000
231.546587,167.111514,34.015257
231.534343,167.055136,34.011037
231.411427,167.028978,33.563402
231.438557,166.683677,33.406267
231.829948,166.233728,32.883990
231.901372,165.996586,32.753164
231.905546,165.948605,32.772272
232.005176,165.729010,32.511028
231.981402,165.585100,32.501221
231.886624,165.961069,32.276385
232.001389,165.631543,32.069083
232.099105,165.190652,31.656726
232.220095,164.910841,31.666993
232.124371,164.168379,31.213367
232.122435,163.609645,30.871126
232.236628,163.425306,30.726724
232.208474,163.418554,30.684386
232.357653,162.929341,30.169232
232.420838,162.840877,30.199305
232.451386,162.692942,30.224987
232.444370,162.613193,30.254438
232.427447,162.250961,30.184809
232.400369,162.239151,30.185370
232.461809,161.812073,30.173944
232.482144,161.649175,30.208825
232.761697,161.391832,29.416622
232.761623,161.149333,29.097200
232.739727,161.051538,29.128967
232.902591,160.560593,29.011113
232.903022,160.558808,29.011628
232.914983,160.464580,29.064632
232.922825,159.954902,28.887403
233.223663,159.683860,28.949818
233.417972,159.537065,29.039433
233.344131,159.383088,28.682937
233.354466,159.127634,28.781699
233.449268,158.588600,28.928760
233.485559,158.370338,28.854582
233.598201,158.179823,28.738451
233.790669,157.663597,28.250283
233.783719,157.608262,28.259759
233.783833,157.607197,28.259745
233.722891,157.563029,28.049989
233.758754,157.111667,27.791807
233.900047,156.947704,27.813746
233.910022,156.990096,27.054518
233.742121,156.245186,26.436239
233.706461,156.092720,26.481315
233.632531,156.094131,26.365939
233.646801,156.105727,26.349723
233.618930,156.037364,26.382035
233.656731,155.666058,26.321765
233.614172,155.060054,26.016355
233.636002,155.061358,25.989884
233.739070,155.039969,25.944445
233.885311,154.539283,25.403873
233.966378,154.342981,25.224310
233.969543,154.345090,25.220520
233.964794,154.351108,25.208534
233.900083,154.744312,24.849872
233.759614,153.762095,24.693061
233.805204,153.645173,24.770703
233.649102,153.673428,24.542118
233.751514,153.171229,24.600665
233.749862,153.166720,24.605154
233.897064,152.915939,24.672481
233.845359,152.675767,24.735434
233.937021,152.220101,24.566510
234.049887,151.958119,24.630853
234.128482,151.509328,24.461049
234.114721,151.492824,24.476071
234.326268,150.769833,24.240057
234.329265,149.874303,24.022596
234.320199,149.868119,24.033335
234.509370,149.729438,23.888456
234.488895,149.709936,23.912528
234.417238,149.302564,23.703664
234.723939,149.156897,23.760963
234.722096,149.155693,23.763305
234.722146,148.554809,23.916314
234.708237,148.534633,23.932894
234.775168,148.097649,23.927743
234.775088,148.096801,23.928009
234.735590,148.221969,23.747337
234.816707,147.444992,23.951831
235.028682,147.076553,23.867543
234.798261,146.704857,23.829180
234.711761,146.387669,23.838787
234.653130,146.066926,23.911742
234.738865,145.584832,23.761226
234.662518,145.480359,23.621750
234.641652,145.447315,23.646143
234.743763,144.951402,23.459696
234.721126,144.950326,23.450056
234.658996,144.604672,23.526512
234.634826,144.570496,23.554221
234.562029,144.368980,23.494282
234.646911,143.891202,23.328484
234.576603,144.199421,22.992483
234.592674,143.346523,22.910953
234.685835,142.578827,22.840442
234.686250,142.578129,22.840592
234.847508,141.950306,22.597094
234.976143,141.446394,22.532846
235.135138,140.509245,22.230322
235.135612,140.508516,22.230402
235.455446,139.539966,22.205278
235.443347,139.345356,22.066748
235.359104,138.456160,22.271451
235.465563,138.071301,22.162786
235.714367,137.135857,22.047792
235.989890,136.512250,21.946988
236.110020,136.282765,21.800051
236.116977,136.282695,21.798278
236.123393,136.283046,21.791043
236.244046,135.368974,21.668905
236.244333,135.368388,21.668744
236.244620,135.367802,21.668583
236.473524,135.585329,21.504688
236.471637,134.827254,21.193880
236.453424,134.520364,21.219771
236.595179,134.089484,20.696548
236.694102,133.740576,20.786350
236.691323,133.671548,20.391947
236.873481,133.604223,20.258627
236.823857,133.593739,20.240131
236.674442,132.796026,20.146385
236.600429,132.303947,20.235389
236.779309,131.212176,20.033243
236.851326,130.862362,19.903271
237.004511,130.402717,19.975632
236.878885,129.712024,19.840493
236.813193,129.447459,19.820530
236.869329,129.329869,19.896700
237.020116,128.413874,19.780461
236.951629,127.879803,19.864960
236.945271,127.875786,19.865647
237.028019,127.433909,19.733888
237.046311,126.795649,19.874448
237.066445,126.908620,19.665248
237.029904,126.905548,19.656136
236.987892,126.896791,19.648924
237.143123,126.115639,19.829918
237.464940,125.296365,19.573028
237.464661,125.295778,19.572889
237.394054,124.907430,19.637312
237.443959,124.381977,19.490427
237.418372,124.358746,19.512777
237.422628,124.357266,19.513775
237.475288,123.829117,19.390175
237.368605,123.513244,19.391605
237.347018,123.459504,19.266817
237.263684,122.776674,18.857733
237.293345,122.691653,18.691037
237.204277,122.260746,18.685254
237.457881,121.275960,18.673263
237.661194,120.854109,18.637943
237.659393,119.668000,18.142825
237.661113,119.665987,18.147288
237.539062,119.151676,18.219665
237.553462,119.150710,18.223102
237.549064,119.148442,18.228644
237.654718,118.979070,18.321333
237.901029,118.292006,18.435525
237.901217,118.291439,18.435758
238.065206,117.277524,18.511026
238.217149,116.430547,18.074861
238.178414,115.451543,18.181678
238.245719,115.467180,18.173853
238.393663,114.965458,17.856872
238.337332,114.772712,17.918342
238.337790,114.772328,17.917933
238.649622,114.305533,17.466098
238.538603,113.480918,17.336844
238.537231,112.544234,17.505819
238.601226,112.620767,17.192106
238.601352,112.620287,17.192164
238.912724,110.669279,17.062988
238.913015,110.669537,17.063232
239.060233,110.450226,17.128639
239.118110,110.316726,17.066488
239.323084,109.238052,16.834782
239.326714,109.238222,16.830847
239.334617,107.067209,15.981240
239.304512,106.545081,16.085980
239.279193,106.596893,16.003822
239.302663,106.533973,16.023974
239.694690,106.374135,15.892767
239.694940,106.374720,15.892105
239.716872,105.990314,15.629865
239.753315,105.277505,15.909440
239.638770,104.996628,15.769071
239.742843,104.421871,15.636931
239.741023,104.420804,15.638872
239.722432,104.396839,15.658081
239.668500,104.189670,15.714657
239.681355,104.183200,15.701556
239.718253,104.120048,15.663858
239.638855,103.609951,15.472221
239.638481,103.593622,15.490477
239.489674,102.286902,15.613485
239.810335,101.879870,15.183531
239.891339,100.645081,14.987290
239.830221,100.787666,14.892553
240.128080,100.564875,14.979442
240.129314,100.564767,14.978343
240.299491,99.428636,14.782647
240.318500,99.421613,14.763697
240.570505,97.441509,14.559121
240.567222,97.439690,14.562581
240.568463,97.438689,14.567300
240.585219,97.031790,14.651754
240.531022,96.906154,14.707441
240.660839,96.004985,14.810070
240.761695,95.424118,14.713398
240.835428,94.889800,14.624536
240.847167,94.883999,14.612210
240.993061,93.851147,14.431173
241.047215,93.414689,13.893674
241.368961,93.118937,13.847489
241.364767,93.112878,13.851725
241.324457,93.194401,13.727977
241.347653,90.264375,14.108742
241.350159,90.248990,14.030049
241.348836,90.247345,14.025606
241.337730,90.236015,14.037192
241.359651,90.195131,14.094742
241.297133,89.729174,13.997061
241.529720,88.854471,14.093766
241.476292,88.380626,13.991210
241.625144,87.438376,14.478021
242.094048,86.886147,14.466781
242.153190,85.464715,14.367310
242.226441,84.585996,14.181729
242.283357,84.125055,14.201542
242.578102,82.818191,13.940180
242.563944,82.705633,13.879085
242.626591,82.487030,14.004912
242.584536,82.626295,13.964168
242.646151,82.206982,13.879763
242.697798,81.525928,13.985485
242.732135,81.263365,13.836854
242.730951,81.262551,13.836365
242.618436,81.029739,13.575953
242.922837,80.155642,13.749285
242.905033,80.102059,13.772308
242.971582,79.706691,13.697243
243.296812,79.199237,13.791134
243.416480,78.429797,13.649094
243.851402,77.957809,13.668516
243.843099,77.948145,13.678802
243.842619,77.947425,13.679502
244.242482,77.071714,13.673637
244.242632,77.069421,13.679961
244.224902,76.582043,13.572020
244.277272,76.223825,13.505461
244.275097,76.221695,13.509209
244.239161,76.271434,13.411995
244.237470,76.270111,13.413371
244.209704,76.185122,13.444143
244.178117,75.201433,13.265340
243.889737,74.947306,12.966193
243.884534,74.941003,12.982333
244.169663,74.135281,12.745878
244.220748,73.801781,12.686661
244.621582,73.274066,12.713816
244.801650,72.625335,12.410028
244.831823,71.837923,12.423053
244.755087,71.453629,12.516008
244.881668,70.341437,12.393670
244.858295,69.978099,12.336126
244.858278,69.977580,12.336202
244.822205,68.930466,12.354548
244.866109,68.631097,12.302647
244.799549,68.135962,12.370350
244.995735,67.603526,12.177721
245.038985,67.318663,12.119806
245.016619,66.575101,12.104825
244.604126,66.162445,11.512189
244.649965,65.888390,11.459016
244.725430,65.596111,11.357862
244.840578,64.791369,10.956008
244.747553,63.966007,10.959890
244.749468,62.939742,10.742538
244.708132,62.365301,10.891013
244.693054,61.930754,10.694378
244.645448,61.276610,10.718119
244.692424,61.038694,10.657817
244.694191,59.918324,10.638115
244.694272,59.917755,10.638093
244.954196,59.179908,10.547875
244.998045,59.070089,10.609572
245.022939,58.844485,10.526783
244.833691,58.427404,10.671249
244.807213,57.679184,10.585027
244.977478,57.448976,10.531599
244.977536,57.448371,10.531577
244.907636,56.988431,10.572320
244.801961,56.534300,10.598881
244.648440,56.554268,10.577191
244.648454,56.553848,10.577095
244.776200,55.692403,10.192430
244.794861,55.666516,10.174059
244.775331,55.334695,10.104550
244.562365,55.184258,9.969406
244.707183,54.497851,9.926627
244.743731,54.313449,9.975178
244.779829,54.142019,9.941482
244.815442,53.962074,9.908240
244.769929,53.853582,9.775447
244.839599,53.501896,10.002274
244.910263,52.674857,10.078218
244.910320,52.674197,10.078231
244.799029,51.995767,10.029235
244.442077,52.032690,9.989353
244.337359,51.365407,9.876138
244.405799,51.046080,9.814629
244.016022,51.120674,9.773275
244.050668,50.963640,9.743405
244.066157,50.769515,9.889506
244.066269,50.768856,9.889478
244.099567,50.617928,9.860244
244.090239,50.304453,9.719888
244.037926,50.277211,9.592561
244.080459,49.899178,9.521522
244.147802,49.613180,9.659404
244.148066,49.612458,9.659265
244.179244,49.472877,9.631797
244.184936,49.312139,9.553114
244.216755,49.176150,9.525357
244.302229,48.829145,9.244788
244.262137,48.692373,9.276021
244.014701,48.560911,9.236822
244.044021,48.432669,9.212288
244.049977,48.408662,9.195722
243.919617,48.071829,9.264692
243.826233,47.701975,9.313811
243.553459,47.538891,9.277457
243.585427,47.419495,9.363756
243.610441,47.304192,9.408711
243.570052,46.861281,9.670282
243.635085,46.505679,9.683073
243.635058,46.505207,9.683230
243.655471,46.459997,9.666064
243.669899,46.318342,9.909588
243.550918,45.872568,9.934745
243.514505,45.772850,9.963053
243.348963,45.533743,10.037783
243.338253,45.509779,10.011509
243.449491,45.388281,9.837580
243.473656,45.294331,9.958270
243.451951,44.723448,9.933083
243.475515,44.633179,10.088860
243.613509,44.163207,10.195594
243.614810,44.162053,10.195150
243.550086,43.978691,10.136646
243.572504,43.895378,10.117188
243.593321,43.814069,10.205174
243.449889,43.758930,10.188722
243.323560,43.323456,10.378907
243.312895,43.322257,10.387960
243.313049,43.321377,10.388108
243.293036,43.205837,10.383395
243.293203,43.204949,10.383530
243.299585,43.132885,10.389031
243.337304,42.998227,10.368473
243.081927,42.502696,10.562015
243.108270,42.265286,10.603446
242.788881,41.950223,10.629195
242.786369,41.889282,10.621805
242.812964,41.741733,10.613163
242.601752,41.396185,10.832990
242.608939,41.389983,10.827138
242.590147,41.376560,10.843531
242.363863,41.324796,10.813514
242.153175,41.149536,10.782188
241.977916,40.897197,10.871456
241.906891,40.718866,10.910967
241.930525,40.645584,10.892641
241.938714,40.436137,10.838707
241.949440,40.424021,10.830168
241.994351,40.285689,10.795174
242.038855,40.119736,10.861586
241.613985,39.555841,10.876502
241.629853,39.492172,10.860591
241.644554,39.452861,10.870474
241.557982,39.404875,10.838791
241.601914,39.277068,10.915462
241.656509,39.119292,10.974695
241.509556,38.962639,10.821883
240.933457,38.384143,10.867128
240.849534,38.483135,10.683825
240.756687,38.143639,10.735764
240.098185,37.318166,10.806326
240.105973,37.294124,10.832141
240.142824,37.201924,10.807657
240.106339,36.929251,10.882163
240.148944,36.823697,10.882243
239.655134,36.594942,10.717610
239.194144,36.112953,10.752453
239.139477,35.771962,10.792915
238.831076,35.249898,10.897091
238.894325,35.113698,10.917554
238.911714,35.035993,10.844693
239.025571,34.772411,10.808191
238.888449,34.603980,10.845415
238.734294,34.503182,10.859057
238.726252,34.396963,10.862052
238.533695,34.312550,10.736175
238.217938,34.075159,11.105229
238.174476,33.900474,11.059672
237.841386,33.586225,11.008337
237.771298,33.412242,10.968013
237.746963,33.185244,11.068846
237.697849,33.119978,11.004122
237.696391,32.955074,10.970881
237.532901,32.814188,10.830155
237.403748,32.675664,10.881613
237.440586,32.608202,10.867696
237.251543,32.177360,10.824134
236.706796,32.070179,10.739379
236.750008,31.992842,10.703705
236.239578,31.593949,10.546365
236.079456,31.372193,10.466955
236.087012,31.359214,10.410064
235.879339,31.114480,10.306054
235.494561,30.880728,10.251034
235.506137,30.841887,10.193419
235.538056,30.791403,10.137491
235.448108,30.691908,10.077781
235.484443,30.631096,10.034028
235.488659,30.595519,9.970942
235.263443,30.237941,9.883142
235.171752,30.323888,9.917756
235.083375,30.416527,9.926450
234.942785,30.521679,9.981234
234.645836,30.532549,9.973674
234.336839,30.459580,10.038078
234.152929,30.371369,10.050535
233.660562,30.337949,9.961170
233.337135,30.673457,9.853658
233.274805,30.655837,9.850718
233.213906,30.746813,9.846965
233.191145,30.785298,9.858833
232.795788,30.692935,9.902959
232.659488,30.663926,9.955540
232.561021,30.804940,10.000383
232.451223,30.788814,10.050197
231.914637,30.890535,10.362184
231.594942,30.843565,10.553558
231.542094,30.912946,10.573533
231.473949,30.973489,10.627737
231.430717,30.995302,10.646034
231.288087,30.997797,10.700858
230.632317,31.058203,10.683878
230.596408,31.103127,10.699284
230.527059,31.191627,10.570732
229.974045,31.452268,10.685976
229.935008,31.512766,10.664149
229.684164,31.405041,10.670466
229.502125,31.625099,10.605728
229.470387,31.656599,10.580502
228.587334,31.224491,10.738667
228.078519,31.348342,11.091143
227.845700,31.335271,11.183963
227.761298,31.433688,11.215363
227.670034,31.555353,11.257093
227.404854,31.599566,11.291522
227.105093,31.831172,11.210269
226.938468,31.830826,11.241084
226.814505,31.964640,11.170332
226.322641,31.899324,11.065820
226.125374,32.042864,11.037134
225.917446,31.830002,11.085005
225.801024,31.958379,11.036637
225.700156,32.064332,10.898161
225.433766,32.368307,10.968192
225.111696,32.384560,10.847961
224.380179,32.106764,11.000655
223.809039,31.729352,11.121622
223.809116,31.734851,11.124234
223.765239,31.788310,11.142787
223.574515,31.988196,11.100221
223.450536,32.116381,10.953736
223.338813,32.250900,10.948225
222.917399,32.573240,10.936022
222.777404,32.684144,10.998178
222.608961,32.780599,11.039740
222.343442,32.877747,10.960552
221.939460,32.958199,10.853194
221.589751,32.947562,10.860079
221.589133,32.947884,10.860094
221.260398,32.732852,10.819883
221.259793,32.733181,10.819959
221.157429,32.840800,10.839333
220.730398,32.835738,11.010188
220.729807,32.836039,11.010261
220.101538,32.658848,11.449037
220.006676,32.749562,11.480189
219.720111,32.786296,11.557596
219.621995,32.879771,11.590363
219.390912,32.969985,11.539406
218.881684,33.061895,11.306194
218.423018,33.119720,11.537355
218.052472,33.075283,11.695611
217.425849,33.045046,11.713403
217.315029,33.144402,11.749638
217.066947,32.962428,11.698061
216.707804,32.883964,11.505919
216.319693,32.870645,11.507608
216.089518,32.962767,11.483574
215.672754,33.161119,11.532167
215.548949,33.269050,11.568524
215.548397,33.269350,11.568556
215.410727,33.361673,11.590230
215.131213,33.275653,11.579361
214.741215,33.141367,11.488467
214.410098,33.453405,11.299963
214.409250,33.453532,11.300004
214.252305,33.572985,11.342208
213.707975,33.475211,11.569453
213.562795,33.595900,11.525084
212.928086,33.887065,11.661033
212.924880,33.880358,11.656826
212.690495,33.772893,11.632991
212.628682,33.679973,11.604882
211.887556,33.937869,11.369842
210.903285,33.495476,11.629813
210.416275,33.356765,11.688428
210.414536,33.348798,11.694275
210.215907,33.320308,11.674444
209.856826,33.094603,11.822681
209.688039,33.232537,11.704118
209.412950,33.486306,11.643304
209.027512,33.679559,11.500185
208.648014,33.888573,11.492804
208.442975,33.936015,11.539735
207.873501,34.261614,11.529980
207.872613,34.268459,11.525955
207.246479,34.374245,11.805719
206.867153,34.668319,11.851868
206.870626,34.679608,11.855598
206.264046,35.098122,11.994894
206.262258,35.110839,11.986688
205.594099,35.178251,12.012717
205.313474,35.209365,12.125946
205.109655,35.360785,12.175852
205.109210,35.361096,12.175913
204.903408,35.514955,12.226286
204.371946,35.717553,12.244830
203.809539,35.756392,12.267894
203.809088,35.756661,12.267940
203.587238,35.940418,12.306368
203.369247,36.080013,12.368111
203.362108,36.108216,12.368711
203.361668,36.108399,12.368762
203.262675,36.197723,12.345925
203.248976,36.156366,12.346151
202.895925,36.450191,12.292243
201.831312,36.447593,12.623547
201.301070,36.588408,12.561241
200.875007,36.709189,12.968378
200.406373,36.602837,13.056850
200.405861,36.603066,13.056921
199.384470,36.814967,13.128691
199.034717,36.879464,13.145419
198.665047,36.838837,13.183738
198.302958,36.800039,13.437228
198.047399,36.978253,13.496900
197.780899,36.959113,13.873722
197.600360,36.782959,14.267768
197.341170,36.960322,14.327798
197.275309,36.977600,14.365802
197.274558,36.976591,14.367545
197.009365,36.631366,14.429284
196.479308,36.995246,14.550631
196.044574,36.760447,14.529983
195.215176,36.431166,14.554798
195.146465,36.511132,14.601687
194.064091,36.721766,14.384846
193.496866,36.590112,14.689085
193.411749,36.605129,14.662443
193.154340,36.579636,14.796569
192.435175,36.516385,14.618362
192.122395,36.295880,14.744625
192.114863,36.297153,14.737380
192.114353,36.296793,14.737499
192.113843,36.296432,14.737619
191.281630,36.226939,14.765284
190.949688,36.376634,14.727320
190.947473,36.361864,14.718622
190.947023,36.359140,14.719598
190.442490,36.054163,14.703886
189.814421,36.452055,14.229967
189.499559,36.446636,14.284834
189.466963,36.523022,14.315587
189.110658,36.583118,14.384025
189.099527,36.566011,14.382873
189.045905,36.636583,14.353602
188.659060,36.984607,14.303076
188.644159,37.068260,14.334967
187.475626,37.214867,14.016010
187.366482,37.340181,14.064904
187.065258,36.854124,14.114010
186.880203,37.021174,14.136380
186.645993,36.319124,14.184083
185.952170,36.725485,14.316105
185.947090,36.785319,14.306156
185.336352,37.051358,14.329397
184.717417,37.475868,14.446266
184.651561,37.405999,14.423022
184.641874,37.427861,14.403812
184.632935,37.438885,14.401802
184.006005,37.542503,14.443557
184.005526,37.543042,14.443730
182.714390,37.781194,14.548443
182.080197,37.861057,14.605864
180.893318,38.246013,14.890963
180.808713,38.351856,14.802687
180.150961,38.384726,14.728204
180.083162,38.305342,14.697532
179.201360,38.732297,14.325878
179.020339,38.107326,14.358260
178.476022,37.890275,14.302752
178.401270,37.912461,14.275990
178.126813,38.113735,14.342656
178.120820,38.117666,14.343661
177.951720,38.307971,14.287964
177.809816,38.294769,14.241166
176.955190,37.333923,14.315489
176.948764,37.310351,14.298469
176.222103,37.490888,14.420541
175.701724,37.405452,14.532263
174.479205,37.736314,14.724710
173.725302,37.677410,14.817887
173.312297,37.913263,14.486380
173.304801,37.917458,14.484727
172.612856,37.570101,14.928696
172.605542,37.575400,14.928147
172.577595,37.617724,14.962874
171.600323,37.938658,15.358828
171.567983,37.888285,15.338452
171.123004,38.043377,15.360350
170.548379,37.916698,15.264041
170.065834,38.039897,15.292052
169.820917,38.384517,15.569834
168.752521,37.931892,15.662840
168.079753,37.790722,15.595813
166.834848,37.717579,16.287920
166.425848,37.663721,16.341513
166.314637,37.734831,16.399699
165.525372,37.529784,16.394120
164.191971,36.905942,16.660247
163.486783,37.249390,16.648979
162.419795,37.782102,16.506748
161.785016,37.228383,16.270158
160.477905,36.753078,16.472678
160.465336,36.798063,16.465773
160.389340,36.832065,16.428878
160.112333,36.814615,16.376633
160.060866,36.865530,16.366274
160.056228,36.882233,16.360107
159.348295,37.221604,16.535317
158.419846,36.819950,17.100452
158.382762,36.732246,17.191364
157.921185,36.956784,17.261853
156.998793,37.025478,17.173792
156.966572,37.080023,17.145897
156.250983,36.864085,17.055141
156.132458,36.952940,17.062894
156.106373,36.990001,17.076018
156.101994,36.994849,17.073477
155.087099,37.078281,17.406957
154.079534,36.458098,17.721139
154.056867,36.417845,17.705495
153.996909,36.538208,17.734351
153.270942,36.229247,18.042561
153.268105,36.224866,18.039107
153.268799,36.195395,18.055283
152.901997,36.017834,18.138018
150.588667,35.158860,18.266632
150.245055,34.718368,18.315010
149.567832,34.538345,18.274485
148.921692,34.497428,18.512392
148.511015,34.264390,18.534089
148.463655,34.362633,18.560551
148.255051,34.577572,18.811515
147.984535,34.674517,18.792626
147.494795,34.468987,19.124186
146.970919,34.664863,19.210679
146.214067,34.471639,19.622233
145.077642,34.789184,19.848685
143.523648,34.943456,20.195253
142.545239,35.211862,20.376747
142.540693,35.226357,20.383339
141.127565,34.622606,21.114812
140.368902,34.272308,21.242161
140.029911,33.733534,21.186197
139.452451,33.911629,21.261814
139.166914,34.141016,21.148365
139.154414,34.179221,21.157029
139.142583,34.099928,21.192297
138.115330,33.387254,21.147624
137.068142,33.422046,21.078252
136.833102,33.281615,20.994693
136.217153,33.345046,21.321518
135.668663,33.531531,21.409667
135.629737,33.472689,21.360399
135.094534,33.475631,21.194397
134.580453,33.688904,21.262992
134.522261,33.715007,21.330009
134.475325,33.648514,21.372400
133.900731,33.725075,21.607933
133.877891,33.761949,21.557044
133.370135,33.953575,21.635072
133.091059,34.094743,21.555938
132.829636,33.931446,22.089128
132.827342,33.944877,22.098077
132.024235,34.089827,22.297811
131.889658,34.058272,22.282579
131.259524,33.883258,22.566922
129.611217,34.109599,22.468657
129.509325,33.947456,22.476044
129.184006,34.040539,22.583761
129.143624,33.986917,22.635224
129.014940,34.105123,22.608994
128.319953,34.513634,22.721263
128.228194,34.591888,22.677266
127.661294,33.708518,22.774990
126.024007,33.537903,23.166882
125.423365,33.359504,23.642076
125.235468,33.248179,23.878973
125.229770,33.249453,23.888734
124.596729,33.087482,23.807181
124.491462,33.004181,23.793352
124.017246,33.245899,23.917775
124.014306,33.249473,23.907949
123.727329,32.999224,23.986646
122.869932,32.485656,23.889642
121.149694,32.118209,23.875243
120.976819,31.931498,23.939079
120.976945,31.927167,23.936704
120.438373,31.853651,24.075241
120.360156,31.949081,24.059692
120.359259,31.950491,24.061062
120.336082,31.983691,24.090879
120.313800,31.844109,24.130947
120.312947,31.843591,24.131607
119.716116,31.741568,24.149334
119.440384,31.684039,24.429457
119.393684,31.723756,24.424088
118.842707,31.652254,24.443275
118.763261,31.688760,24.387060
117.408502,31.941098,24.293896
117.317453,31.897350,24.728740
116.815157,32.138696,24.717037
116.285345,32.229815,24.950445
116.097756,31.950900,24.956262
115.814660,32.155004,24.952849
115.264209,32.211928,24.832224
115.094277,32.166934,24.928044
114.855296,32.035456,24.837729
114.851401,32.052204,24.822579
114.624873,31.943793,24.775456
114.293067,32.182101,24.686001
114.290222,32.184888,24.685112
113.950058,32.089766,24.597785
113.534468,32.266024,24.662763
113.420353,32.349352,24.570653
113.182800,32.306911,24.680717
113.127707,31.957093,24.720716
112.727751,31.859175,24.803304
112.266681,32.039969,24.756316
112.266243,32.039600,24.756371
111.553395,31.869719,24.677563
111.038342,31.646590,24.675678
110.986396,31.393398,24.739848
110.697657,31.248401,24.640866
110.376912,31.237436,24.980163
110.331809,31.155444,24.904616
110.315785,30.982110,24.863300
110.010522,31.013097,24.908631
109.804037,30.975622,24.935683
109.803228,30.964811,24.926854
109.778743,31.009282,24.962848
109.778282,31.009004,24.962790
109.775228,31.012324,24.961401
109.321223,31.244590,24.886477
109.320765,31.244275,24.886377
108.866413,31.372491,24.992927
108.684662,31.019251,25.033998
108.001941,30.752976,24.897413
108.002340,30.754151,24.900659
107.979916,30.716315,24.952544
107.978336,30.704895,24.943477
107.973404,30.680877,24.988416
107.805079,30.407147,25.007308
106.794086,30.352609,25.501388
106.635813,30.222054,25.477502
106.635287,30.146663,25.512145
106.636536,30.139215,25.507948
106.395477,30.012668,25.411956
105.819877,30.022894,25.523645
105.533642,29.905053,25.431536
105.309095,29.900213,25.468683
104.778911,29.813443,25.895691
104.270567,30.131585,25.670400
103.957636,30.065071,25.728308
103.280288,30.370623,25.652529
102.748496,30.668086,25.706063
102.746036,30.691564,25.723615
102.230921,30.900397,25.858776
100.956690,31.148645,26.304041
100.258617,31.342581,26.303751
99.684426,31.592613,26.347501
99.039030,31.667121,26.639907
99.034341,31.676367,26.668637
98.870642,31.433829,26.693805
98.816053,31.393216,26.654722
98.387908,31.650021,26.591815
98.387306,31.650219,26.591444
97.669018,31.372547,26.627878
96.960568,31.604992,26.462599
96.486882,31.641081,26.533094
95.990811,31.554031,26.591169
94.675519,32.024750,26.026612
94.446264,32.156208,25.667510
93.992962,32.024089,26.124515
93.788068,31.923112,26.237948
93.477973,31.747307,26.564400
92.602498,31.628385,26.279794
92.174942,31.862842,26.350263
92.173311,31.871657,26.349955
91.311646,31.529026,26.117126
91.310012,31.511141,26.118642
90.899205,31.397777,26.306152
88.989093,31.413134,25.948078
88.980371,31.430253,25.906132
88.345753,31.135591,25.813384
88.006204,31.072760,25.706407
87.809592,31.202726,25.937184
87.436919,31.401702,25.839111
87.086969,31.571066,25.892647
86.529820,31.555626,26.228347
85.630279,31.656408,26.338718
85.629633,31.662116,26.343653
85.605317,31.677792,26.340529
85.045988,31.371534,26.345369
85.045463,31.371530,26.345529
84.439340,31.461161,26.391993
83.650704,31.308806,26.688052
82.839885,31.637347,26.732987
82.424759,31.607092,27.202006
82.362081,31.617742,27.349380
81.649719,31.643932,27.355076
81.137878,31.870071,27.356333
81.141609,31.855057,27.395914
80.915087,31.736842,27.755368
80.914657,31.736389,27.756115
80.575705,31.600050,27.856414
80.320296,31.201222,27.932515
80.085536,31.323409,27.960114
80.086068,31.322921,27.966407
79.479015,31.342252,28.179200
79.006671,31.570347,28.139686
78.822858,31.689728,28.163859
78.694408,31.770894,28.197697
78.641451,31.825528,28.223175
78.399680,31.966336,28.264674
77.875162,31.789593,28.385332
77.305818,31.787005,28.286323
76.331070,32.204977,27.969648
75.832167,31.912843,27.929022
75.592097,32.069832,27.961698
75.590447,32.044781,28.017943
75.248927,32.262609,28.221564
75.049168,32.285496,28.172186
75.048699,32.285727,28.172377
74.937973,32.370237,28.192116
74.380386,32.068541,28.470355
73.279392,32.111230,28.776382
72.998829,32.238577,28.798250
72.725000,32.131008,28.723997
72.241714,32.218885,28.622083
71.503079,32.292245,28.847791
71.227791,32.782160,29.063741
70.769567,32.723905,29.164906
70.545812,32.872557,29.197007
69.565532,32.302974,29.346293
69.557441,32.302699,29.364695
68.736761,32.172407,29.466244
68.026793,31.686323,29.666123
67.667054,31.768906,29.720235
67.227007,31.739160,29.861579
67.226503,31.738406,29.862542
67.220116,32.013209,30.253108
67.199536,31.990220,30.279211
66.603969,31.449123,30.276257
66.283386,31.288388,30.301375
65.250170,31.528641,29.962312
64.835416,31.630031,29.922850
64.681329,31.453026,29.920275
64.648330,31.415449,29.830410
64.647392,31.415980,29.828670
64.078791,30.869665,29.954705
63.607387,31.096669,29.911779
63.027301,31.144096,30.505481
62.564233,31.232871,30.498429
62.467350,31.321831,30.495274
62.232281,31.488792,30.556293
62.045461,31.389054,30.695084
61.671443,31.633523,30.511439
61.489178,31.521978,30.561004
60.746616,31.026086,30.815284
60.165041,30.849436,30.635128
59.917424,30.749085,30.489798
59.802428,30.662287,30.402629
59.671337,30.576028,30.435717
59.135090,30.565810,30.624532
58.984114,30.547718,30.769461
58.693054,31.004602,31.014638
58.204702,30.594013,30.962831
57.649737,30.123201,30.858651
57.416867,30.026667,30.752298
56.866537,30.229711,30.739205
56.724776,30.180202,30.654986
56.318787,30.276408,30.782340
55.993986,30.460598,30.900513
55.415490,30.326336,30.471808
55.127625,30.273258,30.680978
55.156457,30.412509,30.816619
54.901646,30.296856,30.815703
54.338862,30.344697,30.546318
54.242641,30.321813,30.479848
54.038832,30.458998,30.515556
53.681992,30.784290,30.449389
53.645454,30.762636,30.426696
53.436237,30.807610,30.379131
53.436086,30.813261,30.384615
53.042556,31.085881,30.520271
53.042434,31.092960,30.527025
52.893661,31.254706,30.626532
52.759942,31.158398,30.746719
51.958346,31.507871,30.910074
51.617248,31.912541,30.754752
51.505990,32.050945,30.838175
50.656042,32.453406,30.798891
50.571396,32.412289,30.919226
50.046164,32.714109,30.856924
49.924220,32.719890,30.784860
49.564736,32.741105,30.869665
49.466981,32.725470,30.891768
49.353461,33.080705,30.769401
48.875106,32.999148,30.920874
48.145893,33.548592,31.202384
47.854414,33.681000,30.996632
47.719854,33.613736,31.024754
47.066189,33.675832,31.173243
47.065284,33.675583,31.173389
47.069301,33.697273,31.193849
47.109240,33.950273,31.558049
46.669053,33.741249,31.619080
46.286506,33.943310,31.564385
45.778129,34.088819,31.186403
45.563969,33.960479,31.117412
45.365910,33.936926,31.142941
45.074131,33.961152,31.289675
45.002346,33.897780,31.306753
44.701733,34.013994,31.393725
44.625265,33.997994,31.369677
44.527418,33.911565,31.343283
44.069444,34.014670,31.316970
43.655623,34.364255,31.398274
43.043842,34.636502,31.270559
42.413287,34.796450,31.764825
42.345539,34.743767,31.794375
41.784585,34.784366,31.916281
41.737998,34.738491,31.927085
41.634177,34.692962,32.009729
41.444961,34.536866,31.993598
41.394894,34.524366,31.958329
41.150207,34.700224,32.178226
40.768893,34.958774,32.092397
40.590622,34.935030,32.110330
40.382342,35.127523,31.951589
40.106224,35.260900,32.066104
39.451292,35.300300,32.131650
39.411930,35.330468,32.195083
39.253336,35.288085,32.140847
39.208367,35.915925,32.422002
38.868223,35.714251,32.481210
38.463903,36.073482,32.639954
38.249016,36.007257,32.691504
38.164079,35.940019,32.701888
38.041557,35.872796,32.817957
37.839730,36.094707,32.721769
37.064130,36.511230,32.374347
36.715039,36.837996,32.679565
36.302755,36.550248,32.656406
36.065818,36.897811,32.554843
35.399763,37.312747,32.467798
35.408184,37.506475,32.439671
35.179315,37.797526,32.390521
35.009259,38.653365,32.589166
34.918760,38.955634,32.704879
34.979342,39.091734,32.610075
35.022545,39.151224,32.629556
34.961267,39.580594,32.517048
34.551486,40.128971,32.496821
34.610472,40.206022,32.479079
34.204864,40.739793,32.283992
34.238246,41.087971,32.483897
33.642352,41.692066,32.495407
33.574871,41.888183,32.436658
33.360963,42.360200,32.487414
33.023601,42.993276,32.267389
33.114697,43.164187,32.239904
32.913025,43.551277,32.395220
32.740699,43.936684,32.551961
32.158002,45.008815,32.535030
32.166213,45.026507,32.555554
32.081652,45.368565,32.528902
32.107851,45.466049,32.609130
32.103394,45.648524,32.526577
32.122556,45.993707,32.397911
32.007570,46.439829,32.841549
31.947877,46.636017,32.771569
31.771120,46.811626,32.792456
31.641892,47.145770,32.732539
31.237397,47.938737,33.110920
31.307131,48.036174,33.086247
30.921205,48.846123,33.402339
30.889770,49.005340,33.499671
30.858615,49.404145,33.613275
30.808585,49.478334,33.611522
30.817908,49.641286,33.566654
30.601672,50.237546,33.632906
30.551406,50.452446,33.518940
30.627735,50.577924,33.600134
30.542300,50.609003,33.615790
30.585578,51.397185,33.267511
30.559469,51.493852,33.320333
30.392911,51.637357,33.374900
30.366098,51.647551,33.351143
30.377979,51.965768,33.618373
30.353696,52.219067,33.582027
30.321640,52.778134,33.668942
30.293958,53.056502,33.582315
30.202309,53.430210,33.686578
30.184814,53.437435,33.729372
30.223936,53.677352,33.768700
30.240223,53.847502,33.758935
29.926905,53.874804,34.035866
29.790196,54.208766,33.820796
29.728074,54.290970,33.795981
29.683953,54.427942,33.759382
29.608392,54.602643,33.882815
29.331293,55.070824,34.009022
29.317765,55.070470,34.058326
29.368931,55.196452,34.137591
29.256414,55.757471,33.978745
29.121278,56.181631,34.131072
28.970686,56.971612,34.116940
28.937097,56.964056,34.122809
28.969058,57.759124,34.305824
28.517985,58.312894,34.582519
28.452384,58.406554,34.539639
28.483683,58.585656,34.550662
28.645844,59.131598,34.283026
28.637466,59.727271,34.265733
28.746329,60.505401,34.082525
28.449012,60.882055,34.072691
28.323502,61.017539,34.083683
28.561611,61.670964,33.763964
28.559745,61.671134,33.760031
28.528164,61.804774,33.879862
28.118260,62.281940,33.851415
28.074185,62.615612,33.613731
27.938300,63.862521,33.771562
27.831163,64.512336,33.618530
28.019499,65.068389,33.834790
28.036652,65.081226,33.795375
28.014157,65.212181,33.913835
28.014239,65.212950,33.914271
27.830933,65.660325,33.803537
27.724799,66.141533,33.945957
27.887335,66.219659,34.055812
28.172533,67.113158,34.714301
27.678354,68.350931,34.571062
27.413114,68.897504,34.633038
27.407230,69.829761,34.810512
27.462589,70.319477,34.472252
26.815825,71.591626,34.822072
26.789025,71.653062,34.834560
26.529094,72.116077,35.064051
26.653017,72.490557,34.940918
26.800976,72.545873,35.036109
26.830398,72.860533,35.111351
26.850683,73.661706,35.148948
26.788779,73.977550,35.288011
26.833781,74.072517,35.393208
26.513265,74.844322,35.832424
26.549141,75.419658,36.468630
26.474312,76.093930,36.365646
26.482594,76.690505,36.296954
26.522741,77.039928,36.105372
26.338896,77.258463,36.061926
26.307269,77.427949,36.071899
26.226329,77.615822,36.031264
26.161230,77.820655,35.770877
26.133694,77.828573,35.735606
26.199203,78.097966,35.884605
26.293469,78.332155,35.886570
26.243868,78.415559,35.845138
26.395615,78.563882,35.853786
26.347084,78.645501,35.869407
26.346989,78.646295,35.869258
26.443472,78.930800,35.793981
25.983678,79.442690,35.739800
26.132355,79.814671,35.840232
26.257402,80.345888,35.887648
25.903189,81.590053,36.112437
25.938924,81.950628,36.125999
25.979835,82.031587,36.049800
25.979936,82.032314,36.049546
25.973241,82.042901,36.057626
26.281328,82.998529,35.710826
26.134068,83.379597,35.821412
26.134244,83.380217,35.821136
26.080047,83.515797,35.709401
26.134515,83.558367,35.628641
26.033097,84.641294,35.259260
26.022997,84.649249,35.283216
25.982778,84.842494,35.350479
25.824366,85.197122,35.620640
25.780513,86.049028,35.102481
25.674945,86.114431,35.243980
25.647436,86.134743,35.257021
25.602482,87.321300,35.211139
25.677914,87.663526,35.167491
25.640623,87.816205,35.058888
25.667224,87.985678,34.918599
25.445249,89.321688,35.511288
25.365601,89.534746,35.350385
25.298599,89.973912,35.176601
25.291891,89.974470,35.157088
25.500318,90.229350,35.018834
25.542468,91.300798,35.262360
25.476918,91.420466,35.199223
25.472661,91.650407,34.990996
25.512253,91.700867,34.889847
25.448471,91.816975,34.828612
25.465683,91.818643,34.824211
25.473583,91.817654,34.793001
25.418590,92.204490,34.815603
25.531088,92.438122,34.606547
25.501056,92.762351,34.364696
25.397943,94.019485,34.506513
25.595631,94.910551,34.246743
25.597863,94.911737,34.249142
25.919208,95.658984,34.210995
25.859010,95.712585,34.300815
26.130600,96.907219,34.624460
26.272266,97.361512,34.802212
26.194645,97.507057,34.748072
26.318378,98.811690,34.558416
26.323208,98.814755,34.552129
26.324821,98.821481,34.568266
26.523773,99.859867,34.908974
26.299010,100.446972,34.576468
26.313919,100.736992,34.450309
26.443348,101.106461,34.615198
26.442653,101.116674,34.631739
26.530883,101.769106,34.105096
26.531006,101.769583,34.105071
26.444426,101.830197,34.264586
26.675339,102.358828,34.560856
26.675234,102.359443,34.561379
26.683684,102.360404,34.569761
26.720831,103.403680,34.251783
26.860084,104.537860,33.812899
27.221141,105.262443,34.332898
27.379759,105.590852,34.084458
27.337943,105.842960,33.821510
27.415225,105.858951,33.891905
27.839512,106.058562,34.095055
27.905078,106.121945,34.133608
27.825348,106.275216,34.071173
27.971988,106.813160,33.710194
27.825639,107.066615,33.579673
27.527070,107.867976,33.343718
27.541348,107.866833,33.309057
27.653031,108.201043,32.948802
27.583226,108.277364,32.864539
27.583215,108.277870,32.864153
27.641310,108.340662,32.815093
27.557804,108.420786,32.714188
27.561742,108.427432,32.687418
27.558090,108.428508,32.690477
27.392752,108.886945,33.335851
27.439207,109.327845,33.425970
27.175282,109.840771,33.288257
27.060489,110.247864,33.076034
27.060178,110.248371,33.075869
27.296194,110.739597,32.903361
27.125038,111.193503,33.083192
27.178966,111.259999,33.165643
27.039242,111.664094,33.354768
27.249993,112.089709,33.030642
27.095326,112.575257,32.613130
27.079405,112.579970,32.625883
26.937107,112.993886,32.442216
26.934308,112.994266,32.436738
27.002806,113.836802,32.526750
27.128012,114.397064,32.714236
27.342724,114.815158,32.776510
27.413103,115.029849,32.941732
27.217920,115.773574,32.661189
27.188645,115.784051,32.645006
27.411282,116.353687,32.712328
27.411451,116.354107,32.714318
27.468398,116.408794,32.783561
27.144009,116.637914,32.828158
27.060622,116.802840,32.890907
27.058491,116.803520,32.888290
27.174506,117.209344,32.779881
27.050959,117.254673,32.811926
27.053519,117.255071,32.815071
27.177185,117.428996,33.197477
27.193568,117.434753,33.219887
27.269616,117.599916,33.319379
27.397202,118.650937,33.269958
27.302492,118.884074,33.174444
27.247609,118.961605,33.118914
27.426531,120.526226,32.982471
27.347010,120.958566,32.866434
27.341751,121.008319,32.825673
27.302114,121.865864,32.688889
27.115169,123.380874,33.111976
26.787271,124.270673,33.232771
26.922057,124.851732,33.460249
26.774378,124.915488,33.362113
26.682795,125.446908,33.204249
26.682658,125.447518,33.204278
26.823592,125.978024,33.402390
26.825327,125.982459,33.415781
26.622656,126.547022,33.319268
26.575831,126.590156,33.261102
26.603721,127.179017,33.373876
26.724027,127.322763,33.263077
26.752967,127.339691,33.301882
26.215360,128.861297,32.909040
26.553527,129.305830,32.740186
26.919487,130.819912,31.949698
27.056846,131.215504,31.824868
27.221356,131.828525,31.358539
27.134755,133.022712,31.217289
26.955999,133.380079,31.294717
27.027881,133.826619,31.135500
27.027803,133.828573,31.096502
26.687682,134.541069,30.969857
26.848118,135.548379,30.704680
26.623351,136.733141,30.733790
26.441003,136.939699,31.102288
26.443825,136.940565,31.105728
26.299104,137.629171,31.369457
26.243966,138.245027,31.066682
26.337952,139.281029,31.092743
26.337956,139.281638,31.092796
26.243323,140.283726,31.150218
26.073089,140.663981,30.934403
26.068195,140.678309,30.958927
26.051109,140.709333,30.937273
26.194344,141.381605,30.761267
26.248433,142.102380,30.913463
25.812330,142.865208,31.004369
25.718606,143.703403,31.521570
26.052627,144.218394,31.412708
26.057192,144.254814,31.352463
26.007358,144.369567,31.336891
26.037057,144.506343,31.207042
25.860989,145.553024,31.190678
25.606459,146.077517,31.098758
25.722092,146.838037,31.193191
25.720069,146.838923,31.183663
25.775810,146.879345,31.256496
25.777572,147.309901,31.137151
25.563026,149.271744,31.487847
25.549156,149.275935,31.470002
25.562365,149.275501,31.479959
26.047291,150.359231,31.453202
26.050795,150.371099,31.422608
26.451116,150.773664,31.228168
26.637038,151.593552,31.428803
26.491320,152.057796,31.228975
26.301303,152.496955,31.135341
26.105038,152.852061,31.258334
26.094562,152.853901,31.269730
25.997053,152.911521,31.209399
26.371905,153.397858,30.991777
26.343898,153.400328,31.003738
25.947293,154.194069,30.606636
25.843969,154.743179,31.074971
25.533148,155.791322,31.845070
25.522457,155.795526,31.827285
25.895789,156.655365,31.538828
25.590308,157.560587,31.044698
25.585286,157.560518,31.038619
25.461102,157.627897,31.076698
25.176709,158.370683,30.979162
24.924652,159.163069,30.692808
25.333026,159.693243,30.995997
25.324035,159.702241,30.980992
25.337408,161.138902,30.882594
25.323913,161.152357,30.844989
25.002151,162.276090,30.681141
25.116201,163.511011,30.438179
24.991239,163.865009,30.256157
24.856770,165.614635,29.850185
25.312006,166.741529,30.170918
25.103134,167.283647,29.911108
25.210711,168.145913,29.649674
25.232536,168.156873,29.659249
25.112621,168.529823,29.514267
24.979496,168.888625,29.318260
24.931908,168.934901,29.286287
24.601564,170.948646,28.808030
24.486954,171.280965,28.640110
24.653144,171.966250,28.871387
24.536220,172.338150,28.651357
24.342269,173.009673,28.975651
24.041588,173.352890,29.188637
23.864612,173.792296,28.932479
24.038409,174.108135,28.962924
24.080462,174.570758,28.697892
23.965119,174.913896,28.552856
24.101954,175.275866,28.385354
24.232885,176.110332,28.120868
24.026532,176.706893,28.105590
23.835630,176.770099,28.175058
23.606959,177.392184,28.262073
23.524292,177.714532,28.150270
23.386551,178.383514,28.771934
23.127887,179.081222,28.680840
23.009885,179.429846,28.513385
22.927728,179.793417,28.204643
22.851186,180.803768,27.709716
22.740908,181.120643,27.520865
22.276448,183.219508,27.250727
22.326207,183.377167,27.292313
22.225518,183.642490,27.571893
22.090374,183.946422,27.404558
22.035897,184.305471,27.338419
21.922732,184.603738,27.239741
21.755092,185.566560,27.259359
21.596454,186.277558,26.957608
21.781737,186.681590,26.871253
21.668883,187.250529,26.629238
21.476271,187.650967,26.647632
21.351511,187.946713,26.561257
21.229047,188.238330,26.367401
21.179416,189.046267,25.922556
21.135223,189.058587,25.871536
20.881059,189.914370,25.653581
20.803251,190.495152,25.614588
20.731890,190.767735,25.540915
20.773120,191.675845,25.879500
20.759413,192.249251,25.887293
20.821357,192.410789,25.968446
20.503093,192.967322,25.803589
20.557743,193.064104,25.856239
20.606615,193.975067,25.405367
20.416238,194.701681,25.058616
20.465410,194.801444,25.121021
20.572712,195.297272,25.181022
20.514034,195.519118,25.114055
20.420245,195.800330,25.270937
20.669367,196.260555,25.263640
20.669802,196.261187,25.263527
20.678040,196.261912,25.261906
20.422391,196.938133,24.883266
20.572041,197.250652,24.771531
20.728756,197.916758,24.398234
20.600372,198.679606,24.643365
20.607459,198.685636,24.649332
20.338004,199.340293,25.005291
20.365601,199.654065,24.829135
20.485878,200.033517,24.509617
20.591346,200.148086,24.432997
20.591686,200.148062,24.428290
20.267226,200.485546,24.405642
20.290096,200.883096,24.216744
20.238032,201.333961,23.899376
20.151744,201.529061,23.790551
20.151566,201.529704,23.790475
20.081246,201.710800,23.704481
19.866394,202.146963,23.637555
19.867396,202.699058,24.052610
19.877263,202.784370,24.099207
19.685319,203.230354,23.857666
19.495203,203.765279,23.586174
19.483654,204.205387,23.263974
19.180887,204.637137,22.822946
19.124830,205.339285,22.555400
19.037379,205.884701,22.548171
19.031757,205.885757,22.541494
18.845769,206.227764,22.713967
18.689266,207.352681,22.269322
18.847991,208.367886,21.514496
18.789630,209.317242,21.009900
18.880380,210.006332,20.608348
18.675201,210.347551,20.967398
18.970756,210.904658,20.661436
19.093929,211.495343,20.331894
19.445960,212.184168,20.462755
19.486303,212.867939,20.056948
19.514851,213.402084,20.077883
19.519170,213.461693,20.083204
19.607416,214.294559,20.141729
19.304912,214.777055,20.041515
19.959659,215.524144,19.834822
20.138611,215.729878,19.778514
20.130867,216.406095,20.165360
20.126162,216.605599,20.078083
20.030651,216.778873,19.989188
19.731303,217.418384,19.948100
19.746652,217.958413,19.714247
19.626019,218.163134,19.874664
19.664129,218.239919,19.917825
19.600478,218.822807,19.526516
19.516438,218.997479,19.411116
19.857992,219.767515,19.514428
19.545390,220.902539,19.676687
19.481983,221.347598,19.647009
19.481970,221.348470,19.646215
19.466332,221.773250,19.985209
19.847030,222.065346,20.381850
19.745918,222.326907,20.460801
19.966203,222.607976,20.430544
19.931561,222.664958,20.394526
19.912017,223.062582,20.535548
19.871499,223.304950,20.509981
19.853067,223.382235,20.478738
19.860597,223.793526,20.537086
19.802258,223.902849,20.546017
19.787353,224.180929,20.511504
19.713536,224.332274,20.434351
19.648622,224.698583,20.541636
19.512565,224.937646,20.398673
19.480118,225.089027,20.329372
19.507739,225.490656,20.183686
19.669628,225.556634,20.112377
19.643109,225.596989,20.084892
19.626132,225.762764,20.165121
19.625918,225.856408,20.107916
19.870448,226.354637,20.497777
19.843358,226.462812,20.466923
20.001666,226.946476,20.560021
19.996955,227.264620,20.456513
20.420726,227.556388,20.344547
20.328263,227.717550,20.316786
20.331475,227.792770,20.251822
20.333387,227.934359,20.196525
20.314044,227.961073,20.176764
20.225288,228.063077,20.182248
20.092197,228.343040,20.610314
20.027895,228.527028,20.530565
20.080646,228.701158,20.444671
20.024474,228.823412,20.406705
19.934936,229.364357,20.583662
19.877095,229.439824,20.523058
19.791673,229.508582,20.493975
19.875044,229.713180,20.335166
20.197982,230.033928,20.470139
20.218639,230.260983,20.248900
20.110806,230.424557,20.214454
20.077309,230.474223,20.182716
20.115605,230.757080,20.094284
20.460831,231.166494,20.615493
20.272891,231.748536,20.607592
20.258255,231.876817,20.601212
20.299911,232.047996,20.668030
20.308061,232.175723,20.682409
20.324533,232.479994,21.108152
20.236984,232.649319,21.109367
20.207679,233.156174,21.081724
20.173315,233.196270,21.049729
20.109756,233.262804,20.991300
20.045663,233.633703,21.152100
20.039450,233.690748,21.140482
20.005491,233.736007,21.107742
19.925669,233.839855,21.049590
19.838001,234.272013,21.250452
20.233085,234.399496,21.659059
20.276502,234.356513,21.706605
20.477919,234.635776,21.960582
20.481107,234.639132,22.054735
20.326823,234.780365,22.207986
20.538089,234.772465,22.248767
20.579668,234.827515,22.297746
20.663787,234.809920,22.362403
20.881196,235.072315,22.556405
20.904008,235.047561,22.584581
20.940968,235.012107,22.620617
21.021064,235.063469,22.964160
21.121820,235.109617,22.960437
21.137373,235.358315,22.807416
21.194059,235.356612,22.809225
21.227683,235.325970,22.844604
21.733988,235.325204,23.112915
21.824296,235.548486,23.426625
21.881179,235.503219,23.479952
22.337574,235.868747,24.181698
22.440809,236.083734,24.149999
22.515889,236.047019,24.192686
22.864567,236.025548,24.225284
23.008592,236.078938,24.682458
23.195626,236.258109,24.851564
23.472705,236.293693,25.509712
23.524253,236.503787,26.222206
23.621073,236.623103,26.405207
23.607405,236.596875,26.439905
23.537283,236.624296,26.543163
23.636743,236.747276,26.743914
23.633748,237.020995,27.255182
23.570348,237.157779,27.346403
23.423770,237.336111,28.054344
23.438237,237.324056,28.067527
23.309554,237.386736,28.602443
23.335477,237.365153,28.638019
23.268566,237.348581,28.673927
23.267826,237.333433,28.728951
23.171573,237.403415,29.075934
23.172770,237.371459,29.129151
23.331847,237.384756,29.204751
23.469914,237.693161,29.469743
23.476173,237.697419,29.466270
23.392702,237.727919,29.787694
23.407650,237.686901,29.858948
23.434649,237.947733,29.966872
23.556351,237.922388,30.054006
23.708792,238.094756,30.256736
24.170229,238.133012,30.819952
24.282830,238.295107,30.519994
24.387415,238.250316,30.617293
24.397680,238.233908,30.681281
24.824663,238.298406,30.951574
24.863970,238.279095,30.987426
24.922593,238.250653,31.040010
24.536358,238.237281,31.333951
24.523694,238.308592,31.363603
24.350898,238.614375,32.543029
24.420213,238.713838,32.694233
24.436987,238.677117,32.768035
24.512410,238.841444,33.021471
24.699292,238.818200,33.115761
24.658388,238.929125,33.591093
24.548646,239.075460,34.089613
24.678803,239.337459,34.400011
24.486564,239.339645,34.548234
24.591870,239.300543,34.724383
24.754186,239.318847,35.059266
24.727473,239.258032,35.192799
25.207126,239.130765,35.782319
25.136771,239.295912,35.937226
25.136895,239.295688,35.937985
25.239463,239.301596,36.073457
25.695049,239.269727,36.563411
25.785064,239.308096,36.719981
25.830551,239.314451,36.719126
26.017148,239.195343,36.992149
25.789684,239.165655,37.061209
25.769761,239.411888,37.772498
26.004607,239.317019,38.486700
25.729912,239.377082,38.859400
25.717346,239.338877,38.947102
25.531165,239.377265,39.462785
25.555336,239.353087,39.841938
26.033949,239.375309,39.967713
25.958345,239.413856,40.128305
25.701902,239.381452,40.287492
25.407824,239.393186,40.494003
25.329320,239.464241,40.871357
25.290015,239.476295,40.876714
25.612751,239.827228,41.699324
25.987478,240.147776,42.402573
26.023447,240.400534,42.547663
26.035569,240.411462,42.580433
26.120645,240.503497,42.849739
26.201136,240.480699,42.981777
26.267390,240.552257,43.027982
26.149432,240.476680,43.249330
26.220522,240.541878,43.790902
26.072885,240.823477,44.306136
26.143248,240.960193,44.458167
26.327118,240.942709,44.545761
26.233074,240.934827,45.197256
26.260123,241.143976,45.050416
26.060727,241.205203,45.649913
26.288625,241.486381,45.763226
26.084822,241.675280,45.766079
26.306877,241.647722,46.704810
26.083666,241.844095,46.874632
26.098619,241.741978,47.053807
26.210257,241.624528,47.471414
26.436553,241.672507,48.192949
26.496074,241.644751,48.346354
26.346118,241.631128,48.627502
26.910160,242.018057,49.353993
26.805728,242.194827,49.778946
26.560328,242.195792,50.424824
26.542867,242.152140,50.987271
26.530345,242.143259,50.996061
26.970803,242.096430,52.025918
27.026145,242.250452,52.625881
27.026249,242.250497,52.626592
27.029258,242.250938,52.627092
27.153552,242.398873,52.942758
26.859255,242.620815,53.623968
26.923541,242.591081,53.678556
26.923900,242.591955,53.679351
26.840397,242.707282,54.078694
26.730323,242.856834,54.032200
26.376843,242.829976,54.603221
26.387858,242.787056,54.855462
26.219888,242.725710,55.216167
26.234728,242.738617,55.461455
26.193133,242.984770,55.887470
26.214284,242.974983,55.897056
26.109613,243.021896,56.117495
26.091296,243.030108,56.126546
26.188961,243.058483,56.311605
26.220645,243.041690,56.568503
26.160638,242.882117,56.719818
26.099351,242.912172,56.979457
26.118166,242.836072,57.336705
26.210011,242.916884,57.759847
26.290506,243.115616,58.428474
26.069546,243.207258,58.567128
26.045375,243.165311,58.724191
25.926908,243.215381,59.039555
26.071683,243.482974,59.373354
26.085560,243.517470,59.677347
26.111021,243.512382,59.912692
26.064417,243.568089,60.340496
26.182486,243.480996,60.657203
26.182761,243.480903,60.658219
26.174226,243.484686,60.662257
26.235515,243.623842,61.217678
26.182319,243.802130,61.541764
26.429992,243.772325,61.939587
26.463582,243.778246,62.043964
26.758841,243.753065,62.393500
26.874843,243.701038,62.817090
26.895666,243.612065,63.831135
26.917982,243.602804,63.842152
27.094650,243.729209,63.859755
27.074453,243.746898,63.992666
27.337350,243.716802,64.183303
27.427077,243.655129,64.394924
27.667975,243.629524,64.717285
27.763293,243.608096,64.911619
27.634330,243.498967,65.428575
27.684950,243.410239,65.764967
27.753456,243.463292,66.097093
27.504979,243.551863,66.246672
27.488219,243.549197,66.253525
27.643079,243.591571,66.258717
27.554727,243.619661,66.533539
27.664542,243.523259,66.975157
27.729318,243.351417,67.726570
27.864742,243.269325,68.029737
27.842360,243.478116,68.368165
27.814798,243.495277,68.386913
27.865894,243.615126,68.583329
28.059804,243.676285,68.831271
28.149171,243.529050,69.321686
28.192603,243.473638,69.663176
28.254014,243.570076,69.847915
28.274689,243.589659,69.865614
28.203747,243.701816,70.316156
28.155995,243.720502,70.441404
28.137334,243.681890,70.604208
28.203866,243.787290,70.979688
28.301896,243.799606,71.069248
28.241369,243.821473,71.242766
28.269727,243.876287,71.370627
28.242309,243.875885,71.435215
28.226554,243.901209,71.522234
28.298960,244.025081,71.682870
28.367177,244.173026,71.839659
28.426791,244.152675,71.940696
28.493748,244.443780,72.346642
28.504053,244.514944,72.416374
28.508381,244.516739,72.418665
28.478306,244.534834,72.673342
28.534575,244.536047,72.818572
28.560938,244.632783,72.946667
28.541301,244.634483,72.984853
28.557568,244.670380,72.997726
28.446425,244.640436,73.138310
28.413630,244.642844,73.208606
28.432139,244.644249,73.316204
28.485835,244.779884,73.527649
28.485879,244.779542,73.589076
28.515027,244.775731,73.698446
28.609232,244.803683,73.623699
28.778894,244.931966,73.562861
28.842775,244.930917,73.502248
28.996335,245.065263,73.395452
29.111263,245.233023,73.349668
29.128217,245.243080,73.264902
