3000
3
229.773099,6.277814,35.828640
229.967328,6.338647,36.066583
229.969234,6.338444,36.070530
229.983742,6.333750,36.122717
229.999884,6.335201,36.192099
230.067190,6.324158,36.205214
230.193054,6.295200,36.150442
230.207519,6.295896,36.202279
230.446430,6.434997,36.682959
230.520261,6.595870,36.537382
230.634404,6.628394,36.453334
230.624899,6.631494,36.376529
230.849688,6.927541,36.038378
230.959200,6.891841,35.805485
231.034869,6.872216,35.638166
231.074803,6.869929,35.575699
231.154688,6.837736,35.371544
231.265692,6.806893,35.156422
231.334434,6.778456,34.889463
231.360920,6.770878,34.853614
231.369185,6.760278,34.759147
231.353846,6.759067,34.548731
231.352982,6.799186,34.258441
231.321936,6.797446,34.214670
231.433351,6.950008,33.950302
231.433558,6.995725,33.859872
231.489769,7.043560,33.701790
231.631841,7.129401,33.533704
231.629625,7.157281,33.342656
231.464112,7.167100,33.345377
231.421837,7.144596,33.299840
231.451333,7.112109,33.152578
231.549774,7.099437,32.918425
231.575876,7.091746,32.879985
231.716280,7.207973,32.840177
231.881891,7.225906,32.615678
231.994440,7.358858,32.554300
232.038374,7.307835,32.313244
232.076659,7.348639,32.157984
232.075652,7.388331,31.857103
232.104390,7.381369,31.786765
232.191923,7.535631,31.604754
232.241375,7.535112,31.408568
232.219983,7.554999,31.196765
232.267968,7.583255,31.127966
232.406000,7.658779,30.899010
232.381393,7.676312,30.550331
232.409930,7.690789,30.367507
232.191990,7.636902,29.944517
232.251912,7.700919,29.698118
232.154049,7.720890,29.771411
231.678881,7.694200,29.728066
231.613452,7.709303,29.802903
231.542877,7.718935,29.859036
231.454430,7.738251,29.870080
231.306391,7.765692,29.783789
231.252597,7.769875,29.830639
230.996926,7.780178,29.680920
230.760408,7.758922,29.873501
230.708315,7.758310,29.923687
230.635169,7.749010,30.017214
230.462433,7.739162,29.861060
230.336134,7.746858,29.978199
230.372738,7.917566,29.952844
230.229338,7.960369,30.113857
230.165048,7.977017,30.196810
230.031593,7.934112,30.195006
229.936272,8.011696,30.314120
229.819943,8.036009,30.305182
229.502653,8.181185,30.442204
229.198578,8.156451,30.581867
229.126225,8.190602,30.714798
228.910904,8.278989,30.735999
228.463583,8.244706,30.774852
228.441267,8.246720,30.799810
227.773554,8.205441,30.276100
227.650436,8.239375,30.045775
227.531397,8.251096,30.141969
227.428160,8.249807,30.176247
227.245220,8.265737,29.982541
227.176464,8.314920,29.994629
227.059781,8.348242,30.119795
226.618573,8.532796,30.157393
226.470340,8.647225,30.131966
226.293028,8.708339,30.245144
226.190604,8.739516,30.352999
225.640193,8.935459,30.633938
225.449236,8.925047,30.427291
225.153934,8.871990,30.330500
225.035487,8.906221,30.450277
225.034451,8.906243,30.450553
224.825374,8.963690,30.389854
224.469330,9.196550,30.296810
224.327653,9.229752,30.423468
224.188142,9.258221,30.455531
223.794875,9.628718,30.369668
223.205441,9.710800,30.602706
222.762692,10.132627,30.132650
222.619207,10.176157,29.815255
222.475158,10.174368,29.938850
222.112410,10.188178,30.304868
222.052921,10.207090,30.362440
221.807648,10.288731,30.310746
221.807504,10.292104,30.314962
221.315712,10.574841,30.262358
220.481525,10.704709,30.225520
220.507940,10.817916,30.296547
220.205721,10.992419,30.513819
219.712422,10.946521,31.073554
219.563803,11.020914,30.808891
219.367830,11.142952,30.803569
219.237047,11.163305,30.887235
219.174987,11.249715,30.994214
218.814294,11.354306,30.778343
218.538486,11.396571,31.331097
218.286777,11.411741,31.477019
218.181858,11.444782,31.545987
217.594083,11.461606,30.968215
217.393004,11.585654,31.188783
217.175246,11.653763,30.994835
216.956853,11.911086,30.965423
216.713780,11.988941,30.997554
216.744712,12.097021,31.197453
216.626530,12.129356,31.294161
216.249964,12.295614,31.112460
216.117651,12.339114,31.085972
215.921522,12.376209,31.111047
215.395252,12.456165,31.234337
215.287805,12.362076,31.320458
215.196461,12.390200,31.387619
214.713533,12.663354,31.380535
214.712935,12.663356,31.380650
214.298698,12.707755,31.482837
214.008616,12.821422,31.344530
213.613527,12.856886,31.353414
213.442951,13.161007,31.606114
213.443154,13.162391,31.607676
213.573115,13.580912,31.434797
213.572754,13.581250,31.435098
213.451691,13.529384,31.528476
213.180905,13.660112,31.783681
213.060532,13.633145,31.847290
212.796387,13.725540,32.058199
212.687883,13.783592,32.083665
212.251786,13.950728,32.263519
212.103366,14.002991,32.379752
211.827056,14.137024,32.345010
211.518568,14.236426,32.388742
211.351654,14.302582,31.975582
211.184757,14.455516,32.123531
210.992196,14.781207,31.937845
210.962680,14.996272,32.139604
210.303604,15.087607,31.948614
210.269795,15.429579,31.726115
210.450558,15.625692,31.613802
210.227186,15.966364,31.512474
210.314461,16.089698,31.411275
210.149528,16.156505,31.531347
209.915653,16.236738,31.747882
209.921696,16.311519,31.740608
209.751555,16.381087,31.863857
208.951749,16.412697,32.064514
208.616430,16.341232,32.009368
208.213417,16.376138,32.051471
208.018175,16.423841,32.161172
207.858336,16.730194,32.729217
207.680036,16.781776,32.662392
207.345760,16.931966,32.920227
207.126575,17.029769,32.858313
206.816626,17.071366,32.923315
206.619482,17.052905,32.867729
206.629385,17.311430,33.049866
206.397353,17.368348,33.278850
206.396684,17.368196,33.279691
205.992565,17.692007,32.614105
205.992027,17.692171,32.614011
205.795186,17.831549,32.800552
205.570174,17.877924,33.056859
205.281985,17.994708,33.228357
204.942480,18.024491,33.211923
204.851544,18.209358,32.923331
204.872590,18.441052,33.267113
204.881639,18.512391,33.312019
204.442857,18.523209,32.913767
204.300547,18.493387,32.924077
203.996053,18.549767,33.010263
203.978111,18.702617,33.152705
203.693323,18.741834,33.283072
203.119036,18.872471,33.040178
202.958055,18.806851,33.090294
202.556430,18.968806,32.937863
202.270203,19.047454,33.104698
202.145995,19.049569,33.098212
201.919902,19.008661,33.184179
201.883922,18.993187,33.226888
201.479452,19.174496,33.143219
201.476775,19.172447,33.151924
201.072333,19.307947,32.999848
200.843481,19.486708,33.371127
200.668233,19.589471,32.908652
200.602848,19.821289,32.762045
200.318887,19.754467,32.726888
199.872232,20.002913,33.018796
199.739087,19.998518,33.020504
199.726407,20.056087,33.013836
198.898300,20.219640,33.129712
198.498239,20.315456,32.948254
198.512264,20.325948,32.908826
198.056804,20.979382,32.644542
198.043957,21.428572,32.479931
197.673417,21.514652,31.898151
197.631649,21.499319,31.848147
197.288348,21.581306,31.569987
197.243279,21.584736,31.538458
197.251226,21.590098,31.518683
197.069635,21.863880,31.606714
197.057717,22.049858,31.556458
196.974132,22.034663,31.490624
196.455138,22.477717,31.250039
196.343643,22.440373,31.183921
196.059091,22.932279,30.978221
195.998468,22.925953,30.949023
195.501517,23.520032,30.786984
195.337613,23.498705,30.692584
195.305707,23.503828,30.656245
195.227974,23.661931,30.710360
194.948819,23.772591,30.567697
195.033276,23.883095,30.444371
194.942782,24.089610,29.971625
194.873728,24.096965,29.885781
194.576144,24.267528,29.833405
194.501965,24.228993,29.789949
194.257894,24.191577,29.672009
194.522951,24.536449,29.519050
194.564048,24.859787,28.895461
194.566949,24.894860,28.816307
194.572174,24.969513,28.800181
194.904375,25.654391,28.676055
195.067512,25.975480,29.164003
195.131005,26.053883,29.237775
195.059312,26.149624,29.296530
195.060473,26.219567,29.358660
195.176832,26.437738,29.476870
195.278437,26.630566,29.362935
195.360771,26.661389,29.372426
195.379629,26.686026,29.473894
195.324127,27.661122,29.967594
195.432608,28.095140,29.796650
195.273406,28.253798,29.709684
195.111924,28.428418,29.874899
194.689414,28.998515,29.982881
194.525248,29.037943,29.929832
194.720786,29.364892,29.871459
194.808797,29.420501,29.911684
194.448122,30.403299,30.790712
194.312869,30.952477,30.820753
194.307881,31.041041,30.853065
194.568382,31.245507,30.800883
194.467032,31.278575,30.741538
194.518648,31.305143,30.671556
194.743285,31.635226,30.517045
194.811317,31.653650,30.541562
194.366137,32.238995,30.676614
194.387731,32.583541,30.549404
194.427013,33.188097,31.046238
194.439448,33.191639,30.874931
194.366673,33.635768,30.660516
193.766503,34.462272,30.834452
193.645146,34.923140,30.729720
193.629870,34.926246,30.761571
193.725867,35.002197,30.823622
193.701239,35.042293,30.739623
193.919414,35.645305,30.550934
193.505736,36.402822,30.512556
193.414391,36.713026,30.638144
193.052651,37.134374,30.619085
193.122449,37.188109,30.663577
193.141146,37.538838,30.947726
193.445873,37.754870,30.748993
193.615822,38.142368,31.434945
193.752354,38.247106,31.528268
194.069044,38.670891,31.365069
194.297840,38.795660,31.400901
193.891812,39.386660,31.582101
194.176152,39.887620,31.368268
193.943217,40.570921,31.534756
194.068793,40.806776,31.570645
193.801672,41.034841,31.581819
193.580679,41.713083,30.529368
193.213284,42.066089,30.465768
193.295457,42.712448,31.441215
193.662857,43.062824,31.349011
193.773869,43.153214,31.430120
193.789628,43.159145,31.402936
193.604963,43.580203,31.464370
193.884249,44.783230,31.039848
193.884657,44.783814,31.039545
193.908289,44.983885,30.649021
194.107705,45.081943,30.693214
194.307432,45.323163,30.795240
194.392652,45.710802,30.729977
194.521311,46.058458,31.135507
194.162000,46.539735,30.934881
194.212747,46.682257,30.669343
194.274647,46.696975,30.650722
194.394708,46.872573,30.362687
194.496733,47.472462,30.492613
194.449811,47.746862,30.397827
194.417175,47.747620,30.386476
194.499953,48.181887,30.586926
194.077895,49.166718,30.854231
194.034789,49.557183,30.744438
193.809337,49.783429,30.877020
193.809230,49.783881,30.876910
193.809112,49.784366,30.876809
193.687584,50.259581,30.992410
193.547732,50.565886,31.112920
193.546063,51.022180,30.871034
193.185261,51.657483,30.828056
193.318554,51.928371,30.972441
193.390108,52.234973,30.943062
192.814985,52.753064,31.417394
192.892173,53.104467,31.338767
193.036799,53.162214,31.262702
193.097829,53.623812,31.327162
193.320424,54.712141,31.467989
193.152864,54.930402,31.627714
192.977408,55.150401,31.376699
192.807712,56.095599,32.115203
192.593894,56.615663,32.390239
192.586617,57.240089,32.547135
192.675245,57.690866,32.471782
192.558434,57.886059,32.692002
192.475842,58.680941,32.588187
192.028464,59.429430,32.410509
192.061879,59.433968,32.425129
192.522873,59.901219,32.778159
192.295345,60.399029,32.810352
192.395928,61.258294,32.843558
192.626090,61.693959,32.678014
192.929326,62.329892,32.708470
192.779160,62.891354,33.026562
192.779509,62.891940,33.026468
192.779856,62.892527,33.026373
193.129881,63.457687,33.219710
193.196016,64.193992,33.246625
193.360312,64.467780,32.948557
193.684572,65.092926,32.829280
193.811923,65.477735,32.138146
193.820202,65.480330,32.135454
193.922821,65.760217,32.119939
193.917657,65.763328,32.114794
193.947861,65.824936,31.946490
194.234092,65.972241,31.863041
194.240917,65.971594,31.861822
194.753558,66.647327,32.115485
194.497244,67.141088,32.389454
194.991323,67.798435,32.279019
195.311710,68.535722,32.814367
195.325092,68.535058,32.808703
195.228293,69.172550,33.172154
195.436574,69.239637,33.213675
195.469580,70.378822,33.824755
195.628494,70.900501,33.993010
195.918498,71.570087,33.860111
196.957094,72.600889,33.884868
197.568022,73.962902,33.858049
197.742928,74.862853,34.581433
197.754886,74.863659,34.600396
197.747962,74.864716,34.607740
197.588615,75.155716,34.455576
197.388606,75.476772,34.648375
198.208939,76.825428,35.730358
198.492758,77.141328,35.892153
198.294874,77.467678,36.102662
198.395107,77.519323,36.169575
198.391771,77.522739,36.173250
198.546280,77.561674,36.067873
198.829612,77.930520,36.259588
198.894992,78.053917,36.423498
199.141611,79.000789,36.639580
199.114275,79.937186,36.821537
199.255504,80.032596,36.730164
199.215745,80.206720,36.903378
199.203022,80.538417,37.105825
199.107863,81.660431,36.691037
199.574794,82.013942,36.853139
199.926855,82.392166,36.558637
200.130183,83.081702,36.414536
200.129022,83.085200,36.414529
200.108464,83.104653,36.396409
200.521107,83.553262,36.349717
201.023988,83.743091,36.756606
200.911626,84.049288,36.782100
201.047559,84.084734,36.833287
201.481073,84.616284,36.991745
201.901674,85.335723,36.885493
201.910746,85.334516,36.879315
202.039770,85.614679,37.061706
202.028306,85.627940,37.056114
201.968992,85.653499,37.098211
201.953963,85.664662,37.092825
201.940057,85.676136,37.087179
202.012900,86.822303,37.454089
201.881047,87.449551,37.684128
201.666398,87.789958,37.551763
201.674218,87.785232,37.557806
202.253943,88.992547,37.998307
202.342775,89.016710,38.055568
202.332312,89.018259,38.074916
203.023612,89.535848,38.615200
203.404658,90.574611,39.353687
203.536793,90.584693,39.307680
203.830592,91.503123,39.389119
203.937660,91.876100,39.512348
204.075898,91.933420,39.559485
204.072465,91.937559,39.553809
204.110621,92.025789,39.443387
204.183761,92.040967,39.379750
204.412959,92.210803,39.198239
204.658906,92.673871,38.948605
204.683033,92.659534,38.968555
205.156942,93.140224,39.143060
205.285836,93.514319,39.824086
205.175633,93.798482,39.530356
205.207966,93.788274,39.516610
205.378355,93.944542,39.708489
205.378856,93.944793,39.708598
205.379357,93.945044,39.708708
205.896660,94.563776,39.865391
206.396726,95.710408,39.926865
206.527835,95.675603,39.930086
207.005245,96.137448,40.380776
207.017140,96.129043,40.396696
207.480297,96.588214,40.396146
207.743897,96.940167,40.786257
207.797593,96.945286,40.745441
208.441214,97.786980,40.773817
208.445364,97.784875,40.774246
208.496142,97.783789,40.733431
208.619698,97.800321,40.841831
208.659078,97.874642,40.819222
208.864624,98.480705,40.688704
208.677222,99.101454,40.901279
208.673320,99.112844,40.912090
208.699235,99.121669,40.884039
208.987736,99.701113,41.289191
208.542831,100.776547,41.323643
208.744631,101.263670,41.629021
208.744721,101.264127,41.629427
208.565279,101.566926,41.793875
209.217367,102.055072,41.722054
209.217750,102.055553,41.721767
209.178750,102.098061,41.745028
209.363767,102.533062,41.507093
210.174158,102.982890,41.696177
210.205090,102.981151,41.680651
210.351213,103.317988,41.814649
211.154298,103.806108,42.054735
211.674128,104.943216,42.447679
211.669790,104.956462,42.450982
211.696987,104.956485,42.422219
212.514441,105.900934,42.820151
213.464248,106.617100,42.866222
213.483569,106.614171,42.849995
213.443177,106.644290,42.906569
214.006167,107.446530,42.887971
213.924603,108.187268,43.926962
213.941826,108.684882,44.439171
213.928568,108.684595,44.469227
214.125304,109.440291,44.465868
214.133593,109.442141,44.501712
214.215415,109.923736,44.672274
214.418752,110.277982,44.414480
214.161539,111.219572,44.408363
214.267709,111.946407,44.171230
213.674570,112.757628,44.926010
213.513912,113.009085,44.710931
213.354096,113.258243,44.247093
213.353682,113.258782,44.247398
213.619813,113.303743,44.413971
213.925645,113.947073,44.595683
213.872999,113.962368,44.639226
214.052128,114.325257,44.972051
214.270456,114.664009,44.747859
214.395526,115.442182,44.776984
214.374048,115.475090,44.722459
214.617232,115.431786,44.886406
214.545884,115.477444,44.989472
214.545733,115.477916,44.989670
214.450515,115.507329,45.093629
214.653900,115.864289,45.259448
214.961700,116.503008,46.019358
215.198538,116.467510,46.153641
215.162313,116.482173,46.197533
214.701646,117.458264,45.744349
214.772408,117.477409,45.659725
214.695739,117.521508,45.658769
214.564062,117.943170,45.630518
214.563987,117.943593,45.630510
214.630439,117.948442,45.596043
215.144709,118.336774,45.554183
214.872909,119.000427,45.113811
214.771236,119.223759,45.225465
215.002086,120.247376,45.668986
214.871582,120.476057,45.863229
214.669047,120.811531,46.149179
214.723682,120.822088,46.314451
214.791323,120.815531,46.338190
215.319937,121.349976,46.705649
215.516375,122.556323,46.430478
215.567823,122.559128,46.371009
215.440292,123.070865,46.246593
215.677590,123.460771,46.551336
215.677786,123.461110,46.552153
216.364463,124.438988,47.091989
216.335279,124.453845,47.150461
216.334756,124.454358,47.172920
216.146303,124.696555,47.380743
216.146520,124.696879,47.382031
216.198716,124.692101,47.346963
216.646821,125.640534,47.449698
216.647058,125.640842,47.451155
216.651615,125.637993,47.466554
216.652012,125.638186,47.468531
216.653670,125.638178,47.474477
216.581000,125.668291,47.576733
216.739728,126.348553,46.994335
217.479443,126.888993,46.892264
217.503045,127.869382,46.693548
217.578586,127.901710,46.765175
217.544466,128.071727,46.584910
217.522275,128.083649,46.607603
217.802581,128.704634,46.596326
217.802806,128.704993,46.595174
217.803030,128.705352,46.594024
217.803254,128.705711,46.592878
217.731569,129.186321,46.477997
217.738670,129.183976,46.430979
218.327627,129.746127,46.398476
218.541317,130.355053,46.127696
218.452695,130.397277,46.235874
218.417680,130.822184,46.337889
218.529705,130.923125,46.515684
218.524554,130.978020,46.419134
218.624468,131.504319,46.216898
218.901317,131.900127,46.362033
218.877749,131.907731,46.302141
219.528391,132.963235,46.087651
219.483739,133.018481,46.074981
219.794482,133.361851,46.076195
219.772167,134.692072,46.176318
219.769534,134.694054,46.178165
219.958993,134.814658,45.944173
219.872374,135.034846,46.033371
219.984567,135.573176,46.103472
219.820345,135.920703,46.294810
220.018597,136.233182,46.066366
220.017355,136.234535,46.066084
220.030780,136.233705,46.041576
220.183068,136.363125,45.851866
220.095765,136.596053,45.938996
220.211654,136.893454,46.155466
220.219723,136.894185,46.130408
220.237752,136.902390,46.106574
220.537769,137.292178,45.886425
220.145917,138.291714,46.158156
220.119648,138.507177,46.249424
220.145743,138.507481,46.221832
220.165416,138.509500,46.216192
220.338743,139.188162,45.859313
220.339164,139.188561,45.858784
220.411987,139.951338,45.929979
220.457770,140.522432,45.743940
220.657559,140.986327,45.373041
220.781137,141.765065,45.211341
220.999955,142.190984,44.980612
221.080281,142.510368,45.162535
221.471775,143.400779,45.002354
221.916687,143.972962,44.659869
221.899494,144.582870,45.669834
221.936371,144.877777,45.695698
221.943685,144.876807,45.721164
221.951486,144.881881,45.737322
221.906081,145.252862,45.537012
221.982251,145.781610,45.610224
221.965316,145.808823,45.546483
222.085803,146.553494,45.931453
221.966649,147.054634,46.303421
222.008113,147.108291,46.374934
221.965257,147.138314,46.436169
222.326068,147.589126,46.412318
222.314920,147.595783,46.435833
222.317411,147.595587,46.440167
221.883846,149.244069,47.612056
221.866757,149.242803,47.641866
221.799478,149.305090,47.539548
221.619480,149.604621,47.216419
221.609018,149.608049,47.209335
221.858501,150.557866,46.848917
221.860750,151.226584,46.929539
221.849702,151.288206,46.997868
221.817818,151.298865,47.001220
221.821891,151.706330,46.741988
221.720809,151.888100,46.742123
221.793292,152.261433,46.606159
221.521667,152.545568,46.407177
221.521676,152.546048,46.406838
221.509352,152.801399,46.521247
221.474392,153.090760,46.064358
221.309656,153.744894,46.357061
221.033057,154.212490,46.343482
221.204541,154.729634,46.317780
221.204296,154.730191,46.314844
221.062564,155.243560,46.358995
220.817824,155.746194,46.238207
221.014370,156.228413,47.296457
221.292979,157.187895,47.488730
221.644911,158.032624,47.674536
221.701632,158.058166,47.590507
221.252728,158.294749,47.375818
220.948379,158.698084,47.201959
221.211583,159.034156,47.184738
221.038602,159.546629,47.415306
221.038727,159.547063,47.415269
220.910503,160.231693,47.092051
221.246284,160.567684,47.307447
221.762376,161.526619,47.210691
221.762476,161.527054,47.210718
221.762577,161.527489,47.210745
221.665732,161.878271,46.764551
221.510144,162.259175,46.531615
221.329767,163.011787,46.509736
221.339845,163.035734,46.384650
221.872139,163.985226,45.801963
221.879540,163.985175,45.809378
221.967134,164.096501,45.680347
221.972890,164.096605,45.687197
222.183599,164.514408,45.890010
222.426527,166.040071,47.130042
222.515140,166.174089,47.010113
223.193145,167.132642,46.942545
222.973775,167.449413,46.800928
223.007206,167.460551,46.745664
222.944012,167.513127,46.716995
222.859442,168.613460,46.226826
222.795719,168.724975,46.206574
223.232731,169.250590,45.941139
223.053918,169.578574,46.161986
222.764748,170.092441,46.394754
222.731037,170.157925,46.178046
223.255429,170.418404,46.222675
223.255509,170.418800,46.222488
223.242430,171.276598,46.391043
223.608788,172.063244,46.129012
223.885003,172.176210,46.311553
223.814333,172.648747,45.686051
223.886338,173.066862,45.525823
223.886476,173.067228,45.525239
223.820373,173.134082,45.436987
223.820521,173.134440,45.436416
223.947035,173.346359,45.347810
224.042120,173.431831,45.852341
224.042358,173.432193,45.851802
224.042596,173.432555,45.851262
224.202320,173.781665,45.627093
224.207983,173.780393,45.618516
224.113204,174.200270,45.403979
223.934132,174.781614,44.828682
223.936468,174.781698,44.825097
223.948676,174.782039,44.807267
223.688258,175.806546,44.226856
223.620300,175.952259,44.260726
223.494774,176.966115,44.444876
223.458924,177.506662,44.315888
223.730074,178.046941,44.035683
223.493116,178.450761,43.810469
223.353286,179.009721,44.304247
223.248214,179.097091,44.452968
223.131858,179.424460,45.155796
223.149050,179.476404,45.270854
223.357673,180.061633,45.544754
223.382639,180.934986,45.086514
224.095216,181.631684,44.759152
224.095116,181.632199,44.759482
224.026734,181.769816,44.562791
223.820009,182.142246,44.799426
223.839545,182.177623,44.852050
223.811547,182.190144,44.892466
223.702707,182.254270,44.859565
223.659919,182.398252,44.890478
223.735300,182.712745,43.972860
224.050553,182.985882,44.060208
224.343071,183.355318,44.219182
224.262571,183.470919,44.203734
224.170724,183.692058,44.126189
223.944610,184.338579,44.781920
223.895563,184.800719,44.239715
223.823432,184.804989,44.274317
223.749990,185.412118,44.423875
223.665269,186.068243,44.471313
223.656687,186.090683,44.479999
223.778129,186.345733,44.310425
223.605428,186.351658,44.584104
223.725010,186.451959,44.867726
223.674617,186.477411,44.763903
224.467519,187.117297,45.006648
224.482548,187.123962,44.986784
224.482879,187.124475,44.987017
224.509464,187.193436,45.017108
224.439879,187.521424,45.095244
224.598622,187.902006,45.120237
224.627784,188.251360,44.989610
224.293895,188.883165,44.879114
224.101219,189.983426,45.096097
224.122686,189.984949,45.143746
224.114397,190.050521,45.073718
223.881479,190.517931,45.189513
224.181230,191.280973,45.265632
223.693349,191.811037,45.032462
223.731672,191.839999,45.113342
223.486668,192.599007,45.144034
223.399726,192.842393,44.891401
222.998375,193.114590,44.761398
222.675241,193.750670,45.356560
222.424579,193.963286,45.846405
222.027597,194.171522,45.991210
222.027110,194.171832,45.992633
222.117778,194.343591,45.871050
221.857161,194.675496,46.213547
221.821765,195.124199,46.386732
221.972072,195.415706,46.475028
221.714296,196.203736,46.543622
221.802861,196.724059,46.344765
221.807274,196.725179,46.368566
221.645138,196.890767,46.410318
221.559554,197.168708,46.650972
221.334908,197.636672,46.858121
221.389718,197.937905,47.671263
221.306652,197.984005,47.628954
220.880839,198.177065,47.683244
220.718457,198.359641,47.655168
220.634963,198.654405,47.440867
219.970009,199.166688,47.225140
219.945482,199.166860,47.257551
219.945305,199.167283,47.257251
219.873488,199.208376,47.273838
219.571095,199.720119,47.342306
219.492307,200.511411,47.491890
219.529796,200.665387,47.522700
219.613540,201.217944,47.803538
219.778380,201.473092,47.562766
219.739732,201.474062,47.577695
219.822591,201.599269,47.486462
219.809289,201.793815,47.577210
219.968835,202.033305,47.368143
219.628867,202.203930,47.581545
219.441930,202.928522,47.801696
219.138409,203.054126,47.489774
219.137709,203.054231,47.487656
219.176366,203.112533,47.435909
219.105731,203.199604,47.369663
219.025242,203.248284,47.227916
219.133409,203.703917,47.200413
219.133813,203.704794,47.200012
219.230741,203.826223,47.089222
218.869182,204.587585,47.244413
218.790638,204.728400,47.175903
218.617875,205.254655,46.579974
218.484705,205.476547,46.759355
218.383563,205.952102,46.101775
218.191820,206.460070,45.476726
218.194931,206.461189,45.470445
218.026476,206.617231,45.443748
217.984875,206.619720,45.247485
218.093173,206.759285,45.115064
217.921482,206.987429,45.217230
217.994051,207.117776,45.338488
218.006856,207.140895,45.322374
218.005020,207.151881,45.296052
217.308209,207.970310,45.248510
217.047216,208.274383,45.198943
217.039991,208.273110,45.206048
216.987231,208.326687,45.182822
216.951269,208.438086,45.170217
216.951842,208.439370,45.169114
216.910807,208.574013,45.171361
216.927645,208.599815,45.053267
216.959438,208.639716,44.921582
216.750604,209.048314,44.671528
216.553415,209.289610,44.794876
215.751811,209.948480,44.284488
215.771758,209.973778,44.261546
215.795707,210.001394,44.232574
215.405554,210.506068,44.774119
215.218156,210.621969,44.776174
214.745583,210.991903,45.128154
214.510823,211.289575,45.487909
214.395085,211.708075,45.499385
214.376694,211.687149,45.528079
214.367731,211.675852,45.546591
214.330392,211.959728,45.704390
214.090122,212.412303,46.289027
214.042815,212.556421,46.143437
213.695181,212.506317,45.990955
213.583487,212.488693,46.110960
213.251286,212.779073,46.349010
213.212613,212.828069,46.342977
213.148435,212.804783,46.414359
212.855684,212.954647,46.539290
212.782844,212.975157,46.575956
212.782771,212.975467,46.576292
212.730857,212.924157,46.633801
212.685739,213.150578,46.695964
212.685809,213.151038,46.696202
212.685879,213.151498,46.696440
212.211363,213.597478,46.396014
212.669563,214.167738,46.608786
212.676291,214.247863,46.794322
212.122249,214.430167,46.709550
211.802919,214.788976,46.777655
211.726165,214.881390,46.757142
211.732552,214.887912,46.755754
211.853086,215.338162,46.963453
211.758039,215.373237,46.977125
211.549659,215.576189,47.297463
211.085072,215.896854,47.828534
211.052298,215.868032,47.899701
211.081781,215.894649,47.957091
210.678466,215.902396,47.930686
210.366400,216.061155,47.891174
209.614410,216.504706,48.196609
209.518563,217.015318,48.138731
209.518128,217.015329,48.139767
209.534999,217.019574,48.206352
209.233522,217.510409,48.323628
209.134328,217.441170,48.466038
208.890481,217.519628,48.624844
208.869392,217.562852,48.691449
208.876436,217.568946,48.696746
208.751387,218.371670,48.406935
208.339514,218.565891,49.080157
207.966722,218.657996,49.295052
207.977234,218.695555,49.461538
207.222266,219.114946,49.180455
207.258781,219.254345,49.437650
207.056445,219.610365,49.670663
206.697656,219.842217,50.239943
206.397188,220.055431,49.813107
206.253412,220.109946,49.785905
206.248165,220.117510,49.779986
205.520465,220.463595,49.817574
205.087230,220.741080,50.085129
204.798030,220.764754,49.697033
204.255596,221.005729,49.945819
204.152226,220.936563,49.980542
204.128625,220.929829,49.942194
204.021181,220.996100,49.872192
203.886724,221.192553,49.654858
203.276751,221.072944,49.438888
203.096972,221.196403,49.613198
202.408801,221.604461,50.020524
202.396328,221.636001,50.015960
202.289540,221.598421,50.032085
201.804766,221.825324,49.705278
201.330097,222.089405,49.464157
200.868083,222.392678,49.158159
200.916066,222.676342,48.448633
200.656597,222.885372,48.733833
199.976971,222.899959,49.512328
199.698155,222.887754,49.496380
199.304887,223.055735,49.385872
199.302017,223.050654,49.394027
199.074811,223.159499,49.326106
198.365286,223.449521,49.815055
198.079500,223.542188,49.725690
198.072326,223.531280,49.692184
197.314170,223.913930,49.994336
196.916106,223.971200,50.022037
196.911957,223.960822,50.042656
196.620565,224.067585,49.975942
196.619832,224.066962,49.974419
195.818122,223.996956,49.680033
195.798256,224.011110,49.658930
195.662972,223.967523,49.755577
195.278849,224.314134,49.955229
194.982196,224.425725,49.902495
194.878804,224.260365,49.934120
194.737794,224.398730,49.841100
194.737823,224.402899,49.845560
194.419689,224.538846,49.824340
193.921174,224.729716,49.952661
193.664377,224.706077,49.666532
193.609283,224.695692,49.367848
193.328229,224.551280,49.578486
192.740033,224.787876,49.418736
192.193698,224.779742,49.306145
192.175950,224.751544,49.267170
191.421591,224.387708,49.883534
190.744581,224.498252,49.826339
190.374967,224.718657,50.012392
189.145944,224.752025,49.533484
188.948983,225.109867,49.463122
188.915249,225.060927,49.290515
188.261552,225.227747,49.428255
187.614401,225.766740,49.564289
187.614005,225.768109,49.567755
187.555490,225.657254,49.737231
187.555047,225.655544,49.730537
186.938714,225.633901,49.125458
186.733646,225.536070,49.062970
186.720550,225.493441,49.008122
186.364621,225.699445,48.773088
186.364088,225.699216,48.772751
186.363555,225.698987,48.772415
186.229572,225.863702,48.994535
186.217076,225.874902,48.996843
185.943657,225.928899,48.771621
185.416525,226.072310,48.731070
185.413549,226.065578,48.711068
185.052830,226.147435,49.167956
184.932788,226.211177,49.384021
184.446129,226.498987,49.036104
184.430030,226.510531,49.026415
184.053263,226.642600,48.682644
184.052673,226.641317,48.682088
183.915274,226.586473,48.652257
183.914948,226.587338,48.651955
183.143433,226.861439,48.252252
182.847311,226.717405,48.137068
182.842636,226.691812,48.111693
182.842153,226.691783,48.111352
182.611725,226.641581,48.062152
181.768986,226.774121,47.705607
181.767588,226.771696,47.709333
181.499993,226.677800,47.872770
180.965074,226.592230,47.665495
180.897133,226.533700,47.473584
180.852512,226.556997,47.518016
180.406180,226.842521,47.624719
180.396710,226.852060,47.624580
180.391102,226.859056,47.634889
180.222313,226.761315,47.554251
179.493744,226.875653,47.402392
179.491554,226.866986,47.405621
178.469410,227.204653,47.894985
178.468803,227.204374,47.895668
178.148801,227.035582,48.138767
178.037504,227.103631,48.331160
177.754580,226.995804,48.312937
177.262588,227.190062,48.501356
175.294526,227.898874,47.951448
175.247592,227.942780,47.955859
174.966827,227.847173,47.787810
174.495713,227.853219,47.479038
173.792703,227.909479,47.431504
173.794604,227.919328,47.417567
173.794119,227.919299,47.417551
173.622434,227.889244,47.193552
173.061323,228.331837,46.843671
173.060845,228.331769,46.843623
172.621007,228.478393,46.744172
172.447752,228.505900,46.931701
172.443290,228.511497,46.893049
171.587987,228.091033,46.985982
170.773241,228.053854,47.091116
170.450745,228.187138,46.993243
170.450282,228.187134,46.993283
170.197876,228.076545,47.187530
169.702920,227.989364,47.170065
169.696926,227.988018,47.183033
169.690017,227.994693,47.187391
169.288212,227.919427,47.432137
168.735795,228.290458,47.582323
168.601557,228.389090,47.407263
167.545100,228.784999,46.467650
167.160065,228.662996,46.651433
166.173932,229.047042,46.418587
165.897267,229.245452,46.200310
165.699542,229.350762,45.978968
165.699165,229.350900,45.978522
165.692411,229.373736,45.843115
165.626096,229.263081,45.813306
165.118411,229.645246,45.838070
164.556088,229.729509,45.656453
163.970426,229.815289,45.543020
163.389375,229.802447,45.197515
163.390150,229.801637,45.193458
163.374868,229.836023,45.192567
163.086512,229.714087,44.106374
162.975903,229.763862,44.376674
162.974957,229.763326,44.377573
162.482644,229.980142,44.397404
161.892857,230.164035,44.176942
161.426915,230.334976,44.039170
160.985191,230.207268,43.989549
160.573172,230.096906,43.363169
160.124799,229.968045,43.550510
159.547761,229.977680,43.295205
158.933230,230.052442,42.694889
157.853623,230.201055,42.432315
157.722072,230.133669,42.550494
157.717499,230.119013,42.516274
157.076469,230.229662,42.345822
156.241701,229.835824,42.585771
156.221251,229.885215,42.502506
156.219292,229.889713,42.505337
156.029811,229.951381,42.405841
155.645663,229.998294,42.270042
155.177464,230.154867,42.156795
155.180957,230.166090,42.137517
154.061186,230.539870,41.531670
154.061679,230.548631,41.516587
154.049100,230.571890,41.408050
154.051149,230.572661,41.401755
153.370096,230.682511,41.453636
152.408908,230.703148,40.311860
152.408842,230.699597,40.308784
151.339650,230.922069,39.647600
150.845055,231.033990,39.436416
150.702161,231.312809,39.366248
150.701587,231.324610,39.372760
150.697657,231.332881,39.368269
150.155835,231.501360,39.236959
149.403692,231.490756,39.607874
148.794664,231.308147,39.691977
148.090569,231.370601,39.987201
148.168848,231.807395,40.073385
147.940681,231.594817,39.936033
147.939855,231.593806,39.936172
147.360689,231.530761,40.036916
146.870709,231.797992,39.188352
146.788395,231.815998,39.235021
146.469207,231.919942,39.359302
146.457784,231.907096,39.385380
145.769487,231.903503,39.502585
145.748316,231.859661,39.460991
144.347652,232.014076,39.425665
143.770567,232.153743,39.278565
143.684634,232.135700,39.241394
142.878746,232.157089,38.907636
142.343230,232.307618,39.479212
142.342401,232.305963,39.480101
142.256251,232.114639,39.393469
141.784195,232.230820,39.196683
140.898780,232.468396,39.136439
139.874165,232.727702,38.577937
139.829023,232.693767,38.642147
139.449598,232.568916,38.522516
138.868931,232.867344,38.241791
137.662034,232.886921,37.811834
137.475467,232.780526,37.630984
136.508827,232.676657,38.050475
136.230880,232.773457,38.056622
135.393108,232.795822,38.108779
134.980608,232.877634,38.280294
134.426438,232.751107,37.130196
134.436145,232.767629,37.089428
134.386595,232.764296,37.130966
134.388531,232.761700,37.121163
134.291347,232.800616,37.071778
133.218661,232.678940,35.505837
132.570318,232.624161,35.102929
132.570627,232.624534,35.098977
131.973575,232.731992,34.979970
130.273258,232.618844,34.836752
129.694773,232.621440,34.636840
129.093435,232.732592,34.463342
129.023415,232.727963,34.520811
128.975640,232.695238,34.579873
128.394052,232.805207,34.412273
127.684088,232.748573,34.157811
127.659573,232.793515,34.168193
127.616015,232.831298,34.107791
126.950013,232.945244,34.022796
125.835738,233.226280,34.341287
123.125986,233.237798,34.685052
123.124762,233.236370,34.687651
122.428857,233.361052,34.704923
122.250591,233.170099,34.300472
121.765512,233.114364,34.236981
120.328432,233.504146,34.449588
120.241375,233.465033,34.517000
119.711662,233.526274,34.284415
119.711863,233.524667,34.280722
118.868121,233.801121,33.137739
118.243032,233.746606,32.407500
118.241991,233.748981,32.406507
118.243078,233.759082,32.396449
118.224690,233.797046,32.419227
117.788479,233.799556,33.022554
117.062767,233.938912,32.941690
116.494105,234.093336,32.888406
116.493544,234.093517,32.888326
115.527701,234.168580,32.695472
115.197191,234.414822,32.289593
115.195202,234.419029,32.295393
115.162860,234.417650,32.331357
115.135083,234.414845,32.357563
113.904490,234.150454,32.138340
111.482875,234.753853,31.681892
111.464762,234.770525,31.667607
110.728269,234.853147,31.570648
109.995284,234.719425,31.530778
109.006331,234.631763,31.169619
108.324194,234.845559,30.901988
108.002589,234.884320,31.013309
107.931787,234.800091,30.864211
107.483768,234.767965,30.311437
106.749099,234.743254,30.323421
106.710552,234.728834,30.344042
106.601716,234.772362,30.111828
106.567587,234.811172,30.148871
106.268174,234.676504,29.974919
105.579500,234.780445,29.853615
104.717461,234.769230,30.223092
104.383434,234.775367,30.353181
103.302936,235.180050,29.988744
103.301783,235.176351,29.976472
103.077582,235.129128,30.085852
102.465932,235.315356,29.975048
101.356982,235.537776,29.334214
101.156177,235.545912,29.075573
99.984939,235.618154,29.309284
98.981455,235.806564,29.058598
98.805495,235.731571,28.937970
98.675298,235.749055,29.146638
98.653016,235.769028,29.116826
98.615006,235.797117,29.067992
98.102627,235.751089,29.220461
96.587091,235.778371,29.201940
95.904760,235.915368,28.945650
95.134756,236.105086,28.662056
94.792522,236.233262,28.717286
94.791996,236.233287,28.717484
94.766411,236.191275,28.686071
94.205329,236.331663,28.884762
94.158061,236.298411,28.815669
94.157587,236.299852,28.813152
93.893209,236.336063,28.687653
93.892613,236.334443,28.684442
91.749073,235.967008,28.971390
91.038394,236.275547,28.738500
89.284834,236.432228,28.657053
88.899819,236.208819,28.530781
88.899287,236.211335,28.536431
88.030967,236.821150,28.840706
86.847516,236.701428,28.906164
86.845288,236.704104,28.920017
86.828636,236.681172,28.879124
86.775234,236.642891,28.794667
85.485595,236.910109,28.936379
85.480578,236.903746,28.946069
84.968799,237.040211,28.832916
84.382511,237.132535,28.202365
84.382061,237.132594,28.201519
84.361684,237.151990,28.225797
84.311248,237.126508,28.133390
84.110442,237.298790,28.151355
83.356586,237.233688,28.060156
83.355612,237.234605,28.060376
81.789307,237.859968,27.963990
80.781411,237.882130,27.896586
80.273100,237.711719,27.672576
80.270941,237.718540,27.660001
79.949162,237.633768,27.526105
79.948728,237.634177,27.525454
78.417706,237.619018,27.362750
77.364606,237.594870,27.388021
77.364076,237.594585,27.387613
76.931478,237.703399,27.249571
76.593073,237.902220,27.818464
75.904941,237.925586,27.754613
75.904409,237.930419,27.760980
75.260023,238.112995,27.464579
74.376639,238.368887,27.125397
73.919907,238.658356,27.054743
73.361093,238.665024,26.975451
73.220657,238.641503,27.085222
71.988595,238.548966,26.856924
71.282323,238.451186,26.985908
70.516336,238.335808,27.249452
70.512858,238.335351,27.256183
69.758317,238.636104,27.104670
68.951187,239.144635,26.795638
68.519100,239.213567,26.751907
68.516600,239.217514,26.761236
67.803545,239.187745,26.988159
67.426921,239.451054,27.069018
65.717436,239.255689,27.383412
65.717145,239.254253,27.378277
65.574840,239.198415,26.888195
65.139973,239.333530,27.110500
64.676733,239.370910,26.665723
64.549530,239.439322,26.595084
64.548665,239.436443,26.588455
64.040822,239.339773,25.985521
64.041550,239.335934,25.961200
63.724474,239.432550,26.047001
63.723994,239.432596,26.046760
62.758806,239.265637,25.827395
62.758250,239.265815,25.827250
62.747825,239.318417,25.829716
62.395834,239.537929,25.754517
62.395376,239.537972,25.754304
62.138383,239.489712,25.841945
60.729999,239.604119,25.776109
60.714496,239.586466,25.727435
60.532590,239.369497,25.676589
59.634137,239.353777,25.644119
59.099929,239.182587,25.643573
58.821223,239.331542,25.531696
58.762797,239.473172,25.586448
58.426039,239.649850,25.324353
58.283894,239.604552,25.398228
57.744645,239.539082,25.496666
57.413237,239.664530,25.883491
56.969463,239.625599,25.952346
56.006244,239.454016,24.935422
55.487820,239.729202,24.842577
54.890512,239.799960,24.972198
54.883583,239.778662,24.953575
54.555486,239.917409,24.911692
54.537114,239.886859,24.886628
54.532273,239.892144,24.898942
54.466476,239.916746,24.689165
53.546616,240.009754,23.877925
52.843003,240.228423,23.401317
52.834466,240.233364,23.420003
52.833915,240.233325,23.420087
52.703334,240.227663,23.670415
51.787160,240.040049,23.335004
51.514373,240.132150,23.211627
50.652325,240.301793,22.976772
49.976482,240.115311,22.448845
49.976372,240.116116,22.446467
49.865663,240.191738,22.883802
49.865138,240.191244,22.885901
49.128831,239.863171,22.870155
48.863089,239.957783,22.798813
48.465111,240.115876,23.059422
48.465115,240.118246,23.058777
47.795837,240.086668,22.723905
47.751171,240.111336,22.685628
47.110654,240.343755,22.900906
47.109114,240.339259,22.908338
46.851951,240.432967,22.801000
46.475526,240.488437,22.701254
46.007230,240.623815,22.875423
45.850501,240.660710,22.819724
45.404626,240.580855,22.926262
44.846394,240.641613,23.122768
44.708976,240.687012,23.052105
44.631306,240.623859,22.739908
44.631565,240.642325,22.739410
44.623737,240.663717,22.741197
44.219708,240.817862,22.621576
43.617559,240.985617,22.698258
42.772523,240.786596,22.901060
42.538231,240.855427,22.769058
42.316589,240.942889,23.068924
41.566309,241.269140,23.062314
41.291654,241.287914,23.115800
40.769955,241.611579,22.888617
40.494690,241.707551,22.707194
39.416932,241.814958,22.529045
38.777421,241.966488,22.485720
38.494656,241.905679,22.580679
38.195705,242.037966,22.993295
37.575488,242.102039,23.317200
36.966448,242.093464,22.362964
36.603861,242.209420,22.270721
35.931796,242.486240,22.232547
35.131866,242.635826,22.580130
35.046889,242.664967,22.527075
34.781539,242.776026,22.855716
34.321636,242.771480,22.650619
33.362155,242.798806,22.862128
33.006069,242.933007,22.669639
33.004935,242.931104,22.673473
32.778889,243.019173,22.514858
32.576941,243.113159,23.014213
32.008262,243.312218,22.909689
31.639884,243.426136,23.486166
30.982309,243.684238,23.611737
30.759826,243.471667,23.478776
30.437364,243.606316,24.154401
30.436932,243.606455,24.154432
30.100296,243.690294,23.992154
29.927024,243.763342,23.842911
29.602886,243.904436,24.789557
29.378582,243.893045,24.811018
28.817186,244.123839,24.548940
28.226732,244.197642,24.546885
28.110665,244.245012,24.443927
27.861166,244.363187,24.769454
27.717370,244.424165,25.077966
27.490960,244.492894,24.959380
27.353669,244.545459,24.834703
27.004822,244.688827,24.981250
26.816214,244.687207,24.892464
26.666622,244.768193,25.296060
26.668750,244.786167,25.312411
26.381762,244.803217,25.312710
26.116867,244.825885,25.087896
25.706350,244.758557,25.153618
25.571457,244.813113,25.016370
25.570855,244.813342,25.016126
25.407516,244.855953,24.865622
25.373998,244.869312,24.833121
25.149399,244.847722,24.808361
24.376552,244.932735,25.858363
24.375899,244.932903,25.858055
24.254270,244.964153,25.777881
23.975588,244.979354,25.509505
23.819463,245.061607,25.829958
23.711049,245.108543,25.707185
23.644541,245.133401,25.651671
22.759536,245.080703,25.121432
22.476171,245.174087,25.247104
22.091832,245.236334,25.725831
21.788865,245.244836,25.416180
21.669975,245.250136,25.443343
21.381773,245.364494,25.156144
20.847262,245.207679,24.933408
20.686041,245.232853,24.863469
20.338137,245.154502,25.075960
19.814595,245.512168,24.872186
19.773956,245.531634,24.822584
19.731930,245.553684,24.764863
19.341136,245.508439,24.751418
19.218106,245.525297,24.626973
19.128550,245.572876,24.552913
18.986952,245.551499,24.547644
18.390964,245.609966,23.800328
18.361513,245.613542,23.755890
18.310942,245.616120,23.727343
18.157687,245.622606,23.776320
17.527988,245.877851,24.139266
17.437722,245.921920,24.052994
17.224268,245.887757,23.937964
17.143098,245.720713,23.831044
17.117288,245.734329,23.802577
17.042358,245.746305,23.774215
16.938155,245.761185,23.744298
16.876278,245.771091,23.692713
16.455598,245.770180,23.881196
16.419305,245.789065,23.829921
16.260305,245.828855,23.749223
16.137003,245.912199,24.377015
16.166740,245.897758,24.434221
16.156956,245.879897,24.564941
16.172626,245.846441,24.640354
16.210486,245.825877,24.718001
16.250874,245.803985,24.777257
16.223047,245.826014,24.830340
16.270901,245.803591,24.902071
15.904991,245.705459,25.041963
15.938927,245.689000,25.095242
15.888286,245.719518,25.378033
15.758456,245.654403,25.380205
15.778837,245.642332,25.413469
15.800261,245.639579,25.448361
15.705044,245.449045,25.437103
15.673750,245.461028,25.480548
15.578040,245.415103,25.480082
15.623530,245.398509,25.560688
15.291807,245.335914,25.924085
15.287002,245.332803,25.989832
15.299123,245.295849,26.008148
15.327150,245.219552,26.195373
15.279092,245.176885,26.465951
15.320488,245.150234,26.533472
15.304432,245.139778,26.729959
15.368969,245.103985,26.840092
15.380802,245.096315,26.889254
15.389883,245.075930,26.942693
15.447673,245.038618,27.044168
15.315901,244.768953,27.538959
15.331138,244.758750,27.566779
15.180122,244.769913,28.078870
15.084851,244.757229,28.240556
15.086683,244.757987,28.282317
15.120745,244.758318,28.346538
15.145466,244.731631,28.420788
15.145475,244.731569,28.421326
15.164275,244.744680,28.457042
15.212368,244.712092,28.536650
15.232085,244.698692,28.574090
15.273238,244.700729,28.650521
15.265893,244.682128,28.702377
15.210246,244.583242,28.998415
15.182573,244.595805,29.152525
15.125922,244.552482,29.042114
15.081503,244.476302,29.238055
15.033765,244.509525,29.403349
14.977767,244.536318,29.676564
15.025400,244.502974,29.771351
15.036042,244.478757,29.865666
14.992833,244.391067,30.235596
14.922211,244.401199,30.448704
14.634845,243.915978,30.214543
14.474898,243.802453,30.422696
13.825349,243.616049,30.412088
13.568965,243.360349,30.544906
13.478458,243.326392,30.607082
13.460331,243.267516,30.816665
13.446227,243.239754,30.889029
13.275632,242.943950,30.668169
13.240358,242.950436,31.005404
13.186973,242.928918,30.901580
13.186866,242.928941,30.901950
13.184617,242.974232,31.145669
13.239445,242.924033,31.496364
13.262927,242.952015,31.552560
13.291922,242.925537,31.621511
13.316467,242.903117,31.644378
13.346695,242.875515,31.715065
13.346534,242.875578,31.715424
13.341099,242.880434,31.716175
13.242691,242.861659,31.738057
13.243633,242.693202,32.059614
13.224340,242.517463,32.129767
13.190549,242.318171,32.438697
13.136301,242.248244,32.665289
13.134160,242.262260,32.840341
13.113349,242.324439,32.854929
13.046167,242.368534,33.040510
12.563297,242.244139,33.173802
12.586750,242.210335,33.256632
12.264000,242.223890,33.323814
11.815049,242.325106,33.645068
11.913314,242.219701,33.898392
11.776473,242.230689,34.048726
11.758223,242.250432,34.126772
11.756357,242.252493,34.403151
11.826544,242.179192,34.596318
11.791387,242.048653,34.808069
11.791259,242.048765,34.808714
11.775025,242.066600,34.875844
11.810599,242.027734,34.967713
11.815902,242.022212,35.258993
11.440724,241.902582,35.594840
11.242527,241.828100,35.565331
11.151929,241.879824,35.756233
11.105784,241.829507,35.803919
10.868700,241.474175,35.807291
10.546900,241.408993,35.947728
10.505224,241.243403,36.137840
10.396094,241.277082,36.468543
10.240192,240.992438,36.521253
10.043683,240.808381,36.487023
9.935156,240.807570,36.482663
9.640065,240.642769,36.857719
9.522076,240.623067,36.932690
9.224472,240.606577,37.108312
9.216513,240.619303,37.127987
9.121159,240.543307,37.309359
9.124062,240.539348,37.399128
9.110766,240.560258,37.501502
8.999076,240.485220,37.655549
8.947036,240.535574,37.741838
8.942270,240.536882,37.824452
8.726229,240.461504,37.965320
8.710490,240.240968,37.997596
8.722053,240.262156,38.089489
8.428810,239.916524,38.204096
8.446423,239.884900,38.233179
8.446255,239.885134,38.235477
8.446087,239.885369,38.237777
8.384706,239.678579,38.223647
8.371669,239.752481,38.270807
8.352875,239.835914,38.339233
8.303768,239.756200,38.524960
8.278170,239.767866,38.615595
8.244907,239.729307,38.741893
8.102679,239.672943,38.815099
8.079946,239.679508,38.934175
7.999588,239.524231,39.311956
7.844833,239.494504,39.479922
7.820670,239.486436,39.798098
7.741262,239.077049,39.709403
7.750209,239.054573,39.650064
7.693804,238.974476,39.191129
7.639765,238.878761,39.000462
7.619957,238.850310,38.917107
7.575847,238.671718,38.725622
7.536184,238.690164,38.860161
7.545739,238.677348,38.778487
7.432225,238.134261,38.547255
7.320582,237.870964,38.327345
7.332193,237.843497,38.292575
7.067993,237.636515,38.246560
7.068206,237.635753,38.244604
7.068417,237.634995,38.242652
7.096854,237.571098,38.150296
6.999775,237.126564,38.136742
6.777419,237.215630,38.306947
6.781290,237.205202,38.255081
6.745818,237.095176,38.054018
6.750709,237.060059,38.079229
6.656357,236.986177,38.048280
6.552293,236.841071,38.066012
6.561994,236.814078,37.999753
6.567117,236.799772,37.942289
6.572602,236.784470,37.923794
6.583650,236.753749,37.839331
6.592409,236.709154,37.686196
6.507098,236.728578,37.688918
6.519336,236.704281,37.617843
6.480122,236.379364,37.454771
6.382552,236.346717,37.481477
6.340392,236.114228,37.374002
6.267688,236.079737,37.301902
6.180613,235.630429,36.910983
6.180696,235.630027,36.910468
6.110048,235.592845,36.928310
6.124573,235.559712,36.852423
6.124636,235.559316,36.851938
6.037078,235.407345,36.619058
6.052888,235.355950,36.423498
6.002033,234.952879,36.178702
6.005202,234.922684,36.117015
5.964030,234.657402,36.001012
5.964084,234.657023,36.000686
5.963066,234.656276,36.000641
5.925775,234.582347,35.831332
5.934992,234.550441,35.756110
5.911197,234.146389,35.554872
5.903436,234.130420,35.588654
5.903431,234.130138,35.588592
5.728075,233.678541,35.011596
5.791511,233.714955,35.105927
5.746064,233.424111,35.171398
5.672747,233.190660,35.237899
5.634895,232.944514,35.121214
5.664990,232.828931,35.177715
5.695705,232.710986,35.188273
5.488950,232.164757,35.365027
5.488988,232.164411,35.364926
5.509041,232.083273,35.471651
5.525562,231.994614,35.604853
5.516193,231.630689,35.725466
5.525907,231.441449,35.871334
5.338617,230.976502,35.914293
5.358828,230.887868,36.023416
5.358830,230.887506,36.023351
5.377986,230.796162,36.137980
5.390112,230.741772,35.993246
5.425628,230.592396,35.900113
5.442958,230.163648,35.926333
5.418691,230.035981,35.803789
5.425261,229.989526,35.684553
5.436695,229.855905,35.860493
5.436694,229.855573,35.860481
5.405439,229.538154,36.096041
5.424018,229.474047,36.204292
5.406723,228.920827,36.197075
5.393143,228.446227,36.112528
5.559432,227.967296,35.938614
5.520870,227.567435,35.891805
5.504724,227.485992,36.003422
5.543220,227.312427,36.026801
5.502505,227.115982,35.808085
5.526575,226.997995,35.933732
5.523900,226.854834,35.579990
5.429001,226.604497,35.762233
5.421797,226.240453,35.803527
5.421774,226.240057,35.803722
5.455242,225.626038,35.826949
5.433605,225.140152,35.532564
5.510307,224.806214,35.392786
5.521780,224.742899,35.397418
5.526972,224.736960,35.388836
5.489164,224.507809,35.505647
5.487501,224.509090,35.514179
5.448259,224.133488,35.352726
5.449498,224.134267,35.343109
5.449529,224.133933,35.342817
5.440660,223.979235,35.493370
5.335089,223.669423,35.400101
5.378333,223.425390,35.120144
5.349676,223.398974,35.244790
5.350686,223.236527,34.822580
5.366643,223.011117,34.948466
5.366660,223.010794,34.948250
5.364289,223.010922,34.933558
5.362434,223.021853,34.926249
5.361069,222.979356,34.936549
5.343217,222.256433,34.949558
5.362606,222.165755,34.801135
5.389778,222.010746,34.952396
5.278344,221.134849,34.331031
5.282914,220.797309,34.348106
5.322794,220.548145,33.707171
5.300521,220.380882,33.648037
5.281825,220.185449,33.611879
5.284206,220.214855,33.609322
5.284211,220.214531,33.609050
5.266434,220.076398,33.501196
5.278427,220.090273,33.535654
5.308865,219.886644,33.527407
5.300177,219.516168,33.448395
5.138688,219.270478,33.939858
5.111153,219.068427,34.062496
5.111182,219.068070,34.062444
5.207733,218.354718,33.898136
5.400228,218.023897,34.408261
5.429098,217.846848,34.565300
5.445515,217.596116,34.769503
5.306239,217.435553,35.180485
5.307135,217.436213,35.183481
5.522950,216.505529,34.395615
5.560890,216.261370,34.596367
5.562137,216.260162,34.593576
5.562175,216.259787,34.593512
5.563049,216.258835,34.591564
5.424350,216.164376,34.471128
5.455787,215.960140,34.670207
5.455137,215.960158,34.672506
5.624493,215.478599,34.615002
5.670072,214.333769,34.541561
5.670102,214.333310,34.541634
5.696793,214.157040,34.313579
5.562160,213.941490,34.734339
5.720754,213.132883,34.359956
5.728147,213.080119,34.265603
5.760521,212.864788,34.431155
5.792478,212.647351,34.601988
5.857265,212.596156,34.553283
5.843481,212.526262,34.478388
5.793449,212.521392,34.817092
5.779555,211.512742,34.839605
5.780039,211.512551,34.836607
5.780611,211.512552,34.832673
5.857771,211.212042,34.467934
5.897445,211.125498,34.335159
5.977354,211.010487,34.360219
6.013509,210.543299,34.023412
6.064744,209.969140,33.970152
6.027950,209.891786,34.174879
6.079058,208.739504,33.612800
6.110417,208.519129,33.298578
6.625487,207.478745,32.987126
6.519041,207.310010,32.842363
6.510653,206.878640,32.691094
6.571529,206.020093,32.603269
6.574608,206.023507,32.567713
6.574666,206.023127,32.567365
6.528573,205.803119,32.336834
6.751758,205.051432,31.005382
6.751824,205.051035,31.005080
6.751729,205.050707,31.004029
6.738618,204.149328,32.030846
6.597568,202.944320,32.010258
6.602527,202.946149,31.958822
6.578279,202.697670,31.821039
6.567876,202.670073,31.783328
6.577605,202.570294,31.730412
6.854683,202.097394,31.789684
6.889786,201.831407,31.960619
6.996366,200.982386,31.683524
6.917598,199.781328,31.270671
6.917678,199.780890,31.270415
6.779185,199.494983,31.342439
6.811481,199.228894,31.004082
6.814465,199.224245,31.013251
6.811682,199.226246,31.000027
6.846183,198.946060,31.166779
6.853478,198.832213,31.104563
6.830158,197.819743,30.858556
6.821202,197.045782,30.647669
6.820599,196.181161,30.495292
6.830521,195.800605,30.325852
6.826539,195.794278,30.283498
6.847675,195.363793,29.429027
6.845878,195.365147,29.420715
6.984167,194.412220,28.614066
7.004393,194.102351,27.902718
7.034856,193.794029,27.758559
7.019468,193.349552,27.419881
7.084249,192.871258,27.731719
7.024129,192.625366,27.928274
6.977687,191.065708,27.875023
6.959546,189.663263,27.909179
6.881567,189.584037,27.966262
6.885724,189.103602,27.524273
6.882832,189.096715,27.530417
7.021888,188.192465,26.853726
7.027446,188.193153,26.856963
7.018757,188.186922,26.856500
6.989966,187.976805,26.763635
7.000421,187.938991,26.684634
6.967282,187.350831,26.510635
6.983069,186.946383,26.767589
7.014092,185.993717,26.316475
6.998792,185.211750,26.232328
6.982137,185.088948,26.178029
6.982998,185.087952,26.181370
7.047337,184.562183,26.198565
7.299105,183.995565,26.239324
7.336679,183.625450,26.419296
7.305460,183.455664,26.349371
7.274063,183.382561,26.380838
7.275495,183.381179,26.384239
7.339888,183.353719,26.450752
7.639414,183.021185,26.576963
7.630348,183.005865,26.565644
7.630436,183.005376,26.565763
7.644513,182.519852,26.655499
7.535454,182.178705,26.706153
7.515329,182.065206,26.631386
7.576208,181.582720,26.843450
7.671531,181.404042,26.833903
7.653847,181.336271,26.866517
7.653833,181.335726,26.866399
7.673369,180.957916,27.056371
7.756959,180.287752,26.612889
7.742595,180.275863,26.647117
7.658534,180.099188,26.493649
7.646080,180.026227,26.418412
7.686026,179.640525,26.149820
7.706377,179.129059,26.277875
7.706816,179.129028,26.284463
7.708195,179.128960,26.287806
7.774045,178.341006,26.743726
7.740957,177.884526,26.967070
7.704726,177.664073,27.221840
7.746398,177.267661,27.423262
7.715989,176.847368,27.285218
7.965899,176.234417,27.070043
8.315212,175.889355,27.581659
8.488570,175.654299,27.470257
8.531639,175.242550,27.504370
8.532018,175.243031,27.504723
8.523631,175.231391,27.529525
8.583738,174.852212,27.569813
8.498560,174.160857,27.595091
8.545125,173.959576,27.762779
8.539857,173.954822,27.780559
8.552066,173.953126,27.770080
8.865260,172.568623,27.280848
8.866786,172.138045,27.469354
8.812431,171.111024,27.229564
8.819475,170.985324,27.216874
9.185564,169.819007,26.917123
9.440805,167.550380,26.796119
9.418607,167.535996,26.870027
9.509662,166.761050,27.247952
9.550727,166.436464,27.434833
9.779566,165.958700,27.279902
9.737177,165.926487,27.393382
9.744814,165.876228,27.441540
10.051356,165.665056,27.815069
10.056589,164.329717,27.977930
10.200739,163.354183,28.040571
10.212912,162.896726,28.283086
10.335024,162.480759,28.505805
10.350546,162.341623,28.389911
10.332743,161.381531,28.320366
10.307130,161.372971,28.330902
10.515739,159.263952,28.140174
10.583299,159.079169,28.485062
10.616666,159.042485,28.558049
10.887636,158.602994,28.639650
11.731411,157.647512,28.238074
11.891026,156.842465,28.036968
11.948449,156.097278,27.937057
11.934733,156.083200,27.936249
12.024441,155.692863,28.209896
11.975197,155.264615,28.626230
11.986707,155.263601,28.649699
12.028448,155.247962,29.449083
11.919848,153.789780,29.129197
11.927899,153.783189,29.153241
12.299654,152.826262,29.038224
12.242310,152.050548,28.953203
12.242499,152.049865,28.953082
12.307832,151.563992,29.267816
12.278189,150.266377,28.952983
12.338664,149.905122,29.173548
12.336770,149.904046,29.168146
12.360017,149.862622,29.156528
12.343635,149.769937,29.179454
12.484919,148.418531,28.880927
12.754344,146.416372,28.745403
12.873416,144.932236,28.547860
12.874878,144.904282,28.586989
12.971881,144.242538,28.791447
13.041744,143.889469,28.896903
13.086286,143.861408,28.955634
13.072890,143.839094,28.946280
13.075393,143.837681,28.951299
13.082590,143.826835,28.966921
13.023273,143.440145,29.285550
13.012600,143.434894,29.287644
13.288100,141.866305,28.793096
13.322487,141.173475,29.029245
13.312577,141.076201,29.095003
13.499414,140.412497,28.995555
13.488472,139.755300,29.066001
13.532867,139.457597,29.291986
13.541579,139.325000,30.153948
13.537925,139.289935,30.189008
13.665076,139.186103,30.128313
13.924733,138.772464,30.014614
13.843831,139.102965,30.789215
13.883090,138.828827,30.998481
13.939269,138.516479,30.880331
13.899052,138.210686,30.888041
13.986580,137.709039,31.236754
14.023965,137.420135,31.377511
14.168304,136.868807,31.256026
14.334552,135.563376,31.292129
14.462790,134.744668,31.341241
14.452244,134.647137,31.399165
14.585874,134.200823,31.515939
14.881646,133.139813,31.861944
14.882440,133.139140,31.860849
15.106062,132.620263,31.719243
15.070399,132.496644,31.640079
15.251901,131.389533,31.252397
15.257732,131.387064,31.245743
15.403245,131.105212,31.348272
15.415953,131.093402,31.317692
15.379347,131.000138,31.242639
15.421057,129.946009,31.562175
15.458183,129.626429,31.857347
15.427573,129.568192,31.924123
15.509461,129.106766,32.378258
15.517458,129.105437,32.371510
15.796955,128.372649,32.746832
15.859040,128.262796,32.851180
16.154735,127.566365,32.938777
16.169717,127.270464,33.162474
16.159480,127.260693,33.158654
16.272257,126.716953,33.269986
16.315413,126.441658,33.487641
16.303884,126.246714,33.494789
16.438794,125.072006,33.314267
16.476989,124.800223,33.499599
16.452366,124.077021,33.537121
16.548893,123.690257,33.954369
16.523361,123.674665,33.998074
16.624336,122.701643,33.880670
16.592108,122.267672,33.803890
16.599369,122.069722,33.813343
16.787350,122.004689,33.743778
16.705201,121.627025,33.949111
16.694368,121.617387,33.933616
16.791393,121.154325,34.294076
16.765158,120.771144,34.232441
16.823727,120.750658,34.191227
17.284227,119.731600,34.190888
17.285640,119.730840,34.190013
17.296596,118.932283,34.630797
17.323218,118.657722,34.830511
17.356675,117.877096,34.848375
17.313141,117.519898,34.750057
17.314574,117.518475,34.746910
17.305719,117.236252,34.642886
17.226362,115.991363,34.968976
17.192041,115.642669,34.902106
17.144596,115.544707,34.938704
17.125165,115.149255,35.054604
17.128328,114.841263,35.372404
17.150001,114.229586,35.634669
17.433331,113.341211,36.029936
17.423849,113.340567,36.039080
17.482830,113.021039,36.256251
17.393902,112.105996,36.385324
17.362794,111.793628,36.292682
17.286685,111.193374,36.115137
17.196241,110.631118,35.917837
17.196230,110.630113,35.917703
17.327828,110.506525,35.833860
17.327206,110.505177,35.832942
17.221663,108.990855,36.145734
17.594582,108.256447,36.340758
17.596192,108.044377,36.344728
17.786213,107.727519,36.337213
17.888828,107.199920,36.598594
18.049964,106.461056,36.646174
18.220916,106.074217,36.655553
18.334590,105.716031,36.617534
18.436926,105.178290,37.020451
18.367080,103.806694,37.571011
18.405232,103.377587,37.306293
18.370884,103.292911,37.235063
18.408263,103.260416,37.312243
18.408274,103.259376,37.311937
18.460329,103.105114,37.230566
18.372195,102.363522,37.272170
18.467863,102.059080,37.461480
18.486787,101.223426,37.558632
18.484639,100.158097,38.018448
18.420961,99.658108,38.362109
18.408383,99.644860,38.346400
18.319441,99.417603,39.165634
18.625127,98.770375,39.091936
19.045651,98.551822,39.703367
18.984383,98.333966,39.568855
18.951366,98.222201,39.497655
19.200644,97.742456,39.658471
19.208021,97.673021,39.640409
19.260608,97.408364,39.511803
19.351608,96.799550,39.563069
19.428447,96.744409,39.508961
19.454217,96.317338,39.736813
19.457801,96.132938,39.607105
19.567580,95.264116,39.703207
19.563622,95.260249,39.696210
19.575657,95.012238,39.576074
19.527720,94.142658,39.772161
19.456169,93.502161,39.670170
19.205013,93.404909,39.750504
18.950939,93.135298,39.821793
18.847762,93.135285,40.149896
18.836409,92.748110,39.956074
18.811790,92.502958,39.976199
18.769107,92.438912,40.216773
18.724433,92.375280,40.186683
18.652076,92.049740,40.262728
18.592445,91.334405,40.641006
18.481693,90.839346,40.825222
18.959251,90.346997,41.098861
18.900667,90.047521,41.352251
19.123673,89.143104,41.671598
19.099194,89.129367,41.706600
19.125232,88.920941,41.826826
19.113853,88.924631,41.855772
19.114276,88.374588,41.910645
19.336848,87.897197,41.963232
19.518246,87.107770,41.916600
19.533187,86.943984,41.837755
19.509598,86.913773,41.816728
19.560740,86.791223,42.012193
19.652266,86.430525,42.568154
19.809438,86.059850,42.611882
19.843485,85.828025,42.725661
20.024815,84.695846,43.125206
20.059889,84.316805,43.301553
20.104718,84.175181,43.250624
20.056645,83.591865,43.162825
20.116047,82.739155,43.274775
20.071288,82.086578,43.361060
20.053284,81.358334,43.599395
20.074391,80.320593,44.075133
20.207858,79.938918,44.148991
20.162246,79.690441,44.326632
20.199881,79.429121,44.446075
20.065090,78.813673,45.028706
19.960117,78.391636,44.975709
19.978748,78.122768,45.083379
19.868519,77.594791,45.338685
19.812857,76.918555,45.715044
19.847169,76.738885,45.728672
19.753772,76.638615,46.039492
19.920845,76.169385,46.306721
20.042578,76.052747,46.986228
19.906788,75.482155,47.293869
19.893876,75.271477,47.457601
19.901802,75.134514,47.490938
19.896424,75.146575,47.511152
20.119564,75.080167,48.146933
19.961556,74.739019,48.503680
19.895786,74.511423,48.707661
19.898061,74.395276,48.631333
19.866669,74.111105,48.581141
19.908562,73.925027,48.496687
19.983811,73.562397,48.861404
20.098023,73.664334,49.315789
19.974814,72.938775,49.432466
19.741754,72.680431,49.627796
19.690986,72.470045,49.510886
19.755319,72.238729,49.709212
19.761488,72.166289,49.660225
19.622600,72.234498,50.147193
19.498100,72.159137,50.263473
19.464684,71.919930,50.289458
19.361548,71.682099,50.680104
19.383841,71.215174,50.575874
19.377134,71.115802,50.499583
19.394447,70.983609,50.401741
19.372873,70.767480,50.267945
19.315527,70.702167,50.246908
19.322317,70.474778,50.283539
19.233393,70.430134,50.448307
19.095643,69.565551,50.720362
19.090531,69.224370,50.842036
18.940854,69.216114,50.935527
18.918712,69.128214,51.339983
18.844119,68.313644,51.740254
18.869204,68.219513,52.386173
18.848653,68.243528,52.933833
18.855744,68.163201,53.499821
18.828211,68.077511,53.697456
18.757259,68.161712,54.103205
18.891355,67.731925,54.701499
18.895789,67.826580,54.772277
18.739143,67.883843,55.073838
18.601141,68.069661,55.310005
18.640741,68.105391,55.780708
18.835152,68.220348,55.968499
19.176322,68.110784,56.435927
19.164050,68.188133,56.530392
19.195564,67.772204,56.429519
19.011730,67.888867,56.933394
18.907359,67.828675,57.506731
18.873483,67.720180,57.701545
18.875135,67.772745,57.744609
18.932606,68.006369,57.993731
18.914390,68.300916,58.267041
18.996071,67.977315,58.761788
18.964951,67.972689,58.950518
19.231256,67.879228,59.203582
19.109206,67.521724,59.875970
19.145302,67.327399,60.246970
19.083538,67.157283,60.480721
19.100338,67.139997,60.827878
19.113724,67.195077,60.886601
19.139148,67.370840,61.073811
19.042591,67.426396,61.657421
19.166463,67.367049,61.739105
19.237301,67.385389,61.964339
19.260373,67.466801,62.039268
18.934850,67.264904,62.564888
18.886575,67.198235,62.740638
18.933494,67.286728,62.886194
19.059251,67.303201,63.418458
19.108109,67.432496,64.113470
19.123009,67.471944,64.323588
19.090895,67.401209,64.591210
19.169604,67.728635,65.597498
19.161145,67.613188,65.659797
19.112792,67.657051,65.843335
19.171745,67.828908,66.021147
19.082090,67.852015,66.487102
19.010094,67.695138,66.923973
19.183561,67.586474,67.200757
19.284433,68.078539,67.899176
19.423911,68.611262,68.358095
19.498237,68.810610,68.555327
19.637900,68.253955,69.466570
19.526956,68.363137,69.786113
19.516390,68.325360,69.801093
19.641979,68.360428,70.365775
19.716690,68.603739,70.559208
19.778150,68.925333,70.777453
19.854483,69.192937,71.713341
19.984569,68.793446,71.767632
20.054077,69.018871,72.262980
20.110001,68.933356,72.479555
20.140860,68.449805,72.439302
20.168417,68.446886,72.703202
20.123257,68.285595,73.114567
20.134788,68.301832,73.707140
20.196979,68.094167,73.926868
20.279818,68.014102,75.077975
20.369918,67.430171,75.784438
20.363534,67.370111,75.827984
20.465935,67.397310,76.068115
20.532468,67.207592,76.737311
20.492085,67.680693,77.319352
20.567255,67.915876,77.562549
20.690316,67.570272,78.033482
20.631343,67.749974,78.628774
20.718045,67.984679,79.853436
20.773725,68.070266,79.897910
20.778754,68.103864,80.146851
20.626310,68.484283,80.513876
20.647700,68.591057,80.792264
20.949827,69.754520,82.291282
20.958972,69.818064,82.878041
20.965437,70.469498,84.257911
20.983465,70.438146,84.816016
21.040681,70.711900,85.411803
20.950959,71.216096,86.011606
21.392055,71.949891,86.657312
21.470327,72.046078,86.680833
21.395470,72.307922,86.869740
21.504936,72.572716,87.239965
21.581507,72.568607,87.309862
21.517603,72.633824,87.308043
21.638660,72.810198,87.840382
21.684791,73.339378,88.931938
21.639779,73.434361,88.940797
21.609569,73.497872,88.945215
21.679526,74.394075,89.856232
21.641289,74.311166,89.963175
21.823360,75.010220,90.197511
21.917965,75.300581,90.605127
21.922943,75.650504,91.061040
21.925410,75.863066,91.443551
21.933477,76.402160,92.345858
21.837870,76.724667,92.706104
21.781191,76.996462,93.434168
21.633092,77.619118,93.982975
21.704204,78.411287,94.933529
21.605157,79.047414,95.791076
21.937030,79.247674,96.079792
21.913855,79.754590,96.589254
21.933226,79.785394,96.598211
22.006412,80.058287,96.655852
21.957033,80.095988,96.667007
21.950872,79.962160,96.704197
22.309884,79.963688,97.015166
22.200597,80.182718,97.797258
21.900251,81.303298,98.938707
22.259121,81.712122,99.206690
22.195715,81.841089,99.249409
21.976132,82.768704,100.076083
22.076068,82.907432,100.656974
22.244094,83.396621,101.205646
22.240865,83.388834,101.213066
22.191007,83.463697,101.793641
22.100357,84.086685,102.179564
22.100284,84.087904,102.179891
22.175117,84.379754,102.187662
22.214631,84.129052,102.161444
22.280901,84.335351,102.861288
22.231661,84.995051,103.272397
22.302972,85.233354,103.248721
22.211891,86.175955,104.261868
22.128348,86.844763,104.871666
21.961845,87.099614,105.607828
21.915742,87.224564,105.644998
21.842259,87.407509,105.693652
21.909812,88.353482,106.837358
21.909563,88.354446,106.837815
22.002858,88.380435,107.452290
21.994633,89.275500,108.235318
21.707518,90.072858,109.419312
21.720873,90.079759,109.419341
21.847427,91.161435,110.577651
21.721954,91.299145,110.583515
21.804072,91.762163,111.044179
21.916290,92.197186,111.581488
21.948777,92.711570,112.925005
21.964916,92.661006,112.980528
21.964545,92.661199,112.981314
21.768137,93.098674,113.572318
21.584090,93.424931,115.210337
21.598363,93.532088,115.336109
21.399521,93.431640,115.679899
21.202975,93.888672,117.083973
20.882827,93.984124,117.771616
20.944764,94.215321,117.865654
21.115933,94.358902,117.874953
21.159037,94.515030,117.841591
20.995637,94.854065,117.931802
21.101275,95.045968,118.424821
21.194435,95.343358,119.065276
21.233425,95.720581,119.226321
21.170885,95.353885,119.493000
21.227160,95.904954,120.716336
21.298579,96.601991,121.557091
21.304894,97.106347,121.792024
21.268412,97.082742,121.984521
21.244096,97.043402,123.023552
21.321585,97.284637,123.249891
21.164795,98.969723,125.516056
21.193532,99.401374,126.005673
21.201848,99.390397,126.018395
21.348774,99.897016,126.341000
21.332179,100.221748,126.619260
21.275634,99.786355,126.947685
21.590016,100.223018,127.756172
21.507882,100.640735,129.181664
21.507280,100.641110,129.182271
21.558822,100.919660,130.005850
21.479870,100.968191,130.214612
21.440993,101.046143,130.191639
21.440871,101.046480,130.192258
21.456629,101.000263,130.247254
21.322852,101.431320,130.679576
21.329659,101.421061,130.687579
21.406509,101.548724,130.893047
21.381731,101.529207,130.921027
21.459926,102.711928,132.761511
21.255167,102.644227,132.969177
21.268868,102.575966,133.009888
21.132540,102.136068,133.463672
21.028015,103.246311,134.196675
20.901214,103.377640,134.473512
20.862046,103.452821,134.653147
20.674904,104.189300,135.132222
20.674856,104.190259,135.132523
20.574540,104.494369,135.412504
20.643696,104.367466,135.857657
20.403429,105.418890,136.782409
20.424483,105.288209,136.906004
20.328257,105.685216,137.081257
20.337010,105.687217,137.084229
20.332596,105.658349,137.128662
20.357212,105.567536,137.460772
20.334390,106.127559,138.169442
20.349967,106.684355,138.879041
20.337727,106.714319,138.864008
20.139563,106.747390,139.337545
20.222814,106.784216,139.335177
20.241182,106.762220,139.350541
20.299614,107.109374,139.363029
20.457599,107.474625,139.799586
20.338157,106.695523,140.257873
20.640074,106.649850,141.433889
20.718198,107.039493,141.647424
20.680333,107.520008,141.793324
20.510970,108.784397,142.410654
20.525544,108.783956,142.428007
20.429165,109.512880,142.963320
20.166248,111.162435,144.301390
19.937535,112.140867,145.280345
19.771215,112.944153,146.020087
19.693709,113.683566,146.530979
19.777908,114.180564,146.987022
20.178313,114.875686,147.497326
20.235447,114.563584,147.654327
20.263778,114.479599,147.760068
20.280089,114.794365,148.321312
20.360671,114.957659,148.814550
20.360376,114.957844,148.815355
20.293970,115.420794,149.350091
20.310497,114.981749,150.234094
20.310371,114.981770,150.234906
20.202452,114.475393,150.439406
19.895191,114.963008,150.601605
19.919107,114.854811,150.971004
19.522259,115.271558,151.997187
19.552058,115.332482,152.003820
19.768913,115.877298,153.033020
19.811080,115.086600,153.137488
19.811644,115.087657,153.137578
19.671256,116.077255,154.289476
20.425426,117.109019,155.847608
20.760858,118.911225,157.906147
20.791621,118.837680,158.010129
20.760465,119.641981,158.860103
20.781081,119.557443,158.858469
20.685637,119.743595,159.309027
21.050575,120.423075,159.902783
20.806856,119.958747,160.808656
20.921109,119.516524,161.103045
20.895637,119.813776,161.966910
20.688862,120.400397,162.913984
20.680541,120.297284,162.974884
20.618359,120.333878,163.387014
20.622041,120.313239,163.463895
20.465756,121.618000,164.837285
20.468437,121.010496,165.503883
20.476333,121.061623,165.511472
20.361010,121.526947,166.324870
20.692609,122.036039,167.147313
20.580951,121.621380,167.400880
20.969105,122.324045,167.613922
20.954441,123.300138,168.173949
20.967832,124.530257,170.033198
21.027938,125.583988,170.793083
20.992980,125.154989,171.096848
20.896683,124.178967,172.103900
20.976697,124.210778,172.205162
20.987495,124.124371,172.324695
20.894840,124.652778,172.621739
20.797296,125.686239,174.187796
20.869306,126.123035,174.450509
20.861949,126.134685,174.448295
20.958428,126.660598,174.761639
20.860702,126.940756,175.107085
20.868487,126.981154,175.090356
20.917855,128.691712,175.992820
21.347527,129.786166,176.592488
21.094447,130.754223,177.666014
21.081383,130.835429,177.634303
20.770384,131.422156,178.597040
20.669624,132.404809,180.337108
21.049422,132.812432,180.617148
20.998624,133.196739,180.841104
21.015824,133.166821,180.869010
21.375409,133.529905,181.550836
21.375407,133.531002,181.551352
21.298207,133.276771,181.963897
21.284395,133.309442,181.955597
21.170917,134.784139,182.913661
21.151893,134.744435,182.934414
21.100779,134.632356,183.306247
21.093185,134.878070,184.125121
21.023824,135.026336,184.371801
21.226211,135.885004,185.014777
21.004234,135.160476,186.026641
21.131899,135.552791,187.125937
21.583907,136.152928,187.552124
21.551212,136.334390,187.521444
21.477436,136.651586,188.243208
21.477494,136.652491,188.243869
21.330125,136.879539,188.836413
21.409320,136.742779,189.188541
21.406585,138.075723,189.965175
21.425699,138.321590,190.231889
21.377209,138.609074,190.413001
21.817150,139.280261,190.690725
21.816558,139.283885,190.689861
21.775862,139.087457,191.086097
22.207237,139.595045,191.413499
22.178363,139.709427,191.626213
22.415986,139.949100,192.124703
22.404079,139.836609,192.450293
22.318285,139.904499,192.703780
22.317415,139.989982,192.821795
22.317415,139.991074,192.822551
22.372246,140.420897,193.729367
22.252625,140.975913,194.528067
22.504593,141.599985,195.465396
22.483787,141.658449,195.533565
22.423878,141.737560,195.695783
22.645871,141.971972,196.043642
22.546969,142.390556,196.199474
22.912576,142.653221,196.584979
22.972412,142.572804,197.280743
22.972428,142.574018,197.281472
22.930837,142.801058,197.318711
22.821694,143.304979,197.743095
22.993449,144.000562,198.399899
22.947518,144.223300,198.511183
23.317775,144.579588,198.644226
23.453036,144.450191,198.816064
23.514347,144.711110,199.521068
23.303955,145.209310,200.074383
23.452649,145.382515,200.166671
23.570467,145.795994,200.744448
23.601584,145.706775,201.129049
23.443391,146.013850,201.797084
23.703366,146.235915,201.992488
23.571058,146.483853,202.273265
23.456614,146.575412,202.624456
23.456952,146.576670,202.625213
23.420542,146.656123,202.657293
23.488884,146.955314,203.036483
23.536466,147.198569,203.073875
23.540043,146.941473,203.499512
23.654001,147.085114,203.770818
23.776800,147.073108,204.020553
23.339509,147.382179,204.684907
23.458328,147.560499,204.940495
23.396854,147.674203,205.156497
23.356498,147.762673,205.667489
23.534965,148.307770,205.898924
23.507894,148.438780,205.961117
23.752602,149.139749,206.673304
23.691814,149.384485,206.779867
23.844085,149.513576,206.811839
23.990926,149.570239,206.924942
23.991483,149.572635,206.926086
24.028124,149.695335,206.913739
24.015290,149.936629,207.497222
23.947270,150.080825,207.613582
23.947741,150.084119,207.614537
24.161159,150.425843,207.706243
24.302065,150.500677,207.916899
24.398987,151.167114,208.468875
24.501174,151.507735,208.970310
24.596852,151.572317,209.141109
24.704825,151.799077,209.325331
24.751061,151.990990,209.399394
24.873875,152.124374,209.732233
24.812731,152.194057,209.839649
24.748343,152.142477,210.133871
24.596401,151.965704,210.552171
24.518050,152.332402,211.428236
24.516219,152.343271,211.435740
24.592557,152.565591,211.521134
24.536361,152.748255,211.603328
24.772254,152.938741,211.898952
24.951790,153.028140,212.015935
24.944663,152.886221,212.536444
25.696022,153.880533,213.019056
25.793777,154.129396,213.184178
25.906390,154.286721,213.303876
25.900149,154.192664,213.709920
25.936402,154.238464,214.063559
26.287391,154.171634,214.455619
26.351011,154.177910,214.732627
26.696763,154.155876,214.833456
26.648885,153.875411,215.071402
26.589024,153.501046,215.274338
26.441072,152.819813,215.864057
26.309842,152.628690,215.978933
26.311691,152.499900,215.968811
26.345212,151.843272,216.203534
26.253804,151.651147,216.473249
26.214254,151.595173,216.846970
26.200097,151.041594,217.165899
25.985912,150.546290,217.334521
25.868940,150.355764,217.353738
25.886675,150.284963,217.328967
26.212922,150.047090,218.032091
26.278466,149.743665,218.040589
26.251802,149.324228,218.000210
26.115625,149.079969,218.147640
26.273937,148.895282,218.374623
26.253637,148.887507,218.387140
26.158042,148.839751,218.380932
26.166296,148.044853,218.309062
26.097911,147.959036,218.425967
26.059576,147.663708,218.364957
26.044833,147.446982,218.269595
26.127325,146.457707,218.293395
26.101425,146.354686,218.557898
26.142311,145.760834,218.548811
26.278269,145.808635,218.741310
26.232298,145.641350,218.663807
26.196096,145.544301,218.778539
25.979286,144.956537,219.093638
25.862512,144.437496,219.195291
25.974403,143.653288,219.488875
25.779236,143.303890,219.740355
26.120799,142.969517,220.036400
26.126685,142.394517,220.159184
26.302963,142.103882,220.117580
25.969148,141.550273,220.115182
26.049581,141.213776,220.262226
26.196198,141.241216,220.464517
26.007448,140.366940,220.603517
26.178104,140.131824,220.754729
26.194861,139.860939,220.693603
26.100017,139.428126,220.557678
26.252371,138.878289,220.732661
26.240526,138.381036,220.803894
26.324006,138.216755,220.783724
26.427627,138.214857,220.828729
26.127597,137.092901,221.209584
26.057920,136.768928,221.437122
25.736098,136.514719,221.824478
25.505791,136.206708,221.775106
25.503972,136.205591,221.776130
25.508321,135.970858,221.923818
25.564238,135.874395,221.838986
25.426466,135.662768,221.809143
25.325790,134.757973,221.895444
25.325462,134.756460,221.895253
25.216938,134.305599,222.075626
24.740253,133.591341,222.273754
24.965071,133.587875,222.478146
24.724860,133.018019,222.584194
24.771315,132.778578,222.519161
24.742058,132.155077,222.467480
24.566836,131.461016,222.595333
24.776419,131.069058,223.025683
24.572627,131.005056,223.369412
24.641707,129.140314,223.795626
24.714200,128.681819,223.893508
24.886529,128.703558,223.926665
24.738695,128.533179,223.911530
24.636299,128.105931,224.106585
24.693000,127.657768,224.195141
24.634984,127.525301,224.348484
24.544376,126.809238,224.365887
24.544205,126.807983,224.365973
24.592240,126.697080,224.302415
24.592068,126.695837,224.302514
24.513587,126.462664,224.528507
24.389156,126.182782,224.673703
24.032736,125.857523,224.598626
24.016326,125.228055,224.940216
23.926775,124.122686,224.940308
23.444587,123.347185,225.074408
23.436795,123.344490,225.065302
23.469567,123.313004,225.023622
23.381909,122.701174,225.124851
23.818551,121.587511,225.596045
23.689750,120.913762,225.330028
23.533126,119.637456,225.854643
23.644414,117.967520,226.248404
23.545863,116.854069,226.747052
23.387853,116.294756,226.997534
23.100893,115.531734,227.191635
22.796371,114.336228,227.377756
22.812765,114.323509,227.357159
22.753472,114.147545,227.475111
22.809679,112.989983,227.474371
22.680683,112.633940,227.730044
22.688681,112.630181,227.733746
22.732676,112.569679,227.892381
22.873967,112.438432,228.170833
22.853329,111.124973,228.282595
22.679634,110.905588,228.270930
22.471606,110.774946,228.289484
22.527160,110.609464,228.234454
22.324097,109.753791,228.017092
22.061366,109.240233,227.979712
21.914526,108.529164,228.202067
21.751515,107.929501,228.055938
21.760578,107.920409,228.044361
21.585312,107.103540,228.011076
20.873707,106.089871,228.167584
20.948098,105.462172,228.036368
21.046069,103.275227,227.982287
20.915983,102.484478,227.767190
21.158914,102.462084,227.824155
21.274769,101.900893,227.667721
21.332613,101.236170,227.786904
21.303905,101.111330,227.718702
21.313949,101.108076,227.706256
21.481515,100.421456,227.806055
21.474576,99.441845,227.824153
21.389920,99.162154,227.950073
21.393708,99.161253,227.952264
21.337113,98.769872,228.154342
21.413355,98.404978,228.087278
21.424065,97.239469,227.929295
20.750528,96.431047,227.918527
20.709220,95.320642,228.019676
20.613360,95.031136,228.205189
20.173413,93.570727,228.241461
19.871524,92.267813,228.079146
19.901627,92.206693,228.037366
19.901463,92.205596,228.037541
19.901408,91.842688,227.895301
19.901160,91.841846,227.895220
19.791656,91.509807,228.073356
19.728308,91.184756,228.256168
19.714867,91.185817,228.274296
19.684944,91.169925,228.241468
19.419058,89.580588,228.557780
19.303412,89.515334,228.503293
19.275660,88.393798,228.700597
19.195557,88.048712,228.812939
19.322373,87.763919,228.811014
19.213936,87.723435,228.816730
19.028106,87.040753,229.107904
19.119734,86.066866,229.485339
18.835042,84.449307,229.199385
18.945947,84.774515,229.506759
18.701663,84.137460,229.780729
18.625874,83.822298,229.882165
18.742824,83.130875,229.902550
18.776412,82.820818,230.002737
18.778815,82.223937,230.192075
19.060093,81.638891,230.679412
19.025136,81.902895,231.091851
19.148472,82.191814,231.463876
18.998218,81.782981,231.676198
18.993534,81.782027,231.682498
18.527327,79.927339,231.837141
18.347988,79.780826,232.256480
18.419376,78.677392,232.685327
18.362279,78.390300,232.566201
18.240585,77.743498,232.651190
18.094700,76.473836,232.709809
17.958514,76.437256,233.057237
18.028585,75.668968,233.009395
17.925595,75.347796,233.148700
18.020178,74.603705,233.051853
18.182358,74.220761,233.357127
18.236792,73.903036,233.497226
18.508477,73.144669,233.682451
18.799800,72.041363,233.737159
18.783250,72.023739,233.754193
18.886321,71.277672,233.779496
18.339084,70.419721,233.914744
17.928619,69.723192,233.765932
17.994351,68.534910,233.692237
18.170308,68.166496,233.625734
18.048005,67.747590,233.578812
18.496267,67.436454,233.682329
18.434282,67.223916,233.752299
17.728239,66.067797,233.528341
17.693046,66.006841,233.457483
17.585395,65.646978,233.587601
17.583860,65.646192,233.588097
17.904327,65.031261,233.718859
17.895077,65.020768,233.707320
17.947242,64.451852,233.779818
17.999101,63.450727,233.884035
17.990884,63.159884,233.750307
17.862317,62.693435,233.906074
17.822946,62.500842,233.895100
17.708623,62.139859,233.820711
17.822984,61.546154,233.741301
17.983258,61.365748,233.901797
18.000409,61.331649,233.897036
17.834258,60.931310,234.086889
17.886312,60.464900,234.265386
17.822652,59.365375,234.354269
18.156207,58.935075,234.508979
17.965576,57.236177,234.690173
18.134598,57.199353,234.891670
18.106394,57.163378,234.833759
18.089709,57.000821,235.194268
18.136557,56.340578,234.934564
18.221306,56.093978,234.856777
18.893336,55.481737,235.071348
19.061963,55.562849,235.395544
18.923355,55.170228,235.534056
18.825759,54.799581,235.511993
18.808940,54.784117,235.477500
18.759767,54.656548,235.456225
19.043039,53.869227,235.223630
19.152484,53.486222,235.358668
19.109564,53.368970,235.401571
19.193948,53.078914,235.504528
19.354777,52.659234,235.383517
19.626144,51.859450,235.380155
19.543246,51.646017,235.426715
19.612131,51.450305,235.410967
19.990883,51.472650,235.628306
20.225634,51.364561,235.864129
20.225490,51.363481,235.863954
20.318837,51.137189,235.582193
20.406553,50.378896,235.408551
20.335288,49.996501,235.380580
20.478772,49.717485,235.431745
20.404417,49.539230,235.500599
20.589134,49.363899,235.387441
20.676525,48.675939,235.323125
20.807815,48.507144,235.441966
20.906295,48.288855,235.550983
20.734540,47.933340,235.621561
20.767692,47.802008,235.591633
20.762577,47.799685,235.595901
20.721174,47.643570,235.639452
20.770412,47.322274,235.459552
21.135165,47.054965,235.480511
21.122055,45.935137,235.158686
21.104165,45.844872,234.999038
21.147321,45.873273,235.168801
21.293831,45.898410,235.449360
21.339633,45.969790,235.772463
21.652333,45.560910,235.708702
21.652944,45.559961,235.708291
21.652674,45.558766,235.708663
21.638638,45.421184,235.760741
21.593258,45.081494,235.654109
22.207590,45.053310,235.915415
22.159348,44.969613,235.879869
22.176238,44.497256,235.951235
22.180537,44.249417,235.751025
22.236639,44.194655,235.726194
22.101605,43.970741,235.657407
22.196919,43.817974,235.635479
22.396148,43.731942,235.765132
22.391985,43.586001,235.717186
22.303297,43.407320,235.426224
22.269472,42.823128,235.479402
23.186488,41.948497,235.695858
23.127034,41.841510,235.708902
23.165799,41.411183,235.528052
23.489637,41.327125,235.578834
23.609949,40.938879,235.589061
23.655915,40.821809,235.514198
23.576737,40.685914,235.491481
24.108739,40.431299,235.672353
24.419967,40.254498,235.635322
24.365515,40.197374,235.841628
24.331289,40.107448,235.833517
24.175030,39.596035,236.090838
24.174084,39.507763,236.201457
24.302212,38.946513,236.221356
24.235009,38.436094,236.440346
24.897793,37.888784,236.227298
24.809844,37.763805,236.228620
24.780116,37.676547,236.281119
24.749224,37.383554,236.386984
25.460347,37.230482,236.599284
25.513883,36.679424,236.556472
25.498267,36.655475,236.570804
25.658560,35.975175,236.462311
26.282361,35.787752,236.546084
26.821161,35.790727,236.714973
26.962977,35.375424,236.765754
27.225807,34.620690,236.570734
27.268820,34.386408,236.585538
27.427880,34.025230,236.607814
27.367685,33.900412,236.567188
27.290808,33.717029,236.366544
27.232051,33.633030,236.364113
27.262426,33.579864,236.396981
27.710537,33.031271,236.389104
27.695187,32.980405,236.380090
27.652691,32.919523,236.361380
27.568080,32.727408,236.353984
27.809095,32.482121,236.402343
27.976832,31.840155,236.381323
27.980821,31.546999,236.288053
28.422753,31.897833,236.337098
28.510041,31.958252,236.333615
28.524250,31.932349,236.427991
29.540481,31.828285,236.351518
29.599489,31.893874,236.362310
29.720962,31.880844,236.367536
29.823108,31.971918,236.369745
29.935793,31.879999,236.410005
30.138031,31.755274,236.380818
30.251505,31.886016,236.536944
30.315081,31.951993,236.509508
30.659161,31.561589,236.390500
30.774557,31.662677,236.372112
30.929741,31.810064,236.407639
31.821422,32.024795,236.491319
31.982426,32.188410,236.470103
32.208177,32.103579,236.566177
32.330012,32.055496,236.622103
32.609463,32.010516,236.671816
32.923352,32.147141,236.701670
33.034178,32.236319,236.677736
33.227769,32.245548,236.758188
33.304033,32.319302,236.717938
33.787573,32.233200,236.831234
33.978742,32.411858,236.970042
34.247022,32.284467,237.060705
34.444652,32.188305,237.114006
34.508217,32.247323,237.081934
34.799027,32.135596,237.120756
35.015893,32.180121,237.306724
35.103910,32.191230,237.296655
35.864931,32.288034,237.320364
36.174072,32.560440,237.247307
36.354842,32.723579,237.246765
36.604832,32.539558,237.201598
37.018198,32.106632,237.090865
37.171026,32.144344,237.238473
37.945871,31.613151,236.807922
38.777428,30.901543,236.842333
39.105894,30.500828,236.863586
39.621617,30.308166,236.790954
40.202424,30.370375,236.911595
40.442933,30.303757,236.958219
40.654243,30.417455,236.894504
41.432334,30.234760,236.819610
41.661432,30.404185,236.770495
41.820967,30.491730,236.732596
42.683534,30.605043,236.523713
43.655248,30.584925,236.527032
43.939068,30.455436,236.476772
44.688693,30.430321,236.206239
44.873137,30.024826,236.100112
45.359697,29.839154,236.184293
45.463841,29.912910,236.216049
45.464870,29.914087,236.217057
46.074389,29.891462,236.158059
46.409755,30.099770,236.021615
46.410624,30.100014,236.020971
47.058242,30.065881,235.966604
47.125576,30.125435,236.126026
47.235404,30.203257,236.323796
47.650983,29.954995,236.265191
48.311072,29.858092,236.378740
48.596306,29.857679,236.368581
48.917069,29.661253,236.271030
49.606126,29.717917,236.308177
50.000161,29.966466,236.155654
50.551579,29.925944,236.260821
51.571800,30.161476,236.259630
52.384012,29.891357,236.093280
52.849059,29.811439,235.975985
53.265133,29.427287,235.703719
53.700680,29.328060,235.925778
53.852963,29.402004,235.930550
54.477024,28.629796,235.629802
55.138016,28.515444,235.649780
55.311450,28.552508,235.820645
55.471447,28.635282,235.876741
55.510185,28.665614,235.850726
55.509797,28.651710,235.859290
55.579861,28.160278,235.713596
55.747150,28.250306,235.656849
56.066842,28.086959,235.756943
56.450013,28.316612,235.867950
56.995076,28.743688,235.978489
57.374054,28.510269,235.906088
57.813937,28.651609,236.024807
57.995617,28.748966,235.964282
58.185196,28.833271,235.970886
58.596126,28.801502,236.054043
58.992034,28.975123,236.089605
58.992715,28.975240,236.089635
59.106802,28.715577,236.034920
59.310961,28.797564,235.989678
59.312082,28.807786,235.983000
59.670698,28.644089,236.232547
60.340145,28.281817,235.854437
60.340784,28.276644,235.857845
60.372526,28.309981,235.822697
60.662805,28.363707,235.600832
61.590451,28.421153,235.691527
62.756228,27.853430,235.666357
63.428918,27.769454,235.823168
64.598021,27.785416,236.000711
65.126403,27.746928,235.574767
66.300558,27.774554,235.729110
67.492990,28.279267,235.731465
68.523953,28.234012,235.799469
68.557949,28.196938,235.824425
68.781918,28.190906,236.006381
69.048844,28.278465,235.918063
69.265476,28.117499,235.788764
69.939440,28.066158,235.708889
70.392469,28.242269,235.956394
70.448375,28.214650,236.121241
70.970006,27.457328,236.085397
71.968672,27.254816,236.091952
72.020028,27.258106,236.078592
72.196094,27.090794,236.169335
72.236677,27.142753,236.361733
72.850780,27.415076,236.320099
73.589288,27.425108,236.140335
73.919245,27.580113,236.039779
73.923098,27.572238,236.023660
74.107532,27.507062,236.032909
74.499335,27.406293,235.986028
74.810279,27.539879,235.908562
74.811209,27.539496,235.908451
75.235474,27.333046,235.784659
75.693409,27.441934,235.399916
76.141766,27.183251,235.269468
76.966356,27.128403,235.005169
77.483104,27.069048,234.726360
78.680381,27.773858,234.733564
79.070962,27.918626,234.747271
79.679646,28.173409,234.834461
80.005188,28.356865,234.716640
80.266610,28.280922,234.792598
80.569107,28.284560,234.714558
80.947890,28.062546,234.733327
81.649775,28.070964,234.775160
81.889591,28.200796,234.947350
83.195806,28.202609,235.110166
83.381219,28.292898,235.062418
83.700172,28.444076,235.040091
84.534036,28.471730,235.127112
84.594175,28.506028,235.272420
84.611893,28.294199,235.210888
85.078653,28.245363,235.351634
85.461284,28.409321,235.254026
85.772300,28.333514,235.109727
87.507591,27.959389,235.027473
87.785314,27.882506,234.800660
89.382918,27.827916,234.959324
90.469549,27.828571,234.961499
91.677042,27.993284,235.033267
92.076678,28.109295,235.305012
92.602525,27.989791,235.241506
93.444200,28.361614,235.265643
94.057821,28.667315,235.488947
95.408251,28.991518,234.930075
96.366660,28.975539,234.943080
97.451487,29.443081,235.091664
98.235441,29.670767,235.342352
99.281781,30.080891,235.359561
99.768879,30.177656,235.228024
100.393250,30.168281,235.294251
100.608299,30.004342,235.292938
101.202863,30.184637,235.112952
102.283107,30.086599,235.208146
103.225652,30.224037,234.961770
103.782494,30.367203,235.225042
103.902465,30.172699,235.202612
103.905784,30.177900,235.196799
103.906029,30.177137,235.197584
104.035339,30.265318,235.345023
104.094656,30.321650,235.310144
105.858612,30.472997,235.200379
106.711882,30.348612,235.168453
106.728702,30.345559,235.190347
107.346085,30.462512,234.939142
108.263522,30.465582,234.939949
108.985215,30.436700,234.971254
110.037493,30.399411,235.098831
110.760590,30.920041,235.074418
111.073682,31.038532,235.233941
112.684319,31.329446,235.426022
113.292829,31.092121,235.282576
114.408889,31.705609,235.433877
115.424242,31.630107,235.496179
115.427743,31.641019,235.506648
115.697271,31.570496,235.415777
116.122497,31.758784,235.345963
116.643120,32.039858,235.548889
117.008905,32.237819,235.775911
117.649697,32.644140,235.749547
118.035633,32.550184,235.896344
118.118846,32.624854,235.910465
118.609416,32.852377,235.967946
119.402394,32.984458,236.163017
119.470627,33.060049,236.032724
120.145250,33.061666,236.097154
120.698456,33.040312,235.973769
121.430063,33.357374,235.855498
122.193281,33.799817,236.063176
122.845103,33.388276,236.142390
123.568944,32.964646,236.249496
123.832319,32.767195,236.043688
123.894823,32.959805,236.073252
124.612971,33.050030,236.327442
125.145352,33.186825,236.407038
125.758842,33.307758,236.428690
126.038689,33.381856,236.365751
126.832118,32.816368,236.357066
127.073127,32.611664,236.417526
127.141424,32.566860,236.458928
127.753151,32.367550,236.559030
128.244421,32.204355,236.603031
128.794737,32.426008,236.453490
129.573650,32.302324,236.557714
130.839671,32.822930,236.851063
131.204536,32.985705,236.906989
131.720786,33.083574,236.979857
132.180356,33.336513,237.061273
132.699018,33.626455,237.626908
132.786794,33.589576,237.779970
133.127270,33.522636,237.641169
133.365544,33.568889,237.614710
133.483678,33.483034,237.661157
133.672329,33.652153,237.727132
133.667785,33.589694,237.744152
133.804012,33.529805,237.699578
134.037458,33.603350,237.664448
134.199298,33.374621,237.606115
134.301271,33.413886,237.729203
134.611634,33.334746,237.772366
135.007438,33.609080,238.085851
135.203483,33.823744,238.030551
135.218676,33.841432,237.987277
135.882226,33.983337,238.373540
136.104656,34.093360,238.280515
136.106067,34.094265,238.280555
136.108331,34.099119,238.277334
136.811816,33.965203,238.212780
137.156762,34.046966,238.269417
137.510273,34.228772,238.248705
137.511826,34.229604,238.248733
137.547040,34.161721,238.258481
137.834305,34.325241,238.369807
138.052515,34.280946,238.234477
138.276074,34.288280,238.229712
138.400925,34.013845,238.174395
138.679765,34.139893,238.415378
138.785292,34.237615,238.430409
138.950054,34.305075,238.653807
139.214571,34.373679,238.751767
139.772445,34.394006,238.683098
140.446848,34.309564,238.754307
140.776644,33.793299,238.961877
140.950085,33.724298,238.900076
140.728157,32.921884,238.847151
141.259226,32.914759,238.917645
141.330644,32.971199,238.924052
141.700243,33.007678,238.915993
141.680096,32.292560,238.883906
142.088158,32.422058,239.053167
142.089935,32.421830,239.054004
142.645342,32.479538,239.015263
142.909919,32.586613,239.244620
143.188929,32.370739,239.150446
143.586589,32.443432,239.128427
143.823796,32.444222,239.162370
144.226773,31.989882,239.471554
144.703073,32.063162,239.483703
144.710108,32.070778,239.487207
144.724121,32.096455,239.489999
144.847516,32.146765,239.476617
144.876616,32.015560,239.417148
145.158907,32.124159,239.478346
145.241876,32.108224,239.499562
145.687465,32.254302,239.429420
146.099731,31.784406,239.450794
146.564508,31.375803,239.401149
146.672808,31.182171,239.357697
146.745658,31.219466,239.423000
146.872174,30.593895,239.377810
147.109795,30.498432,239.353060
147.423897,29.903602,239.306968
147.426966,29.900424,239.302246
147.974971,29.977405,239.183027
148.150567,29.952194,239.162948
148.291805,29.800903,239.140925
148.568475,29.774497,239.091921
148.894434,29.824926,239.096114
148.928974,29.796577,239.079988
149.056387,29.768505,239.079849
149.325234,29.775391,239.094087
149.965207,29.267300,239.111961
150.419686,29.120532,239.036089
150.570058,28.966851,239.026924
150.760254,28.853453,238.991776
150.800029,28.683758,239.172527
150.905076,28.611920,239.203459
150.690522,28.353550,239.157629
150.466968,28.262538,239.130134
150.068916,27.718628,239.095515
149.891760,27.693396,239.072542
149.670275,27.462736,239.036362
149.468691,27.376116,239.022398
149.322122,27.355890,239.023039
149.081379,27.399832,239.048531
148.856205,27.432462,239.189822
148.766004,27.389717,239.285950
148.686239,27.362812,239.310611
148.565445,27.387261,239.346774
148.433333,27.519492,239.509538
147.963207,27.274723,239.583695
