3000
3
29.033150,9.252172,232.551622
28.787121,9.382672,232.613998
28.707882,9.382889,232.607534
28.642571,9.383191,232.650978
28.505891,9.461464,232.721132
28.425903,9.461710,232.758012
28.116870,9.565607,232.882423
27.813379,9.833815,232.968495
27.717423,9.938180,232.777401
27.595160,10.134575,232.605789
27.718151,10.148051,232.394973
27.768290,10.161672,232.236926
27.680033,10.358572,232.007456
27.884982,10.661324,232.031684
27.891923,10.746011,231.891582
27.989419,10.850839,231.799353
28.005046,10.890695,231.679624
27.865195,11.102816,231.722598
27.934419,11.191965,231.649674
27.908186,11.441936,231.546233
27.989518,11.477463,231.338206
28.430566,11.644975,231.134036
28.523685,11.661910,231.036026
28.632349,11.692668,230.975008
28.965955,11.845106,230.808091
29.018681,11.853371,230.738772
29.105538,11.841093,230.612824
29.182670,11.903660,230.483247
29.238259,11.891122,230.321924
29.385463,11.951915,230.303692
29.471288,11.993977,230.215815
29.893882,12.108243,230.327148
30.099134,12.138860,230.375123
30.230572,12.189365,230.329384
30.360039,12.248306,230.420730
30.704318,12.312161,230.398403
30.786670,12.317730,230.434036
30.990605,12.271287,230.356095
31.132250,12.290874,230.269750
31.230033,12.302687,230.249270
31.256533,12.346405,230.307401
31.300067,12.323056,230.342446
31.464725,12.306283,230.235286
31.560448,12.290200,230.280141
31.734248,12.303768,230.398693
31.925281,12.323785,230.327094
32.030079,12.315533,230.437430
32.149840,12.297947,230.536217
32.328734,12.342860,230.472112
32.433219,12.340398,230.469225
32.921232,12.653117,230.535804
33.168471,12.717413,230.892852
33.306532,12.705503,230.933328
33.392207,12.784442,231.039042
33.491622,12.756682,231.164205
33.928581,12.844999,231.366599
33.927054,12.847670,231.380043
34.014735,12.728917,231.407509
34.247455,12.707887,231.604641
34.450208,12.644810,231.511320
34.557409,12.785491,231.969403
34.587474,12.778596,231.983585
34.646300,12.734420,232.047603
34.888810,12.829670,232.327395
34.953999,12.854326,232.288438
35.149708,12.905550,232.380696
35.301997,12.919830,232.410938
35.478215,12.869864,232.439014
35.659856,12.874285,232.416985
35.952884,13.038396,232.356598
36.169196,13.030730,232.363403
36.772256,12.881977,232.616969
37.123548,12.992017,232.644527
37.148843,12.932676,232.722935
37.936416,13.328990,232.669835
38.395823,13.654031,232.588536
38.418219,13.660492,232.562632
38.760864,13.781412,232.523083
38.852680,13.760915,232.583676
38.853207,13.761151,232.586252
39.529305,13.893061,232.596893
39.624161,13.926575,232.540578
40.025596,13.982073,232.951901
40.512957,13.894979,232.951008
41.676893,13.829142,232.654145
42.018053,13.813047,232.619054
42.381880,14.010983,232.641594
42.780470,14.040673,232.313566
42.949731,14.171874,232.283452
43.175487,14.119508,232.363917
43.845300,14.098148,232.342946
44.112010,14.145462,232.259204
44.326204,14.347211,232.407309
44.630351,14.373466,232.603501
44.931764,14.338464,232.778271
44.932935,14.336004,232.780694
45.056786,14.373006,232.901167
45.440284,14.319389,233.068976
46.087999,14.293043,233.104513
46.222209,14.330829,233.042338
46.272770,14.367188,233.182668
46.408920,14.407098,233.117498
46.603830,14.486787,233.224865
46.878919,14.586523,233.105202
46.774488,14.768485,233.277335
47.048117,14.689020,233.153559
47.573225,14.653549,233.199711
49.008111,14.795002,233.568291
49.386337,15.132669,233.465967
49.704108,15.189230,233.304928
49.710468,15.181918,233.315502
49.710595,15.184886,233.311346
49.646648,15.271261,233.333513
50.458714,15.444092,233.128398
50.947933,15.520488,232.944545
50.886501,15.539876,232.825048
50.962907,15.642441,232.917483
51.513229,15.732678,233.202097
51.651102,15.808566,233.251314
51.823268,15.863716,233.346380
52.159518,15.964985,233.387440
52.576171,16.264904,233.209974
53.186451,16.277381,233.148046
53.187257,16.276802,233.147960
54.319137,16.053200,233.439454
54.262917,16.294417,233.519790
54.718428,16.255559,233.069353
54.913407,16.303898,233.004065
55.096556,16.497934,233.003297
55.835605,16.604767,233.756293
55.945113,16.470681,233.795992
56.093201,16.420282,233.616579
56.939145,16.457993,233.741995
57.128757,16.631753,233.741870
57.172998,16.600901,233.663860
57.880729,16.458628,233.522679
57.918089,16.617198,233.487203
57.918763,16.617148,233.487193
58.805221,16.655084,233.562484
59.068475,16.397093,233.540867
59.106624,16.343632,233.552825
60.287509,16.467611,233.471595
60.288135,16.467677,233.471341
61.669586,16.527768,233.093217
61.910639,16.367690,232.950540
62.538082,16.530240,233.072585
63.522102,16.538252,233.068283
63.401291,16.692218,233.132765
63.950528,16.460208,232.634989
64.734902,16.385962,232.772482
65.108073,16.428367,232.722688
65.134787,16.492459,232.790052
65.253464,16.655014,233.089671
65.525804,16.696713,233.021715
65.790116,16.773504,233.164592
65.972732,16.625536,233.090749
66.841492,16.502070,233.100736
66.865838,16.530201,233.062884
67.018486,16.588939,232.996542
67.125666,16.994516,232.889592
67.910653,17.150026,232.790668
67.979733,17.118340,232.831192
68.744076,17.287183,232.919951
68.869625,17.363546,232.995733
68.870429,17.365298,232.990189
69.020092,17.374345,232.827657
69.777614,17.375939,232.354205
70.070094,17.452309,232.261936
70.077072,17.438159,232.274124
70.726397,17.482485,232.589629
71.054414,17.603479,232.664898
72.051360,17.916797,232.835990
72.873020,17.851066,233.306970
73.245723,17.981317,233.374534
73.085312,18.113230,233.415005
73.480828,18.287562,233.013208
74.451411,18.244017,233.132305
75.654425,18.345655,232.639181
76.735540,18.656238,232.262558
77.286664,18.738766,232.047640
78.972700,19.059115,231.896105
80.504220,19.155429,231.790318
80.550595,19.127016,231.727207
80.908001,19.096032,232.194797
80.766467,19.348388,232.245822
81.827382,19.471810,232.079600
81.831833,19.470733,232.076569
82.275696,19.540286,232.022757
83.294852,19.518629,232.162737
83.322192,19.566130,232.144153
83.410759,19.630625,232.064738
84.861181,19.453947,232.257394
85.163439,19.221184,232.328838
85.183171,19.221475,232.367237
85.192083,19.251161,232.310826
85.531977,19.458599,232.410414
87.040609,19.933575,232.386734
87.139346,19.933510,232.305265
87.539766,19.857955,232.299004
87.604192,19.823094,232.338545
88.114840,19.945493,232.213072
89.359117,20.539071,232.161334
89.339318,20.608275,232.144525
90.122084,20.529334,231.990622
90.157323,20.484252,231.854191
90.803556,20.394377,231.938978
91.046559,20.335138,231.909687
91.126441,20.321602,231.874786
91.878426,20.433039,231.743084
91.912230,20.474683,231.702454
92.165956,20.748290,231.651565
92.615753,20.679494,231.547117
93.721005,20.766569,231.733019
94.672429,20.756942,231.701822
94.681289,20.745436,231.716586
95.389769,20.793386,231.809381
96.277627,20.617351,231.784780
97.279045,20.787441,231.796330
97.674574,20.986086,231.542365
97.885504,21.053121,231.634113
98.886215,21.212091,231.264754
98.888178,21.225004,231.264229
99.722252,21.511456,231.259292
99.727182,21.532799,231.284869
100.577962,21.569994,231.202771
101.231375,21.789625,231.284630
101.235381,21.801856,231.306060
101.238992,21.788858,231.297365
101.597165,21.612457,231.202297
102.029926,21.948427,231.191723
102.062289,21.931710,231.196935
102.090504,21.967951,231.265659
102.615234,22.013318,231.127453
103.831531,22.334026,230.531860
104.039986,22.516349,230.528433
104.409554,22.747312,230.689220
104.711172,22.864265,230.584342
105.139051,23.044300,230.533942
106.115966,23.152930,230.433835
107.042318,22.992392,230.824525
107.416811,23.190770,230.767373
107.627243,23.115247,230.679827
107.630409,23.117471,230.694101
108.071285,23.055754,230.748062
108.619821,23.099894,230.714224
109.478646,23.250179,230.672729
109.512000,23.213211,230.661672
110.051219,23.376789,230.569870
110.294830,23.589578,230.564829
110.733914,23.961478,230.571378
112.352920,24.287495,230.610036
113.013413,24.162426,230.604928
113.301577,24.292843,230.496451
113.419862,24.492972,230.334821
113.433226,24.490221,230.324427
113.437940,24.486007,230.315595
113.981025,24.562900,230.085738
114.661470,24.770340,230.426866
114.925742,24.929220,230.461320
115.869322,25.513715,230.556329
115.869832,25.514797,230.566077
116.276308,25.931792,230.475832
116.414324,26.054835,230.549738
116.651491,26.033823,230.561683
116.924300,26.465121,230.496663
117.827623,26.665053,230.531617
118.507029,27.116696,230.358269
118.640498,27.157403,230.360314
118.644608,27.334223,230.393294
118.889847,27.320219,230.410477
119.049359,27.437447,230.320239
119.465977,27.487026,230.418170
119.420323,27.614985,230.425184
119.843519,27.790412,230.506350
120.203291,27.983975,230.689250
120.207150,28.243373,230.725766
120.716677,28.390188,230.700645
120.540394,29.025502,230.921752
120.828936,29.128990,230.817335
120.974629,29.611083,231.050233
121.193698,29.560532,231.044932
121.661042,29.667518,230.977172
121.502074,29.905101,231.067400
121.502056,29.907729,231.064955
121.541566,30.068042,230.967019
122.086165,30.426207,230.851269
122.835898,30.664024,230.935534
123.304634,30.563093,230.934596
123.858333,30.638262,230.950545
123.886900,30.762941,230.927354
124.177975,30.886401,231.258996
124.731205,31.079226,231.520622
124.818154,31.057425,231.683347
125.458338,31.191383,231.784738
125.756435,31.358202,231.922547
126.300929,31.752158,231.946153
126.556603,31.718092,231.993052
126.638414,31.681474,232.034430
127.026449,31.932844,231.904756
127.351099,31.929511,231.784648
127.370911,31.909371,231.792918
127.959013,31.984461,231.749909
127.966910,32.002053,231.818304
128.183868,32.364218,232.079175
128.615997,32.852120,232.108234
128.908801,33.012147,232.333513
129.080613,33.092980,232.260131
129.608151,33.506444,232.361080
129.827850,33.662349,232.320179
130.196329,33.553116,232.367326
130.303623,33.516135,232.384954
130.993535,34.079380,232.492109
131.261727,34.310420,232.417343
131.676575,34.236956,232.443889
132.354526,34.782500,232.528324
132.356248,34.847982,232.533875
132.720577,35.133700,232.541996
132.742698,35.118314,232.570740
132.822983,35.271072,233.039265
132.936770,35.349732,233.258357
132.956877,35.525246,233.447819
132.829491,36.204103,233.619784
133.156312,36.489582,233.709333
133.207447,36.532903,233.801327
133.338785,36.721728,234.071043
133.613812,36.921651,234.278942
133.733686,37.209843,234.686300
133.909175,37.256480,234.796559
134.734161,38.100395,235.023835
134.842569,38.064921,235.025497
135.278055,38.068411,235.068495
135.455949,38.102291,235.009197
135.701299,38.335580,234.835059
135.749499,38.619371,234.735503
136.119853,39.038213,235.020357
136.918206,39.321630,234.969301
136.949787,39.589101,235.024158
136.972987,39.583188,235.050815
137.024422,39.609830,235.036172
137.558078,40.054118,235.176166
137.989092,40.148116,235.234156
137.976438,40.369651,235.096622
137.794091,41.480036,234.895397
137.799197,41.718156,234.780745
137.970897,42.163236,234.772718
138.434955,42.756008,234.761044
138.525262,42.735686,234.751254
138.754615,42.790520,234.777432
139.467982,43.337280,234.776362
139.840678,43.569651,234.859650
140.336382,43.879399,234.921159
140.194987,43.960875,234.895608
140.054773,44.276088,234.775270
139.873306,45.010160,234.550010
140.111766,45.355813,234.602004
139.973460,45.446790,234.585437
139.917270,45.731961,234.586233
139.818837,46.301616,234.680160
139.942075,46.572803,234.996597
140.006790,47.159559,235.262410
140.194145,47.382305,235.256215
140.390701,47.814332,235.286820
140.225268,48.371589,235.211589
140.290092,48.575635,235.110214
140.163310,49.077651,235.174987
140.670547,50.117990,235.346463
140.980418,50.841070,235.117545
140.715579,51.404912,235.000555
140.486076,51.722886,235.042999
140.521775,51.938300,235.231334
140.673338,52.218466,235.278244
141.460135,53.078570,235.216363
140.840433,54.322304,234.900554
140.708907,54.569788,234.911886
140.697864,55.238614,234.708164
140.682237,55.242945,234.709684
140.653449,55.241702,234.706568
140.563870,55.250091,234.712775
140.392421,55.861813,234.557230
139.823498,56.437333,234.522798
139.670736,56.508981,234.499023
139.736786,56.565581,234.511383
139.542321,56.863843,234.475805
139.492836,56.864702,234.499873
139.240738,56.983409,234.580083
139.071013,57.063950,234.608159
138.972401,57.242839,234.794916
138.894733,57.293807,234.756096
137.859558,57.706452,234.561145
137.837302,57.710637,234.549469
137.529569,57.803769,234.485369
137.903941,58.684471,234.480313
137.857196,59.169124,234.521464
137.697362,59.279134,234.563719
136.302566,60.482714,234.479846
136.601713,62.478517,234.252005
135.836793,62.888660,234.329331
135.823707,63.078149,234.430386
136.173201,63.461983,234.540093
136.060640,64.343197,234.320225
136.143493,66.340764,234.718357
135.596024,66.691267,234.727884
135.148959,68.473197,234.983759
135.349900,68.968898,234.909616
135.136184,69.087790,234.981111
134.822637,69.433777,234.879863
134.503807,69.805233,234.734935
134.042089,70.032058,234.655206
134.007068,70.409060,234.856563
133.958595,70.375553,234.852305
133.713339,70.300046,234.812665
133.565556,70.330333,234.782540
133.168999,70.655716,235.136350
132.158463,71.051747,235.096499
131.662767,71.177504,235.077827
131.914866,72.059751,235.005554
131.581565,72.149254,235.068220
131.529206,72.341522,235.013045
131.088263,72.558785,234.933373
130.683733,72.644756,235.017602
130.255166,73.299407,235.064568
129.040441,74.030325,235.111632
128.997763,74.066997,235.043358
128.782342,74.267086,234.987590
128.421400,74.507273,235.100248
128.015541,75.043790,235.216528
127.955287,75.170005,234.935339
127.450377,75.631570,234.886312
127.120665,75.911027,234.765443
126.637409,76.066416,234.691139
126.176898,76.841847,234.696716
125.668423,77.033144,234.614704
125.542188,77.781027,234.580198
125.540839,77.781342,234.580372
124.743101,78.269213,234.615061
124.741745,78.274042,234.605563
124.250708,78.434000,234.559586
123.939541,78.714070,234.573944
123.796139,78.598280,234.551943
123.900419,78.751718,234.581033
123.015779,79.573483,234.325163
122.578708,79.824151,234.254135
122.183870,79.894804,234.180635
121.786296,79.797981,233.948962
121.784269,79.797345,233.951299
121.162203,80.089009,234.198398
120.993401,80.468556,234.341753
120.923100,80.574905,234.263557
120.173779,81.334453,234.694504
120.172213,81.334227,234.694877
120.192193,81.358598,234.699274
120.191380,81.359238,234.699268
120.200635,81.514193,234.618948
120.281044,81.645491,234.653330
119.900677,82.413423,234.592218
119.266808,83.405545,234.704429
119.276638,83.418170,234.708386
119.356198,83.770245,234.585959
118.959837,84.031250,234.678720
117.555883,85.139623,235.113616
117.548172,85.132850,235.112110
116.707367,85.208831,235.011044
116.155866,85.542840,234.900387
114.387917,86.979016,234.805883
113.970013,87.012831,234.891264
113.577875,86.741501,234.955506
112.719691,87.285565,234.960309
111.798682,87.511209,234.831877
111.797855,87.511554,234.831981
111.190528,88.052038,235.144167
110.719225,89.097564,235.166613
110.718339,89.098091,235.166512
110.247497,89.990080,235.213937
110.058390,91.069184,235.080172
109.784332,91.931671,235.099655
109.098350,92.240664,235.457031
109.082881,92.230992,235.466567
109.082163,92.231348,235.466668
109.081446,92.231704,235.466770
108.682619,92.336106,235.352889
108.682254,92.336862,235.353058
108.556023,92.926956,235.423863
108.947920,93.092586,235.317446
108.920866,93.083950,235.389438
108.409629,93.389971,235.557806
107.866190,93.252263,235.617720
107.547907,93.767377,235.727978
107.315602,93.806262,235.722016
105.913127,94.643833,235.553322
105.604011,94.742623,235.510630
104.679668,94.997275,235.259439
103.530448,96.388738,235.273602
104.053807,97.284893,234.818664
102.883363,97.840484,234.506133
102.882263,97.840617,234.504424
102.872660,97.867001,234.529649
102.871146,97.877629,234.518946
102.870811,97.878243,234.519020
102.236132,98.737848,234.761074
102.614685,99.021532,234.657186
102.603620,99.379865,235.001363
102.598246,99.375880,234.999499
101.976728,99.482275,235.123191
102.037637,99.583588,235.156926
101.660576,100.096909,235.054016
101.070135,100.412541,235.240233
100.711769,101.173027,235.356038
100.711368,101.173512,235.356124
99.964037,102.065428,235.080400
99.668602,102.210463,234.995084
98.780872,102.327531,235.150170
98.451775,102.540034,235.062803
98.429953,102.529374,235.072353
97.632416,102.877053,235.241368
96.808633,103.199763,235.244566
96.126565,104.278387,235.038624
96.125803,104.278534,235.038622
95.956447,104.680910,234.935563
95.225593,104.784896,234.842622
95.224887,104.785212,234.842422
94.763180,104.517130,234.881836
94.002722,104.658196,234.749761
94.287019,105.070613,234.622272
92.672548,105.948758,234.644358
92.059931,106.077857,234.653104
91.845782,106.640294,234.666989
91.475682,106.524010,234.634231
91.107378,107.821621,234.864387
90.319076,108.164941,234.768655
91.399391,109.837921,234.674661
91.171942,109.979553,234.754868
89.609880,110.417781,234.694874
89.548690,110.744433,234.444439
88.608169,111.318201,234.317297
88.579606,111.436290,234.312032
87.558322,112.633405,234.249323
86.546531,113.718026,234.193831
86.546026,113.718436,234.194172
86.045301,114.212411,234.093896
85.945268,114.623832,234.091328
85.826510,114.731075,234.033011
85.988444,115.016420,233.916616
86.489667,116.893241,233.704148
86.535977,117.247043,233.576088
86.421591,117.201930,233.560527
86.248896,118.171830,233.573293
86.283923,118.429677,233.584101
85.024750,119.409626,233.456396
84.562435,119.638056,233.295347
84.723286,120.013048,233.122611
84.750932,120.127089,233.068554
84.266382,121.753009,233.167904
84.107284,122.457399,233.276772
84.038052,122.639453,233.113701
83.535665,123.299156,233.012871
83.050222,123.375356,232.978898
82.817139,123.682712,232.696161
82.606558,123.766879,232.644004
80.916595,124.575809,233.136534
80.914025,124.575384,233.142799
80.967459,124.726106,233.027711
81.288257,125.328357,232.607783
81.353783,125.414934,232.586325
80.197618,126.974346,232.392711
80.011827,126.937195,232.444124
79.034290,128.132012,232.582302
77.908779,128.510719,232.479134
77.904492,128.508269,232.481549
77.993414,128.634478,232.401948
77.181364,128.629798,232.685100
77.147715,128.615536,232.694556
77.065308,128.738087,232.525328
76.064517,131.069684,232.519290
76.141597,131.159466,232.466888
75.396743,132.322876,232.903759
75.481395,132.419666,232.928287
75.480469,132.419712,232.928294
75.378926,132.402322,232.877879
75.188486,132.678698,232.431781
74.990403,132.781588,232.010129
74.943284,132.764262,231.986261
72.868536,134.108184,231.264975
72.827577,134.130120,231.225775
72.936585,134.403514,231.066958
72.856797,134.931357,231.252167
73.092661,135.368553,231.113888
73.169058,135.687784,231.103181
73.065700,135.707043,231.117897
73.064925,135.707197,231.118010
72.333978,136.486811,230.976562
71.332539,136.580367,230.830479
71.322258,136.575866,230.833506
71.332022,136.581449,230.829107
71.398884,136.670497,230.775318
71.056664,137.358780,230.817456
70.477612,139.490925,230.525603
70.241738,139.656831,230.540347
70.419031,140.219549,230.667537
69.379445,140.858346,230.501829
69.215242,141.558557,230.640929
69.154891,141.531548,230.660815
69.223598,141.829932,230.740381
69.945262,142.427731,230.806589
69.945954,142.428542,230.806369
70.397832,142.980536,230.898995
70.104200,143.634250,230.916886
69.874740,143.633079,230.937270
69.847634,143.749226,230.980759
69.260607,144.809121,230.727899
69.299053,144.833763,230.714481
68.747614,145.611955,230.770637
68.807755,145.710661,230.729900
68.711031,145.782575,230.820147
68.601359,145.792010,230.858752
68.724052,146.073765,231.105288
68.738338,146.126778,231.080086
68.818709,146.275944,230.959214
68.945097,146.517586,230.890837
68.964115,146.549232,230.884195
68.778283,146.717942,230.885672
66.788122,147.514854,230.459732
66.106846,148.168249,230.497437
65.712153,148.790015,230.666406
65.654169,148.770016,230.681477
65.486547,148.979426,230.804935
64.436301,149.614104,231.298784
64.423750,149.610788,231.302932
63.935458,150.174577,231.354726
64.046701,150.577034,231.161144
64.217367,150.702693,231.237032
64.282391,150.864892,231.292940
64.964094,151.463566,230.931034
65.054017,151.571579,230.865234
65.224775,151.821931,230.897048
65.280003,151.907174,230.830046
65.281197,151.908031,230.829674
65.321278,151.946123,230.793772
65.153687,152.043621,230.726822
65.401656,152.816558,230.755859
65.506890,153.016928,230.647534
65.588371,153.335670,230.463065
65.913720,153.720822,230.264295
65.914792,153.722107,230.265672
65.749148,153.793835,230.242544
65.815732,153.822176,230.209784
65.462619,154.059090,230.368987
65.254028,154.559423,230.138027
64.822615,155.241266,230.036310
64.822599,155.241694,230.036304
64.811733,155.387235,230.022399
64.811927,155.390085,230.019593
64.740103,155.688637,229.854091
64.693347,155.930022,229.746914
63.615665,156.432867,229.563832
63.616864,156.433792,229.565150
63.824287,156.608051,229.507531
63.865467,157.266508,229.497887
63.793016,157.298955,229.523871
63.785654,157.299481,229.507591
63.785615,157.299932,229.507797
63.724122,157.494095,229.433381
63.372843,157.943675,229.596160
63.542541,158.470598,229.743039
63.818523,159.257047,229.665844
63.705687,159.299550,229.722832
63.705335,159.300246,229.724246
63.476364,159.998770,229.748099
63.775741,160.404058,229.604618
63.861590,160.421095,229.569533
63.917049,160.528640,229.514964
64.006136,160.568431,229.479607
64.308730,160.933424,229.311184
63.956135,161.594241,229.376534
64.148983,161.888624,229.209554
64.212755,162.093250,229.121190
63.847271,162.332044,229.361672
63.877024,162.337428,229.349879
63.873300,162.567643,229.238583
63.873345,162.568085,229.238686
63.928918,162.690810,229.175870
63.898554,162.705336,229.180353
63.581186,163.569025,228.788349
62.962737,164.589072,228.880946
62.961060,164.590737,228.884286
62.952610,164.591057,228.888006
62.763660,164.936737,228.668677
63.133110,165.730964,229.042679
63.434436,166.486696,228.584220
62.521932,167.197861,228.701310
62.817628,167.539513,228.454580
62.798730,167.550103,228.477943
63.590021,168.147480,228.319560
63.586240,168.148787,228.321192
63.857266,168.705467,227.837628
62.193299,168.820292,227.776200
62.641003,169.465136,228.027383
62.655555,169.648825,227.890076
63.180381,169.953679,227.765467
63.134184,170.089301,227.635313
62.846888,170.478606,227.377003
62.403100,171.159035,227.154471
62.502269,171.202664,227.183295
62.692105,171.532387,227.118903
63.017204,171.869485,227.157562
63.026855,171.864259,227.124225
63.252981,171.943540,227.155197
63.475498,172.177134,227.261917
63.688672,172.369144,227.389386
63.901973,173.035503,227.080000
63.930259,173.032355,227.066679
64.031265,173.066170,227.022223
63.860560,174.366935,226.700487
63.371837,175.184792,227.063963
63.215554,175.603607,227.117509
63.272358,175.694550,227.088372
63.297118,175.721456,227.117364
63.968354,176.856206,227.065269
63.880489,177.885049,226.901056
63.937428,177.972102,226.864475
64.132059,178.355745,226.887495
64.241939,178.658396,226.634586
64.310919,178.672326,226.603797
64.339121,178.672699,226.611810
64.899107,178.983048,225.811758
64.905558,178.983715,225.801675
65.241769,179.409444,225.841947
64.963330,179.771899,225.850863
64.958716,179.772584,225.844032
65.148503,180.080277,225.945334
65.194339,180.181256,225.846218
65.518560,180.849732,225.546834
65.526997,180.865306,225.515141
65.841122,181.103610,225.493512
65.925270,181.469414,225.267517
65.692201,182.189268,224.672242
64.443931,182.574976,224.572862
64.879558,182.685450,224.245951
65.309747,183.030962,224.277215
65.250064,183.121738,224.235811
65.216634,183.207986,224.172144
65.368801,183.945653,223.759309
65.399078,184.026677,223.691679
65.635330,184.255839,223.578247
65.504536,184.557829,223.379294
65.935814,185.219507,223.371395
66.172824,185.418602,223.253318
66.186233,185.420056,223.255584
65.270030,185.585227,222.996047
65.258263,185.583138,222.992360
65.030696,185.795344,223.108050
65.191999,186.111021,222.674553
65.750315,186.334437,222.335163
65.763680,186.337214,222.332546
65.764310,186.337742,222.332245
65.690920,186.331169,222.296995
65.953817,186.652527,221.931554
65.943776,186.826874,221.899384
65.506815,187.308964,221.592801
65.453743,187.324453,221.521524
65.226766,187.567978,221.649203
64.772921,187.996826,221.428404
64.759385,187.995095,221.430521
65.084252,188.641536,220.804200
65.185829,188.656353,220.748757
65.022048,188.905354,220.874470
65.021672,188.905698,220.874355
64.817054,189.148094,220.971545
64.476021,189.401275,221.043161
64.677433,189.512914,220.925281
64.701534,189.887187,220.689320
64.114262,190.525261,220.358509
64.278088,190.563272,220.306995
63.988157,190.906413,220.291893
63.346397,191.885583,220.286836
63.441800,192.058360,220.301192
63.428662,192.141016,220.178035
63.749326,192.305091,219.973959
63.639325,192.275648,219.939251
63.459285,192.433734,220.006907
63.399571,192.429080,220.016952
63.280506,192.605355,220.035168
63.993349,193.012341,219.489758
64.025623,193.023401,219.490753
64.187162,193.392861,219.465374
63.977760,193.597535,219.539631
63.269485,194.058573,219.675457
63.226831,194.227154,219.692352
63.276299,194.323957,219.756698
63.061015,194.450188,219.714408
62.880638,194.763174,219.692168
63.128993,195.124382,219.630066
62.827487,195.526164,219.416061
62.814170,195.723424,219.310674
62.520979,196.272534,218.881698
62.479971,196.621004,218.629488
62.207737,197.092933,218.456081
61.475458,197.664169,218.030539
61.452900,197.901664,217.725769
61.619027,198.026529,217.718310
61.574205,198.020158,217.654338
61.571955,198.129812,217.591217
60.823644,198.676737,216.883211
60.982538,198.818950,216.789052
61.011056,198.840472,216.787068
60.975997,198.814899,216.765949
61.180950,198.936963,216.596219
60.906833,199.269013,216.518974
61.147292,199.559410,216.284632
60.587529,199.984009,215.785247
60.602169,200.271545,215.022793
60.457528,200.267979,215.018690
60.116798,200.797048,214.621906
59.974570,200.933593,214.652631
59.974321,200.933950,214.652430
60.185063,201.284764,214.765751
60.222982,201.383613,214.794408
60.144977,201.387535,214.720701
60.253117,201.851535,214.148405
60.281886,201.912339,214.119216
60.297788,201.922060,214.119600
60.338120,201.944133,214.089931
60.372751,202.013461,214.058218
60.351146,202.100857,214.105143
60.087564,202.193050,213.831054
60.066941,202.175400,213.826303
59.625951,202.757660,213.101510
59.616144,202.750940,213.097569
59.606117,202.773297,213.062050
59.523999,202.684803,212.991056
59.397975,202.777057,213.007459
58.746348,203.154627,212.636319
58.456479,203.542455,212.801227
58.424689,203.548742,212.733765
58.228086,203.644070,212.813935
58.083416,203.646922,212.717838
58.005253,203.704174,212.774818
57.687507,203.747774,212.397620
57.689722,203.765997,212.412526
57.138984,204.082571,212.350454
57.041902,205.186091,211.607685
56.719451,205.335924,211.364702
56.662964,205.397585,211.417674
56.774054,205.690143,211.088306
56.736048,205.698380,211.123557
56.895779,206.185530,210.870897
56.350274,206.568509,210.556249
56.581182,207.005636,210.235663
56.554926,207.046710,210.236681
56.170878,206.925431,210.089869
56.226990,206.977368,210.078880
55.454464,207.911689,208.975844
55.689285,208.270238,208.772101
55.662981,208.261509,208.785455
54.933152,208.587247,208.156648
54.735751,208.783512,208.236638
54.410651,209.091434,208.128642
53.727883,209.599101,207.438075
53.377124,209.898248,207.334865
53.482783,210.156063,207.090234
53.423373,210.208023,207.145793
53.102523,210.156367,206.632684
53.087936,210.160463,206.647888
52.433150,210.224398,206.453178
51.516148,210.440285,206.165286
50.250656,210.695258,206.146890
50.361943,211.267120,205.465763
50.107002,211.174365,205.347177
50.017924,211.687680,204.867209
49.739021,211.663093,204.574117
49.443892,211.797033,204.498133
48.296074,212.016616,204.021214
48.278432,212.030250,204.038992
48.139794,212.181687,203.953096
47.858379,212.455919,203.549549
47.847441,212.480350,203.562564
47.645000,212.652013,203.587667
47.654138,212.630340,203.527604
47.513094,213.108950,202.360945
47.547131,213.094498,202.304425
47.386560,212.806490,202.085214
47.112076,213.132859,201.665933
47.003727,213.152472,201.410683
46.991799,213.361963,201.121434
46.894107,213.427342,201.111949
46.709627,213.649791,200.905129
46.715200,213.637569,200.888588
46.570648,213.889948,200.578559
46.512653,213.968057,200.563651
46.414115,214.051987,200.460564
46.460575,214.010168,200.409547
46.867532,214.372871,199.435848
46.874145,214.334964,199.078596
46.707780,214.084703,198.925173
46.523667,214.197554,198.673990
47.291873,214.632420,197.898072
47.386472,214.603777,197.793403
47.227157,214.497654,197.441799
47.230622,214.689569,196.882578
47.208882,214.732153,196.766236
47.027693,214.988806,196.251280
46.753086,214.963441,196.174419
46.971939,215.254341,195.513792
46.870733,215.234706,195.435619
46.878904,215.250208,195.291498
46.879199,215.249797,195.290513
46.866473,215.163005,195.155392
46.558401,215.223314,194.904159
46.571887,215.167045,194.837862
46.594439,215.173918,194.610773
46.205870,214.908475,194.200655
46.205999,214.908255,194.199867
45.294633,214.689879,193.902235
45.094566,214.822500,193.271317
44.500167,214.873079,192.656939
44.555428,214.849494,192.578921
44.710640,214.535447,192.281749
44.679957,214.551321,192.188433
44.787874,214.690629,192.110246
44.514631,214.611317,191.915666
44.301218,214.594891,191.616827
44.633745,214.649298,191.448349
44.799020,214.881466,191.151620
44.848506,214.836815,191.080280
44.949162,214.746481,190.936157
45.006093,214.570647,190.712646
44.082864,214.334748,190.375440
44.147166,214.311385,190.270027
43.956572,214.497600,190.160657
44.036317,215.081697,189.698452
44.168139,215.319934,189.416858
44.172696,215.342834,189.405406
44.172752,215.343032,189.404928
44.172808,215.343228,189.404450
44.328670,215.567243,189.105195
44.487549,215.848488,188.800152
44.487602,215.848683,188.799672
44.155326,216.213231,188.335141
44.493166,216.821483,187.712556
43.280952,216.833558,187.171077
43.313902,216.798348,187.088878
43.334369,216.826489,187.086446
43.047758,217.065089,186.767332
42.989037,217.147404,186.596384
42.940173,217.176432,186.377046
42.835002,217.204986,185.850136
43.192740,217.339147,185.716363
43.154844,217.288424,185.634911
43.156852,217.293649,185.629837
43.243299,217.221333,185.551402
42.800480,217.535518,184.518190
42.761277,217.569714,184.517454
42.535924,217.697247,183.782116
42.490214,217.737182,183.789661
42.381945,217.901466,183.447003
42.381670,217.901561,183.446513
42.069773,218.519215,182.505240
42.198947,218.787766,182.236859
42.310894,218.690965,182.045358
42.235759,219.035410,181.524339
41.605632,219.018911,181.336456
41.930662,219.676379,180.168039
41.806106,219.891516,179.873011
41.687086,220.179156,178.922522
41.708855,220.644942,177.799539
41.771725,220.641953,177.391044
41.563743,220.892865,176.789214
41.653748,220.760926,176.364821
41.521487,220.611446,176.041601
41.664826,220.575681,175.788398
41.666100,220.579650,175.785455
41.599400,220.682078,175.592877
41.479880,220.862104,175.337647
41.421808,220.909762,175.325839
41.409730,220.919952,175.327640
41.622995,220.894698,174.859976
40.797604,221.391937,174.500486
40.794147,221.394834,174.501025
40.857659,221.896751,173.730501
40.986896,221.849471,173.559196
41.013293,221.814350,173.517132
41.326214,221.592865,172.940298
41.308161,221.516875,172.912088
41.193725,221.948710,172.616651
41.350403,222.185019,171.309402
41.513193,221.945679,171.142969
41.378591,221.945288,171.071709
41.493397,221.804833,170.785139
40.595612,221.715523,170.191758
40.603112,221.705282,170.189211
40.735448,221.599593,169.959783
40.735680,221.600437,169.957893
40.735317,221.600259,169.957374
40.528975,221.781268,169.632670
40.524546,221.781951,169.630179
40.559606,221.947690,168.249110
41.127143,222.170957,167.946875
40.514245,221.981936,167.439158
40.717968,222.066182,167.221257
40.775613,221.976605,167.110991
40.678631,221.864342,167.033014
40.407731,221.714062,166.646385
40.399601,221.738656,166.585413
40.661741,221.702693,166.080659
40.729268,221.768657,165.854474
39.946548,221.270008,165.396412
40.221553,221.516560,164.957955
40.236277,221.508616,164.952292
40.247365,221.499710,164.941303
40.216174,221.763651,164.063462
40.217002,221.764817,164.061929
40.387668,221.981282,163.492149
40.114809,221.936157,163.130181
40.150587,222.096254,162.795460
40.249817,222.392754,161.941907
40.250356,222.731368,161.043672
40.213386,222.761185,161.042631
40.853103,222.897759,160.819086
40.706088,223.011058,160.671607
40.692970,223.036668,160.666315
40.698888,223.034922,160.663822
40.605859,223.141971,160.371274
40.986401,223.359913,159.743479
41.330284,223.236419,159.466575
41.141897,223.224885,158.999379
40.872461,223.104371,158.579415
41.047748,222.965786,158.163007
40.917543,223.072625,158.026281
40.922459,223.071821,158.025391
41.109911,223.003465,157.620435
41.262173,222.865493,157.202873
41.159114,223.002356,156.901068
40.840041,223.396007,156.297278
40.658191,223.544328,156.058063
40.792173,223.435193,155.923870
40.516358,223.586288,155.638670
40.203863,223.725265,155.064542
40.242124,223.750366,154.978045
40.467632,223.830294,153.615155
40.511733,223.856740,153.596877
40.415973,224.013164,153.288330
40.500577,224.209905,152.921779
39.922092,224.318163,152.617180
39.937096,224.343427,152.562677
40.295502,224.347825,152.405017
40.167401,224.665615,151.484411
40.120988,224.537605,151.356102
40.358455,224.753836,150.868359
40.737117,224.576530,150.065955
40.737509,224.576356,150.065447
40.703451,224.563808,150.063738
40.941395,224.673053,149.402066
40.954116,224.663721,149.398355
41.049200,224.606791,149.359972
41.014394,225.126749,148.693392
41.004283,225.134105,148.688545
41.076912,225.133045,148.677133
41.077667,225.133359,148.676741
40.898442,224.963183,148.088201
40.995183,224.889476,147.990757
40.992870,225.023211,147.559658
40.993700,225.023330,147.559138
40.982185,224.977485,147.549311
41.142166,225.106102,147.244651
41.071641,224.936016,146.899661
40.906490,225.043050,146.668251
40.908703,225.039061,146.665673
41.070864,225.133414,146.057281
40.993594,225.043009,146.011820
40.806344,225.206243,145.458351
39.503334,225.279779,144.361551
39.543363,225.373503,144.132497
39.014362,225.646566,143.555629
38.953443,225.635550,143.519957
38.947852,225.636247,143.519589
38.789545,225.783986,143.113826
39.019151,225.600510,142.554468
38.958930,225.662828,142.552565
38.931497,225.662109,142.543750
38.889439,225.655770,142.544274
38.890488,226.029213,141.729833
39.058315,225.949344,141.125582
39.297053,226.227760,140.228615
39.067267,226.420838,139.773498
38.773181,226.415579,139.405933
38.682958,226.718292,138.715213
38.931015,226.904325,138.516048
39.139611,226.766239,138.288131
39.089292,226.557439,137.748853
39.007291,226.602614,137.640831
39.007268,226.602772,137.640361
39.377280,227.039875,137.086829
38.624331,227.210273,136.300933
38.645957,227.194657,136.293260
38.645608,227.194815,136.292821
38.660051,227.202087,135.625444
38.684997,227.184098,135.616249
38.716622,227.323917,135.229031
38.737180,227.389007,135.126970
38.699524,227.279594,134.890265
38.700139,227.278325,134.887229
38.539382,227.498914,134.173084
38.533347,227.500278,134.172693
38.311837,227.757887,132.301708
38.074586,228.280118,131.802996
37.766717,228.094701,131.102840
37.379609,227.987532,130.888273
37.161731,228.160512,130.417308
37.077855,228.345802,128.888564
37.250222,228.484496,128.517073
37.125176,228.586751,128.089182
36.928074,228.739348,127.622872
36.987568,228.979072,127.516163
36.765007,228.967643,127.443824
36.454784,229.373227,125.395363
36.401645,229.653095,124.945225
36.285649,229.710409,124.795403
36.280200,229.715091,124.796751
36.105874,230.445577,123.701749
35.394876,230.840975,122.638200
35.590999,230.697339,121.930739
35.679423,230.825950,121.481411
35.610705,230.863865,121.395529
35.896115,230.706028,120.430060
35.879045,230.719188,120.422019
35.982165,230.865427,119.934193
36.003409,230.907527,119.937170
36.158593,230.941237,118.576753
35.961510,231.021395,117.829200
35.825893,230.945583,117.681054
35.562981,231.084978,116.906451
35.685351,231.442361,116.806476
35.556607,231.585721,116.794878
35.310317,231.714517,116.238425
35.196853,231.855448,115.769087
35.665651,231.974536,115.255685
35.077123,231.976016,114.446784
34.978157,232.139837,113.771545
34.707533,232.300478,113.224276
35.196011,232.424754,112.722784
34.699931,232.595216,112.140777
34.771083,232.825828,112.109056
34.585014,232.961584,111.721898
34.552027,233.252294,110.917838
34.809466,233.151503,109.997279
34.458801,233.419976,109.693782
34.724209,233.566495,108.117128
34.771166,233.544972,108.108316
35.016681,233.393745,107.551425
35.064527,233.498025,107.543198
34.916702,233.481805,106.250569
34.914617,233.481268,106.249907
34.737282,233.635452,105.814080
34.823892,233.773319,105.739706
34.430389,233.816895,105.417944
34.511280,233.747189,105.321105
34.325020,233.771425,105.219546
34.204641,233.845373,105.131094
34.593737,234.221520,103.962450
34.884422,234.332499,103.634858
34.806054,234.242228,103.542220
34.603400,234.375619,103.074853
34.954123,234.305896,102.062428
34.410833,234.255437,100.602322
34.308448,234.410639,100.200414
34.580481,234.548221,99.776569
34.214270,234.827465,98.881228
34.762540,234.638667,97.016377
34.767869,234.663612,96.332695
34.129166,234.952370,95.516355
34.145271,234.959050,94.333071
33.967392,235.083738,93.893517
34.016197,235.189500,93.767502
34.027315,235.048906,92.541054
34.093774,235.012537,92.499655
34.076711,234.958217,92.489442
34.074796,234.956440,92.488967
33.488699,234.982063,91.976472
33.586550,235.128357,91.586645
32.708315,235.197047,90.220175
32.705226,235.198554,90.220211
32.519035,235.297362,89.773797
32.395521,235.270284,89.744623
32.521362,235.310282,88.920778
32.719983,235.166261,88.089840
32.607465,235.250966,87.568778
32.774936,235.401537,87.148421
32.766710,235.386421,87.142387
32.574217,235.526454,86.695463
32.591570,235.463044,86.489655
32.609374,235.444983,86.474948
32.749298,235.482372,86.435645
32.811173,235.281624,86.002868
32.508355,235.697480,84.746602
32.423464,235.699613,84.236413
31.489946,235.867900,82.961606
31.358449,235.787945,82.656304
31.444160,235.736722,82.519938
31.705623,236.085521,82.168159
31.762232,236.225265,81.763601
31.716797,236.204541,81.740383
31.849473,236.160314,81.021253
31.877128,236.094263,80.918497
32.021750,236.286269,79.922073
32.090854,236.382760,79.494398
31.879949,236.507927,79.090385
31.835968,236.508229,78.760987
31.910854,236.624879,78.495659
32.281579,236.621663,77.610382
32.463106,236.643009,77.556349
32.508678,236.731716,77.353911
32.476504,236.710284,77.340578
32.143356,237.076506,76.885684
31.814727,237.288753,76.305986
32.026925,237.281427,76.115789
31.996316,237.314678,75.284016
31.998857,237.314712,75.283415
31.984506,237.314445,74.706812
32.079295,237.374142,74.680711
32.157900,237.370378,74.651475
32.078491,237.369950,74.468102
32.078591,237.369971,74.467618
32.090315,237.290582,74.166924
32.026731,237.341659,73.426589
31.960910,237.230591,73.209797
32.464656,237.336420,73.024517
32.464928,237.336572,73.024053
32.312089,237.384905,72.642107
32.372335,237.598018,72.177657
32.367154,237.570495,71.735453
32.403676,237.552404,71.721943
32.367137,237.589405,70.975146
32.356567,237.595204,70.975642
32.356389,237.595413,70.975226
32.034836,237.969247,70.438490
31.928176,238.206554,69.914273
31.805122,238.427441,68.318033
31.731228,238.487947,67.837721
32.069426,238.436501,67.677187
32.671727,238.511900,67.330433
32.688058,238.506328,67.328778
32.651151,238.581508,67.178134
32.370851,238.767581,66.483168
32.462962,238.781768,66.474892
32.346844,238.882684,66.057970
32.340993,238.908446,66.029797
32.694989,239.034625,65.638738
32.658549,238.996135,65.573635
32.759820,238.918833,65.046360
32.754095,238.912716,64.989842
32.866301,238.855874,64.807578
33.199487,239.020546,64.349247
33.270381,239.068766,64.239931
33.003188,239.197177,63.722541
32.875786,239.291847,63.410309
32.452052,239.193903,62.579502
32.452389,239.194007,62.579043
32.493778,239.174074,62.571147
32.515712,239.163619,62.567889
32.837216,239.110937,62.173747
32.983331,239.129008,61.978189
33.087157,239.495507,61.270436
33.049673,239.503873,61.259070
32.850102,240.468734,59.774393
32.740052,240.579513,59.482396
32.758224,240.584273,59.450744
32.946305,240.531736,58.618729
32.855631,240.692926,58.036260
33.267693,240.716399,57.777612
33.522094,240.729140,57.545467
33.537872,240.769174,57.495427
33.619241,240.808585,57.480403
33.200363,240.746111,57.273729
33.191141,240.745414,57.270694
33.210948,240.775668,57.258514
32.836322,241.262859,56.374260
33.136994,241.730863,55.802315
33.048506,241.698329,55.272026
32.755039,241.714726,54.672476
32.841403,241.703752,54.559526
32.819008,241.683030,54.546257
32.814136,241.684938,54.546380
32.801293,241.683153,54.543463
32.800181,241.683565,54.542964
32.542971,241.826603,53.415471
31.922531,241.602448,52.713104
31.907514,241.935059,51.804034
32.028784,241.931006,51.548525
31.950213,241.769543,51.379795
31.907959,241.890022,50.757431
31.881094,241.872769,49.852018
32.636575,242.156181,48.717640
32.606954,242.193282,48.674319
32.626307,242.195063,48.674192
33.582702,242.431692,47.669680
33.725895,242.456712,47.581701
33.789150,242.574179,47.499246
33.775229,242.474014,46.929403
33.911617,242.342597,46.720763
34.050879,242.286455,46.424294
34.122860,242.409540,45.227944
34.238979,242.363034,45.087967
33.538856,242.349480,43.859047
33.451257,242.174882,43.693879
33.484816,242.161995,43.683693
33.649689,242.146597,43.616224
33.643968,242.116829,43.604469
33.545540,242.134436,43.381713
33.847361,242.333608,43.135837
33.832333,242.330766,43.132509
33.940023,242.350859,43.064091
34.119688,242.426227,42.816839
33.757229,242.598099,42.577890
33.717473,242.636479,42.347152
33.522499,242.455157,42.171309
33.646436,242.426352,42.062905
33.646676,242.426371,42.062420
33.745384,242.407367,41.954229
34.046576,242.382132,41.378907
34.274352,242.413403,41.253723
34.118578,242.455879,41.034738
34.580027,242.509786,40.271130
34.704304,242.513459,40.220948
34.228092,242.451798,39.912508
34.262892,242.405292,39.259194
34.213755,242.397114,39.173921
34.127245,242.226410,39.020782
34.219079,242.215636,38.872177
34.106232,242.341521,38.114866
34.155126,242.544213,37.557863
34.388215,242.552626,37.090119
34.388949,242.552701,37.089541
34.357923,242.540379,37.074751
34.219966,242.605327,36.891549
34.147310,242.782030,36.603497
34.302096,242.709215,36.188672
34.220051,242.751528,35.973111
33.971841,242.623479,35.636227
34.223181,242.976717,34.878549
34.252301,242.974890,34.856116
34.975048,243.079848,34.567247
35.099951,243.144946,34.385866
35.544899,243.249710,34.029080
35.666833,243.269372,33.951018
35.699222,243.274894,33.934896
36.062102,243.438651,33.482194
36.139711,243.450650,33.447177
36.270315,243.492591,33.287515
36.344759,243.495947,33.267989
36.708766,243.545690,33.119445
36.661457,243.677579,32.777187
36.538074,243.991486,31.875809
36.570201,243.996889,31.858862
36.310237,243.873696,31.570047
36.213322,243.942085,31.371393
36.205809,243.945242,31.368115
35.997391,244.229521,30.670913
35.929494,244.293869,30.491561
35.667873,244.340140,29.686460
35.624048,244.335141,29.703041
34.077418,244.383546,28.990655
34.008593,244.376859,29.004134
33.807954,244.436169,28.896460
33.491471,244.517999,28.726944
33.008278,244.446512,28.421378
32.990166,244.444377,28.427463
32.924840,244.439783,28.454190
32.567947,244.396826,28.325348
32.435097,244.445614,28.213437
32.288312,244.410079,28.063092
32.397796,244.340168,27.762875
32.230894,244.372938,27.553108
32.738827,244.377018,27.453885
32.582300,244.335983,27.363492
32.275465,244.495884,27.191987
32.261186,244.500302,27.197150
32.064951,244.454304,26.700456
32.029640,244.484626,26.296752
31.812160,244.529259,26.228581
32.331447,244.420979,26.079863
32.332320,244.413704,25.988997
32.006750,244.285483,25.924855
31.847319,244.327538,25.803743
31.717294,244.327638,25.824301
31.590241,244.281335,25.823242
31.070456,244.437214,25.463951
30.836109,244.459083,25.487611
30.737731,244.499385,25.391676
30.950418,244.139078,24.676745
30.869187,244.126901,24.470370
30.802199,244.041412,24.153828
30.760151,244.023240,23.797834
30.657554,244.011333,23.823480
30.771093,243.930506,23.396033
30.595366,243.915298,23.427976
30.595177,243.915389,23.427637
30.482655,243.954638,23.345705
30.482458,243.954725,23.345275
30.482272,243.954819,23.344931
30.473060,243.820746,22.848935
30.141018,243.910291,22.758892
30.228950,243.825081,22.379125
30.140248,243.862124,22.305790
29.877530,243.865290,21.967237
29.540934,243.685207,21.909038
29.494342,243.665418,21.347681
29.357031,243.722536,21.278909
28.948394,243.720907,21.283397
28.916461,243.690927,21.000500
28.674021,243.776285,20.807231
28.315756,243.739310,20.530257
28.347758,243.651360,20.474323
28.167879,243.512409,20.415975
27.732986,243.614972,20.115416
27.746625,243.622002,20.102921
27.663413,243.658563,20.049858
27.476502,243.685967,20.072738
27.497843,243.671397,19.969299
27.412627,243.635692,19.828759
27.341107,243.667605,19.773736
27.290630,243.717195,19.688086
27.254943,243.682290,19.627985
27.254931,243.681400,19.620577
27.181824,243.652279,19.560881
27.043483,243.713067,19.459530
27.140836,243.635260,19.355720
27.235720,243.726448,19.250079
27.033619,243.794358,18.983122
27.033408,243.794553,18.982689
27.124543,243.807474,18.567576
27.116361,243.770122,18.107657
27.003090,243.712178,17.985017
27.089026,243.703884,17.928181
26.547751,243.551446,17.697330
26.525677,243.572618,17.449933
26.477019,243.557927,17.159246
26.270077,243.470514,16.919597
25.490592,243.448940,16.626734
25.489715,243.446469,16.626650
25.419805,243.421207,16.576988
25.195942,243.414228,16.586792
25.169710,243.452406,16.538006
25.080369,243.432878,16.565817
25.120149,243.517628,16.336149
24.740762,243.509641,16.177282
24.718903,243.435205,15.831951
24.472905,243.451512,15.879535
24.460339,243.446464,15.886456
24.382987,243.504411,15.513718
24.276725,243.462518,15.457035
24.351734,243.429925,15.252025
24.387604,243.549418,15.081488
24.346069,243.569123,15.055809
24.174145,243.605049,14.877466
23.805694,243.604369,14.878162
23.723639,243.552343,14.512467
23.750613,243.530850,14.215696
23.425573,243.485432,14.006261
23.390081,243.503056,13.985130
22.984275,243.513997,13.971344
22.991466,243.520524,13.963487
22.990996,243.520888,13.963126
22.898459,243.570847,13.904028
23.024142,243.355382,13.123656
22.923437,243.333992,13.146888
22.982771,243.440253,12.872154
22.957018,243.457377,12.853308
23.021169,243.404941,12.582337
23.088110,243.280413,12.444261
22.964008,243.252172,12.478951
22.874765,243.219384,12.355786
22.842043,243.213709,12.339891
22.822989,243.221452,12.323358
22.820619,243.220129,12.324566
22.394779,243.179830,12.280206
22.370590,243.188937,12.270707
22.271265,243.204006,12.254847
22.204659,243.228280,12.224579
22.070795,243.152496,11.931517
22.034612,243.171912,11.911900
21.952187,243.217714,11.868410
21.908657,243.187924,11.810915
21.699272,243.160963,11.691304
21.622479,243.239465,11.615635
21.531169,243.278925,11.589414
21.081687,243.271164,11.514055
21.072680,243.276163,11.488186
21.034764,243.256717,11.343216
20.981088,243.291578,11.312407
20.912068,243.281639,11.326533
20.873103,243.327783,11.144430
20.874039,243.327283,11.119745
20.837572,243.350240,11.102048
20.811997,243.366626,11.090480
20.695945,243.282943,11.011707
20.652306,243.305626,10.994154
20.631186,243.345519,10.904808
20.519636,243.316236,10.844548
20.468737,243.345638,10.827705
20.421858,243.374579,10.803495
20.377825,243.399081,10.783478
20.255159,243.221505,10.521962
20.218516,243.249669,10.487840
19.999741,243.125905,10.354548
19.951115,242.650574,10.110242
19.989485,242.622190,10.129053
20.160763,242.551438,9.942420
20.418855,241.978334,9.446673
20.507425,241.845046,9.392857
20.555197,241.813803,9.408219
20.581524,241.497489,9.195330
20.680768,241.251092,9.102086
20.826502,241.087419,8.965737
20.860430,241.145853,8.867102
20.886116,241.126161,8.875433
20.829553,240.926207,8.823836
20.854802,240.910627,8.832774
20.782937,240.584851,8.964302
20.803798,240.562867,8.972903
20.896227,240.499593,8.973045
20.939194,240.474594,8.989036
20.946558,240.333453,9.001115
20.977434,240.247416,8.931498
21.475527,240.047029,8.898286
21.558701,239.986461,8.934194
21.427121,239.787555,8.955404
21.494611,239.763669,8.904102
21.557235,239.675146,8.945555
21.519815,239.558814,8.927286
21.591047,239.506472,8.958552
21.647814,239.465531,8.982150
21.532526,238.916780,8.803717
21.519268,238.597709,8.837633
21.624176,238.466706,8.597972
21.444009,238.086991,8.543205
21.442240,238.064357,8.542541
21.465484,238.045735,8.551842
21.477279,238.026222,8.561587
21.484670,237.996947,8.538543
21.534915,237.956998,8.558563
21.655520,237.848327,8.490426
21.670464,237.541295,8.429130
21.598689,237.204611,8.367917
21.552715,237.038359,8.277035
21.514023,236.671792,8.235745
21.624274,236.309577,8.174197
21.522818,235.984138,8.041829
21.599463,235.879810,7.807447
21.695750,235.794390,7.840120
21.700795,235.622147,7.701031
21.834661,235.502777,7.732375
21.800343,235.338601,7.719106
21.838654,235.274728,7.731500
21.914793,235.214484,7.754830
22.000416,235.123040,7.708577
22.038079,235.088822,7.721817
22.179684,235.038874,7.534362
22.134635,234.860436,7.483417
22.134736,234.859990,7.483493
22.133068,234.621281,7.484981
22.378927,234.430984,7.431445
22.407815,234.317769,7.411956
22.013021,234.152819,7.426354
22.169994,234.047481,7.378148
22.220026,234.026069,7.388295
22.296266,233.849181,6.980031
21.810528,233.366618,6.856543
21.932656,233.128547,6.854878
21.666226,232.701757,6.687689
21.641522,232.665147,6.663821
21.697948,232.497029,6.715228
21.747457,232.446605,6.730644
21.881231,232.357624,6.775363
21.984978,232.253218,6.807498
22.000138,232.048435,6.770051
21.999067,232.047457,6.768910
21.962579,231.692112,6.727926
22.059738,231.579519,6.760792
22.059941,231.579111,6.760862
22.103473,231.427502,6.717963
22.379423,231.207659,6.634954
22.280433,230.891127,6.585595
22.290621,230.887372,6.587884
22.407817,230.760558,6.622950
22.499168,230.679316,6.593322
22.523257,230.666722,6.586247
22.556782,230.540596,6.620556
22.619654,230.473448,6.638986
22.617823,230.332687,6.639371
22.559673,230.281708,6.622130
22.657534,229.887035,6.556502
22.770180,229.602511,6.320223
22.778206,229.429261,6.364703
22.778380,229.428823,6.364740
22.713665,229.078113,6.535656
22.891384,228.835185,6.405979
22.881525,228.560656,6.343206
22.818477,228.213745,6.556788
23.056262,228.088529,6.585526
23.126393,227.847732,6.633031
23.460639,227.602788,6.635156
23.560241,227.500652,6.661587
23.723346,227.236241,6.727631
23.570440,226.756615,6.797384
23.404802,226.072764,6.687557
23.578939,226.018321,6.697044
23.566791,226.014545,6.702523
23.936187,225.871000,6.694688
24.016892,225.772684,6.717959
24.017099,225.772372,6.717954
24.017917,225.771908,6.717790
24.451835,225.553282,6.777267
24.441394,225.552668,6.774889
24.440580,225.552424,6.775103
24.013164,225.281172,6.776736
23.896393,225.035126,6.735127
23.971436,224.924479,6.764117
23.965034,224.922747,6.765252
23.603245,224.438303,6.791256
23.565407,224.405963,6.776761
23.563129,224.182602,6.776205
22.862083,223.756337,6.752823
22.820827,223.727745,6.740438
22.717160,223.679279,6.762029
22.697923,223.669681,6.756418
22.734843,223.322532,6.771695
22.823441,223.200088,6.798994
22.827867,223.205527,6.780374
22.807198,222.487477,6.808185
22.836220,222.059968,6.752020
22.719218,220.947558,7.118033
22.797468,220.812221,7.151484
22.805400,220.627321,7.125112
22.892924,220.422186,7.001072
23.245930,220.199795,6.956348
23.408320,220.142128,6.955159
23.408418,220.141743,6.955211
23.418140,220.139375,6.958354
23.418299,220.137242,6.961941
23.519180,219.989529,6.993092
23.429845,219.825572,6.965739
23.339484,219.324843,6.889451
22.859616,219.129331,6.920841
22.859723,219.128932,6.920815
22.762771,218.409694,7.034242
22.774151,217.912582,6.992734
22.648556,217.740602,7.026243
22.638164,217.308535,7.021510
22.523230,216.902091,6.969879
22.524348,216.901625,6.970193
22.629220,216.730816,7.003741
22.724196,216.116350,7.182946
22.940785,215.716386,7.474895
22.970292,215.285112,7.547782
23.021181,214.847975,7.554129
23.001268,214.237524,7.460281
23.039504,213.570443,7.465154
23.073567,213.045743,7.447957
23.300576,212.681552,7.546121
23.396472,212.125885,7.539850
23.339828,212.090561,7.550964
23.445982,211.570750,7.500560
23.561592,211.358365,7.539232
22.978066,210.816070,7.547194
23.011964,210.483310,7.982563
22.929938,209.732068,7.950320
22.855198,209.482054,7.961158
22.542192,209.269886,7.863510
22.554640,209.061483,7.988214
22.566501,207.991112,8.117260
22.563125,207.422066,8.372165
22.788625,206.977432,8.464359
22.808924,206.949395,8.447867
22.808737,206.949053,8.448106
22.897656,206.700259,8.501804
22.264553,206.468685,8.548879
22.264190,206.468300,8.548727
22.263349,205.930345,8.347228
22.462832,205.639588,8.418344
22.176290,204.536882,8.609660
22.264800,204.428200,8.645181
22.264772,204.427836,8.645249
22.406408,203.923408,8.651614
22.529779,203.617308,8.636576
22.316000,202.715599,8.762915
22.170888,202.441786,8.812912
22.133134,202.420735,8.797888
22.118357,202.369934,8.777557
22.108841,202.365783,8.766938
22.107294,202.365093,8.766648
22.228066,202.085890,8.818323
22.126876,202.036040,8.805078
22.124234,202.035693,8.807071
22.046841,201.658183,8.751888
21.968104,201.599445,8.722365
22.005818,201.394244,8.543288
21.949176,201.393628,8.549413
22.065262,201.006039,8.479898
22.020416,200.624559,8.425570
21.966870,200.290396,8.373462
21.970045,200.289587,8.374553
22.047998,199.964164,8.515085
22.084778,198.933436,8.513707
22.261395,198.341665,8.585470
22.365446,198.235004,8.562012
22.617752,198.002613,8.498969
22.619101,197.609376,8.494568
21.974389,197.312796,8.544020
21.968566,197.312358,8.543821
21.961015,196.782852,8.511110
22.246260,196.492817,8.467533
22.069470,196.223713,8.518240
22.069228,196.223325,8.518335
22.189592,195.916693,8.568902
22.294693,195.606608,8.619594
22.319481,195.332667,8.595749
22.323889,195.332249,8.597485
22.324073,195.331658,8.599162
22.235749,195.115962,8.564265
22.342721,193.976639,8.544043
22.251248,193.871782,8.508581
21.944140,193.555844,8.552899
21.934359,193.555896,8.585503
22.053707,193.612559,8.568796
22.056796,193.611968,8.566672
22.343809,193.136847,8.575250
22.380658,192.990922,8.578525
22.380683,192.990524,8.578562
22.489766,192.677308,8.626836
22.489755,192.676907,8.626859
22.542518,192.621517,8.647254
22.542460,192.621115,8.647258
22.661457,192.315869,8.611247
22.672774,191.776081,8.827979
22.575115,191.466374,8.880206
21.685019,190.772258,8.965503
21.842838,190.427920,9.033049
21.764310,190.061414,9.061169
21.164378,189.626041,9.100241
21.266621,189.254734,9.132498
21.455258,188.756172,9.151533
21.337719,187.860366,9.404048
21.302337,187.274959,9.508126
21.275527,187.252034,9.496188
21.269700,187.248643,9.520924
21.269590,187.248238,9.521126
21.323560,187.189525,9.545721
21.328580,187.188520,9.549919
21.281193,187.151657,9.549739
21.379870,186.808696,9.605850
21.374803,186.806345,9.601802
21.374191,186.793191,9.614478
21.373985,186.792720,9.614309
21.371827,186.790540,9.613514
21.349341,185.524225,9.448300
21.376766,184.876070,9.416741
21.464184,184.721268,9.461356
21.345186,184.432706,9.252088
21.246980,184.112692,9.791006
21.398036,183.325532,10.076304
21.402707,183.325955,10.074255
21.878888,182.619305,9.970553
21.978057,182.460348,10.004612
21.875952,182.249498,9.916562
21.876314,182.249106,9.916525
21.882183,182.249197,9.918974
22.099563,181.753264,9.910616
22.354835,181.049978,10.053078
22.791420,179.864939,10.109621
22.966379,179.285317,10.091407
22.826721,179.086986,10.127077
22.826548,179.086515,10.127427
22.978381,178.606002,10.144552
22.823803,178.028037,10.261391
22.839928,178.015981,10.246603
22.793801,177.930377,10.206753
22.719159,177.264251,10.439661
22.819773,177.101274,10.393508
22.762689,177.009153,10.367134
22.902220,176.799528,10.373364
22.883088,176.202581,10.473184
22.799906,175.544561,10.414146
22.835110,175.525857,10.428830
22.843262,175.488857,10.430279
22.824861,175.475557,10.421767
22.987045,174.869091,10.394630
23.102251,174.787001,10.359838
23.109071,174.786984,10.358384
23.249071,174.402790,10.419310
23.254742,174.402483,10.421638
23.503420,173.519600,10.434221
23.660332,172.890096,10.281876
23.635813,172.449557,10.611924
23.803273,172.204621,10.641333
23.628683,171.498779,10.584196
23.646522,171.484332,10.592358
23.668958,171.469473,10.606275
23.609925,170.826021,10.645022
23.754924,170.403950,10.705224
23.927522,170.202979,10.612648
24.019430,169.774391,10.665765
24.004656,169.770570,10.669618
24.003797,169.770108,10.670134
24.002589,169.768813,10.668898
24.000524,169.006006,11.076721
23.943222,168.901195,11.046682
23.938731,168.899330,11.044583
23.890075,168.039923,11.020652
23.759954,167.122728,11.151024
23.701902,166.342151,11.344140
24.143426,165.665579,11.387129
24.175399,165.668936,11.403473
24.513350,165.586923,11.705327
24.529702,165.586648,11.704065
24.614049,165.489255,11.675747
24.678654,164.016007,12.217961
24.668304,163.974698,12.199972
24.660416,163.105336,12.132366
24.831007,162.626114,12.203302
24.941086,162.387285,12.194223
24.901703,161.874265,12.323140
25.055970,161.597612,12.323391
25.277843,160.849453,12.334668
25.128380,158.850579,12.610565
25.379923,158.302569,12.709112
25.118925,157.072572,12.897732
25.131591,157.057694,12.895343
25.096428,156.977495,12.881016
24.985796,156.021398,13.347867
24.985069,156.020128,13.343162
24.880228,154.445022,13.342352
25.004282,154.259202,13.200539
25.155023,153.769463,13.250321
24.979900,152.926739,13.180215
25.154494,152.395469,13.220454
25.333386,151.915266,13.293159
25.390901,151.904711,13.299980
25.692399,150.919084,13.455740
25.685486,150.915977,13.451791
25.950357,149.636031,13.406197
25.915995,149.507075,13.518409
26.050834,149.238583,13.599839
26.209780,148.778977,13.658830
25.931690,148.323405,13.725976
25.669958,147.620988,13.855183
25.681568,146.106833,14.143560
25.629536,145.728322,14.135831
25.553354,145.368552,14.225295
26.054558,143.511313,14.247114
26.089863,143.428401,14.206576
26.082805,143.292841,14.259311
26.357633,142.548402,14.389401
26.239073,142.471393,14.352846
25.874883,140.847601,14.406166
25.720447,140.182395,14.470169
25.859458,139.705001,14.518569
25.270933,138.948017,14.632620
25.329225,138.742162,14.708075
25.504132,138.244018,14.759361
25.393061,137.974100,14.929255
25.387877,137.949397,14.920061
25.518395,137.455930,14.990426
25.500184,137.453045,14.974465
25.958053,135.936603,15.353510
26.202936,135.357952,15.400066
26.398693,134.433105,15.223612
26.525635,134.108445,15.153191
26.904821,133.196287,15.160531
26.994401,132.728639,15.244373
27.131506,132.538522,15.155555
27.145136,132.529770,15.115140
27.304567,132.438829,15.090545
27.221716,131.840993,15.003598
27.374258,131.361114,15.061604
27.381325,131.359034,15.059050
27.411446,131.081618,15.150210
27.172119,130.429613,15.225980
27.354579,128.830996,15.401568
27.840704,126.927311,15.838627
27.640165,126.163830,16.221106
27.224764,123.645678,16.209892
27.533542,123.355364,16.114068
27.610562,123.343806,16.211270
27.473246,122.334235,16.616762
27.473272,122.333033,16.617257
27.467819,122.326055,16.611304
27.241282,122.126892,16.683343
27.547726,121.449113,16.733637
27.527939,121.336569,16.960123
27.350214,120.691775,16.866221
27.599904,120.238474,16.917042
27.668177,119.767712,17.248590
27.668216,119.767420,17.249737
28.046778,118.153544,17.815156
28.230898,117.614409,17.883925
28.232127,117.609644,17.890757
28.095292,117.283240,17.813652
27.771021,116.034246,18.013040
27.777328,116.032917,18.009412
27.720154,115.820249,18.129572
27.729600,115.820405,18.135943
28.123131,115.245947,18.043117
28.306194,114.948918,17.912867
28.309111,114.946565,17.923950
28.510604,114.650498,17.836467
28.713924,113.992076,17.684214
28.520643,113.377359,18.232299
28.520074,113.377000,18.234007
28.404306,113.214832,18.205086
28.544427,112.824040,18.292254
28.581831,112.754201,18.345264
28.585072,112.729517,18.369010
28.565286,112.648577,18.392345
28.607506,112.635755,18.420372
28.548620,112.588697,18.382659
28.393387,112.180142,18.942027
28.404014,112.181550,18.951884
28.402440,112.181454,18.955077
28.585641,111.737606,19.013998
28.586143,111.736574,19.011995
28.321189,111.039118,19.030588
28.700672,110.056608,19.189278
28.628955,109.978974,19.260687
28.855192,109.119485,19.253701
28.797237,109.080927,19.285972
28.800979,109.080927,19.288560
28.983380,108.583922,19.305854
29.274108,107.559604,19.378455
29.520876,107.527960,19.353865
29.411490,107.320721,19.481155
29.291788,106.807745,19.541311
29.571440,106.090392,19.464324
29.318482,105.410799,19.448770
29.318570,105.410319,19.448797
29.382102,104.907452,19.649285
29.891730,104.300716,19.448700
29.971370,104.213129,19.496226
29.973168,104.213018,19.498135
30.034920,104.186460,19.533505
29.692239,103.586419,19.612738
29.684530,103.381617,19.679918
29.863745,102.984772,19.734695
29.149098,101.948415,19.724028
29.062447,101.905850,19.765017
29.142775,100.917061,19.716707
29.123740,100.918964,19.731925
29.123624,100.918519,19.732055
28.791793,100.336251,19.809561
28.793584,100.293158,19.773836
28.720516,99.257174,20.146982
28.875197,99.084204,20.252572
29.301104,98.268010,20.413037
29.361562,98.226328,20.454471
29.501228,98.066745,20.967801
29.619149,97.646419,21.022370
29.609387,97.643585,21.042436
29.600685,97.648705,21.072658
29.484172,97.139056,21.487913
29.516408,96.981236,21.580018
29.490643,96.972943,21.577786
29.441333,96.277047,21.978824
29.527786,96.157433,21.837841
29.528223,96.159367,21.851781
29.527930,96.159145,21.853355
29.366592,95.682581,22.285710
29.334199,95.530989,22.368647
29.325622,95.526683,22.348530
28.610139,93.841835,22.126691
28.656897,93.820684,22.098280
28.555195,93.479677,22.008444
28.673137,92.729479,21.924133
28.716498,92.624257,21.854835
28.719975,91.867852,21.853892
28.998653,91.379038,21.910021
28.911925,91.092397,22.276909
28.912022,91.080086,22.241267
28.312286,90.331042,22.388817
27.878209,89.216698,22.240699
27.583314,88.322655,22.841064
27.581185,88.321809,22.841405
27.837629,87.625828,22.942881
27.840430,87.625533,22.942945
28.066295,87.163610,23.181309
28.200767,86.801708,23.222817
28.580568,85.840299,23.407778
28.930239,84.526829,23.868388
28.967838,84.515519,23.867360
28.968174,84.514983,23.867485
29.124713,84.264425,23.897635
29.270416,84.023421,24.006208
29.146662,83.850949,24.090772
29.146813,83.850437,24.090832
29.187252,83.779808,24.056800
29.187406,83.779290,24.056852
29.195660,83.210115,24.100365
29.202367,83.202080,24.095899
29.286211,82.275459,24.238521
29.307500,82.256337,24.248989
29.460944,81.546754,24.804679
29.649964,80.756007,24.832045
29.547259,80.439511,24.771606
29.675923,80.060501,24.781280
29.555092,79.711374,25.150037
29.428072,79.377565,25.231892
29.439208,78.780993,25.350093
29.343579,78.604774,25.568033
29.217661,78.285824,25.679792
29.368562,77.788385,25.665700
29.369750,77.787450,25.663471
29.371748,77.785481,25.655975
29.306167,77.694910,25.598993
29.303113,77.667209,25.588632
29.205794,77.329646,25.547819
29.311764,76.680106,25.850463
29.564654,75.999778,25.716908
29.676275,75.553848,25.868075
29.685593,75.546227,25.834327
29.736116,75.203943,25.734612
29.607860,75.035219,25.961390
29.604382,75.027242,25.954918
29.499440,74.767088,25.869504
29.559827,74.539673,25.684137
29.449145,74.263435,25.810361
29.522835,74.070798,25.914557
29.695031,73.489591,26.058412
29.697496,73.489420,26.060917
30.019049,72.794619,26.068452
29.907835,72.534030,26.177211
30.203039,72.489628,26.272942
30.028109,72.112129,26.141052
30.137321,71.214729,25.888521
30.046217,70.972893,26.173603
29.833079,70.666800,26.244564
29.665559,70.392059,26.363998
29.832752,69.720886,26.398225
29.972744,69.261090,26.442044
30.068808,69.116315,26.452184
29.966284,68.805203,26.360637
30.005012,68.608592,26.453506
30.209505,67.959845,26.397929
30.216779,67.790880,26.392827
30.200955,67.546283,26.372814
30.227922,67.277492,26.320947
30.131559,66.825200,26.247909
30.191897,65.764538,26.083320
30.266632,65.092727,25.754515
30.462574,64.755748,25.832367
30.615976,63.980444,26.122370
30.600640,63.975663,26.123509
30.488889,63.574886,26.370916
30.520719,63.224510,26.246271
30.371217,62.891077,26.092749
30.245044,62.465533,26.303896
30.080971,62.140211,26.354742
30.241607,61.660248,26.420831
30.289057,61.627415,26.367719
30.203991,61.448510,26.545544
30.201089,61.447912,26.549570
30.425427,60.750155,26.753148
30.355931,60.632979,26.981800
30.627413,59.783596,26.919927
30.455079,59.371388,26.977818
30.400261,59.208648,26.930376
30.405964,59.199806,26.937613
30.472590,58.950873,26.843225
30.600577,58.140328,26.539131
30.718303,57.953308,26.562462
30.641458,57.828909,26.503733
30.910563,57.274297,26.458520
30.912574,56.793266,26.404290
31.111991,56.477769,26.466998
31.399119,55.954514,26.586732
31.467712,55.819025,26.446788
31.617156,55.410188,26.476711
31.863759,54.845360,26.585240
31.863359,54.844322,26.584989
31.761506,54.502995,26.476958
32.049907,54.049374,26.014311
32.039970,54.044248,26.018295
32.070644,53.889735,25.929287
32.470343,54.032199,25.888034
32.451807,54.010646,25.953422
32.750797,53.675779,26.026214
33.073866,53.150653,26.370772
33.159670,52.579419,26.531887
33.117118,51.571971,26.807913
33.288469,51.018854,26.787832
33.674774,50.129218,26.743287
33.850238,49.892335,26.693055
34.165671,50.086525,26.953836
34.229479,49.646460,27.051550
34.265760,49.480695,27.135541
34.298615,49.220343,27.098587
34.257658,49.161447,27.067629
34.249467,49.148409,27.088565
34.464004,48.637146,27.156031
35.141919,47.577679,27.718258
35.037590,47.375936,27.793694
35.036875,47.374675,27.794903
35.476942,46.769794,27.567540
35.438701,46.722934,27.565470
35.731789,46.068948,27.927748
35.837756,45.623360,28.102910
35.804795,45.581930,28.081372
35.690532,45.396711,28.157208
35.872329,45.044078,28.112604
36.217421,44.539773,27.637788
36.303355,44.417258,27.644523
36.422606,44.043618,27.647882
36.528854,43.817336,27.516899
36.734393,43.471107,27.609224
37.133045,42.837199,27.860057
37.122401,42.581084,27.886894
37.508201,42.009749,27.864770
37.503062,41.751570,27.925635
37.766499,41.371063,27.825339
38.464501,40.588291,27.912737
38.745584,40.242398,27.975495
38.747332,40.230318,27.923653
38.750858,40.037820,27.929687
38.786140,39.740544,27.986899
38.889121,39.416345,27.876793
38.993849,38.992536,28.019703
38.968692,38.935219,28.062716
39.247820,38.411521,28.027290
39.525813,37.919958,27.839309
39.460490,37.821245,27.899250
39.559264,37.641141,27.994504
39.840338,37.178915,27.820604
39.839311,36.992945,27.887663
40.420473,36.419484,28.564310
40.692311,35.607614,28.735355
40.826394,35.531443,28.854797
41.045266,35.296239,29.123447
41.255202,35.220413,29.219168
41.514935,34.939341,29.345869
41.565378,34.984253,29.340098
41.656373,35.025139,29.379720
41.987102,34.981834,29.186665
42.184411,35.017703,29.114943
42.562116,34.788265,29.201322
42.650173,34.800909,29.199729
42.888186,34.645230,29.396123
43.143109,34.823498,29.273994
43.566327,34.573309,29.057111
43.748390,34.616308,29.078713
43.853921,34.600581,29.168036
44.800747,34.229641,29.008061
44.948426,34.139080,28.915403
45.253622,34.042024,28.781665
45.320663,34.098419,28.779797
45.413401,34.136376,28.648292
45.439011,34.157060,28.616483
45.664399,34.248993,28.667021
46.144310,34.094114,28.850437
46.308049,34.171434,28.795050
46.606725,33.947852,29.169086
46.632712,33.947053,29.175347
46.896190,33.583388,29.259382
47.428547,33.440823,29.429721
47.466836,33.322658,29.525244
47.864582,33.111057,29.347849
48.121150,33.064348,29.305284
48.205957,33.093245,29.269292
48.412119,33.042878,29.236508
48.996934,32.480455,29.572285
49.384225,32.279313,29.486672
50.159426,31.908940,29.997764
50.212589,31.936945,29.944931
50.654762,31.734033,29.999759
51.011146,31.587926,29.807359
51.459750,31.396543,29.739215
51.595364,31.485328,29.733120
51.678418,31.574199,29.883600
51.895742,31.642043,29.981648
51.927934,31.598427,29.928153
52.251803,31.976356,29.835756
52.413251,32.043018,29.657045
52.662614,32.287678,29.554829
52.751474,32.190242,29.590045
52.752774,32.191134,29.590143
52.866995,32.062017,29.580614
52.952933,32.122123,29.431267
54.044914,32.179078,29.356250
54.128670,32.229283,29.296004
54.398205,32.137678,29.261094
54.507609,32.218280,29.332396
54.544222,32.159106,29.317137
54.757414,32.178356,29.189823
54.761683,32.192402,29.207197
55.115874,31.951217,29.265430
55.260231,32.061802,29.208967
55.534821,32.104435,29.445218
56.179738,31.797966,30.079288
56.257014,31.861698,30.082258
56.331271,31.898512,30.142286
56.332066,31.898819,30.142499
56.969570,31.528941,30.520537
57.402336,31.762579,30.449378
57.668377,31.701494,30.578335
58.160447,31.413789,30.608656
58.161323,31.392460,30.635843
58.279879,31.409508,30.703867
58.298147,31.443798,30.725548
58.416266,31.527536,30.767738
58.943467,31.235553,30.399660
59.785552,31.757834,30.432620
60.402075,31.784579,30.458177
60.880168,32.056756,30.394576
61.207607,31.876427,30.337764
61.208301,31.876461,30.337648
61.629446,31.685083,30.731810
63.905413,30.776570,30.651578
64.204737,30.612048,30.529112
64.510011,30.547268,30.502773
64.930627,30.706557,30.680976
64.934809,30.708518,30.702300
65.043689,30.744090,30.636169
66.081715,30.873751,30.886693
66.578089,30.541985,30.928976
66.977236,30.440966,30.935420
67.600945,30.047080,30.899380
67.725260,30.054449,30.981680
67.965575,30.254699,31.112309
68.155908,30.335071,31.037568
68.784789,30.219840,31.034106
68.828175,30.095243,30.895799
69.144463,29.949781,30.939645
69.544111,29.864926,30.834375
69.581986,29.835860,30.820229
70.192191,29.809771,31.127475
70.629357,29.673345,31.132528
70.867997,29.762288,31.017843
71.655826,30.087311,30.921828
71.656596,30.092424,30.926828
72.538338,30.158998,31.148012
72.805897,30.205124,31.006010
72.820236,30.181424,30.981532
73.529869,30.415440,31.049874
73.784073,30.523311,31.156591
73.788879,30.546483,31.135371
73.993399,30.618941,31.216499
74.005081,30.592829,31.189878
74.431071,30.544524,31.379381
74.548005,30.634500,31.224679
74.817446,30.680141,31.070697
75.360569,30.675246,31.683219
75.636717,30.790654,31.795089
75.646891,30.817018,31.805206
75.851725,30.718208,31.653952
76.300536,30.525620,31.702113
77.060397,30.756174,31.350906
77.740157,30.317608,31.363611
77.945134,30.749935,31.222135
78.597422,30.956766,30.848272
78.768818,30.925610,30.770064
79.602601,30.632967,31.023011
79.977535,30.702021,31.136343
80.793578,30.567101,31.050074
81.161214,30.655500,31.210319
81.560370,30.566910,31.194539
82.351895,30.159205,31.249517
82.354627,30.152843,31.243169
82.665824,30.264544,31.127552
82.989174,30.128293,31.426126
83.168725,30.108831,31.377737
83.597856,29.928585,31.466787
83.646161,29.880880,31.475679
83.826547,29.914005,31.346542
84.003622,30.324278,31.212042
84.596341,30.241917,31.428400
84.600107,30.224205,31.465927
84.733051,30.592233,31.742200
84.733656,30.592497,31.742722
85.482707,30.744657,32.253164
85.481809,30.750943,32.260223
85.807234,30.634035,32.584282
86.330367,30.504188,32.527355
86.743937,30.590316,32.780193
87.194043,30.758520,32.741295
87.374125,31.002268,32.795246
87.424210,31.010294,32.781221
87.996981,31.065741,32.638382
88.497610,31.098831,32.123191
88.540658,31.147803,32.236578
88.870010,31.113878,32.494555
89.578047,31.082390,32.300692
89.933891,30.951419,32.297220
90.356617,31.062492,32.390661
90.357303,31.062431,32.390882
90.877851,31.053180,32.487608
91.186273,31.012450,32.333629
91.924455,31.178504,32.193643
92.918315,31.248642,32.288993
93.058349,31.171069,32.366901
93.152463,31.179349,32.292911
93.157924,31.164701,32.278176
94.060596,31.187039,32.124718
94.903594,31.509064,32.347111
95.321572,31.259275,32.475818
95.655119,31.320860,32.580859
95.974146,31.602357,32.911461
96.086058,31.488652,32.928386
96.508503,31.449845,33.067223
96.705215,31.168164,33.433040
97.344516,31.056046,33.412979
97.345584,31.059208,33.402663
98.299881,31.653745,32.893772
98.573266,31.548923,32.665854
99.438980,31.134827,32.695579
100.371959,31.421588,32.302518
100.540411,31.393945,32.397908
101.226013,32.405347,32.221641
101.706899,32.479217,32.300926
101.894142,32.909060,32.158263
101.915326,32.889591,32.107308
101.934031,32.821313,32.113800
101.941208,32.809100,32.101230
102.012122,32.785420,32.043373
102.629383,32.973085,31.797971
102.692068,32.917905,31.851557
103.955936,33.006791,31.218695
103.988460,32.970234,31.221635
104.663332,33.590481,31.207168
105.443371,33.690580,31.420120
106.091030,33.994879,31.148971
106.710371,33.924687,31.102308
106.769393,33.937159,31.088648
107.374744,34.258910,30.715343
107.465971,34.463396,30.699456
107.684417,34.359623,30.931864
107.663073,34.684548,31.215621
108.439014,35.348336,31.222879
108.563781,35.235582,31.322431
108.627953,35.313063,31.398702
109.450555,36.272018,31.296152
110.257025,36.625979,31.096952
110.518369,36.658543,31.099101
110.578202,36.633548,31.052853
110.767081,36.661073,30.945181
110.761855,36.726628,30.962849
111.250206,36.478677,30.915666
111.554984,36.431782,30.904225
112.189321,37.266980,31.193653
112.415941,37.342584,31.207809
112.557012,37.534273,31.284196
112.546555,37.581662,31.323807
113.290447,37.780777,31.538295
113.337823,37.730204,31.508283
113.607157,37.765904,31.484505
113.607133,37.766931,31.484847
114.069613,38.682898,31.308613
114.115614,38.635767,31.354215
114.342504,38.790899,31.447315
114.346547,38.800973,31.418061
114.416269,38.916622,31.453683
114.413565,38.974737,31.443642
114.396006,39.060802,31.441758
114.592468,38.968635,31.540946
114.739661,39.075640,31.503707
115.227681,39.326624,31.650686
115.592325,39.644622,32.012853
115.579977,39.669495,32.032827
115.766227,39.833289,31.836606
115.766696,39.833602,31.836684
115.794880,39.813356,31.846379
115.844344,40.331776,31.931704
115.920822,40.294889,31.995446
116.175113,40.199673,31.556075
116.230742,40.203486,31.696964
116.486434,40.244955,31.716888
116.714640,40.505416,31.490915
116.727999,40.646583,31.577156
116.797965,40.817661,31.718313
117.075732,40.890213,31.921076
117.092568,40.928502,31.968153
118.029622,41.715136,31.870685
118.480075,42.269392,32.126459
118.614309,42.244359,32.186817
118.708667,42.121070,32.185365
118.834834,42.252852,32.297978
118.917970,42.193737,32.250239
119.246461,42.847144,32.095166
119.352929,42.781749,32.189759
119.742366,42.566645,32.162797
121.931256,43.107361,32.303061
122.324015,43.429336,32.457456
122.552008,43.320961,32.500408
123.731902,43.668185,32.486688
124.246464,44.677561,32.297697
124.733794,44.896994,32.958469
124.852726,45.192036,33.118327
124.839044,45.297647,33.207800
125.299517,45.421430,33.369947
126.194387,45.410940,33.479242
126.654686,45.496558,33.757076
127.023714,45.529744,33.617600
127.385363,45.943152,33.686189
128.127186,46.200102,33.677714
128.578334,46.606868,33.752899
128.632981,46.590126,33.833666
128.703925,46.756973,34.026011
128.962433,47.195886,34.019610
129.063239,47.479530,33.982150
129.689279,48.432969,34.041184
129.710963,48.417385,34.087289
130.417541,48.831950,33.967697
130.546132,48.921382,33.937595
130.550326,48.919667,33.938147
130.799389,49.142491,33.661907
130.909569,48.972590,33.602350
131.358129,48.900612,33.726024
132.220095,49.419459,33.933749
132.221022,49.426859,33.917364
132.306494,49.480388,33.877850
132.535389,50.027590,33.926792
133.232307,50.447590,33.913752
133.220080,50.471456,33.864937
133.815738,50.709205,33.390738
133.915555,50.721081,33.394828
134.066916,50.781549,33.306899
134.202141,51.118030,33.226462
134.967490,52.571227,33.135827
134.954428,52.589393,33.108108
135.084790,52.652627,33.000812
135.691574,52.928363,32.549120
136.364321,54.329986,32.350443
137.968791,55.886200,32.736092
138.363958,56.537778,32.605426
138.426436,56.517429,32.725269
138.548096,56.466768,32.693392
138.595178,56.377181,32.809013
139.620453,57.093604,32.703814
139.620940,57.094137,32.703285
139.591114,57.170321,32.579950
139.941911,57.334856,32.369984
140.111605,58.031749,32.578390
140.667974,58.599468,32.427244
141.123599,58.735766,32.140834
141.091464,58.835895,32.182991
141.317993,59.005709,32.069889
141.428550,59.570334,32.108066
142.600636,60.318654,31.958275
142.620395,60.334748,31.924084
144.002010,61.595384,31.674774
144.150123,61.469799,31.747322
144.142667,61.476998,31.718161
144.197294,61.502616,31.784561
145.265263,62.463465,31.237301
145.974294,63.169450,30.984367
146.787578,64.117463,30.401821
147.499303,65.544382,30.542530
147.699236,66.085630,30.822480
148.580311,67.091844,30.835290
148.766442,67.368747,30.957648
148.843842,67.299082,30.905992
148.876905,67.433495,30.846469
149.569659,67.859953,30.769123
149.621045,67.949861,30.837369
149.991650,68.795352,30.730079
151.278586,69.997847,30.435200
151.278861,69.998600,30.434991
151.823069,70.748965,30.471660
151.819811,70.759730,30.477423
151.967636,70.726762,30.461919
152.287748,71.023617,30.202179
153.373242,71.690385,30.186399
153.576298,72.534625,30.053505
153.568308,72.702562,30.121634
154.046920,74.375241,29.848221
154.803835,75.074606,29.505831
155.056474,75.291350,29.433867
155.056813,75.292095,29.433582
156.096128,76.037615,29.250516
156.799445,77.378328,29.031940
156.805750,77.379182,29.016053
157.262433,78.111550,29.313061
157.624526,77.829958,29.367415
158.418897,78.476119,29.944140
158.866319,79.022559,30.336472
158.866169,79.023881,30.336970
159.866583,80.602779,30.095227
159.861986,80.608133,30.102984
160.415450,81.336538,30.499570
161.038204,81.251192,30.554011
161.040981,81.250332,30.556233
161.042495,81.249508,30.557912
161.812116,81.994660,30.145089
161.800657,82.007664,30.128970
162.596671,82.576990,29.812027
163.305020,83.643109,30.046252
163.304778,83.645099,30.038309
163.619631,84.507334,29.929795
163.743041,84.391829,29.880513
163.743123,84.443650,29.922635
164.200384,84.831090,30.020510
164.370351,84.763082,30.012736
164.703759,85.315222,29.995116
164.841473,86.353689,29.901062
165.691411,87.593054,29.769476
166.080397,88.336876,29.863096
166.044410,88.489902,30.072683
166.155749,88.391191,29.975866
166.566349,88.911195,30.111878
167.154978,89.853961,30.130840
167.786844,89.998490,30.420199
168.343540,90.545310,30.614152
168.605987,91.075076,30.732420
168.622127,91.092442,30.777798
168.856913,91.747506,30.398875
169.190378,92.341635,30.117890
169.900774,93.287184,30.148065
170.304317,94.188182,29.922654
170.998007,94.930490,30.353547
171.280786,95.301191,30.389062
171.281756,95.301679,30.389599
172.625507,96.474160,30.285761
172.595769,96.775176,30.035601
173.627517,97.887760,30.192397
173.951752,98.512358,30.080196
174.901892,100.092178,29.848109
174.902652,100.092657,29.847987
175.206567,100.563848,29.754036
175.206895,100.564896,29.753951
175.304455,100.421902,29.854976
175.595980,100.672181,29.790114
175.940069,101.313205,29.723956
176.755885,102.269801,29.204204
177.310493,103.416774,29.036551
177.395975,104.176617,28.620282
177.526154,104.886211,28.448415
178.087012,105.425357,28.617830
179.124927,106.499135,29.107935
179.450813,107.062485,29.089609
179.602442,107.416785,28.937338
180.202274,107.898971,28.948116
180.791234,108.907556,28.727374
180.969558,108.859444,29.017000
181.029736,109.336190,29.286952
182.059676,111.488912,28.884629
183.344831,112.238142,28.784696
183.394139,112.691404,29.053651
183.588362,113.114012,29.065190
183.530550,113.217219,29.035643
184.023985,114.176456,29.350301
184.716742,114.379573,29.090765
185.023248,114.418003,29.194464
185.252843,114.882781,29.042840
185.967907,115.536326,29.037162
185.998589,115.532360,29.047665
186.356310,116.672515,28.798105
186.753605,117.287263,28.664062
187.308056,117.621952,28.504722
187.767225,117.960782,28.689639
188.000603,118.795738,28.596636
188.286679,119.372400,28.502220
188.433952,120.274857,28.619676
188.607484,120.120099,29.060349
189.055797,120.239647,29.086639
189.512671,120.929310,28.879535
190.340945,121.064226,29.289694
191.444609,122.433929,29.363521
191.786206,122.903794,29.340703
191.994401,123.429803,29.317807
193.174939,125.566669,29.331435
193.437406,126.702551,29.290144
193.859242,126.989948,29.958891
194.265352,128.302897,29.992139
194.378114,128.422971,29.860176
194.378255,128.424836,29.859684
194.589912,128.690199,29.637740
194.816176,128.750773,29.586191
194.753999,128.900238,29.525130
194.752541,128.903575,29.523817
195.563352,129.677693,29.581855
196.149345,130.145419,29.853080
196.147004,130.150045,29.853019
196.558567,131.226511,29.814648
197.290804,131.113087,29.308366
197.887244,131.622163,30.118647
197.906983,131.610061,30.087411
198.501980,132.577312,29.915098
198.657619,133.026813,30.051767
198.786753,133.252180,29.981644
199.037191,133.407765,29.874859
199.430044,133.644334,29.919522
200.106391,134.419298,29.616570
200.638073,134.566213,29.340616
201.222434,134.976296,29.617178
202.016712,135.463885,29.260269
202.228992,135.612647,29.147106
202.604871,136.049349,29.035114
203.331160,136.323644,28.809162
204.145189,136.334275,28.577070
204.574200,136.741768,28.601640
204.575057,136.743247,28.601127
204.582244,136.736825,28.604463
204.761084,136.894095,28.747787
204.989038,137.338705,28.984129
205.251672,137.315414,28.895643
205.252315,137.317204,28.895456
205.508989,137.602106,28.956078
205.724645,138.217126,29.156292
205.842106,138.398899,29.038518
206.448185,138.504280,28.804881
207.391853,138.750147,28.531390
207.582323,138.918717,28.679495
208.025437,139.372203,28.774380
208.753770,139.964941,28.765405
208.754716,139.966681,28.765527
208.852388,140.470515,28.923222
209.207604,140.443711,28.819075
209.616327,140.489550,28.922072
210.203545,140.472661,29.013401
210.197939,140.559000,29.086160
210.372779,140.553725,28.960319
210.705673,140.993987,28.988528
210.998215,141.311649,29.271452
211.093439,141.297475,29.326899
211.094378,141.299782,29.327154
211.354537,141.515463,29.633533
211.379456,141.668323,29.572664
211.565530,141.829587,29.834045
211.698348,141.675605,30.046314
211.820784,142.090931,29.714155
212.402124,142.621453,29.557273
212.436751,142.775223,29.568627
212.896520,143.472079,29.638526
213.327487,143.773152,29.653955
214.050450,144.596010,29.331613
214.130538,144.695407,29.591647
214.191062,144.882889,29.572924
214.315135,144.860852,29.486561
214.781137,145.376153,29.314747
215.065494,145.373986,29.525924
215.299989,145.511069,29.558073
215.844340,146.017835,29.370906
216.013278,146.144118,29.423584
217.131993,146.671600,29.286020
217.210791,146.675542,29.331674
217.358816,146.829121,29.322255
217.929388,147.041102,29.245114
217.979155,147.291010,29.400442
218.053688,147.537478,29.421839
218.143629,147.856371,29.511355
218.345483,147.442665,29.585919
218.398947,147.277171,29.657336
218.883553,146.756497,29.536359
218.907616,146.657536,29.513008
219.076184,146.241482,29.428163
219.127917,146.098781,29.426594
219.182804,145.917207,29.826763
219.189729,145.912923,29.828145
219.607223,145.696588,29.667447
219.901121,145.248104,29.860539
220.812078,145.499283,29.657238
220.918972,144.979169,29.772928
221.219942,144.433021,30.169539
221.258829,144.161400,30.220598
221.248347,144.015658,30.170782
221.650352,143.372808,30.392578
221.976322,143.382764,30.378372
221.913693,143.200264,30.393034
221.970570,143.064024,30.459398
222.138149,142.853578,30.421135
222.142933,142.718884,30.296595
222.409944,142.254707,30.402723
222.619986,141.669176,30.932925
222.804816,141.152723,30.859812
222.889965,141.077131,30.781358
223.043853,140.739141,30.913706
223.155683,140.420378,30.877148
223.562748,140.215919,30.766833
223.680726,139.843892,30.693498
223.769081,139.543370,30.612765
224.203130,138.896549,30.808625
224.349577,138.261167,30.775505
224.965300,137.877728,30.339987
225.042253,137.380200,30.175690
225.296277,137.200143,30.308956
225.396377,136.847443,30.552761
225.605057,136.273798,31.424114
225.785644,136.102647,31.316946
225.828990,135.750914,31.754632
226.158254,135.143238,32.113021
226.274543,134.972345,32.524386
226.249667,134.707293,32.534731
226.449979,134.605583,32.642830
226.450007,134.603690,32.643503
226.738951,134.185328,32.644244
227.212584,133.778605,32.798288
227.158884,133.287046,32.682344
227.319920,133.015532,32.504071
227.376463,132.734707,32.583997
227.323467,132.566496,32.656421
227.317551,132.288521,32.755040
227.735291,131.753981,32.432419
227.972668,131.563437,32.549215
227.956870,131.553579,32.568461
228.075560,131.290460,32.452038
228.257249,130.599845,32.567959
228.707975,130.491177,32.986793
229.036234,130.438405,32.905800
229.116167,130.468622,32.921749
229.238061,130.232341,32.876400
229.310625,129.659253,33.279836
229.358579,129.647467,33.261687
229.818966,129.623506,33.549497
229.733658,129.272018,33.658902
229.764290,129.264733,33.618783
229.840060,129.174169,33.637705
229.936240,128.746214,33.689683
229.936712,128.744977,33.690178
230.076821,128.775772,33.884639
230.515045,128.138335,33.991648
230.589739,127.675633,33.726918
230.959344,127.980715,33.918166
231.370354,127.822703,33.948866
231.572769,127.216777,33.924308
231.586100,127.013915,33.833544
231.916150,125.875159,33.750765
232.072899,125.037336,33.584252
232.261670,125.011070,33.745140
232.427486,124.666684,33.848186
232.382460,124.379816,33.873357
232.528586,124.117991,33.833863
232.720292,122.882554,34.507967
232.693072,122.836407,34.464306
232.801857,122.798106,34.491910
233.161563,122.459644,34.405505
233.109568,122.215266,34.486807
233.378936,122.210189,34.645104
233.752092,121.773942,34.508338
233.824955,121.392438,34.577095
234.012530,121.486704,34.588293
234.664536,121.519721,34.157976
234.579941,121.240206,34.132307
234.600223,120.953456,33.972299
234.740980,120.170581,34.269889
234.769245,119.497072,34.238644
235.100596,119.285926,33.776548
235.198398,119.060138,33.636452
235.245707,118.976270,33.567884
235.247085,117.368360,33.729446
235.541856,117.001546,33.619214
235.745823,116.304268,33.321901
235.680159,115.980523,33.384587
235.822789,116.040555,33.321658
236.036786,115.139901,33.378149
236.038311,115.139052,33.375782
236.390448,114.895039,33.448561
236.959520,114.335688,33.423266
236.963555,113.763689,33.427323
236.964926,113.623556,33.339069
237.075459,112.509078,33.169761
237.135210,112.340156,33.278180
237.271743,112.124148,33.491470
237.638872,111.960081,33.659788
237.900145,111.700215,33.704766
238.365401,110.178643,33.938192
238.432683,109.789356,34.407059
238.602426,108.865433,34.846271
238.549241,108.654568,34.945513
238.485404,107.836945,34.721444
238.490485,107.728582,34.638407
238.541417,106.110656,34.971482
238.426949,105.297681,34.900350
238.434465,105.134841,34.795675
238.491568,104.052452,34.558162
238.724957,103.060092,34.841315
238.813064,102.428572,35.242628
239.431140,101.188860,35.161052
239.517336,100.790637,35.031930
239.604424,100.393716,35.330821
239.702295,100.423241,35.220631
239.968354,99.641287,36.110451
240.087936,99.273193,35.975925
240.104106,98.492767,36.128020
240.612735,97.995699,36.334427
240.607408,97.613576,36.199287
240.593174,97.567940,36.031375
240.516938,96.581984,35.892841
240.505408,96.025527,35.819323
240.744631,94.965327,36.004674
240.864189,94.518191,36.191980
241.027474,92.414182,35.987479
241.043167,92.390985,36.083509
240.964817,91.727006,36.268292
241.039435,91.802307,36.307354
241.107480,91.443177,36.154348
241.107539,91.442267,36.154050
241.395841,89.195040,35.928223
241.469967,88.824782,35.747398
241.346609,87.835762,36.256479
241.492372,87.153470,36.518847
241.492834,87.152630,36.515017
241.565822,86.753161,36.386781
241.808019,85.378297,36.356627
241.666353,85.010033,36.388574
241.746256,84.968355,36.298059
241.923734,84.019465,36.067001
242.059220,83.382771,35.601584
242.215278,82.803360,35.859406
242.280294,82.613091,35.855291
242.312567,82.194007,36.004261
242.132271,81.349838,35.818668
242.137940,81.349365,35.803974
242.237264,81.077693,35.645325
242.456232,80.182035,35.651497
242.496895,80.078950,35.753112
242.602138,79.804390,35.604333
242.707563,79.265569,35.316861
242.961426,77.446694,35.056795
242.855709,76.432305,35.190364
242.817833,75.344910,35.289246
242.864757,75.047521,35.155858
243.057970,74.576188,36.228857
243.115666,74.036453,36.500371
243.052140,73.482660,36.408841
243.337445,73.144340,36.378128
243.461914,72.185840,36.448863
243.721559,71.883750,36.408665
244.072517,70.335798,36.592983
244.027472,69.741828,36.400583
244.061640,69.473244,36.217416
244.145650,69.017075,36.190025
243.963815,68.296610,36.220320
244.105562,67.872741,36.145368
244.271670,67.378744,36.069961
244.398930,66.986316,36.188354
244.627406,65.749632,36.229883
244.643645,65.741579,36.289171
244.694977,65.004067,36.498396
244.793985,64.591258,36.169024
244.781779,64.569109,36.067562
244.818099,64.349068,35.941510
244.830396,64.327602,35.893143
244.671820,64.174166,35.771580
244.894431,63.811265,35.891186
244.987834,62.318538,36.161748
245.059554,62.157256,36.115940
245.299191,61.392676,36.076716
245.356402,60.994049,35.964947
245.388004,60.803258,36.214676
245.434356,59.921875,35.728894
245.376165,59.676249,36.188799
245.461210,59.346548,36.111528
245.450825,58.982813,35.894714
245.366430,58.763972,35.714503
245.424992,58.453811,35.502382
245.458682,57.968663,35.385270
245.445445,57.181829,35.393623
245.474245,56.881398,35.389391
245.474250,56.880511,35.388769
245.402325,56.714843,35.268504
245.429767,56.549254,35.164388
245.437415,55.534856,34.778656
245.468647,54.920811,34.446492
245.674532,54.146608,34.552487
245.586501,53.492734,34.035952
245.533689,53.345153,33.878163
245.656771,51.934595,33.990731
245.603916,50.504409,33.609942
245.506390,50.237285,33.492246
245.460896,49.366754,33.616778
245.492492,48.775967,33.848390
245.492561,48.774832,33.848629
245.410382,48.095505,33.542631
245.452629,47.948610,33.573292
245.427054,47.478677,33.751761
245.412124,47.359789,33.667190
245.431381,47.240840,33.595657
245.428119,46.997997,33.232355
245.413980,46.864020,33.169133
245.631173,45.952452,32.668176
245.836960,45.771906,32.676352
245.869361,45.131995,32.875972
245.869039,45.130701,32.877247
245.776650,44.764253,32.684682
245.656068,44.322130,32.661267
245.656405,44.223981,32.819082
245.730475,43.909289,32.811682
245.739640,43.638212,32.985439
245.691055,42.986351,33.053544
245.704048,42.661682,32.929218
245.743611,41.832275,32.814491
245.723062,41.198073,32.859672
245.689159,40.609946,32.877877
245.698142,40.606413,32.866406
245.700988,40.251245,32.959563
245.739536,39.858556,33.012481
245.668993,39.761647,32.985634
245.576121,39.439763,32.992053
245.637154,39.201222,32.767007
245.575877,39.155711,32.743629
245.590507,39.017188,32.636422
245.605947,38.952388,32.582389
245.821502,38.675068,32.562293
245.850153,38.623326,32.498621
245.847930,38.350669,32.723732
245.832468,38.233207,32.645453
245.858798,38.118630,32.576125
245.895786,38.021500,32.525432
245.920903,37.920024,32.444542
246.029275,37.605723,32.098101
245.982504,37.477080,31.988374
245.986494,37.408986,32.083171
246.020038,37.263722,31.958364
246.008566,37.119029,32.003365
246.089810,37.040105,31.949966
246.086647,36.924662,31.710467
246.155484,36.717302,31.257862
246.195002,36.535147,31.499129
246.272408,36.259680,31.657180
246.383721,35.959338,31.479827
246.369547,35.862719,31.437242
246.403242,35.718749,31.311537
246.605512,35.384058,31.204308
246.636639,35.182402,31.173685
246.724420,35.028191,31.171306
246.724042,34.922793,31.176121
246.765614,34.836549,31.101807
246.812163,34.755962,31.130861
246.840637,34.665664,31.282251
246.878829,34.476321,30.947061
246.857463,34.398084,30.884348
246.850104,34.190543,30.927315
246.809933,33.965923,30.985412
246.866753,33.729649,30.984149
246.871956,33.636811,30.998832
246.918857,33.439517,30.835462
247.081345,33.350979,30.569054
247.190349,33.108407,30.424467
247.175052,33.066770,30.399345
247.198001,32.978243,30.309618
247.218596,32.874765,30.305585
247.173285,32.765708,30.234397
247.170707,32.566149,30.135822
247.169020,32.361751,30.279710
247.309589,32.204822,30.279954
247.363673,32.091219,30.244900
247.358913,31.970742,30.168023
247.358218,31.813443,30.123916
247.402290,31.545752,30.029970
247.447528,31.447750,29.999438
247.502678,31.279050,29.547942
247.549981,31.366478,29.677522
247.617997,31.592922,29.879367
247.656306,31.522353,30.352501
247.673438,31.610596,30.418472
247.738270,31.702048,30.630259
247.769345,31.753629,30.721183
247.851346,31.946622,30.872008
247.857173,31.990960,30.958621
247.995474,32.070958,31.021606
248.104548,32.229251,31.162701
248.152252,32.267974,31.256088
248.143905,32.314945,31.368132
248.144876,32.356088,31.404498
248.108804,32.532929,31.585355
248.162532,32.502133,31.918401
248.203174,32.734447,32.043499
248.138981,32.635155,32.423153
248.186233,32.854353,32.603378
248.273522,32.921946,32.675837
248.294118,32.900768,32.940021
248.427850,33.360014,33.292741
248.530676,33.607733,33.484352
248.567871,33.647512,33.712395
248.693327,33.729530,33.920664
248.702544,33.757050,34.060201
248.692231,33.796629,34.110293
248.682202,33.813411,34.380677
248.752670,33.963907,34.458143
248.744122,34.011223,34.488166
248.838789,34.220434,34.734562
248.810492,34.314903,34.870329
248.930711,34.586455,34.827974
248.972122,34.684201,35.077411
248.951512,34.750493,35.408708
248.925006,34.902639,35.558167
248.917424,34.947989,35.746492
248.912706,34.900152,35.870885
248.897597,34.912079,36.011655
248.900726,34.890719,36.233169
248.889741,34.928198,36.319292
248.870421,35.044787,36.499951
248.872565,35.008453,36.589231
248.883880,35.097799,36.756667
248.866212,35.198058,36.885124
248.861146,35.163563,37.162281
248.913177,35.305079,37.299156
248.881955,35.467654,37.398950
248.948515,35.571181,37.583402
248.972119,35.718338,37.838002
248.954292,35.761556,37.965981
248.924244,35.992391,37.963266
248.886292,36.101950,37.672479
248.868255,36.290059,37.659053
248.858057,36.389420,37.509909
248.970754,36.833215,37.510588
