3000
3
159.448832,29.828236,237.952336
159.607723,29.832599,237.969150
159.817998,29.810088,237.946849
160.028428,29.812898,237.935187
160.196790,29.807464,237.927844
160.553872,30.319868,237.924351
160.434620,30.348762,237.696626
160.356965,30.828871,237.616836
160.273921,30.977415,237.651229
159.989167,31.090760,237.582956
159.818233,31.062514,237.601766
159.610143,31.154070,237.426962
159.346221,31.074175,237.502905
159.321400,31.303373,237.536881
159.190298,31.338054,237.519616
159.096175,31.394873,237.540249
158.840116,31.434484,237.552286
158.837165,31.513497,237.570554
158.640422,31.572493,237.613644
158.530040,31.595659,237.537375
158.286423,32.076148,237.591268
158.129371,32.106440,237.520828
157.908051,32.236383,237.513519
157.636307,32.770599,237.580404
157.485962,32.831475,237.576223
157.106145,33.011157,237.610186
156.818102,32.877511,237.543270
156.703801,32.866129,237.507691
156.572516,32.814399,237.556776
156.422874,32.759993,237.552534
156.250260,32.761123,237.260417
155.950410,32.916098,237.296858
155.743667,32.877013,237.380126
155.642529,32.892445,237.337702
155.480189,32.798484,237.306758
155.466022,32.831503,237.291280
155.419179,32.792302,237.297868
155.359539,32.822678,237.306155
154.976028,32.804309,237.339932
154.707575,32.868642,237.369542
154.380430,32.803275,236.754346
154.153482,32.797908,236.638251
154.152325,32.799076,236.638022
153.825294,32.709741,236.680393
153.824721,32.707398,236.677150
153.739311,32.604842,236.481879
153.707440,32.646359,236.456481
153.213112,32.500557,235.773574
152.722598,32.352459,235.160706
152.358664,32.328564,235.264017
151.954953,32.192257,235.200598
151.795843,32.172639,235.209387
151.115805,32.126974,234.935478
150.956404,32.133545,235.009641
150.954696,32.133546,235.009501
150.506125,32.261355,235.128021
149.799508,32.467102,235.011734
149.502391,32.660534,235.097696
148.883493,32.579116,235.050193
148.877839,32.541468,235.025752
148.320075,32.221862,234.585192
148.161789,32.274695,234.639371
147.603579,32.366833,234.627713
147.602112,32.366026,234.628065
147.364051,32.489458,234.730842
147.043538,32.395329,234.770599
146.929185,32.185023,234.683998
146.600155,31.975530,234.517310
146.061837,31.778371,234.447110
146.012849,31.751994,234.353176
145.729997,31.596643,234.446393
145.535028,31.659233,234.572567
145.415064,31.204517,234.532757
145.413786,31.203832,234.532709
145.204457,30.957247,234.529040
145.052140,30.824138,234.451916
144.013561,30.645281,234.438689
143.888323,30.546115,234.130882
143.846512,30.601272,234.164907
143.222232,30.651866,234.308720
142.825237,30.576363,234.111162
142.645844,30.610154,234.187733
142.332938,30.474295,234.224926
141.993005,30.341255,234.249008
141.570305,30.349604,234.068749
141.569194,30.349084,234.068457
141.140411,30.100899,234.102355
141.053098,30.032400,233.847577
140.767101,29.950516,233.762929
140.626114,30.066144,233.650603
140.370681,30.024074,233.702376
140.285930,29.945794,233.613091
140.281012,29.818368,233.562351
139.883173,29.631450,233.395451
139.340746,29.970032,233.674350
139.165742,30.038899,233.699675
138.849242,29.867176,233.452142
138.056852,29.450941,233.273465
137.763728,29.544005,233.395354
137.217358,29.530040,233.280699
136.710425,29.469425,233.418102
135.665313,29.282432,232.898486
135.303929,29.369831,232.841795
135.302568,29.371634,232.842549
134.943969,29.251876,232.936145
134.561826,29.344446,232.904869
134.163422,29.405818,232.841382
134.160435,29.413156,232.856138
133.324628,29.670192,233.098974
132.854051,29.733521,232.865655
132.681102,29.788223,232.906121
132.431774,29.837554,232.967811
132.025632,29.938855,232.899035
131.286457,29.978921,232.909123
130.768983,29.769104,232.741347
130.372203,29.858519,232.806965
129.880455,29.642255,232.511647
128.339170,29.675171,232.388514
127.528341,29.459721,232.642591
126.530895,28.990972,232.395520
125.571301,28.801291,232.650299
125.139262,28.999369,232.942572
125.137612,28.997213,232.948448
125.030026,28.941942,232.825629
124.705446,28.807533,232.914279
124.108743,28.558499,232.493293
123.852698,28.878379,232.584864
123.678915,28.980998,232.630988
122.298010,29.499603,232.097288
121.078245,29.335601,231.664554
120.783408,29.449566,231.672289
120.608421,29.373722,231.203626
120.556690,29.439542,231.184563
119.836209,29.350421,231.381426
119.079234,29.147451,230.948753
118.245396,29.211549,230.739390
117.575289,29.615154,230.694761
116.760490,29.285436,230.433293
116.758395,29.285430,230.441024
115.471261,29.302638,230.477134
114.077614,29.817646,230.330509
114.055448,29.875818,230.362326
113.177692,29.676541,230.326061
112.103150,29.641307,230.601401
111.961958,29.512842,230.517075
111.893704,29.452129,230.513523
111.337323,28.942568,230.268004
110.150433,28.692185,230.478231
108.959311,28.686695,230.347603
108.371249,28.529588,230.385346
107.765781,28.517929,230.300721
107.318284,28.583351,230.387933
107.291577,28.540764,230.426823
106.911426,28.388854,230.233892
106.910466,28.387488,230.235591
106.584500,28.241224,230.331519
106.576566,28.215075,230.339163
106.447721,28.076130,229.742580
106.284634,28.091500,229.819339
105.887061,28.234666,229.828040
105.398397,27.925490,229.478030
104.545735,27.665057,229.642314
103.469011,27.850607,229.497861
102.820009,27.993144,229.395552
101.814272,27.625700,229.381684
100.683253,27.752912,229.385096
100.266028,27.420168,228.309081
99.513463,27.084240,228.373182
99.276268,26.947316,228.081534
99.275607,26.950892,228.077030
98.413831,26.561577,227.969024
97.712329,26.512355,227.842324
97.346997,26.412177,227.961827
97.157359,26.345126,227.672910
95.268544,26.148098,227.464746
94.875398,25.993855,227.515307
94.374527,26.028404,227.200290
93.995248,26.050921,227.372557
93.600406,25.903137,227.481978
92.931080,25.537076,227.376838
92.531725,25.444942,227.438129
92.146861,25.854151,227.442890
91.741843,25.686715,227.567806
91.154237,25.470868,227.082878
91.148317,25.467131,227.061251
89.190432,25.037258,226.908588
89.185938,25.000655,226.888608
89.185222,25.001535,226.884088
88.907331,24.813547,226.748879
88.853426,24.778402,226.786242
88.593622,24.670383,226.310941
87.828075,24.405656,226.213657
87.146120,24.365138,226.602054
85.857167,24.011623,226.175920
84.682298,23.881044,226.502624
84.352534,23.732435,226.514389
83.727110,23.426889,226.785758
83.159829,23.886297,227.083386
82.388820,23.617941,227.294637
80.852616,23.737326,227.172156
80.482566,23.610425,227.281986
79.450747,23.227774,227.061505
79.048451,23.122022,227.241281
78.040080,23.001989,227.404065
77.684592,22.881570,227.529191
77.405365,23.000739,227.746299
77.421266,22.950833,227.596140
77.021143,22.873762,227.776689
75.921829,22.729589,227.100149
75.482147,22.845377,227.462745
74.706750,22.984760,227.347612
73.911737,23.547655,227.200465
73.202147,23.611775,227.278788
72.303795,23.621262,226.598654
71.244037,23.479519,227.316376
70.592716,23.714432,227.020688
70.589731,23.721815,227.011538
70.542795,23.665793,227.064038
70.257135,23.552247,227.172031
70.253168,23.559902,227.158272
70.109807,23.386769,226.427329
69.782245,23.246980,226.567902
69.431851,23.232300,226.760462
69.412272,23.341931,226.812206
69.209926,23.328165,226.883591
68.641039,23.403322,226.891901
68.640361,23.403259,226.892021
68.034333,23.455456,226.961048
67.709161,23.302894,226.931609
66.918869,22.947524,226.792257
66.114164,22.808309,226.680306
65.180211,22.912612,226.796526
65.180479,22.908477,226.804906
65.168955,22.923709,226.789108
64.970400,23.075582,226.871271
64.451594,22.907167,226.972396
63.902458,22.798505,227.216999
63.636142,22.921624,227.320262
63.389171,22.819478,227.428253
63.388161,22.817665,227.430528
62.905188,22.615339,227.645169
62.650072,23.067889,227.673641
62.526321,23.262688,227.538993
62.567742,23.709839,227.590839
61.866164,23.785218,227.768243
59.986324,23.958836,227.869668
60.026540,24.430982,227.976976
59.743108,24.518633,228.094770
59.028221,24.319177,227.838352
59.024436,24.327316,227.825353
58.484578,24.144247,227.652497
57.813528,24.434190,228.246882
57.093158,24.646518,228.260129
56.829970,24.594910,228.537403
56.412735,24.762413,228.532880
55.893327,25.014643,228.287798
55.757012,25.082037,228.359303
55.470638,24.933135,228.256932
55.105764,24.250307,228.130484
55.105200,24.250071,228.130271
54.454816,23.937951,227.788434
52.899416,23.682798,227.627459
51.920584,24.255582,228.046270
51.416363,24.213642,228.214793
51.410775,24.228823,228.197209
51.330779,24.149256,228.126386
50.946884,23.944052,228.104882
50.638225,24.078833,228.147458
50.637709,24.080649,228.145302
49.914043,24.109951,227.500525
49.582213,24.289905,227.614182
49.153025,24.851022,227.663627
49.152462,24.850995,227.663517
48.916774,24.910874,227.601669
48.727541,25.004396,227.502150
47.859502,24.786237,227.453313
46.864919,23.981680,227.059569
45.241692,23.469411,227.074328
45.170347,23.523892,227.009932
44.804623,23.323765,227.244997
44.668663,23.282754,227.328467
44.217114,23.273328,227.191776
43.629129,23.319111,226.938492
43.313161,23.365258,226.666899
42.879255,23.100798,226.984987
42.879264,23.098787,226.987445
42.324036,23.080543,227.083214
41.958497,22.888498,227.330172
41.957839,22.887982,227.330623
41.337246,22.924725,226.865457
41.336261,22.925759,226.864006
41.060957,22.735755,226.554042
40.850680,22.891282,226.449345
39.922225,22.249028,226.467216
39.543502,22.213193,226.756140
38.706819,21.888002,226.593469
38.560877,21.798875,226.707887
38.484580,21.754878,226.764273
38.307954,21.652003,226.854003
38.217147,21.627623,226.937693
37.878001,21.447809,226.694568
37.661838,21.441910,226.683161
37.306635,21.447981,226.753887
37.109061,21.328226,226.747325
36.663045,21.120617,226.824349
36.554642,21.208191,226.709071
36.374003,21.286643,226.969218
36.313769,21.249073,227.020829
36.255039,21.211617,227.072562
36.197381,21.177332,227.117560
35.989995,21.072320,227.195469
35.973662,21.048113,227.227268
35.345761,21.046934,227.115454
35.292935,21.041091,227.157199
34.603246,21.124239,227.083727
34.064148,21.040632,226.514483
33.995522,21.050111,226.514675
33.949918,21.045291,226.552425
33.515134,20.956056,226.149455
32.894020,21.093489,226.041535
32.453180,20.956983,226.032095
32.154181,20.951045,225.943691
31.799342,20.747490,225.635586
31.571790,21.017957,225.790561
31.567284,21.026827,225.779657
31.133123,21.232603,225.566598
30.437790,21.347127,225.753839
30.405953,21.324976,225.784027
30.129500,21.338003,225.709803
30.032093,21.475945,225.762342
29.903300,21.383368,225.799564
29.740462,21.266168,225.792668
29.688875,21.229512,225.842821
29.157777,20.988323,225.816367
28.567175,20.544662,225.145259
28.419934,20.459420,225.184724
27.899669,20.567612,225.085024
27.788349,20.516737,225.122316
27.565626,20.561654,225.266073
27.348681,20.667439,225.635663
26.999849,20.634766,225.875275
26.955236,20.600352,225.923846
26.786660,20.481912,225.672604
26.187990,20.556678,225.616759
25.564226,21.137530,225.697466
25.449803,21.044758,225.769363
24.781553,21.085544,226.002492
24.567768,21.158480,225.856522
24.507640,21.124816,225.866295
24.342352,21.012622,225.756078
23.780713,21.246184,225.905837
23.296273,21.360652,225.832289
23.211947,21.399638,225.779922
23.148779,21.377951,225.854335
23.107255,21.344094,225.905734
22.832374,21.550221,226.104443
22.628449,21.639003,226.206582
22.494118,21.543178,226.304030
22.434511,21.589992,226.144498
22.293692,21.748053,225.978628
22.278448,21.853916,225.912064
22.236033,21.774109,225.528690
22.268318,21.730313,225.192346
22.207633,21.783804,225.043236
22.224889,21.796449,225.018483
22.203711,21.763670,224.833737
22.072171,21.901281,224.652889
22.106066,21.931249,224.607171
22.154854,21.969592,224.543371
22.176946,22.003401,224.396347
22.152691,22.559918,224.356792
21.758763,22.820060,224.210085
21.818653,22.844254,223.867906
21.708582,23.059631,223.524343
21.235336,23.445967,223.382630
20.870344,23.458011,223.339155
20.902922,23.494595,223.297950
20.888079,23.500453,222.921936
20.922792,23.500859,222.822793
20.936078,23.515775,222.812256
20.878030,23.569092,222.367989
20.359982,23.868258,222.363003
20.233941,23.996096,222.152206
20.228949,23.963855,221.958019
20.064696,24.130719,221.570259
20.064904,24.130871,221.426755
20.097984,24.083005,221.165105
19.785162,24.755957,221.255361
19.805722,24.781648,221.219935
19.943872,24.932175,220.898985
19.953635,24.944269,220.703040
19.954703,24.945673,220.696185
19.977420,24.974030,220.656800
20.000308,24.965246,220.616840
19.608115,25.133057,220.357217
19.546827,25.399121,220.028947
19.341448,25.510377,220.034921
19.417213,25.610459,219.899004
19.431371,25.671516,219.951695
19.461750,25.708055,219.882483
19.453830,25.608957,219.251532
18.908007,25.759524,219.086150
18.798688,25.931301,218.905747
18.786148,25.996288,218.597698
18.718431,26.010489,218.431701
18.326523,26.030489,217.895454
18.344418,26.030561,217.794045
18.354851,26.093315,217.596467
18.292655,26.328162,217.651064
18.287479,26.320788,217.643702
18.282319,26.313438,217.636668
18.243754,26.554870,217.141745
18.251292,26.566627,217.026378
18.253514,26.663554,216.905656
18.251068,26.659887,216.902749
18.144497,26.682431,216.809825
18.031965,26.642692,216.073804
17.924981,26.727881,215.885844
17.803404,26.588533,215.229207
17.775420,27.025869,215.224806
17.734112,27.260905,215.027518
17.376622,27.392369,215.093334
17.496310,27.603812,215.218339
17.383514,27.793529,215.003752
17.382512,27.854258,214.951858
17.332103,28.428808,215.096201
17.328861,28.442777,215.108945
17.296783,28.424022,214.905433
17.369247,28.693576,214.416835
17.116371,28.990341,214.099546
17.118604,28.972807,214.065260
16.650162,29.460554,213.712940
16.385014,29.862606,213.532857
16.181430,30.346390,213.437257
16.214152,30.408061,213.325849
16.179419,30.362473,213.123284
15.893890,30.641133,212.480756
15.891767,30.612847,212.394442
15.954784,30.755993,212.064864
15.551469,31.278158,211.498574
15.593343,31.351082,211.380960
15.398104,31.573260,211.384429
15.168165,31.795526,211.282594
15.114302,32.004946,211.201898
15.076497,31.991388,211.092426
14.894684,31.982276,211.227799
14.819308,32.061654,211.005298
14.482807,32.316228,210.687586
14.323987,32.821841,210.481003
14.257006,33.183960,210.513183
14.268647,33.223253,210.583604
14.281244,33.296694,210.682162
14.250375,33.403005,210.649613
14.173195,33.572324,210.727601
14.121182,33.848145,210.688204
14.019391,34.043165,211.134445
14.026897,34.062323,211.163008
13.940700,33.923146,210.806215
13.936779,33.952964,210.890469
13.617055,34.113800,210.795935
13.569012,34.352807,211.018750
13.601835,34.499451,211.014533
13.488869,34.645681,211.248306
13.512851,34.707057,211.327010
13.434319,34.695616,211.249912
13.289244,35.687509,211.555534
13.374444,36.167620,211.516080
13.283605,36.413461,211.995635
13.287546,36.412189,212.020121
13.404466,37.231239,212.026081
13.677330,37.766183,211.925801
13.452932,37.872385,211.907288
13.440050,37.876929,211.898476
13.424437,37.911165,212.003280
13.479341,38.064410,212.026136
13.418411,38.427078,212.238497
13.414452,38.472149,212.316076
13.404153,38.651937,212.308712
13.393465,38.734744,212.293551
13.287717,39.035403,212.686423
13.339223,39.162330,212.621542
13.367973,39.580796,213.296234
13.324667,40.094013,213.305931
13.335579,40.218696,213.123091
13.379240,40.461879,213.315494
13.272339,40.916437,213.295817
13.364425,41.193292,213.282760
13.364564,41.194105,213.283622
12.951555,41.781936,213.758153
12.988657,41.869314,213.658725
12.988774,41.870121,213.659532
12.758901,41.962422,213.721650
12.712220,42.528888,214.246631
12.521133,42.590412,214.169871
12.413746,42.776804,214.027041
12.422125,43.743796,214.091860
12.247219,43.673399,214.030527
12.293707,43.830505,213.900430
12.293928,43.913306,214.016799
12.172619,44.161236,213.801459
12.164650,44.163165,213.827027
12.341212,45.504413,213.805998
12.365655,45.884344,213.817636
12.813913,46.906874,213.983523
12.729923,47.237186,213.914856
12.631760,48.052460,214.130581
12.709321,48.370416,214.101644
12.704279,48.371463,214.107303
12.809297,48.780506,214.245330
12.847751,48.921609,214.323861
12.874377,49.522718,214.368956
12.909916,49.667168,214.386992
12.834856,50.252910,214.751510
12.890503,50.454948,214.608434
12.914576,50.543868,214.822378
12.792336,50.872423,214.775064
12.832427,52.112685,215.101277
12.829756,52.114795,215.110129
12.806312,52.136236,215.177639
12.711034,52.905575,215.707813
12.795396,53.124477,215.552580
12.759156,53.289707,215.659656
12.757565,53.293898,215.658254
12.660725,55.229516,215.590357
12.588224,55.502320,215.463945
12.652181,55.740750,215.306068
12.584044,55.988594,215.347176
12.307525,55.804070,215.184047
12.523764,56.496012,214.714401
12.552355,56.531616,214.704863
12.603172,56.791786,214.661903
12.606503,56.791866,214.651343
12.673058,57.042607,214.479752
12.629380,57.456222,214.285569
12.764466,57.903229,214.160613
12.938128,59.224544,214.394823
12.953678,59.527982,214.224094
13.137462,59.752087,214.036387
12.971339,60.443865,214.301088
13.020346,60.605749,214.549997
13.174485,61.039987,214.286914
12.969581,61.036727,214.212192
13.077591,61.430912,214.293771
13.007795,61.658992,213.946797
13.221806,61.812109,213.843660
13.291809,62.045959,213.736179
13.395424,63.676528,214.179735
13.395584,63.677190,214.179893
13.394738,63.679476,214.177874
13.386247,64.202092,213.802106
13.437625,65.238543,214.250343
13.369844,66.742459,214.429058
13.361271,66.750199,214.455752
13.335746,66.819165,214.226635
13.261687,67.389903,214.429272
13.267360,67.405104,214.351472
13.471934,68.225461,214.356524
13.255274,69.361704,214.558238
13.219772,69.600926,214.624451
13.615108,70.745383,214.313474
13.604807,71.123782,214.041235
13.640598,72.086993,213.941291
13.727799,73.371700,213.638221
13.792164,74.146360,213.355866
13.843212,74.839017,213.319600
14.011325,75.544302,212.886530
14.025238,75.577149,212.849113
14.025184,75.577844,212.848332
13.906402,75.627260,212.771866
13.985313,75.997672,212.561200
14.057832,76.382939,212.481267
14.373190,78.006586,212.285933
14.387334,78.210277,212.360495
14.277946,79.117228,212.432248
14.206766,79.916038,212.535438
14.044990,81.201527,212.854245
13.966428,81.863307,213.036760
13.962832,82.139352,213.033619
14.001839,83.262281,213.062270
14.041096,83.568089,213.237075
14.058419,84.005263,212.858175
14.098255,85.362125,212.510968
14.027469,85.942141,212.276690
14.080680,86.064366,212.191131
14.080758,86.065091,212.191427
14.262927,87.127699,212.563221
14.153930,87.846104,212.677475
14.401887,88.843300,212.377239
14.851589,89.592554,212.030549
14.847656,90.717158,212.160548
14.791579,90.876279,211.996880
14.748387,90.898627,211.760754
14.650225,91.516717,212.004858
14.769615,92.005207,211.743657
14.775416,92.008428,211.743027
14.698983,92.680391,211.820338
15.291928,93.490039,211.554528
15.217313,93.656010,211.617698
15.363650,94.300167,211.260009
15.298182,95.063107,211.204963
15.384180,95.892104,211.416376
15.915005,97.337327,211.878209
16.023685,97.578387,212.052814
15.936133,97.593816,212.001975
15.981478,98.628322,211.916308
15.984294,98.633508,211.941838
16.456151,99.570840,212.287995
17.076770,100.457258,212.604577
17.416661,100.861501,212.612789
17.286018,101.559983,212.595714
17.541665,102.093568,212.477146
17.618660,102.412167,212.876015
17.551755,102.563969,212.732822
17.976158,102.967363,212.926351
18.277419,103.770236,213.533330
18.333879,103.902223,213.396444
18.311374,103.945761,213.025804
18.329375,104.037541,213.128583
18.327233,104.038610,213.111510
18.302805,103.935133,212.769404
18.301821,103.934904,212.755199
18.377060,104.154733,212.766251
18.384360,104.155170,212.745684
18.592875,104.831854,212.503586
18.724838,105.349031,212.150796
19.194594,106.200298,212.279699
19.347284,106.838756,212.218004
19.376699,106.871210,212.216663
19.372785,107.170054,212.262023
19.413276,107.291504,212.184182
19.442399,107.337699,212.135523
19.432423,108.887574,212.088104
19.501285,109.380250,212.274727
19.542166,109.585522,212.230731
19.766379,109.794782,212.078660
19.798870,109.846248,211.990734
19.798359,109.960505,211.844237
19.934774,110.315881,211.512607
20.157993,111.303136,211.514967
20.143158,111.401258,211.554436
20.475065,111.973864,211.871651
21.004809,113.401769,212.141084
21.022669,113.428280,212.144788
20.983487,113.978145,212.242697
20.977973,113.984338,212.264783
20.808761,114.204313,212.348762
20.814521,114.763032,212.559431
21.382285,115.941414,212.585031
21.369900,116.212860,212.526974
21.394329,116.292698,212.447716
21.453810,116.403078,212.319548
21.249865,117.495631,212.246809
21.385492,117.940267,211.793908
21.470896,118.419648,212.256266
21.383331,118.512468,212.224499
21.295643,118.928923,212.414606
21.425714,119.424609,212.055939
21.703484,119.699054,212.171205
21.820059,119.987480,211.909301
21.771193,119.769757,211.493819
21.967579,120.775901,211.644576
22.338477,122.023735,212.035821
22.970775,122.892352,211.885328
22.917450,123.374200,211.814061
22.995711,123.846604,211.522675
22.977074,124.637250,211.358475
22.836109,125.118664,211.257638
23.198683,125.278866,210.963709
23.174508,127.546888,210.667048
23.529587,128.455091,211.225886
23.566561,128.544828,211.130699
23.590401,129.446199,210.917497
23.625184,129.466500,210.949977
23.456723,130.181574,211.052874
23.581576,131.017377,210.738944
23.546960,131.561591,210.403971
23.509365,131.643140,210.477171
23.506871,131.644772,210.474772
23.595010,132.099390,210.158522
23.575023,132.150872,210.106171
23.675488,132.663488,209.687567
23.854790,133.125740,209.690592
23.798764,133.548551,209.689935
23.770057,134.035029,209.717016
23.784410,134.360208,209.805112
23.767960,134.394508,209.776339
23.794797,134.747613,209.886114
23.796768,134.776998,209.856891
23.808879,134.780170,209.841889
23.798123,134.878721,209.880600
23.766083,135.517447,209.746975
24.353166,136.257766,209.516351
24.567622,137.455917,208.617923
24.859083,137.782670,208.678453
24.911523,138.253410,208.405035
24.853556,138.600248,208.295082
24.812920,138.682033,207.942833
24.805312,138.681752,207.927870
24.657571,138.950481,207.482115
24.657589,138.951414,207.481820
24.523085,139.050937,207.364507
24.554200,139.078750,207.408351
24.552337,139.171113,207.423066
24.531535,139.326474,207.199124
24.545613,139.366681,207.167966
24.377721,139.982004,206.990914
24.423095,140.309906,206.542215
24.784624,140.862823,206.699105
24.860828,141.322758,206.510209
24.910264,141.857804,205.952131
24.870140,141.534816,205.389333
24.760218,142.011303,204.476048
24.848545,142.187316,204.388265
24.867315,142.183611,204.350285
24.879658,142.380620,204.439252
24.612737,142.889766,204.508492
24.702138,143.874656,204.962918
24.359599,144.779151,204.650516
24.359813,144.780463,204.650803
24.449227,145.018068,204.738184
24.673402,145.426042,204.702512
24.699960,146.024686,204.748227
24.909267,146.507002,204.419247
24.919782,146.740365,204.221415
24.970161,146.937004,204.361109
24.888061,147.152385,204.369185
25.135522,147.479262,204.293086
25.182391,147.586233,204.323187
25.224070,148.379849,204.605096
25.417783,149.057439,204.401368
25.444449,149.457982,203.671084
25.485471,149.759681,203.411352
25.553962,150.671725,203.006476
25.516104,150.844228,202.762816
25.747664,151.672025,201.995219
25.835348,152.202535,201.582166
26.096030,152.781635,201.432734
26.098707,153.484021,201.242006
26.145862,153.584669,201.288910
26.223589,154.204467,201.576151
26.250039,154.770301,201.473799
26.319937,155.985949,201.207070
26.437080,156.071379,201.163354
26.591785,156.139535,201.060658
26.688307,156.847501,201.104023
26.554243,157.919891,200.461874
26.595581,158.033623,200.538187
26.516291,158.258260,200.679859
26.700004,158.643565,200.347056
26.561733,158.826890,200.309627
26.615597,159.305760,200.129473
26.709376,160.477603,199.598778
26.659695,160.785143,199.456811
26.406836,162.389613,199.234896
26.585502,163.457811,198.923898
26.615267,163.550344,198.843993
26.640724,163.641840,198.928502
26.538324,164.200614,198.815052
26.900129,165.072999,198.687567
26.848345,165.373441,198.442630
26.918914,166.520254,198.009175
27.099093,167.640489,197.894089
27.471447,168.220350,197.595109
27.632212,169.127481,197.424704
27.675247,169.312069,197.518622
27.548544,170.200568,197.055928
27.523621,171.003129,196.904404
27.520434,171.691714,196.662026
27.545061,171.748936,195.462232
27.721513,172.301040,195.150482
27.612720,172.492807,194.814060
27.625776,172.380847,194.538987
27.577964,172.288802,193.644182
27.567577,172.209533,193.577590
27.573371,172.132140,193.352946
27.494864,172.442750,193.181033
27.464704,172.882499,192.614798
27.338946,172.730687,192.455278
27.284913,173.078403,191.961144
27.143985,173.141504,191.623456
27.199770,173.036478,190.562699
27.151040,173.255777,190.184200
27.246174,173.431073,188.707642
27.202449,173.349812,188.486032
27.101236,173.145488,187.821585
27.251691,173.290809,187.329142
27.255051,173.273013,187.113352
27.213332,173.159903,186.880387
27.255736,173.010922,186.784027
27.268563,172.831209,186.533000
27.023587,172.186683,185.503785
26.902100,171.411472,184.653258
26.903597,171.366893,184.606077
26.798434,171.272957,184.553943
26.726117,171.607135,184.382779
26.555481,171.708714,183.944428
26.512680,171.936317,183.454297
26.374331,171.870653,183.269415
26.349547,170.664286,181.520283
26.272892,170.606522,181.487248
26.045776,170.037729,180.617753
25.988518,169.885880,180.347145
25.822294,169.831307,180.223271
25.837287,169.779453,179.867905
25.657341,169.898346,179.582657
25.476068,169.359915,179.099037
25.477810,169.290506,178.992344
25.615832,169.392292,178.572244
25.615373,169.391165,178.570956
25.515152,169.368814,178.343387
25.408842,169.701105,177.812753
25.322438,169.538022,177.581275
25.184292,169.358281,177.405825
25.237855,169.737068,177.255500
25.110904,169.642509,177.056165
25.110556,169.641741,177.055023
24.861050,169.213045,176.674992
24.804207,168.594771,175.991097
24.586852,168.377205,175.718036
24.609773,168.564516,174.744779
24.592363,168.624010,174.725862
24.451801,168.328217,174.453091
24.470479,168.214464,174.387490
24.169049,168.372506,173.911383
24.228475,168.282196,173.725814
24.228131,168.281988,173.724756
24.342632,168.265015,173.114186
24.348715,168.190772,173.094661
24.178240,168.340799,172.828945
24.177837,168.340929,172.827928
24.262439,168.340657,172.444414
24.101356,168.275700,172.267670
24.094075,168.300693,172.263173
24.149650,168.619550,172.127333
23.749692,168.832416,171.753189
23.400974,168.616463,171.529135
23.465428,168.690008,171.033439
23.384564,168.657815,170.952413
23.426533,168.502285,170.872212
23.478774,168.862869,170.736899
23.398662,169.228429,170.524352
23.418068,169.575961,170.118399
23.594814,168.838941,169.600130
23.732769,168.576295,169.067137
23.732444,168.500528,168.955365
23.747552,168.489739,168.324091
23.689681,168.406526,168.254817
23.574965,168.598545,168.063720
23.228169,168.380125,167.842325
23.233676,168.358287,167.844690
22.853607,168.087927,167.617159
23.061386,167.818421,167.255665
22.986070,167.842872,167.137877
22.956385,167.313930,166.459487
22.904952,167.686216,166.493131
22.862700,167.459472,166.228341
22.758493,166.871981,165.527046
22.876440,166.585902,165.031779
22.838113,166.754696,164.947716
22.808674,166.975561,164.533497
22.745212,166.164806,163.797543
22.837144,165.677723,163.473958
22.929764,165.612236,162.991506
22.945572,165.549760,163.000467
22.863986,165.004028,162.644573
22.863288,165.003314,162.643988
22.890383,164.989877,162.638131
22.977340,164.824115,162.349632
23.121456,164.342030,161.858010
23.469239,164.887676,161.431928
23.612538,164.320795,161.069099
23.615479,164.182336,160.896138
23.246548,164.332859,160.489499
23.245077,164.333495,160.488921
22.487808,164.439474,159.639983
22.531712,164.176518,159.565936
21.999001,164.724064,158.207870
21.422668,164.691987,157.628068
21.180612,165.067331,156.898355
21.232010,165.258313,156.406360
20.739926,164.137949,154.898931
20.849470,163.844964,154.374839
20.728878,163.782553,153.207725
20.687833,163.930822,153.102808
20.805388,163.266718,152.374679
20.772797,164.734901,152.286810
20.804025,164.599736,152.265042
20.515959,164.302002,151.767008
20.620962,164.031283,151.386580
20.700129,163.708919,151.007499
20.686680,164.020588,150.620023
20.678565,163.701281,150.416962
20.683077,163.821148,149.880783
20.528690,163.692344,149.405167
19.505915,162.867108,147.435876
19.607880,163.035691,147.059488
19.500259,163.426909,146.285405
19.447510,163.096315,145.682247
19.452136,163.107710,145.678915
19.449378,163.091079,145.677675
19.494056,163.292212,145.058327
19.202499,163.205546,144.485082
19.118944,163.585753,144.370517
19.019800,163.371043,143.844442
19.090618,163.078063,143.389894
18.707466,162.768767,142.838119
18.615508,162.792299,142.346683
18.607826,162.795048,142.345481
18.608441,162.803711,142.342556
18.548020,163.258271,142.269467
18.047024,161.972525,139.989208
18.050411,161.954807,139.992063
18.034118,162.024372,139.906584
18.032188,161.951630,139.904097
18.032371,161.949853,139.903775
18.024555,161.940030,139.837138
18.046258,161.832606,139.839974
18.091580,161.514624,139.767378
18.047585,161.860915,139.720962
18.099661,161.450358,139.096429
18.051123,161.536387,138.523641
17.995013,162.001375,138.427360
17.518881,161.439971,137.694223
17.518850,161.438937,137.693839
17.517067,161.440490,137.692272
17.281988,161.181892,137.381805
17.292401,161.135542,137.381822
17.288815,161.139443,137.379321
16.595897,160.668243,136.824858
16.187326,160.191781,136.264625
16.184937,160.063703,136.246016
16.243862,159.514838,135.660537
16.243890,159.514048,135.660172
16.177331,158.839746,135.260386
16.336179,157.785294,134.302792
16.410585,157.279649,133.717145
16.291607,157.081456,133.377565
16.371437,156.407285,132.898790
16.096669,157.111980,132.806333
15.570296,157.045188,132.500434
15.661024,157.034921,131.241253
15.661782,157.034315,131.240755
15.660565,157.036221,131.238380
15.697343,157.192534,130.688237
15.690376,157.210051,130.678208
15.690397,157.209507,130.677742
15.964543,157.013775,129.978934
16.004015,156.771486,129.980252
16.024271,156.682951,129.974424
15.913937,157.090358,128.853338
15.908091,157.098685,128.840460
15.975611,156.648737,128.167417
15.971223,156.643248,128.124324
16.360268,155.602524,127.441480
16.462026,155.496067,127.080134
16.509973,155.517751,126.646667
16.558050,155.706457,126.197648
16.630090,155.831671,125.152244
16.806961,155.282802,124.951655
16.735279,154.758892,124.613691
16.772129,154.549883,124.443997
16.855724,154.115801,123.760303
16.916058,153.975307,123.238893
16.918847,153.962401,123.242771
16.580853,153.246018,122.617006
16.634940,153.416804,122.174529
16.591697,153.661991,121.392819
16.697400,153.600258,121.341339
16.550802,153.498907,120.957419
16.695310,153.290153,120.923620
16.657799,152.004372,120.190220
16.850068,151.556601,119.549195
16.841544,151.541368,119.552573
16.784141,151.047112,119.259107
16.780721,151.047188,119.257450
16.816345,150.882095,119.224475
16.787185,151.064826,119.041224
16.840372,150.746715,118.929980
16.878628,150.332661,117.968823
16.816051,150.118502,117.720899
16.910985,149.922186,117.065649
16.997519,149.642796,116.781408
16.867110,149.180172,116.253539
16.799345,148.666607,115.616080
16.854753,148.117051,114.768453
16.963451,147.848256,114.258049
16.971160,147.938943,114.078614
16.923037,147.488020,113.941732
16.889981,147.627297,112.873680
16.762441,145.977456,111.081967
16.694988,146.437493,110.775579
16.719830,145.395074,109.955912
16.730002,145.357977,109.910394
16.807162,144.833224,109.332625
16.737931,144.799231,108.846133
16.712567,144.200265,108.077712
16.795175,144.108536,108.081748
16.676181,143.578090,106.448306
16.677980,143.579330,106.446052
16.639002,142.668515,105.328913
16.587307,141.933486,104.011152
16.587299,141.932862,104.010512
16.506052,140.975334,102.871412
16.212460,140.711654,102.593102
16.212522,140.710567,102.592747
16.107082,139.438026,101.726343
16.036171,138.759485,101.253157
16.088276,138.811331,100.908165
16.094026,138.805484,100.907059
16.074493,137.834036,100.361573
16.217947,137.795479,99.886568
16.076099,136.470432,98.436213
16.158131,136.362918,97.797477
16.119037,136.578038,97.574299
16.182113,137.308123,97.704594
16.182043,137.307377,97.703843
16.092594,136.675264,96.949636
16.101987,136.685107,96.936307
16.026483,136.503682,96.762191
15.881116,136.269274,95.872473
15.848209,135.957873,95.824630
15.851255,135.957496,95.822834
15.798379,135.819801,95.171113
15.806229,135.154943,93.577775
15.830069,134.714715,93.392903
15.932282,134.680050,93.369908
15.932565,134.585358,92.306467
15.983172,134.651632,91.548393
15.799949,133.913357,90.702085
15.604662,133.953002,89.996200
15.732162,132.720152,88.661059
15.627965,133.101075,87.985683
15.068048,132.506084,86.874672
15.067685,132.505794,86.873860
15.200902,131.857181,85.752648
15.197276,131.868709,85.746670
15.136165,131.977406,85.263572
14.839724,132.296400,84.727615
14.779505,132.266824,84.246667
14.822891,132.841011,84.219567
14.660296,131.828459,82.805201
14.595712,131.740131,82.331398
14.592760,131.734391,82.332324
14.761472,131.495603,82.002006
14.666873,130.418167,81.359944
14.669299,130.411068,81.360600
14.668845,130.410748,81.359727
14.648012,130.299445,81.381126
14.600356,130.368305,81.103131
14.649935,129.935188,80.959251
14.637389,129.976776,80.770720
14.405844,129.983826,79.759038
14.454418,129.847382,79.475307
14.503312,129.838562,79.126404
14.694777,129.637601,78.826184
14.613681,128.974384,78.048799
14.562745,129.146943,77.320321
14.611696,129.156093,77.068778
14.728702,129.025197,76.331307
14.670334,128.950407,76.089858
14.583143,128.732418,75.638418
14.589746,128.733824,75.636584
14.566822,128.655365,75.611091
14.530438,128.908341,75.444266
14.763616,128.873092,75.097981
14.756340,128.239544,74.506316
14.664777,126.983538,73.451907
14.713900,126.955887,73.086252
14.697175,126.902704,73.093883
14.632171,127.230883,72.982400
14.671663,127.255353,72.724097
14.617696,127.176098,72.482026
14.548599,126.579078,72.235894
14.550763,126.577560,72.235689
14.855744,125.583299,70.995366
14.809671,125.148826,70.762236
14.505249,124.911996,70.602641
14.459137,124.987721,70.331217
14.459444,124.986896,70.330639
14.471115,124.779146,69.724062
14.470947,124.778221,69.723490
14.298201,124.569836,68.734363
14.309923,124.455879,68.686938
14.308950,124.452835,68.547874
14.201509,124.590190,68.105681
14.184021,124.721774,67.854353
14.241206,124.759640,67.616168
14.238420,124.442704,67.312554
14.238771,124.441151,67.312310
14.208687,123.799889,66.948761
14.082330,122.615427,66.413037
13.981702,121.968807,65.804717
13.787589,121.740434,65.583644
13.717362,121.501678,64.919774
13.685954,121.212752,64.770476
13.680977,120.314258,64.322782
13.576685,119.850205,63.900746
13.451084,120.035413,63.748718
13.449012,120.037245,63.746375
13.413281,120.254908,63.567645
13.545857,119.913616,62.901315
13.545815,119.913202,62.900479
13.681873,119.831423,62.710500
13.712231,119.626329,62.662601
13.725475,119.727836,62.588897
13.351814,119.731931,61.865281
13.328068,119.531752,61.742606
13.273637,119.218664,61.207466
13.321318,118.760115,60.983633
13.276182,118.848017,60.567916
13.204118,118.924964,60.416664
13.177399,118.542529,60.175292
13.105612,117.842121,58.855486
13.028644,117.886974,58.428753
13.041680,117.449807,58.188291
13.028506,117.329926,58.169144
12.990271,116.936962,58.016648
12.912115,116.651288,57.928227
12.856344,115.998903,57.703820
12.840318,115.851546,57.632181
12.813280,115.545891,57.368406
12.813756,115.148518,57.139679
12.751879,114.931084,56.881835
12.737834,114.915584,56.870464
12.682152,114.911927,56.602308
12.623555,114.774102,56.194376
12.674939,114.697000,56.112455
12.647150,114.402297,56.014599
12.667287,114.054625,55.901487
12.667162,114.050693,55.900266
12.358393,113.884305,55.667083
12.430614,113.909011,55.520270
12.481321,113.575253,55.068204
12.473864,113.434196,55.065044
12.760917,113.177875,54.221087
12.793568,113.079258,54.141664
12.809741,112.719469,53.722508
12.787595,112.574693,53.452437
12.753393,112.683220,53.208062
12.717775,112.745904,52.933006
12.854041,112.666451,52.632920
12.881575,112.166517,52.406772
12.847832,112.222996,52.184481
12.506950,112.086262,51.467587
12.570454,111.155494,50.769113
12.650852,110.843293,50.585426
12.631728,111.225918,50.326059
12.537977,111.512702,49.806239
12.522683,111.323256,49.638283
12.565419,111.327108,49.375052
12.516829,111.740561,49.032179
12.412568,111.802617,48.840827
12.382773,112.086946,48.363441
12.472452,112.070699,47.806910
12.031366,111.827685,47.010921
12.052949,111.909318,46.908772
12.097781,111.537515,46.126678
11.984025,112.394167,45.713382
11.957537,113.026935,45.467579
11.901302,113.445092,45.405238
11.876527,113.689538,45.173793
11.872903,113.816960,45.165505
11.688740,114.001766,45.089926
11.743271,114.647740,44.120576
11.765174,115.085681,44.223306
11.769997,116.246290,44.091825
11.866344,116.353588,43.622756
11.943358,116.566905,43.477156
11.940096,116.809119,43.576165
11.906483,117.321693,43.224472
11.889369,117.475663,43.251878
11.982420,118.392367,42.219628
12.003393,118.446032,42.084502
11.952804,119.136478,41.886266
11.967100,120.159279,41.605683
11.900440,120.330436,41.436776
11.897622,121.724259,41.225595
11.913144,121.959827,40.444357
11.935125,122.332931,40.484712
11.976449,122.855743,39.845138
12.138251,122.514400,37.969482
12.283605,123.431509,37.862986
12.246724,123.718560,37.948760
12.214292,124.839987,37.550554
12.201372,124.878341,37.518885
12.151433,125.390569,37.416514
12.151178,125.393662,37.417288
12.117065,125.556999,37.359654
12.146592,126.364331,37.483245
12.127019,126.480448,37.396831
12.128634,126.517134,37.393721
12.153994,127.136177,37.135874
12.127474,127.378910,37.240192
12.039029,127.476140,36.374418
11.992686,128.366643,36.338682
11.871159,128.852743,36.270638
11.843562,129.109090,36.176059
11.860178,129.442500,36.274701
11.787742,129.666495,36.264044
11.782107,130.234667,36.259789
11.540652,130.752493,35.878231
11.408855,131.597533,35.378950
11.423495,132.235984,35.339207
11.304907,132.971303,35.316717
11.225409,133.553839,35.412806
11.246030,133.766592,35.480916
11.248218,133.768745,35.478663
11.190481,134.792435,35.526820
10.949191,136.004291,35.513807
10.964396,136.137666,35.566979
10.903958,136.006475,34.709453
10.920409,136.179377,34.762207
10.660996,136.359881,34.687000
10.702655,136.598563,34.753965
10.702596,136.600189,34.754172
10.294329,136.829418,33.875510
10.165954,137.084221,34.083305
10.258308,137.385227,33.560794
10.134589,137.794235,33.350669
10.107960,138.592797,33.165166
10.087635,138.615331,33.188901
9.873260,138.581335,32.275969
9.833475,138.977030,32.030353
9.804566,139.222825,31.769596
9.704494,139.372330,31.642026
9.676871,140.453269,31.443418
9.402379,141.192241,31.314093
9.403215,141.195622,31.317080
9.445366,141.938470,31.349595
9.455595,141.972375,31.383796
9.456956,141.975905,31.388409
9.474319,142.216588,31.448569
9.412313,142.491072,31.434351
9.432379,142.801056,31.498658
9.384903,143.064155,31.225264
9.414097,142.988361,30.674497
9.409650,143.010093,30.683070
9.338251,143.622315,30.869870
9.375737,144.060689,30.918743
9.462946,144.406799,30.974784
9.501099,144.688510,31.078657
9.480555,145.263872,30.979657
9.380611,145.775766,30.520102
9.440522,146.008476,30.330207
9.400222,146.347722,30.502463
9.361226,146.663576,30.454221
9.396403,147.059580,30.342724
9.329668,147.587766,29.924180
9.354440,147.805534,29.985695
9.313467,148.515370,29.808654
9.312569,149.549799,30.059096
9.271721,149.705964,29.447757
9.325992,150.260049,29.612807
9.357316,150.845490,29.591065
9.333050,152.613988,29.023671
9.372246,153.081259,29.055044
9.326958,154.208547,28.527345
9.319514,154.209097,28.504372
9.329780,154.240086,28.398045
9.224005,155.203104,28.600009
9.182841,155.345309,28.444625
9.150067,155.494124,28.294166
9.199298,156.070377,28.127421
9.172400,156.087237,28.154949
9.136665,156.431980,28.347066
9.120931,156.490178,28.354518
9.101190,156.536610,28.356774
9.100904,156.537555,28.356937
9.082857,157.202514,28.438286
9.017222,157.540008,28.464413
9.045979,157.982642,28.576958
9.075486,159.171133,28.509653
9.027430,159.563391,28.590007
9.025113,159.563369,28.580523
8.986906,159.880590,28.380728
8.941988,160.350420,28.248057
8.942694,160.351263,28.244823
8.904222,161.217520,27.583550
8.868814,161.432126,27.728998
9.027281,161.667940,27.709933
8.989669,161.969708,27.518528
9.035905,161.938008,26.978286
9.005882,162.708798,27.049050
8.981351,162.756709,26.978655
9.025713,162.866171,26.901755
9.010956,162.889989,26.845875
9.046857,162.978182,26.895158
9.035189,162.976180,26.885699
9.017861,163.635520,26.772180
8.874795,164.662798,26.666545
8.764112,165.065952,27.021578
8.746925,165.362315,27.011811
8.801559,165.736748,26.811469
8.776070,166.077356,26.675410
8.773240,166.077489,26.666085
8.809705,166.675324,26.443466
8.823341,166.698332,25.971448
8.610554,167.461740,25.615561
8.391143,169.285700,26.012529
8.420533,169.750099,25.441315
8.420742,169.750802,25.440670
8.426377,169.749424,25.430224
8.457334,170.014182,25.168776
8.491024,169.903926,24.819637
8.457777,170.204710,24.654246
8.344428,172.002463,24.244711
8.410250,173.078087,24.443427
8.197541,173.365753,24.558049
8.234724,173.958907,24.493572
8.234519,173.959746,24.493923
8.243448,173.896800,24.071410
8.240768,173.896981,24.064121
8.242383,173.898745,24.069474
8.058106,174.312010,24.298554
8.058071,174.312803,24.298626
8.113958,175.222440,24.498438
8.006920,175.478832,24.042989
8.103846,178.453979,23.706019
7.911097,178.850012,23.799739
7.549929,179.255335,23.514091
7.584653,179.167404,23.183452
7.652789,180.408417,23.451989
7.687025,180.613363,23.090290
7.673946,180.612113,23.082455
7.649761,181.923378,23.482513
7.811326,182.916076,23.682444
7.814922,182.938596,23.713175
7.765321,183.239426,23.582468
7.785273,183.341975,23.646733
7.776612,183.742715,23.577558
7.797943,183.820431,23.638961
7.766247,184.783983,23.920080
7.779691,184.789891,23.921877
7.817005,186.709957,24.093621
7.835795,186.794237,24.152618
7.888584,187.506488,24.248020
7.888676,187.507206,24.248017
7.874276,187.881773,24.165978
7.804071,188.388221,24.367750
7.806641,188.390081,24.365613
7.843733,188.560217,24.262440
7.832677,189.375832,24.401491
7.911386,190.772803,24.815206
7.581450,192.115147,24.826149
7.544411,192.352575,24.691703
7.637035,193.492743,25.033138
7.633771,193.513251,24.821692
7.621079,193.655137,24.850355
7.625494,194.008605,24.541159
7.618356,194.009510,24.548070
7.578111,195.730945,24.623073
7.576327,195.733748,24.612144
7.402715,197.969075,24.954818
7.404903,198.950239,25.118159
7.426477,199.161691,25.192847
7.447805,200.174182,25.255812
7.517202,201.483737,25.507336
7.534885,201.837555,25.364460
7.658608,202.175540,25.053655
7.660853,203.266162,25.518944
7.661839,203.266710,25.521586
7.788783,203.647652,25.125311
7.760945,204.768154,25.212202
7.879571,204.840627,25.129058
7.976115,206.036318,25.436236
7.975947,206.036842,25.436516
7.951096,206.119560,25.445003
7.946160,206.130386,25.441845
7.783450,206.898689,25.480495
7.783304,206.899176,25.480971
7.558506,207.547613,25.606797
7.545461,207.714279,25.316439
7.638739,207.764877,25.245447
7.638732,207.765321,25.245004
7.676228,208.145424,25.264116
7.749699,208.425512,25.117443
7.669637,208.835003,24.986967
7.514718,209.297792,24.961620
7.524508,210.240364,25.348677
7.537404,210.949008,25.208983
7.429322,211.086594,24.737715
7.460678,211.096407,24.566895
7.429795,211.294062,24.358955
7.141151,211.694968,24.546128
7.111938,211.983314,24.369838
7.078563,212.163872,24.260768
7.015110,212.903664,24.538848
7.015114,212.904156,24.539012
7.074122,213.051175,24.648000
7.034338,213.336408,24.657250
6.858454,214.211189,24.557056
6.874584,214.283661,24.614743
6.867643,214.389236,24.637174
6.915545,214.612820,24.601044
6.876058,215.172141,24.667475
6.887885,215.604280,25.042186
6.994611,215.813894,24.972799
6.994584,215.814329,24.972869
6.943405,216.053170,25.366613
6.950029,216.383237,25.267931
6.920241,216.538284,25.168630
6.890882,216.692565,25.068891
6.926740,217.085298,25.079740
6.994985,217.768651,25.060011
6.966083,217.915141,24.963640
6.917956,218.127421,25.043195
6.962351,218.282417,25.241240
6.706292,218.623367,25.353235
6.699507,219.141236,25.853522
6.698205,219.141644,25.863266
6.705844,219.152104,25.819001
6.674365,219.275182,25.729355
6.627630,219.481847,25.782735
6.523316,219.708595,26.095087
6.522096,219.708790,26.101881
6.493376,220.012934,25.970360
6.494203,220.013673,25.966317
6.495177,220.011871,25.954957
6.465536,220.131827,25.917002
6.547158,221.157554,25.831502
6.581803,221.266213,25.173766
6.780229,221.400526,25.066207
6.903728,221.595276,25.017308
6.878412,221.713263,24.939163
6.853565,221.829065,24.861014
6.885322,222.021347,24.812843
6.843743,222.196988,24.898822
6.819555,222.308596,24.824142
6.857521,222.459240,24.677398
6.810284,222.675400,24.529076
6.700763,223.005294,24.538436
6.656535,223.166849,24.573971
6.634124,223.270207,24.501799
6.567837,223.618434,24.275483
6.567811,223.618907,24.275388
6.536397,223.766558,24.310421
6.524438,223.823510,24.419158
6.503509,223.919932,24.350808
6.527949,224.228263,24.234506
6.527865,224.228748,24.234496
6.507504,224.321713,24.168743
6.361635,224.626133,24.273971
6.375676,224.614506,24.194202
6.488808,224.584229,23.826484
6.569173,225.516359,23.952246
6.567146,225.803501,24.099312
6.581996,225.896938,24.154113
6.592992,225.923072,24.200166
6.574761,225.969105,24.207437
6.574718,225.969620,24.207602
6.612096,227.098286,24.476678
6.675723,227.108577,24.455462
6.757823,227.803013,24.543643
6.891252,227.792108,24.402263
6.989144,228.254755,24.740134
7.092104,228.461138,24.242724
7.079487,228.501229,24.235347
7.121855,228.905691,24.295315
7.162980,229.214209,24.451847
7.166379,229.219112,24.456744
7.142763,229.304017,24.536031
7.138843,229.428059,24.443551
7.223087,230.036228,24.480722
7.279417,230.351687,24.320650
7.272498,230.375257,24.381335
7.149186,230.945761,24.772891
7.187548,231.225862,24.814050
7.181666,231.245417,24.877035
7.175707,231.265215,24.917341
7.188139,231.366396,25.085807
7.251252,231.729317,25.074657
7.286254,232.058947,25.163269
7.270587,232.108181,25.239210
7.251097,232.128439,25.253064
7.289343,232.496236,25.341842
7.372097,232.496320,25.198074
7.425916,232.835148,25.298520
7.286045,233.418590,25.457632
7.398496,233.789943,25.448144
7.413694,233.827114,25.536521
7.397199,233.908915,25.490938
7.397964,233.909990,25.489628
7.397834,233.910661,25.490069
7.395316,233.918157,25.514120
7.396459,233.900145,25.499029
7.421798,234.011191,25.482504
7.472497,234.226322,25.430165
7.469193,234.259605,25.288459
7.497230,234.695556,25.368689
7.500202,234.699604,25.382182
7.484210,234.743269,25.450044
7.522764,235.040843,25.543614
7.507775,235.081661,25.574449
7.511073,235.105011,25.638781
7.495038,235.007455,25.540339
7.596815,235.061106,25.407188
7.595942,235.064806,25.397501
7.576623,235.701022,25.204690
7.574410,235.696358,25.189105
7.580152,235.684066,25.148930
7.637055,235.744656,24.922797
7.676677,235.829069,24.810709
7.681965,235.834291,24.756426
7.802013,235.878889,24.738953
7.984093,236.185452,24.841567
8.357935,236.342927,24.651733
8.359934,236.365004,24.641967
8.361159,236.362533,24.619886
8.298291,236.501563,24.438866
8.542221,236.841495,24.525759
8.691156,236.982244,24.524112
8.665943,237.069885,24.378547
8.666009,237.070071,24.377545
8.818169,237.078877,24.102046
8.895515,237.317049,24.078249
9.282676,237.754476,23.965673
9.426231,238.115253,23.874423
9.412135,238.138985,23.780672
9.660586,238.363004,23.512844
9.711417,238.366477,23.308026
9.735500,238.342847,23.210081
9.845255,238.323578,23.114525
9.830442,238.344629,23.036217
9.836370,238.334720,23.015804
9.815585,238.370010,22.969990
9.901208,238.562393,22.956922
9.851723,238.644452,22.786429
10.280790,238.745396,22.319802
10.378436,238.856541,22.291913
10.407805,238.915902,22.344871
10.400954,238.912466,22.287103
10.692790,238.926233,22.100141
10.943846,239.207576,22.034939
11.259465,239.383420,21.679935
11.239451,239.411273,21.642087
11.182180,239.378481,21.548092
11.281628,239.447009,21.479887
11.279422,239.450216,21.350329
11.484772,239.347557,21.076154
11.447826,239.398077,21.008919
11.411471,239.447791,20.942750
11.835764,239.539266,20.962405
11.911382,239.534687,20.498934
12.169525,239.540757,20.335773
12.392301,239.601402,20.139178
12.424589,239.908260,20.106753
12.385369,239.933258,20.049646
12.475404,240.125695,19.956798
12.474179,240.127274,19.789422
12.524791,240.208873,19.876537
12.509188,240.227399,19.851365
12.560415,240.267968,19.878332
12.560507,240.267964,19.877875
12.560594,240.267979,19.877423
12.658922,240.299631,19.753298
12.645138,240.315741,19.731312
12.639871,240.260048,19.648455
12.680579,240.255349,19.362417
12.696482,240.239507,19.154520
12.788664,240.326738,19.146564
12.816729,240.548430,19.154129
13.115567,240.682652,18.943863
13.073936,240.715309,18.883558
13.064284,240.729432,18.777340
13.021083,240.771072,18.716489
13.097998,240.836134,18.624316
13.251392,241.035898,18.307036
13.488047,241.195935,18.163675
13.551358,241.218726,18.116916
13.532519,241.234021,18.039317
13.569569,241.196770,17.786687
13.897489,241.370208,17.391132
13.886518,241.381256,17.374141
14.056229,241.283612,17.264759
14.039664,241.253069,17.223844
14.119539,241.183950,16.835703
14.116246,241.218101,16.793551
14.094163,241.233776,16.765023
14.115437,241.255066,16.536020
14.076979,241.336926,16.438301
14.123589,241.375707,16.372890
14.096003,241.399088,16.340362
14.269844,241.512244,16.226211
14.277592,241.732724,16.219432
14.293918,241.750119,16.172596
14.436512,242.014771,16.030945
14.398242,242.071049,15.974631
14.471007,242.005553,16.032458
14.621142,241.873019,15.824494
14.706660,241.837216,15.878652
14.746117,241.807747,15.918709
14.907212,241.918389,16.075976
15.044722,241.975496,16.143822
15.161367,241.980030,16.093020
15.255797,241.978548,16.192075
15.298298,241.946204,16.235274
15.385239,241.972168,16.324981
15.483593,241.944907,16.181321
15.651143,241.989488,16.241794
15.971661,241.980956,16.189001
16.239224,242.479006,16.319343
16.255513,242.466673,16.335460
16.326682,242.411562,16.232064
16.457745,242.678390,16.343929
16.627415,242.696783,16.354749
16.755673,242.865650,16.464833
16.799261,242.834189,16.506357
16.864897,242.798322,16.533769
16.865783,242.797802,16.534537
16.866670,242.797283,16.535303
17.106753,243.111497,16.707858
17.159387,243.108388,16.734139
17.434558,243.441788,16.938874
17.538748,243.443419,16.985839
17.625319,243.422925,17.037296
17.706055,243.635677,17.172609
17.791449,243.611742,17.272057
17.858606,243.571670,17.337121
17.924143,243.561229,17.303246
18.126675,243.596128,17.285324
18.145908,243.584225,17.303372
18.534267,243.531985,16.806288
19.127852,243.541318,16.785040
19.344064,243.425070,16.505275
19.529718,243.470335,16.472744
19.995660,243.480193,16.336582
20.153768,243.571601,16.454160
20.453250,243.610928,16.380428
20.523766,243.610951,16.393314
20.691702,243.638078,16.588012
20.818707,243.636910,16.699782
20.980849,243.762672,16.790628
21.227897,243.630682,16.986602
21.317656,243.581729,17.059128
21.624953,243.478500,17.169699
21.940945,243.350757,16.894441
22.046294,243.289628,16.981902
22.234339,243.225790,17.088018
22.526500,243.063636,17.284356
23.018422,243.061770,17.259954
23.208499,242.996472,17.334066
23.328420,242.933721,17.423577
23.569472,242.861349,17.267641
23.741229,242.809117,17.361304
23.941119,242.775280,17.425124
24.450510,242.686276,17.613688
24.451521,242.689090,17.613442
24.584290,242.619510,17.712112
24.731505,242.659659,17.780180
24.891063,242.717242,17.908786
25.146991,243.040013,17.832112
25.461556,242.877840,17.503913
25.559469,242.848568,17.568010
25.957397,243.142228,17.396431
25.957776,243.142083,17.396500
26.221584,243.014718,17.228410
26.751576,243.044192,17.280389
26.770261,243.029829,17.301012
26.820409,243.009886,17.309989
26.985219,242.958316,17.381477
27.048676,242.929604,17.422492
27.179693,242.867220,17.505251
27.419357,242.756756,17.663355
27.608143,242.641475,17.703592
27.632645,242.624089,17.728380
28.054288,242.296630,17.630210
28.747516,242.340163,17.837416
28.863295,242.276386,17.886120
29.289958,242.066790,17.711501
30.118336,242.095647,17.809263
30.423952,242.165077,17.981764
30.424520,242.166109,17.980576
30.424843,242.166106,17.980503
30.425269,242.166625,17.979897
30.568876,242.100860,17.601200
31.559932,242.278418,18.014595
31.560799,242.279411,18.020013
31.698815,242.220953,18.106547
32.260799,241.943720,18.315764
32.263432,241.949453,18.302015
32.334195,241.907520,18.277234
32.663307,241.746381,17.887767
33.288421,241.768809,17.922512
33.772842,241.488367,17.901572
33.773166,241.488319,17.901506
34.208033,241.398058,18.018788
35.318453,241.265673,17.567731
35.513057,241.198596,17.220150
35.858519,241.244322,17.250547
35.976565,241.075894,17.173933
36.149049,240.946426,17.199970
36.423142,240.830740,17.338345
36.587381,240.746739,17.379494
36.712644,240.745988,17.356545
36.713006,240.746055,17.356152
37.118874,240.582325,16.722081
38.678845,240.658773,17.571311
38.896517,240.572095,17.153817
39.630653,240.222500,17.017819
39.994169,239.906082,17.045000
40.019129,239.923681,17.234357
40.020064,239.923264,17.237149
40.434597,239.879092,17.091403
40.434995,239.878915,17.091522
40.436192,239.874605,17.096329
41.425553,239.619236,16.764826
41.427363,239.623649,16.765376
41.427717,239.623497,16.765419
41.503644,239.516460,16.732333
42.099831,239.491058,16.650776
42.664109,239.304499,16.556840
42.664371,239.303842,16.557023
43.067867,239.387943,17.249460
44.247015,239.424459,17.743791
44.718779,239.255124,17.927044
44.792142,239.237635,17.978612
45.270902,239.315929,17.879886
45.271083,239.319800,17.885381
45.288824,239.297537,17.904019
45.532312,239.209686,18.003285
46.322574,239.215193,17.994890
46.406653,239.255522,17.948919
46.812659,239.106420,18.387209
47.306334,239.197133,18.316234
47.445612,239.198793,18.516588
47.447433,239.204858,18.508597
47.447961,239.203897,18.507327
47.705805,239.109951,18.085022
48.253030,238.912525,17.975842
48.306923,238.949062,18.111389
48.572287,238.855058,18.151974
49.854692,238.696004,18.248983
50.614746,239.144213,18.190100
50.618486,239.165949,18.202549
50.920041,239.224111,18.138722
51.284214,239.315716,19.055116
51.868646,239.357558,19.141887
51.929106,239.403534,19.096188
52.494142,239.520266,18.944009
52.494547,239.520152,18.944190
52.788395,239.453437,19.118013
53.066922,239.363093,19.218548
53.067328,239.363005,19.218823
53.174606,239.310980,19.282002
53.177027,239.304939,19.286898
54.078646,239.318233,19.234431
54.372969,239.424396,19.328920
55.341074,239.865119,20.033256
55.338617,239.868867,20.054926
55.404984,239.725199,20.020466
55.408767,239.737737,20.032657
55.684264,239.646194,19.675216
56.715617,239.459799,20.439943
57.022088,239.368202,20.556003
57.225681,239.338968,20.849690
57.434022,239.513145,20.875565
57.438874,239.508328,20.858305
57.450144,239.502845,20.837032
57.753040,239.415723,20.910055
58.487881,239.367502,20.960080
58.498835,239.338824,20.944278
58.668415,239.296080,21.003554
59.307133,239.365813,21.107567
59.596220,239.145768,21.023080
61.189742,238.882493,20.791268
61.874870,238.926183,20.580888
61.875330,238.925827,20.581030
62.332448,239.013335,21.200397
62.665991,238.884721,21.298905
62.753156,238.813688,21.349113
62.761196,238.830056,21.406930
62.780848,238.841793,21.427882
63.645828,238.946057,21.515532
64.063915,238.772628,21.357151
64.625904,238.735503,20.916198
65.033373,238.745948,20.787214
65.056308,238.735804,20.773453
65.568586,238.553198,20.651697
65.600986,238.549273,20.647467
65.982060,238.449753,20.349815
66.704370,238.209508,20.576837
67.696256,238.013405,20.875856
68.343455,237.900418,20.722260
69.756017,238.023692,21.449476
69.817873,238.026380,21.464241
69.999797,238.135309,21.505877
70.212645,238.181289,21.446953
70.449155,237.990671,21.755283
70.959528,237.873220,21.595186
71.532257,237.764359,22.197076
71.532762,237.764440,22.197295
71.585475,237.807384,22.166277
71.793797,237.801598,22.254145
71.825363,237.708397,22.242138
71.863496,237.671157,22.291101
71.863196,237.676292,22.307374
72.471055,237.537504,22.188334
72.473018,237.542636,22.200960
73.185079,237.379759,22.129898
74.329555,237.421011,22.202094
76.631124,237.667557,22.595846
77.303094,237.633175,22.822622
77.533237,237.575002,22.777158
77.961518,237.471727,22.909199
78.138712,237.430522,22.998852
78.782561,237.545787,24.056479
79.081362,237.291910,24.113134
79.081864,237.290826,24.112793
79.937389,236.962966,24.245774
80.670813,236.967659,24.252616
82.499116,236.887572,24.674036
83.008160,236.648434,24.776573
83.006015,236.651975,24.804586
83.274867,236.662461,24.703168
83.943724,236.765744,24.837799
84.761896,236.560748,25.052028
85.048789,236.583605,25.085983
85.047505,236.577162,25.110777
85.047937,236.577113,25.111419
85.299339,236.520860,25.224438
86.326676,236.660678,25.465045
86.326510,236.661545,25.470271
86.330989,236.667234,25.455883
87.382533,236.575214,25.486716
87.383100,236.575028,25.486287
87.680273,236.506614,25.475999
87.820153,236.380884,25.390691
88.830252,236.442639,25.235311
89.565097,236.556192,25.089357
89.886185,236.514171,25.261205
90.312428,236.270388,25.439421
90.727581,236.553381,25.563293
91.281098,236.432654,25.714555
93.236403,236.569643,25.408058
93.917992,236.431123,25.620132
94.063737,236.394879,25.742146
94.407345,236.110859,25.618757
94.408868,236.109489,25.616175
94.820662,236.082764,25.596813
95.248306,236.301152,25.738827
95.273148,236.282692,25.692906
95.299834,236.261369,25.665351
96.021835,236.085214,25.653237
96.045788,236.119698,25.797444
96.271773,236.114534,26.165733
96.271995,236.110778,26.181927
96.323482,236.102368,26.194412
96.322372,236.095527,26.210160
96.321801,236.085060,26.216459
97.484515,235.811285,26.239091
98.655869,235.518484,26.898694
101.205603,235.213250,26.895468
101.434047,235.223789,26.780353
101.435291,235.221578,26.774891
102.860526,234.444916,27.003430
102.860906,234.443427,27.002555
103.137327,234.457332,26.932963
104.831533,234.523789,27.022492
104.886211,234.551476,27.038036
104.892824,234.557122,27.026991
105.531709,234.420637,27.164917
106.007309,234.414112,27.050872
106.011086,234.420457,27.040338
106.014547,234.387877,27.107497
106.072236,234.358793,27.186228
106.072767,234.358262,27.186256
106.687308,234.222282,27.352867
106.751943,234.231492,27.291314
107.697418,234.402595,27.153216
107.760905,234.364063,27.208042
107.926578,234.414904,27.141206
108.001427,234.459879,27.082302
109.368088,234.860081,26.943152
109.400447,234.885036,26.910618
109.461760,234.912676,26.974690
110.041949,234.779011,27.134282
110.339313,234.843147,27.166387
110.968558,234.674035,27.306708
111.794170,234.734424,27.426009
112.542082,234.428272,27.483509
114.407685,234.284671,27.947976
114.408136,234.284747,27.948557
115.367180,234.437565,28.710264
115.657957,234.367883,28.619394
116.024448,234.252417,28.836163
116.562956,234.377946,29.258197
117.981780,233.776151,28.957036
117.982423,233.810394,29.154036
118.122939,233.946497,29.147882
118.441810,233.831398,29.298758
118.442489,233.829362,29.298056
118.709394,233.737902,29.080144
119.879418,233.406077,30.370535
120.169544,233.338013,30.252431
120.241885,233.266633,30.274031
120.971195,233.453436,30.079671
121.419520,233.408294,30.229824
121.507380,233.418661,30.044421
122.016372,233.535410,29.887353
122.826885,233.479672,30.351967
123.012331,233.423118,30.406234
124.603337,233.288055,30.512074
124.635659,233.411204,30.560526
124.636335,233.411370,30.560338
125.923020,233.085751,30.910380
127.054274,233.196227,31.196004
127.271823,233.136933,31.066821
127.288047,233.120691,31.034790
127.288870,233.120804,31.033715
127.872804,232.984015,31.170147
127.874992,232.986871,31.165326
127.922123,233.038774,31.138966
128.780095,232.726794,31.310472
129.326977,232.552755,31.472177
131.150780,232.278157,31.981529
132.690941,231.706906,32.799002
133.428385,231.859378,32.505832
133.900466,231.690937,32.660160
133.937835,231.688838,32.634685
135.482008,231.419609,33.046873
136.233482,231.510930,33.061070
136.665395,231.391863,33.237517
138.354051,231.344623,33.550248
138.850309,231.193781,33.659888
139.573053,231.021471,33.830371
140.135774,231.021931,33.900397
140.834689,230.927143,33.701841
140.904293,231.091946,33.781471
141.233988,231.366522,33.792674
141.239453,231.374044,33.795135
141.744775,231.438793,33.950425
142.365308,231.286503,34.104143
143.510562,230.985955,34.369999
143.482151,231.038410,34.602293
143.460851,231.028291,34.818138
144.071927,231.055299,35.167425
145.023506,231.151199,36.305523
145.023918,231.151470,36.306164
146.818002,231.102469,36.666420
146.984009,231.172939,36.570349
148.227937,231.160224,37.834902
149.390500,231.246515,37.763729
149.969638,231.100103,37.858412
150.476556,231.313072,37.985622
151.080196,231.436186,37.825143
152.165939,231.101600,37.784208
152.533036,231.166525,37.578703
153.096622,231.292979,37.380080
153.120841,231.317131,37.342666
153.610731,231.495106,38.545946
153.633702,231.520213,38.602649
153.749069,231.503414,38.588981
153.842292,231.446317,38.555724
153.899696,231.405842,38.561939
153.964763,231.290976,39.113837
154.633435,230.779855,39.407972
155.256078,230.637311,39.562956
155.925787,230.502400,39.692085
155.924788,230.496774,39.705277
155.921970,230.488803,39.718388
156.432000,230.627832,39.993613
156.448841,230.584198,39.965697
156.602334,230.215227,39.899937
156.846724,230.310384,39.758809
156.847100,230.310327,39.759209
157.118419,230.437277,40.557717
157.646771,230.572841,40.782365
157.822762,230.493936,40.591272
157.823142,230.492181,40.590490
158.288550,230.320747,40.729290
158.288602,230.336221,40.779606
159.341864,230.463330,40.963141
159.936402,230.338951,40.780723
159.928989,230.317736,40.815826
160.101242,230.385600,41.061284
160.554894,230.342680,41.191513
160.555271,230.342552,41.191763
161.126599,230.044415,41.496135
161.126986,230.044302,41.496358
161.546699,229.886184,41.583053
161.517351,229.728103,41.778086
161.524557,229.699983,41.799280
161.971244,229.305202,41.690014
161.997781,229.293571,41.685863
162.032355,229.277323,41.681200
162.032745,229.277146,41.681390
163.225118,228.917309,42.187533
163.262707,228.865579,42.199828
164.639170,228.983116,43.386934
164.760538,228.898959,43.541978
164.760831,228.899062,43.542501
164.759285,228.900537,43.548642
164.931936,229.008121,43.893459
164.930211,229.014928,43.904049
165.015737,228.966364,43.719687
165.028477,228.920595,43.669378
165.274344,228.911189,43.546448
165.874649,228.696923,43.844702
166.292654,228.825151,43.881146
166.884589,228.627319,43.584241
166.883921,228.624289,43.583212
167.018534,228.703309,43.452103
167.620862,228.645476,43.996356
167.621351,228.642349,43.995303
167.625118,228.592866,44.078416
168.287458,228.502191,44.153825
168.360088,228.265415,43.959087
168.412491,228.314278,43.878462
169.186924,228.567343,44.303064
170.163662,228.578686,44.548102
170.184254,228.564475,44.542200
170.319785,228.467478,44.700814
170.320195,228.467461,44.700955
170.699244,228.388495,44.823405
170.696017,228.420755,44.862779
171.120016,228.009850,45.368575
171.120423,228.009760,45.368639
171.354944,228.103219,45.300693
171.263372,227.661555,45.053218
171.797357,227.457327,45.214787
172.795116,227.175535,45.423934
172.783679,227.144203,45.504968
172.908099,227.233596,45.631999
173.780175,226.887062,46.036521
173.778043,226.890424,46.048479
174.141742,226.692403,46.257091
175.228478,226.431114,46.255639
175.603584,226.076403,46.094608
175.702554,226.156448,46.896532
176.497567,226.182336,46.649046
176.498060,226.182243,46.648910
176.908900,226.415195,46.844854
176.908898,226.427079,46.861123
177.343597,226.275444,46.854208
177.344004,226.275499,46.854462
178.098893,226.096463,47.103587
178.098210,226.089729,47.102002
178.098611,226.089785,47.102255
178.563726,225.908894,47.340485
178.906372,225.776578,47.421370
179.245270,225.902876,47.230051
179.555941,225.904551,47.526564
179.906133,225.787468,47.630185
180.164130,225.890128,47.788562
180.187643,225.913026,47.736996
180.210706,225.799070,47.898454
180.686062,225.411665,47.865834
180.694079,225.402927,47.872626
181.195258,225.090134,47.578789
181.578846,224.847874,47.575514
182.468598,224.641539,49.082237
183.217873,224.619088,48.767645
183.523960,224.760924,48.563548
183.834846,224.758789,48.376943
183.837067,224.763988,48.368745
184.167135,224.941924,48.308438
184.520646,224.894605,48.095213
184.896689,225.019948,47.707249
185.249083,225.049238,47.542475
186.291443,224.909458,47.511883
186.308846,224.940288,47.566875
186.311335,224.944501,47.560934
187.246062,224.588034,47.503655
187.627966,224.483816,48.302305
187.627286,224.481828,48.308898
188.055256,224.292125,48.419097
188.733314,224.442266,48.135422
188.944767,224.310980,48.268784
188.943547,224.319250,48.298391
189.120650,224.160993,48.491524
189.121081,224.161133,48.492015
189.750784,223.919729,48.721810
189.856677,223.865914,48.699599
189.851010,223.855523,48.716747
189.851482,223.855780,48.717249
190.338695,223.762496,48.814580
191.045274,223.263082,49.254240
191.779506,222.974339,49.480785
192.127978,223.075795,49.812244
192.526224,222.803396,50.006620
192.756348,222.684506,49.914061
192.984341,222.659894,49.575716
193.269622,222.596828,49.361336
193.270043,222.596713,49.361079
193.559516,222.545860,49.499570
193.559082,222.539417,49.492907
193.761269,222.648110,49.334150
194.159192,222.210202,49.203783
194.159657,222.210212,49.203680
194.482010,222.196456,49.206957
194.529821,222.119200,49.360337
194.890597,221.968043,49.385682
195.083966,222.030233,49.224013
195.099872,221.942313,49.350936
195.786675,221.745133,49.084299
196.009497,221.785510,49.049969
196.034061,221.796132,49.157171
196.033496,221.794269,49.160523
196.350810,221.721966,49.532399
196.363085,221.742892,49.563454
196.461006,221.789924,49.700081
196.626522,221.884280,49.568005
196.764066,221.962520,49.477890
197.338926,221.655521,50.139581
197.473368,221.736187,50.037928
197.809310,221.578671,49.839815
198.648718,221.329575,50.552506
198.655705,221.344662,50.575668
199.005230,221.356673,50.289219
199.465055,221.069230,50.606419
199.706538,220.988281,50.488502
201.098621,220.353588,50.317109
201.234434,220.362427,50.183129
201.333984,220.284421,50.185605
201.540922,220.139289,50.302520
201.654850,220.197084,50.235545
202.180161,220.381196,50.412476
202.513948,220.373140,50.571687
202.824715,220.303425,50.574388
203.074637,220.108419,50.292415
203.265946,220.084213,50.123998
203.917874,219.967864,50.083994
203.866056,219.807969,50.146306
203.971207,219.723211,50.139969
204.188909,219.710944,49.999484
204.276699,219.776817,49.944160
204.630803,219.703004,50.098259
204.520478,219.422230,50.759711
204.848420,219.221261,50.677599
205.147234,219.003764,50.843144
205.629592,218.840074,50.990738
205.687895,218.808528,50.972762
205.984369,218.549401,50.769203
205.997274,218.569024,50.776667
206.218406,218.473340,50.439932
206.553740,218.374515,50.296194
206.706415,218.209777,50.224669
206.965760,218.221396,50.135937
207.309077,218.006710,49.505910
207.648613,217.847860,49.316492
207.739613,217.921708,49.293848
208.379466,217.674657,49.667182
208.667728,217.438058,49.889032
208.734022,217.429696,49.879449
208.742569,217.419631,49.852384
208.745665,217.418194,49.870813
209.417786,217.309923,49.947508
209.489989,217.276374,49.975626
209.630400,217.280042,49.982865
210.042313,217.098098,50.656015
210.564221,216.817818,50.532080
210.674894,216.776646,50.371651
211.575621,216.166076,49.732364
211.554725,216.158984,49.632264
211.555133,216.162032,49.612717
211.596111,216.126487,49.602814
212.017434,215.985401,49.307044
212.009605,215.979817,49.296772
212.008156,215.978094,49.293891
212.340851,215.632977,48.852710
212.363734,215.624656,48.658538
212.359960,215.580658,48.511970
212.665021,215.377609,48.230459
212.665485,215.354182,48.261108
212.720692,215.354323,48.112344
212.760074,215.280750,48.165231
212.857840,215.110512,48.162759
212.867371,215.113549,48.165372
212.867746,215.113514,48.164215
213.609447,214.262708,48.214202
213.583955,214.237221,48.159124
213.648252,214.236130,47.899076
213.913792,213.849116,47.786407
214.223755,213.341944,47.645859
214.606595,213.120572,47.289272
214.629532,213.141684,47.265944
214.744833,213.075845,47.238910
214.842076,212.567920,47.011067
214.660700,212.204545,46.787685
214.669088,212.214108,46.771995
214.690891,212.163803,46.602980
214.671418,212.085318,46.509746
214.730606,211.867394,46.455001
214.979258,211.622923,46.232829
215.266223,211.136119,46.254365
215.975082,210.455217,45.588098
216.141128,210.327154,45.291641
216.222233,210.128435,45.287355
216.687407,209.796723,44.878047
216.869730,209.512858,44.578363
216.854052,209.345477,44.738139
217.025884,209.071522,44.951724
217.018492,209.063076,44.963103
217.242876,208.289359,44.662426
217.227406,208.269199,44.687172
217.157057,208.125778,44.548927
217.175261,207.816684,44.679894
217.170275,207.813898,44.684981
217.169132,207.812295,44.686092
217.109699,207.581999,44.709286
217.096290,207.565083,44.724771
217.022823,207.368815,44.615681
217.099263,207.320090,45.139962
217.057072,207.228351,44.795579
217.177748,207.100009,44.660713
217.219980,206.310396,44.454878
217.630818,205.812547,44.616008
217.698118,205.008917,45.045390
217.867686,204.798703,45.786051
217.931470,204.642646,45.936820
217.931304,204.641913,45.937117
217.943430,204.651502,45.782362
218.096530,204.073554,45.372921
218.393945,203.634144,45.159275
218.728838,203.275890,44.956606
218.973889,202.628339,44.702495
218.984473,202.630127,44.689578
219.042754,202.600851,44.673338
219.048380,202.602379,44.666567
219.295304,202.059534,44.558525
219.224155,201.918816,44.435182
219.182060,201.861004,44.487373
219.250394,201.814250,44.663735
219.438895,201.617864,44.745459
219.434875,201.616206,44.750687
219.424702,201.612498,44.763506
219.527138,200.908109,45.681846
219.545029,200.906363,45.661114
219.688988,200.582606,45.692562
219.657110,200.409009,45.702233
219.984909,199.981598,45.489957
220.014490,199.270046,45.415177
220.686461,198.739650,45.650048
220.686836,198.739128,45.649650
221.074206,198.464892,45.773865
221.504956,197.614574,45.782567
221.101590,196.781851,45.750928
221.044604,196.688768,45.825908
221.043934,196.688174,45.826415
221.195294,196.301650,46.165822
221.171916,195.921186,45.968147
221.159750,195.718757,45.871850
221.187510,195.277319,45.941113
220.982091,194.290356,46.100983
220.740330,193.918102,46.300233
220.991367,193.692126,46.586918
220.622888,193.441747,46.381378
220.608464,193.229203,46.476193
220.608100,193.228689,46.476407
220.687471,192.858148,46.719356
220.748527,192.847600,46.707049
220.729069,192.845099,46.742277
220.638961,192.573353,46.669351
220.694989,192.512790,46.680634
220.694099,192.512023,46.678791
220.506958,191.885150,46.264118
220.911317,191.539905,46.472854
220.874582,191.247135,46.499475
220.849016,191.243941,46.528215
220.927735,190.707849,46.648738
221.172786,190.010853,47.395022
221.172661,190.010379,47.395275
221.308840,189.276207,47.245526
221.126939,188.796027,47.219359
221.333492,188.493007,47.372467
221.333427,188.492557,47.372725
221.394757,188.467537,47.310516
221.320334,188.359083,47.431064
221.225448,188.263112,47.823840
221.022195,187.963345,47.905809
221.234763,187.661538,47.871367
221.301712,187.437158,47.108706
221.326330,187.439390,47.154288
221.326373,187.438989,47.154774
221.391563,187.359680,47.217006
221.690463,187.099803,47.568206
221.563341,186.885547,47.638654
221.573868,186.873664,47.641583
221.569030,186.828102,47.646654
221.569132,186.827724,47.647176
221.636692,186.811553,47.585124
221.722171,186.808000,47.598205
221.761025,186.813205,47.641920
221.897124,186.169596,47.977680
221.795381,186.046289,48.122914
222.153822,184.960261,47.860577
222.315441,184.856781,47.703678
222.506014,184.650077,47.591919
222.645427,184.543710,47.596192
222.635760,184.186750,47.812517
222.640126,184.188678,47.834758
222.528617,183.588209,48.215026
222.405733,183.328280,48.394835
222.407067,183.328324,48.400700
222.308670,183.058208,48.560470
222.253399,182.496450,47.783334
222.269240,182.159856,47.040876
222.634036,180.403369,47.390192
222.725605,179.984608,47.602410
222.955320,179.414834,47.602054
222.955372,179.414389,47.601340
223.032893,179.316453,47.579388
222.898903,179.125402,47.298765
222.943781,179.124749,47.288194
223.284645,178.973467,47.596106
223.620510,178.856033,47.092069
223.620836,178.855425,47.091065
223.779243,178.664441,46.900242
224.048605,178.188651,46.654757
224.264518,177.798886,46.484070
224.245649,177.751982,46.379596
224.324803,177.657913,46.492722
224.519328,177.314188,46.259877
224.619803,177.263171,46.251693
224.680085,177.222175,46.358643
224.643663,176.308381,45.607760
224.681114,176.298590,45.716344
224.177624,176.050346,45.470226
224.460179,175.577665,46.223357
224.454090,175.575976,46.235482
224.161503,174.955079,46.522166
224.138974,174.916402,46.266502
224.816892,174.206981,46.239266
224.969449,174.022513,46.280618
225.013048,174.002606,46.304712
225.012982,173.191156,46.438984
224.870926,172.846250,46.654417
224.860268,172.844345,46.671053
224.596942,171.795730,46.637818
224.697020,170.588977,46.159936
224.572498,169.766499,46.463893
224.585267,169.764601,46.466622
224.651117,169.766264,46.459891
224.600107,169.739347,46.581209
224.662692,169.681116,46.665333
223.958173,168.473045,46.433152
223.957927,168.472648,46.433519
223.790831,168.100354,46.674614
223.604086,167.862045,46.965554
223.603835,167.861652,46.965952
223.774902,167.742594,47.027029
223.616290,167.335102,47.243847
223.405231,166.594782,47.023227
222.731236,165.879218,46.913737
222.657078,165.855211,46.962542
222.610320,165.600472,46.843024
222.610587,165.600051,46.843679
222.701217,165.481768,47.023753
222.657307,165.464923,47.058364
222.899145,164.934614,47.353975
222.877238,164.934583,47.386406
222.719358,164.745314,47.615912
223.012130,163.953369,48.335217
222.972711,163.941874,48.394790
222.872661,163.478895,47.313543
222.986152,162.992231,48.116918
223.005431,162.316841,48.249895
223.018558,162.314279,48.273873
223.176581,161.902044,48.546548
223.216005,161.889584,48.617891
223.367587,161.639606,48.576189
223.369573,161.639197,48.578457
223.371640,161.638921,48.581897
223.204598,161.411423,48.993757
222.818951,160.930627,48.954541
222.809040,160.003410,48.686739
222.848449,159.841727,48.641998
222.914976,158.962348,47.685331
222.912281,158.962734,47.679588
223.243566,158.568921,46.797645
223.130801,157.967261,46.697278
223.130740,157.966862,46.696998
223.200256,157.859367,46.847510
223.277009,157.789888,46.988278
223.317843,157.758811,46.927792
223.441703,157.457538,46.777908
223.422269,156.324506,46.195863
223.588152,155.870741,46.212809
223.209681,155.317825,45.999568
223.233633,155.310000,45.961385
223.233422,155.309602,45.959525
223.233158,155.309347,45.957196
223.788567,154.230696,46.409492
223.596159,153.712698,46.685032
223.604396,153.508191,46.612329
223.894652,153.153889,46.729081
223.837433,153.077777,46.692425
223.740476,152.538712,46.437345
223.741837,152.537938,46.439146
223.809404,152.147310,46.880024
223.985600,151.872693,46.555312
224.120879,151.639873,46.325311
224.181148,151.374730,46.508259
224.181905,151.374200,46.508397
224.032296,151.153536,46.415895
224.034524,151.152271,46.418951
223.839918,149.955169,46.474068
223.840643,149.953955,46.475005
223.356706,149.470336,46.071994
223.440423,149.288701,46.202728
223.497566,149.195129,46.175896
223.330806,148.767275,45.885012
223.481880,148.295223,45.657172
222.627177,147.473184,45.323491
222.852106,146.714954,45.955266
223.029367,146.257065,45.695866
222.944071,145.666703,45.395014
222.736481,145.124836,45.552253
222.591552,144.605222,45.674295
222.512570,144.577962,45.675814
222.377537,143.744827,45.619500
222.310729,143.703618,45.493203
222.020196,143.410743,45.197687
221.969251,143.372193,44.934931
221.987727,142.641227,45.163016
221.897709,141.798857,45.587709
221.897119,141.798458,45.589282
221.132930,140.937000,45.753382
220.778820,140.378338,45.994430
220.779661,140.377218,45.999868
221.006892,139.814384,46.518366
221.247259,139.019130,46.237077
220.503480,138.082612,46.186273
220.402358,138.027034,46.027627
220.387058,138.026460,46.038338
220.373987,138.026224,46.048177
220.507966,137.382121,45.241669
220.513764,137.343472,45.311833
220.044993,136.701485,45.491120
220.055150,136.215772,45.509838
220.055238,136.215295,45.509186
220.065076,136.213967,45.469811
219.965735,135.551034,45.561195
219.845113,134.876740,45.300245
219.934995,134.614293,45.113259
219.934876,134.613842,45.113061
219.977471,134.519848,45.148391
219.785805,134.203786,45.349923
219.760757,133.932389,45.169390
219.971623,133.697959,45.453320
219.973197,133.562748,45.665940
220.021910,133.546495,45.537439
219.880147,132.582241,45.291891
219.914092,132.555665,45.248591
219.616823,131.999221,45.469556
219.787944,131.659150,45.369505
219.737625,131.641519,45.342627
219.745889,131.585453,45.442175
219.922636,131.036418,45.215984
219.974127,131.010597,45.194812
220.000395,130.994333,45.161449
220.453243,130.292014,45.118914
220.481919,130.271838,45.108243
220.451626,130.266268,45.149263
220.452017,130.265631,45.149617
220.378914,129.462188,45.288916
220.379293,129.461572,45.289237
219.987673,128.763385,45.384072
220.038745,128.745797,45.292742
219.437994,127.856243,45.324343
219.350686,127.460720,44.537172
219.381930,127.170421,44.447809
219.532781,127.004233,44.263196
219.653929,126.741264,44.135552
219.659181,126.740819,44.128108
219.832263,126.519429,43.980001
218.957289,125.829558,43.760838
219.139829,125.410348,43.528408
218.958644,124.462504,43.039060
219.045196,123.992392,43.243950
218.873383,123.413724,43.419925
218.587081,123.171030,43.204069
218.879933,122.426333,42.882459
218.614809,121.958268,43.273661
218.533190,121.943300,43.099884
218.080641,121.248329,43.014343
217.885235,120.661182,43.164503
217.586958,120.378603,43.239634
217.205966,119.752820,42.936408
217.243572,119.259728,42.919290
217.216872,119.266628,42.949704
217.105561,118.915981,43.221271
217.210464,118.690365,43.001088
217.198101,118.692082,43.015389
216.873071,118.216743,43.372317
216.913029,118.033573,43.573326
217.018003,117.819122,43.649892
216.391809,117.190574,43.482002
215.924468,117.193332,43.226647
215.702620,116.675085,43.399690
215.767083,115.994538,43.548006
215.392692,115.680938,43.493259
215.520952,115.522666,43.385965
215.492845,114.873683,43.263330
214.963237,114.391957,42.945511
215.068072,114.009741,43.143371
214.762269,113.553679,43.031884
214.610366,113.319007,42.335564
214.502638,113.241186,42.456568
214.319968,113.029373,42.149214
213.997179,112.011888,42.713855
213.977995,112.004568,42.753336
213.919534,112.005718,42.658173
213.905972,111.604350,42.296891
213.949412,111.447737,42.217744
213.963307,110.439491,42.205195
213.922145,110.428311,42.263316
213.740398,109.758994,42.273784
213.511393,109.376091,41.894810
212.784424,108.708433,41.341507
212.794702,108.700552,41.336207
211.804223,107.532975,41.417739
211.798015,107.533106,41.426165
212.030483,107.099168,41.545105
211.933563,106.836996,41.491070
211.695949,106.898961,41.375874
211.554895,106.430647,41.287992
211.547297,106.435526,41.290428
211.505032,106.446758,41.311359
211.286732,106.379893,41.278023
210.271542,105.389030,40.890606
209.121035,104.332186,40.516705
208.483937,103.654010,40.224221
208.473177,103.646317,40.236475
208.439629,103.661454,40.262917
208.355787,103.655694,40.334720
208.236391,103.339261,40.187713
208.343300,103.127759,40.072387
208.310800,103.151503,40.003804
208.308175,103.155233,39.988580
208.195313,103.168212,40.007019
208.194826,103.168023,40.006389
208.203568,103.159221,40.002037
207.820046,102.865693,39.862401
206.717696,101.778539,38.453613
205.118907,101.234477,38.224155
205.114472,101.237614,38.222841
205.243628,100.997564,38.457957
205.217103,100.995652,38.487036
205.226099,100.988285,38.488989
205.218140,100.990713,38.498136
205.355924,100.744146,38.372166
205.096516,99.889009,38.253548
205.096005,99.888625,38.253593
204.584503,98.671059,38.297447
204.024462,97.984282,38.427579
203.810592,97.440069,38.560566
203.004174,96.714289,38.204557
203.139087,96.468706,38.065219
202.331034,96.069382,38.002377
202.021202,95.896291,37.857552
201.055341,94.853796,37.623066
201.008443,94.412044,37.125014
200.820899,94.084909,36.755057
200.317798,93.725045,36.609195
200.042050,93.584668,36.862235
199.507247,93.105523,36.121722
199.514259,93.097428,36.122829
199.542636,93.004356,36.041737
199.324620,92.805347,36.073705
199.257824,92.230840,36.191528
199.039943,92.061882,36.176854
198.967926,90.606582,36.183441
198.782751,89.910812,36.327768
198.783910,89.908740,36.328885
198.791765,89.899869,36.330969
198.193946,89.440235,36.136188
198.000665,89.394861,35.766112
197.775456,88.753778,35.859649
197.408580,87.952110,35.667811
197.232870,87.893627,35.781852
197.203322,87.605162,35.527856
196.110021,86.221647,34.544983
194.932142,85.595016,34.215461
195.227635,85.023399,33.909567
194.769404,84.614808,33.682848
194.424756,84.278984,33.496527
193.547265,83.651267,33.443003
194.041723,82.640780,32.804023
193.754548,82.627051,32.714395
193.053766,82.289022,32.528645
192.983040,82.068393,31.890790
192.958474,82.084003,31.871214
192.964320,82.085885,31.857064
192.765114,81.598290,31.113240
191.935482,81.217188,31.146948
191.740073,81.166587,30.712850
191.673182,81.164349,30.646300
191.658286,81.173295,30.642244
190.971473,79.898512,30.933237
190.607904,78.619085,30.675940
190.681601,78.357151,30.501262
190.554730,77.761562,29.854179
190.537537,76.611686,29.900972
190.544443,76.602060,29.905808
190.569717,76.580212,29.920996
189.789929,76.021685,30.115397
189.805381,75.626085,30.133758
188.729754,75.110891,29.862724
188.647131,74.659287,29.596760
188.423081,74.339684,29.795621
188.074756,73.834557,29.873619
187.909986,73.209489,30.104958
187.830678,73.150394,30.096295
187.713403,72.572941,30.235499
187.840704,72.294981,30.365699
186.867484,71.662036,30.582182
186.670516,71.370768,30.523574
186.035136,70.220644,30.158014
186.046697,69.643073,30.232659
185.834791,69.571294,30.188578
185.571641,68.940000,30.346439
185.186822,68.490331,30.276429
185.305901,68.241055,30.119491
185.305413,68.240448,30.119659
185.257024,67.863763,30.100052
184.862801,67.100588,30.029695
184.344856,66.566676,29.721227
184.301281,66.276633,29.698565
184.139917,66.033833,29.676205
184.139329,66.033388,29.675718
184.138742,66.032941,29.675236
183.753205,65.644555,29.343937
183.755961,65.643031,29.340569
183.678042,65.611645,29.283219
183.450223,65.503824,29.389138
183.210921,64.937355,28.509253
182.692554,64.220110,28.832290
182.389240,63.936253,28.665581
182.160895,63.759329,28.564875
182.073531,63.290699,28.763745
181.430161,61.952404,28.780791
180.755121,61.703001,28.620176
180.749072,61.708699,28.576307
180.654614,61.093574,28.661376
179.868122,60.522294,28.435219
178.963574,60.167559,28.372592
178.587968,59.917072,28.297230
178.563638,59.900537,28.251892
178.425762,59.425745,27.939846
177.972314,58.952627,27.671572
177.910236,58.605520,27.757744
177.791019,57.992484,27.726413
176.762687,57.206506,28.009418
176.579876,56.578460,27.687066
176.108658,56.188355,27.630534
176.060457,55.715959,27.329935
175.742387,55.264942,27.438528
175.229282,55.009699,27.285760
175.405768,54.543892,27.238954
174.693286,53.879775,27.040022
174.067345,53.134352,27.391255
173.600055,52.558186,27.357116
173.337924,52.464580,27.290656
172.946888,52.057862,27.318649
172.942301,52.059889,27.316904
172.928085,52.064983,27.311453
172.829429,51.815521,27.170158
172.418271,51.377737,27.502119
172.291860,51.224711,27.654458
172.288901,51.224737,27.653719
172.438962,50.784395,27.528035
172.351435,49.896067,28.303445
172.033720,49.067273,28.316976
172.031841,49.066737,28.320438
171.912981,48.775518,28.388062
172.075095,48.611075,28.247431
171.899894,48.525115,28.159231
171.943197,48.097970,28.351526
171.915043,47.861120,28.255503
171.914298,47.860466,28.255354
171.891826,47.860266,28.243739
171.595594,47.539642,27.774586
171.595004,47.538801,27.774438
171.737415,47.308526,27.864664
171.717319,47.046371,27.733701
171.913603,46.858475,28.148211
172.077130,46.512365,27.982159
171.393648,46.124834,28.150015
171.075570,45.573431,28.322674
171.278674,45.297293,28.256641
171.024785,44.970619,27.891283
171.067692,44.402456,28.192493
170.734368,43.858371,27.505781
170.839898,43.486131,27.452761
171.114820,43.143103,27.757299
171.090572,43.134272,27.773107
170.962804,43.080008,27.738795
171.130753,42.924127,27.599711
171.192550,41.805754,27.678003
171.409882,41.385534,27.316840
171.375727,41.086536,27.179740
171.515468,40.836266,27.039677
171.544870,40.468778,27.073947
171.514398,40.332632,27.075935
171.449432,40.083454,26.980812
171.374007,39.953666,26.888036
171.636983,39.541812,27.006887
171.358534,39.395549,26.926174
171.357858,39.394626,26.925883
171.596054,38.634619,26.609550
171.475681,38.514821,26.604581
171.339818,38.093135,26.807475
171.048013,37.537999,26.929321
170.956170,37.458140,27.090050
170.891275,37.428025,27.125119
170.809710,37.328973,27.146444
170.646568,37.188672,27.045746
170.427908,36.911457,27.226702
170.532158,36.590541,27.638098
170.557142,36.269932,27.362432
170.496369,36.239157,27.338172
170.681282,36.083463,27.301236
170.889738,35.679376,27.169715
171.516539,34.686282,26.683226
171.428588,34.562337,26.722553
171.292169,34.112228,26.704713
171.440289,33.899655,26.870611
171.285586,33.437513,26.972971
171.409363,33.254687,27.228040
171.192635,32.660624,27.731379
171.488661,31.874127,28.146164
171.460007,31.349303,28.697855
171.376448,31.184273,28.684032
171.447174,30.650439,28.842702
171.317771,30.534081,28.890686
172.028798,30.058845,28.724929
172.065016,30.008692,28.655174
172.332466,29.917121,28.534772
172.401991,29.809403,28.728302
172.762352,29.634443,28.602508
173.210909,29.257451,28.480134
173.382633,29.302175,28.484302
174.106812,28.882128,28.309020
174.328645,28.779551,28.364253
174.638626,28.743229,28.199845
174.657939,28.679842,28.161707
174.542437,28.331735,28.263453
174.640706,28.297114,28.379983
174.631678,28.286471,28.368215
174.777540,28.294728,28.416477
175.385663,27.842520,28.607835
175.466424,27.409643,28.318018
175.350190,27.068142,28.409261
175.200466,26.886064,28.067560
175.227935,26.739175,27.931351
175.735374,26.346494,28.451144
175.743694,26.353336,28.458496
175.841482,26.302068,28.508861
176.130679,26.336158,28.453828
176.204478,26.358704,28.411446
176.664650,26.455453,28.403512
177.066225,26.325333,28.328252
177.241123,26.361192,28.397632
177.251281,26.361093,28.581002
177.249817,26.357940,28.578222
177.763907,25.452811,28.684380
177.759822,24.961669,28.692045
177.862286,24.615547,28.644034
178.353632,23.978545,28.170659
178.453435,24.002883,28.213211
178.426248,23.343080,28.955572
178.540580,23.036312,29.229841
178.555830,22.979793,29.249760
179.221134,22.953936,29.432366
179.511291,22.859055,29.309984
179.994478,22.779183,29.232940
179.833824,22.122446,29.061474
180.421699,21.927003,28.819402
180.422843,21.927238,28.819142
180.432983,21.935327,28.797308
180.779372,22.015905,28.896932
181.266755,21.917186,29.112642
181.747855,21.681905,29.200291
181.748531,21.671273,29.204321
181.775529,21.620317,29.138821
181.789644,21.633978,29.130429
182.207823,21.416715,28.843843
182.366485,21.259843,29.406183
182.366806,21.260059,29.408599
182.369590,21.202403,29.386452
182.391299,21.203607,29.359778
182.318389,20.642249,29.519303
182.317457,20.647312,29.555535
182.442021,20.452172,29.658867
182.505267,20.466541,29.727594
182.778698,20.380281,29.689788
183.354129,19.998048,29.658496
183.420602,20.019310,29.697206
183.242803,19.682986,29.777179
183.412968,19.725458,29.816346
183.742853,19.655184,29.723059
184.347657,19.296136,29.831936
184.925554,19.224874,30.120358
185.104738,19.129522,30.002106
185.105225,19.130318,30.003721
186.017760,19.011546,30.614716
186.851354,19.022780,30.823425
187.088942,18.868117,30.666354
187.359434,18.760018,30.776046
187.714783,18.650686,30.904392
188.291820,18.310953,30.779297
188.290660,18.305606,30.801558
188.792724,18.377039,30.863061
188.799779,18.381411,30.845294
189.279123,18.309081,30.602095
189.438433,18.236819,30.618183
189.689059,18.093292,31.070156
190.168437,17.923319,31.220179
190.245992,17.862082,31.217671
190.569765,17.807733,31.456285
190.561458,17.763464,31.476652
190.910488,17.713879,31.265326
191.447736,17.107283,30.855833
191.901269,16.948087,30.928264
192.391762,17.021354,31.035282
192.886897,16.589308,31.096704
193.117623,16.514081,31.030720
193.330788,16.387247,30.904404
193.363976,16.348092,30.834718
194.025200,16.424134,30.930369
194.144633,16.459593,30.737021
195.088506,16.116731,31.055822
195.286461,16.039167,30.694768
195.756597,16.006139,30.352205
196.236002,15.796345,30.350095
196.236546,15.796269,30.349682
196.258925,15.821097,30.374257
196.600279,15.770790,30.292260
197.057653,15.629473,30.050999
197.058177,15.629351,30.050546
197.276771,15.330497,30.158689
197.523191,15.243353,29.951083
197.758465,14.934492,29.920374
198.091987,14.903066,29.869333
198.811853,15.006160,30.058537
199.692035,14.817944,29.819704
199.729891,14.434357,30.014042
199.944676,14.368395,29.938349
200.019268,14.075205,29.916598
200.274325,13.995942,29.772945
200.593920,13.915925,29.478432
200.800108,13.856035,29.359910
201.044838,13.733401,29.226365
201.698148,13.734961,29.171579
202.239643,13.687352,28.712922
202.438891,13.632555,28.602025
203.247825,13.646402,28.782954
203.770306,13.513730,28.807609
204.371413,13.579786,28.939869
204.377217,13.571892,28.946148
205.183953,13.381628,29.092135
205.286883,13.482437,29.031974
205.530855,13.463170,29.253458
205.806381,13.442495,29.082561
206.271114,13.200192,29.198787
206.933278,13.151107,29.617080
207.085231,13.217758,29.561640
208.294189,13.149165,29.424133
208.547155,12.881584,29.583383
208.554846,12.726921,29.428219
209.302945,12.790575,29.284839
209.156263,12.664319,29.229602
209.307616,12.621941,29.262991
209.535866,12.625572,29.428442
209.637240,12.706214,29.678001
209.637854,12.706041,29.677916
209.782303,12.664992,29.586444
209.929843,12.501812,29.554222
210.162783,12.182031,29.526350
210.511161,12.081353,29.281261
210.649719,12.113594,29.196818
210.944733,12.034785,29.164340
211.036400,12.072305,29.113090
211.395652,12.045095,29.052102
211.607788,11.923775,28.676360
212.117473,11.915678,28.709664
212.121772,11.896773,28.737098
212.373878,11.834955,28.567012
212.962721,11.852018,28.599916
213.132507,11.827241,29.029953
213.254278,11.798385,28.944403
213.966333,11.771617,28.999046
214.082319,11.739386,28.916837
214.694983,11.603501,29.067336
214.696756,11.607358,29.060920
215.602228,11.492272,29.341678
215.951447,11.431912,29.179015
215.968337,11.415344,29.137071
215.903865,11.202152,28.954504
215.957907,11.252945,28.914716
216.098536,11.251471,28.780850
216.416071,11.020417,28.885549
217.119047,10.535636,29.058172
217.406711,10.506170,29.148229
217.407445,10.506036,29.148078
217.713210,10.416586,28.892731
218.061748,10.348321,28.565601
218.560850,10.326873,29.067387
218.643011,10.336985,29.107419
219.857843,10.223684,29.263631
220.082569,10.221677,28.901177
220.132246,10.166652,28.991170
220.232956,10.020265,28.950755
220.451022,9.960158,28.769021
220.719828,9.958673,28.880617
221.097051,9.827941,28.779633
221.304126,9.772416,28.874079
221.417208,9.741809,28.777048
221.499146,9.718985,28.707394
221.657104,9.677507,28.572570
221.963938,9.620122,28.594993
222.045195,9.592934,28.512634
222.232925,9.595237,28.465872
222.497282,9.573756,28.108707
222.808076,9.486048,27.845117
222.968408,9.543687,28.026795
223.142446,9.494203,27.874687
223.530622,9.189758,27.926162
224.072172,8.999699,27.997939
224.068429,8.949396,27.998939
224.234068,8.923005,27.843282
224.329467,8.930750,27.779842
224.556704,8.868889,27.815931
224.525034,8.755737,27.812140
224.896200,8.491047,27.869036
225.051171,8.476276,27.955611
225.248618,8.440485,28.215871
225.504007,8.235441,28.176348
225.623114,8.233150,28.096210
226.009619,8.206079,27.687855
226.455522,8.184408,27.127953
226.622841,8.051585,27.315460
226.893190,7.971618,27.298010
227.037514,7.832150,27.443077
227.132620,7.832217,27.413613
227.225599,7.798109,27.328926
227.390338,7.742383,27.358483
227.386147,7.548164,27.456671
227.437121,7.507984,27.412576
227.549484,7.482450,27.545595
227.837757,7.236816,27.513061
228.068834,7.254585,27.320881
228.221288,7.209541,27.345630
228.394824,7.138964,27.564319
228.839392,7.028156,27.731793
228.782918,7.022259,27.946542
228.751970,6.998703,28.068413
228.612746,6.845819,28.211826
228.591693,6.841734,28.283349
228.510373,6.839790,28.374973
228.513469,6.856962,28.536229
228.504126,6.859087,28.698556
228.474666,6.859546,28.869564
228.451853,6.865136,28.895545
228.408486,6.877288,29.178525
228.380160,6.884353,29.237961
228.301692,6.848202,29.332569
228.361764,6.831495,29.567947
228.396342,6.704794,29.604420
228.308776,6.735396,29.710885
228.273685,6.739612,29.855365
228.280911,6.721757,30.212148
228.253977,6.743660,30.444756
228.222502,6.636851,30.554380
228.211430,6.589000,30.678321
228.178133,6.627150,30.817590
228.087853,6.600846,30.917455
228.047749,6.610006,30.964789
228.051837,6.636486,31.076168
227.999711,6.646769,31.128107
227.996630,6.647342,31.128641
227.851765,6.559934,31.361178
227.775998,6.411385,31.575502
227.752564,6.413391,31.730359
227.720098,6.382455,31.814792
227.604368,6.342297,32.117251
227.307291,6.303745,32.468688
227.235915,6.322032,32.699328
227.116452,6.188434,32.970345
227.036952,6.203612,33.120380
226.941738,6.261248,33.353068
226.897514,6.281011,33.522549
226.846629,6.196054,33.678869
226.821457,6.206152,33.766800
226.808251,6.169336,33.860095
226.831142,6.168222,33.926791
226.714699,6.093030,34.168292
226.683900,6.108692,34.266669
226.654812,6.047653,34.417264
226.547157,6.056171,34.549237
226.378895,5.999693,34.773070
226.186222,5.926271,34.472764
226.137168,5.930028,34.408879
225.945519,5.805683,34.055978
225.868303,5.811669,34.049315
225.843363,5.810881,33.974649
225.802634,5.814793,33.901501
225.817112,5.813180,33.883014
225.703130,5.783537,33.938364
