1600
3
1.570711,0.418445,254.675329
0.930593,0.368827,254.640913
0.356269,0.355689,254.751976
0.419471,1.185469,254.461708
0.453065,2.943930,254.166413
0.543566,6.597699,253.600418
0.929233,14.034808,252.685099
1.470622,22.543467,251.888352
2.663540,32.832417,250.334780
3.853786,45.713300,250.454676
4.175526,56.442566,250.362265
6.011004,66.566695,250.667414
7.916538,76.223522,250.583134
9.486748,86.407446,250.563191
9.990368,96.877005,250.855859
12.098422,109.416198,250.891869
15.687792,124.480317,251.731618
18.882181,134.445991,251.145578
22.502030,145.794285,251.093768
26.868661,153.007217,250.390472
36.553403,165.568047,249.542544
52.005553,175.366733,248.815712
64.024122,185.452706,247.923955
80.846469,199.751968,247.506658
90.774384,209.579433,247.938542
107.541112,219.319369,246.584722
115.357535,224.971215,246.038601
115.540806,232.316082,244.952943
111.160626,236.948127,244.608807
101.259808,242.222671,242.109482
72.527607,246.185681,241.099697
50.994576,247.690847,239.666075
29.703455,246.721178,238.586876
19.089921,246.058676,236.834112
10.552942,245.270753,237.845182
8.261071,246.092562,227.818578
5.236675,247.602509,215.650500
4.117495,248.350206,200.401764
4.027130,248.941962,180.782166
4.765623,249.288285,166.686694
2.887672,0.410856,254.613448
1.922459,0.382869,254.551028
1.337590,0.509315,254.480222
0.973710,1.167999,254.230538
0.738772,2.760165,253.552616
0.674567,5.696914,252.179226
0.889125,13.339622,250.873496
1.189648,21.317685,249.342927
2.223400,30.448225,247.577768
3.805781,43.066702,247.461527
4.055462,53.742689,247.156947
5.393496,63.605207,247.094239
7.363779,74.489485,247.299104
8.595311,84.721582,247.543608
10.324482,93.802860,247.822708
11.909245,107.679811,248.457787
16.239902,121.750702,249.304244
19.576598,133.671907,249.678934
23.969952,144.282958,248.849428
28.929205,151.177282,247.992071
39.785404,163.637698,245.688371
54.846895,172.584779,245.313303
68.728798,182.626276,243.999565
83.753902,196.090827,246.130026
102.138744,207.209144,244.778033
116.874734,215.949879,243.619423
125.099164,222.031341,242.840729
126.080288,229.679909,241.238800
120.176180,235.809898,240.273188
107.850363,241.679632,237.152970
81.223774,245.907196,237.569040
54.607163,247.166643,235.780153
33.761699,246.592606,235.271064
20.522523,246.171382,232.427488
14.103781,245.999126,229.608759
8.743131,245.849634,221.155017
5.594031,247.091552,208.798535
4.101649,248.544164,191.422317
3.430760,247.910170,173.095694
4.108652,248.909268,158.755508
6.574581,0.822348,254.469678
4.874477,0.687505,254.442580
3.280312,0.837031,254.183846
2.644317,1.181463,253.569019
1.815874,2.464255,252.195721
1.427534,5.836819,250.077109
1.131064,12.817492,247.798142
1.238269,19.808041,246.329564
1.848251,28.333217,242.814879
3.246920,38.390151,242.271386
4.475306,48.492209,241.548130
5.150205,59.270744,241.616527
6.952528,68.663795,242.511015
8.080621,79.772933,242.963503
10.203838,89.058969,243.775047
12.912518,104.919898,243.766408
18.063362,116.414768,244.459241
22.785436,129.348371,244.337519
28.093869,140.788243,244.206470
32.364428,150.577594,242.717687
45.120627,160.304946,240.575043
56.529549,166.729977,240.395699
73.693912,178.601627,240.743004
88.953339,191.166238,239.782787
111.808092,204.410354,241.211936
124.196554,210.871565,240.363452
133.155686,218.755488,239.020721
136.182864,227.594589,235.716814
129.993578,233.147043,231.417611
116.244506,239.822324,229.892075
95.586470,244.556137,229.380315
62.480644,246.548323,227.217401
41.071383,247.413649,224.379894
24.895333,246.424988,223.452668
17.653355,246.809136,217.820922
10.338474,246.796183,208.999467
6.849564,248.180543,194.284004
4.336414,248.241275,174.770654
3.833267,248.068027,154.667101
3.667163,248.612452,145.647689
14.681318,1.693922,254.140388
11.413550,1.366007,254.075380
9.426101,1.128375,253.714276
7.384055,1.285841,252.104884
5.291570,2.735155,250.096397
3.349833,5.627737,247.035887
1.976483,10.014887,242.412607
1.839915,16.914694,239.002135
1.793250,23.827708,235.306190
2.840627,30.098080,232.971922
4.824612,42.308590,234.162151
4.739690,51.882950,233.525704
5.911128,62.476201,235.175068
7.505264,72.852575,236.447694
10.494472,83.347967,236.514989
13.362852,98.095360,236.867151
20.142126,110.923593,238.488747
24.052293,123.549052,237.018644
31.008734,134.499248,235.306529
34.221133,147.815699,235.259533
45.756829,156.227680,235.382945
58.206753,163.119546,234.328447
71.810779,171.290362,232.612455
91.836257,184.167118,235.697693
113.793897,199.542021,234.972981
126.303416,207.356481,233.763734
138.026566,214.950342,231.144791
145.067559,226.976295,225.966285
135.316529,230.597997,222.763200
122.984518,236.849289,216.551618
104.122072,242.305532,211.384369
74.327234,244.767200,211.350915
49.013002,247.260728,209.383717
30.939688,246.862266,205.003002
20.381514,247.542944,196.482054
13.294550,247.858985,187.784557
9.182403,248.087357,173.006233
5.408397,248.440753,152.534547
4.148834,248.831758,141.504762
3.457283,248.534312,136.776459
28.316768,2.716995,253.863536
23.437470,2.111514,253.588964
20.293933,1.994436,252.631249
15.399010,2.062168,250.518620
13.939712,2.655399,247.675308
8.379933,4.373304,241.511614
3.660250,7.943825,236.551123
3.032241,13.088934,231.155178
2.375566,20.396907,228.796250
2.579395,24.771317,224.858858
3.651012,32.884819,223.094921
4.716458,41.970984,225.824558
4.538319,53.815938,227.583819
8.075029,64.660748,227.561926
10.430022,76.304410,227.242353
13.774351,88.429271,228.622827
18.165558,103.727346,228.253022
25.493796,119.760985,228.219035
32.346605,130.544154,228.477106
36.640643,143.165541,224.817745
41.536092,152.099154,223.728173
54.499590,159.773025,225.018735
66.087469,167.108902,223.210274
89.489092,178.050803,222.939210
111.274141,194.316087,223.752063
126.127530,204.547379,223.703352
134.217798,213.497428,220.347919
136.912476,223.232108,215.591631
131.783937,228.394394,210.010066
123.392879,233.087437,202.776232
105.893759,238.498937,195.406450
84.626424,242.951336,192.842374
57.912217,245.783247,186.183582
36.287024,247.022076,184.123438
23.781177,247.860426,171.213815
16.601157,247.818942,162.671761
12.397338,249.522697,146.166771
7.166677,249.140829,135.493444
4.510799,249.698557,129.250672
3.745969,249.795905,121.445657
37.938779,3.169475,253.824303
34.940426,2.895282,253.115638
31.696009,2.749521,251.857296
26.763750,2.973747,249.354049
21.200956,3.411065,244.777750
16.336125,3.612158,237.618942
11.509705,5.924781,229.987845
5.478629,9.404759,223.681281
3.800946,15.203861,219.067219
3.550439,19.691780,216.814239
2.957063,25.179521,214.395287
3.635251,30.881848,213.082526
4.450562,41.786082,214.628877
8.050935,53.790049,212.731141
11.131995,67.316179,214.357039
13.252939,77.112688,213.000817
17.100491,92.928932,213.281015
23.852019,109.517307,211.883376
30.253410,123.103939,211.054679
34.824760,133.249990,207.609426
41.592874,142.212767,207.653445
48.572411,149.818127,205.408601
62.902704,160.583688,206.426060
79.640816,168.951306,203.910825
100.874845,179.942862,203.881658
113.419468,194.885534,207.120027
123.536532,210.072070,208.545336
126.604943,220.267622,202.015047
126.018899,224.594443,194.786828
111.829480,229.812860,184.262581
100.584914,234.929561,178.657387
85.813402,241.465503,170.813761
60.989881,244.591791,162.981687
41.240156,245.534596,155.575395
26.586317,247.828448,144.502484
18.913867,248.359139,135.920505
14.393377,249.097782,127.603894
8.821691,250.341470,119.562278
5.778684,250.499697,111.452429
4.343359,250.268523,105.276779
52.868512,4.165735,253.501631
48.224407,3.853081,252.747123
45.021743,3.523883,250.408170
40.317299,3.277990,246.937840
34.995135,3.470834,240.932436
26.943506,4.164712,232.853343
20.111825,4.683706,223.623726
13.500413,6.522163,215.849837
6.818231,10.157056,209.182561
5.209226,13.669030,205.961949
3.585677,18.208087,202.528206
4.648571,23.633519,200.820057
4.449220,30.497691,197.417544
5.774076,39.871517,195.840028
8.662203,50.821857,196.791747
12.766011,64.535116,195.195710
14.251784,74.465141,190.882332
21.719780,93.117726,193.229517
25.630590,109.318858,192.275932
32.397742,124.442519,191.864364
36.917595,132.131470,189.077152
46.493403,140.534956,188.364779
58.949693,150.247268,188.579492
70.021202,158.791758,186.117694
81.895689,170.728032,184.283409
94.461417,183.879814,183.647627
105.138289,200.809252,181.874368
108.692177,212.399934,178.803480
107.225630,220.092672,177.006068
102.584146,225.292308,172.779538
92.426086,230.735981,162.853660
75.385890,235.251555,150.242424
58.096688,241.065765,141.474009
42.692266,244.638163,125.543488
29.710736,248.127510,116.008530
22.144589,249.230408,110.353194
16.426020,249.899719,103.390940
10.292121,250.289376,99.144062
6.677205,250.900297,97.422012
4.733861,251.189246,96.721313
64.574487,5.583073,253.207661
62.242112,5.145563,251.998789
59.120378,4.733139,249.981422
54.207053,4.312478,245.418776
46.595612,4.591989,237.780370
36.828489,4.863045,228.566927
26.549278,4.812973,218.364592
20.500086,5.594229,211.952581
12.209124,7.199706,202.808968
7.579448,8.485732,196.147005
5.678016,11.864740,192.594416
4.328597,15.425050,186.502007
4.563374,21.937967,184.032234
5.128802,28.737447,182.697001
6.336611,38.227840,182.603718
9.869669,52.478233,180.006073
12.735588,68.663816,176.331343
16.382238,81.189061,174.675673
22.377243,98.916523,174.375732
27.601352,110.367296,172.184338
31.869073,120.789385,171.750236
37.566470,131.106338,165.787458
46.792621,139.807696,167.231324
59.049825,149.967572,162.365226
68.691974,158.484999,162.627583
72.753923,170.879379,157.797839
86.912243,185.797720,158.289290
97.933459,199.410869,158.001691
95.407474,211.085524,156.778817
86.508948,218.584651,145.507984
76.365942,225.587855,135.777402
62.352152,229.399613,123.888752
51.332483,237.308348,113.297786
43.186555,241.760172,104.642950
29.802909,245.043000,99.279802
21.661814,248.656622,95.942170
17.071676,250.097400,93.400709
10.647519,250.121382,89.174187
6.889927,250.937278,85.095875
5.209509,251.596925,83.968852
76.403964,6.898852,252.913833
75.624220,6.677997,251.804661
72.101019,5.684199,249.821408
63.679994,5.463125,243.558931
55.550877,4.929206,236.009097
45.300129,5.221861,224.580511
35.343074,5.067688,214.995821
27.833920,4.681406,207.171448
18.067339,5.627093,196.520677
11.450254,6.451678,188.940947
7.196366,8.318225,183.003432
6.400695,11.583664,178.091469
5.396126,15.686593,175.006027
5.326287,21.305315,172.523219
5.915214,29.577643,168.632542
8.384578,44.233451,164.265687
10.312316,57.413986,162.203070
14.440732,69.493207,159.256795
18.111523,86.351607,156.773751
23.613347,100.926687,155.707663
27.365791,111.229937,151.448649
32.648648,122.066797,147.092454
38.341102,129.928438,145.251380
48.480557,141.101032,143.528365
55.069347,150.282728,140.472778
62.730148,161.294730,136.670536
66.605361,172.804165,133.430193
71.857267,186.638288,132.430984
71.744889,197.023426,126.034081
67.730159,206.942942,122.189808
61.494059,217.446881,113.835963
57.474105,224.772046,107.324433
48.682178,233.557780,98.414938
38.684791,238.252419,89.402598
28.367100,242.633009,84.956026
21.658234,247.437839,80.754011
15.386036,249.457752,79.678575
9.891928,250.528770,75.924214
6.719974,251.327058,73.111742
5.152777,252.272360,71.162477
85.859660,8.742193,252.484332
85.637876,8.553981,251.233566
84.287168,8.029743,248.676171
76.833916,7.368870,242.416990
69.582792,6.625740,234.827553
53.960927,6.255133,220.443453
43.325778,5.609581,212.096955
34.052318,4.844393,200.971694
25.826880,4.832541,191.674473
15.532944,5.039709,181.066872
12.115820,6.663102,175.318070
7.830538,8.022047,170.381939
6.487899,10.833493,165.142101
5.460234,16.444264,162.072939
6.102707,23.558109,155.323409
7.929958,33.900145,152.123146
9.734882,48.680066,149.325251
11.687133,59.220363,147.201896
13.455320,76.021425,142.227164
17.843287,89.047984,135.793103
22.499387,102.855071,135.976834
27.649219,115.386843,133.345865
30.517946,123.433999,129.794652
35.073756,132.497650,125.004387
44.275674,143.266080,123.358986
46.288147,150.392073,118.219093
52.266125,164.244398,117.688082
55.326324,177.121715,113.579213
57.277212,188.410749,111.140845
56.711233,199.697988,108.139679
53.424945,211.737140,100.728663
44.177020,218.991168,92.634099
38.677594,229.397727,86.371013
33.822845,236.468907,79.999138
26.347454,242.612617,73.796760
20.296512,246.747031,70.262762
14.075312,248.949530,67.562001
8.119520,250.162353,62.788542
5.893521,251.686282,61.218940
4.462123,252.449021,59.817965
97.180705,11.023873,251.893794
95.481646,9.648007,250.075223
93.587988,9.158211,247.751034
88.973607,9.045318,241.412353
79.673723,7.287709,232.028544
64.980650,6.307178,220.116590
52.570206,7.412693,209.102675
42.677952,5.939230,197.774163
31.520749,4.508057,186.543489
22.288687,4.900460,176.264214
15.775922,5.726135,168.642093
11.342532,6.342391,163.185633
7.699080,7.950622,158.620798
6.882340,12.415563,154.158957
5.429960,18.237243,146.269099
7.026877,27.930749,142.397345
7.833261,39.794715,137.518978
9.855189,52.476143,134.190761
11.759448,65.397388,127.661821
15.810447,83.903533,126.580701
17.732720,92.912355,121.533667
20.357536,105.720373,116.574173
24.474444,117.267418,115.104093
29.780955,125.717942,114.417858
37.228369,136.689208,109.066138
41.305426,146.326055,107.267952
41.308443,157.336267,102.013335
42.951453,169.911309,97.203019
43.335859,181.371857,94.871643
42.008542,191.024829,90.251175
38.108733,203.784297,83.196168
34.519496,212.570487,80.184721
32.168008,225.271090,75.414446
27.818150,233.826157,70.784342
22.312663,240.914633,63.959436
16.524723,245.294831,58.117023
12.135794,248.447209,54.991745
6.423313,250.758894,50.046219
4.443292,252.174133,48.640877
3.529711,253.216502,46.755521
111.208377,11.958867,251.922929
109.196042,10.162349,250.273062
105.604381,9.272262,246.236982
97.587327,9.698835,239.922417
88.462325,8.623004,231.512945
76.230031,7.392587,219.789228
64.566449,6.858369,207.309881
49.992694,6.383801,192.898592
37.670316,4.779951,182.859375
26.762912,4.393766,171.265093
19.692906,4.838448,164.684676
13.956914,5.359211,158.677445
10.655432,7.032517,152.219511
7.908672,9.933547,143.903194
6.187145,15.201247,136.192178
6.460512,22.367622,131.617841
7.546509,33.748402,128.214229
8.385467,45.870078,124.973373
11.361893,61.220735,118.600975
13.422739,72.708285,112.907077
15.580696,85.920892,108.976446
19.503037,97.686241,104.392606
21.688550,108.595615,102.385319
24.193518,116.738235,98.286711
27.206040,128.173283,95.063682
31.084909,141.841412,94.226677
30.557060,154.429282,87.929805
31.259476,163.728229,84.125435
28.693236,174.580227,81.851953
30.230510,188.090896,78.929214
29.389769,199.274580,74.201413
27.100915,210.116203,68.581400
25.569733,219.863448,65.705740
21.990335,230.088123,60.353718
17.589477,238.618987,53.589460
13.031010,245.439648,46.443509
7.022125,248.377637,38.887948
4.783190,251.768054,34.611501
2.972278,253.146843,31.736131
2.440456,253.898685,30.576045
122.987210,12.650079,252.067493
121.668860,10.287568,250.030528
118.395893,10.750074,245.979759
111.495663,11.045193,240.240068
101.016577,9.920646,231.132372
84.810330,8.083874,216.373776
75.295292,7.136155,205.490123
59.935219,6.037014,189.589682
46.130036,5.898140,177.278473
32.491071,4.290817,166.532251
25.176919,3.868939,158.910420
18.819345,4.303615,149.238906
14.069428,5.616965,142.356857
8.180004,7.564244,133.882423
6.650070,12.278257,127.718061
6.439234,17.387130,122.056651
7.345988,25.639475,117.720689
8.252208,37.875766,112.602665
9.586940,55.012075,106.560646
11.718227,64.696682,101.510892
13.027768,78.867936,98.893623
16.391107,91.867342,95.111654
18.475332,103.706483,91.534176
19.516539,113.459469,86.819400
20.765268,122.969109,85.361727
22.078716,135.641200,80.978913
22.359871,149.817969,77.267295
23.051463,161.123898,75.220537
19.360622,171.480186,70.380610
21.252210,181.895376,66.724379
21.627096,193.811725,64.413432
20.157221,205.286593,59.888225
17.452399,216.523804,55.926622
15.107875,227.846041,49.278714
11.170729,236.706815,41.201410
6.721946,244.361469,31.549439
4.889299,249.168420,25.488570
3.366822,252.539130,21.450891
1.703356,253.629634,19.010112
1.132112,254.192239,17.288705
138.569460,15.497774,251.689014
136.613912,14.217208,249.895948
131.894213,13.114569,245.808601
124.555095,11.601427,240.693653
115.960807,10.814247,230.155759
100.823577,9.141068,216.878561
85.267018,7.084443,202.149680
68.949453,7.458685,187.787486
51.967539,6.215572,170.407494
41.378640,4.394666,160.574211
33.891847,4.193223,153.415421
25.032303,3.882741,142.931202
18.005752,4.321270,134.287236
11.510598,6.610994,124.340367
7.843576,9.108241,117.454557
6.396612,13.643784,111.017697
6.520789,18.840505,102.550863
6.886025,30.822293,94.381865
8.092486,44.052998,90.519583
9.238796,58.110205,87.186962
10.318261,68.267795,82.723113
11.802642,83.739389,79.899393
15.404375,93.289839,79.222417
16.889069,106.635429,77.584179
16.255448,118.050515,74.286677
16.691719,131.232810,70.374282
15.965024,147.173168,65.125367
14.258549,155.399863,62.405622
14.567923,166.991610,58.557468
13.184443,175.987459,55.275033
12.402246,187.273831,50.047099
11.781461,199.287849,46.932647
10.050006,211.476523,41.990476
8.699992,221.655116,37.850576
6.845476,236.280347,30.549488
4.474195,245.359173,22.512093
3.208705,250.256262,15.695961
1.490154,252.844267,11.577235
0.947030,254.116835,9.394486
0.564078,254.576633,8.216468
146.826864,19.887714,251.794342
147.503542,16.840712,249.803369
145.104033,14.809391,245.998185
139.522445,14.277669,240.623419
126.821653,11.519178,228.759700
116.337003,11.429009,217.849283
93.166749,8.587018,199.104995
79.954801,8.597500,183.450643
62.697417,7.625493,166.155103
50.636251,6.352053,155.364005
37.902052,4.812068,144.172981
28.544358,4.715131,134.298289
22.727665,4.116785,125.769134
14.756365,4.882644,115.738324
9.967992,6.264052,105.605365
7.279243,10.598172,96.507825
6.023665,14.803850,90.527398
6.285504,23.664823,80.373131
7.157359,31.336404,77.198978
8.103479,48.148672,74.278767
8.857370,59.977141,70.922037
9.582356,72.723793,67.519166
11.433648,83.374940,67.040675
12.968907,98.873914,63.288795
11.720215,112.993366,60.691162
10.486895,127.453080,58.489855
10.326700,143.874010,54.865700
9.320642,152.866134,50.820642
9.109671,164.126711,47.557539
9.365395,172.348134,44.410870
7.734549,183.531033,38.582441
8.214003,194.149302,35.144864
7.710913,205.938685,32.392781
6.317695,219.325114,27.769213
4.125889,233.006978,19.957318
2.549936,244.419293,13.593723
1.280801,251.206716,8.415307
0.779307,253.263857,5.930153
0.544613,254.272824,4.452728
0.353533,254.769646,3.640446
163.522640,20.541519,251.754341
163.517367,17.564669,249.542659
159.132321,16.393946,246.185771
156.147054,15.624634,240.521884
143.777820,16.076578,230.006770
127.216449,15.967554,216.463781
107.213700,11.801515,195.136906
89.159024,10.373557,176.943294
72.814092,9.783778,162.196371
61.856641,7.507762,150.918042
48.363349,6.369365,137.519658
36.935754,5.612569,127.868923
26.478926,4.955676,118.376749
18.218651,4.473748,105.741170
11.024585,5.417812,95.438809
8.717768,8.286578,86.294407
6.891759,12.246687,78.436582
4.316987,18.748124,69.692195
4.916914,25.449047,65.482637
6.397828,39.008184,60.457763
7.432566,50.932625,56.883646
7.140072,63.297382,55.187007
7.821142,77.179395,53.798503
8.273906,91.129493,49.486223
8.510708,107.095059,46.085348
7.711661,119.984346,44.035419
7.123139,137.672662,40.429468
6.305250,148.952653,38.438941
4.901428,160.174064,33.340960
5.058035,167.154894,33.404106
4.636152,179.521998,28.803757
4.361794,191.133327,25.863414
4.258532,200.999687,22.573676
2.659597,213.817985,17.448403
1.806676,227.518191,11.136346
1.225976,242.490918,6.466439
0.733496,249.048495,4.115539
0.524138,253.251057,2.932790
0.254450,254.401773,1.712156
0.193129,254.821116,1.120600
185.203388,21.725435,251.980753
183.948252,18.938216,250.029793
178.724840,18.827219,247.340679
171.278255,19.900617,240.783401
158.314319,18.812774,229.274231
142.722572,18.965207,214.064136
120.948503,14.687747,190.855683
102.019278,11.825791,175.020149
82.780748,9.991782,155.459009
69.762026,8.674752,143.290014
56.943805,8.021871,133.240402
47.588103,7.428030,121.598882
33.908260,5.848796,107.483330
23.709800,5.462526,96.771765
15.980595,5.097984,86.894430
8.926921,6.581245,73.158296
5.688265,9.026254,66.628806
4.660942,14.070291,60.148844
3.619743,18.843411,53.931730
3.928705,28.684226,47.296166
5.001048,39.917758,44.313192
5.304036,54.568184,40.084222
6.072594,68.012748,38.973938
5.510778,83.336261,35.884946
5.654771,102.597629,33.544130
5.867351,113.882463,30.853863
6.225694,131.044338,29.680597
5.021347,145.624744,28.462267
4.551278,156.334504,25.525445
3.687881,165.060522,22.008539
2.538078,175.749096,19.131925
2.298360,185.830463,16.717569
1.720486,197.051673,13.774348
1.585054,210.092059,10.542688
1.483390,225.755753,6.554715
0.914560,238.698289,3.644622
0.559659,247.706842,2.113485
0.397181,252.352577,1.075839
0.281996,254.372359,0.538324
0.159439,254.880669,0.199751
201.302541,23.545568,251.286535
201.668071,20.111334,250.679185
199.766985,16.330163,248.243931
192.488140,17.400556,241.921444
176.993367,21.894719,230.940029
154.979640,21.037896,211.291523
138.789257,18.646711,192.460726
112.566626,14.966922,170.310184
92.304476,11.527437,151.668783
77.606355,10.280167,137.796487
67.957286,9.156439,127.624423
53.938832,7.849460,116.018229
40.939563,6.929444,102.024966
29.599035,5.490760,90.218024
19.379910,5.069189,76.440249
11.234691,5.229480,64.792155
6.143516,7.831028,57.075102
5.104293,11.976970,51.855202
4.126146,17.967057,44.725347
3.539340,25.300062,40.112472
3.815829,35.616997,35.578921
4.412050,49.290722,32.861931
3.892899,63.358289,28.822428
3.625840,76.499730,25.245864
3.474312,93.112980,24.456919
3.765182,111.634731,24.072719
3.885319,125.136615,21.321405
3.554269,141.032555,19.465199
3.350536,152.919894,17.420095
2.709483,164.318129,13.912468
2.196814,171.387042,11.890902
2.105877,181.441341,9.567887
1.588074,193.751432,7.609160
1.481881,206.474406,5.808183
1.325229,221.746565,3.745380
1.009888,234.261952,1.968128
1.007283,246.168187,1.181432
0.867644,251.253614,0.600374
0.631218,253.908188,0.260884
0.613837,254.627129,0.213686
216.436987,30.173076,250.470335
217.895492,24.154538,249.477113
218.533567,18.406581,247.066273
211.334504,17.055713,241.465492
198.041270,19.732577,231.391128
169.491280,20.484818,210.372196
151.135460,19.865887,189.552734
125.569645,18.331420,167.339728
103.690370,12.877462,148.366463
86.282396,10.206481,133.226128
74.485075,9.494654,123.380997
62.060127,8.231998,111.850441
48.109637,7.483222,96.787859
36.165106,5.640471,83.539156
23.349596,4.901069,68.879022
15.338359,3.721884,57.150617
9.717512,5.699771,49.364666
6.200287,8.947500,40.596701
4.053212,13.434112,34.398207
4.006918,18.855218,28.299409
3.394994,27.632177,24.796667
3.010924,40.951548,23.354211
2.822577,59.288755,20.197770
2.438567,73.797856,17.422542
2.572919,89.743254,15.870054
2.993435,105.791545,14.410635
2.783084,122.856821,13.283641
2.865198,136.112366,10.630916
3.142904,149.136439,10.518728
2.445360,160.636914,8.474201
2.503786,169.085419,6.897702
2.630904,179.060696,4.857282
2.680757,188.651864,4.333874
2.698000,201.389357,3.611827
2.707377,217.352569,2.590895
2.061464,231.643632,1.538561
1.805146,243.530844,0.872480
2.273873,250.218349,0.488073
2.402248,253.350258,0.414584
2.344803,254.423978,0.378155
227.829940,37.635470,249.569506
229.851674,30.881124,248.749769
232.302234,22.806573,246.557704
226.329829,21.572687,239.232086
210.887922,20.492172,229.709117
187.029579,23.829944,211.403621
161.859700,21.584507,187.610067
142.646832,21.055404,169.068287
118.480033,16.200079,145.529055
95.995877,11.813918,128.813011
85.813706,11.355360,119.218882
73.609156,9.731136,105.268668
57.350256,8.474624,90.246796
40.797519,6.423524,73.770442
28.676280,5.098179,60.210904
18.978716,3.037706,50.748363
12.558373,4.299376,39.956583
6.652132,6.378960,29.867281
4.896377,8.754229,23.720053
3.601023,15.470661,20.147499
3.436061,22.334590,16.417159
3.501157,33.745499,13.875178
2.664851,50.783151,12.031036
2.468876,70.406556,10.689396
2.303194,85.131801,9.415228
2.021904,100.421430,8.438281
2.804893,118.802506,6.995770
2.729353,132.194398,6.177337
2.856022,145.121948,5.179944
3.035340,157.213483,4.493850
3.512533,167.810150,3.804698
3.910030,175.967974,3.533064
4.650360,186.097683,3.098870
4.946238,197.093619,2.713021
5.513446,211.882956,1.973829
5.244122,226.231322,1.329401
5.570063,240.958055,0.667517
6.171732,249.012770,0.688967
6.172892,252.476118,0.649580
6.977786,254.121980,0.984833
233.956468,48.303620,248.668643
235.371775,39.527958,247.204671
236.176787,32.247689,244.032349
231.700514,31.136718,238.633538
219.616024,30.259042,227.426582
199.601017,28.600788,207.138208
175.038241,25.528884,185.827972
156.579604,25.708730,168.986705
130.594929,20.684545,147.596738
107.173668,13.795263,124.594756
92.209020,11.363327,112.853939
82.474141,11.454776,99.459073
65.807477,9.131212,84.588455
51.476237,6.967754,71.721124
33.619151,5.030288,54.994713
22.803695,3.628263,42.102156
14.551377,3.322876,32.666561
6.869484,5.256903,22.658108
4.870253,6.603636,16.129251
4.158927,9.981941,11.775567
3.375790,17.017738,9.036719
3.354620,27.872640,8.319435
3.237573,44.959038,6.034012
3.074757,64.121907,5.447750
3.108896,79.985278,5.170862
3.224604,99.990691,4.841641
3.338155,115.574489,3.987808
3.471532,128.248396,3.251017
4.174516,141.993907,2.731135
4.494160,154.038413,2.606438
6.057815,165.924371,2.089066
6.941610,173.126741,1.795480
7.892942,182.255641,1.628551
8.539637,194.622807,1.532179
9.833572,208.715637,1.421774
11.592403,223.067388,1.571526
12.131176,235.872934,1.343072
13.296227,246.714009,2.072840
13.655598,252.379403,1.978302
14.522714,253.767863,2.044634
236.526860,58.629214,247.894776
237.916899,52.431265,246.894569
236.372066,45.839107,241.704581
233.369382,40.179496,234.226930
222.037261,41.268520,222.865406
205.147571,33.828821,201.143536
185.251359,28.396559,184.457268
162.576309,27.682418,165.785231
140.082517,22.541396,143.915539
118.375342,16.039124,123.470845
101.664561,13.583829,108.908391
86.276399,12.554282,94.991320
75.812434,10.136327,84.476207
56.322196,6.980601,66.977257
41.543661,6.156892,52.982292
26.156571,3.217095,36.991362
17.689823,3.494820,26.257839
8.607222,4.709970,14.091120
6.328404,5.371571,9.800454
4.536743,8.125539,7.007028
4.219971,14.392428,5.433912
4.291411,22.820650,4.579122
5.028189,41.058166,3.821719
4.863040,58.225493,3.151722
5.371685,77.086449,3.031742
6.226604,95.698235,2.646825
6.600056,112.222319,2.645857
7.043433,126.413034,2.073452
7.347035,138.976229,1.837284
9.626401,152.884105,1.988798
9.965355,163.083245,1.571439
10.963030,171.779845,1.473154
12.039851,180.233608,1.433814
13.859527,191.548047,1.807601
17.371894,206.346223,1.941134
19.666067,220.988763,1.973380
22.497095,234.512871,3.073791
23.107524,244.495626,2.735731
24.177055,251.257497,2.566739
23.308453,252.959260,2.538069
240.823449,69.784334,244.386254
241.245008,66.073550,242.515061
238.564497,58.705517,237.244449
234.964076,50.287177,231.083902
223.568778,46.096940,215.722420
206.621962,39.715752,198.794033
190.031615,31.771491,181.397573
169.925039,26.627324,161.623903
148.798750,21.709360,141.544737
124.203618,16.873345,119.275857
110.530372,14.327213,107.330448
91.416016,11.946382,91.391038
82.119570,10.400282,81.336631
66.199691,7.415843,65.166626
46.593781,5.597306,48.546861
31.088710,3.283415,31.565562
20.999382,3.162009,19.210417
12.258495,4.410464,10.032048
9.052293,4.496254,7.038131
5.745007,5.797051,3.798237
6.341570,12.083058,3.451299
6.989206,21.319132,3.067122
7.125417,37.278683,2.787513
8.604239,54.598705,2.193296
10.578110,74.885816,1.956979
11.201549,93.522217,1.696311
12.721291,110.750831,1.307920
13.421343,124.239221,1.457247
15.431061,138.770155,1.758301
17.021754,151.089206,1.674127
17.269550,160.732722,1.520186
17.615525,168.536359,1.831246
19.670627,178.942073,2.157423
23.843730,191.181716,2.392582
27.090992,205.256669,2.813897
29.686761,218.403824,3.258003
33.369436,233.361119,3.874249
33.963199,243.092887,3.871305
34.556837,249.244423,3.960494
34.223092,251.958019,4.130410
245.984461,75.514041,239.609621
243.991276,69.827175,237.049835
241.472198,64.215415,232.365802
236.548450,54.250931,221.097128
226.324398,53.847951,208.984967
209.737746,42.100961,193.507371
193.073057,32.555275,176.153781
174.892290,25.302607,155.809143
156.725417,20.838076,139.755151
133.283442,15.236758,118.282163
119.377094,14.074717,106.339663
102.637091,11.489253,88.542717
87.131626,10.446090,75.530777
72.812977,7.719481,62.009430
57.307807,6.340650,45.101326
40.057200,2.752877,26.287365
27.825388,2.636639,14.322128
19.183893,3.564814,7.522374
14.557244,4.835218,4.665838
12.182094,7.086269,3.297384
10.997658,12.511224,2.517860
11.209594,20.392400,2.364263
13.463215,35.648296,2.161983
14.447391,53.280072,1.859266
16.634695,74.024153,1.557150
18.292944,91.288855,1.309750
19.133556,109.795864,1.274000
22.509009,123.734516,1.225939
26.006374,139.360170,1.133305
26.585535,148.346364,1.316890
26.565481,155.695976,1.784895
27.611324,166.702816,1.947445
32.191280,179.551410,2.671410
35.842405,192.972722,2.775699
37.750004,203.277855,3.396690
41.603498,219.637356,4.667552
43.431952,232.270283,5.130597
45.114633,241.956222,5.862554
46.007751,248.824457,5.976883
45.375405,250.968667,5.980900
248.812563,81.099544,228.322017
247.482723,74.215454,224.727391
243.818699,67.129768,218.898917
237.168502,59.300927,211.432607
228.505716,52.148363,203.321376
211.986829,38.352011,182.643706
197.317377,29.738719,171.879048
177.532342,23.674207,148.437630
161.580687,19.204220,133.843719
143.639711,14.568051,115.889829
126.520385,13.380533,100.864997
106.796002,11.693214,83.642895
95.557414,9.782007,72.193718
82.714578,7.739751,58.344351
65.799395,5.456575,40.992313
46.326495,2.620829,22.201630
35.457734,2.526825,12.152396
27.791668,3.964653,6.384803
21.588475,5.215029,2.978622
19.207199,7.490928,2.640967
18.794200,12.883986,2.066417
18.776535,21.730344,1.925138
21.765459,35.555750,1.808951
24.375235,52.802170,1.500812
26.919959,73.520599,1.492184
29.378750,91.904546,1.505919
29.799604,110.493496,1.328833
31.301844,127.043725,1.136114
31.722322,137.224383,1.097187
32.927793,147.706671,1.706220
34.788675,154.966536,1.901763
36.849067,166.228312,2.456719
41.956984,182.357391,3.183274
48.200783,194.262434,3.750999
51.294572,204.721064,4.615868
55.420651,218.669548,5.476933
59.343105,231.620711,6.826848
60.449217,239.949071,8.447086
60.386268,247.543258,8.562365
61.535011,250.357874,8.707056
250.440712,75.205520,212.053688
249.159283,70.652694,208.855436
245.559182,63.811244,204.940705
240.562472,51.650335,198.181416
228.830216,43.345880,188.180256
214.491785,33.302090,176.564383
197.429985,24.961634,158.340526
182.318589,21.886067,141.459790
168.143323,17.709819,127.544996
152.669654,14.928585,112.071705
132.546086,12.839564,95.485791
116.222117,10.542144,80.145288
100.825640,9.518124,64.739940
88.456891,6.754517,49.526692
74.918022,4.375852,36.049490
56.298581,2.764923,19.400381
44.872645,2.897394,10.187168
36.947370,4.024917,6.263595
31.782884,5.792805,3.880416
28.479707,10.369636,2.298025
27.690388,15.797219,2.066420
29.966131,24.421900,1.634305
33.543022,40.589841,1.239208
37.013631,54.137468,2.595983
41.478418,71.153152,3.254231
44.474234,89.680845,3.096762
43.647479,108.333507,3.035424
45.606204,123.017331,2.192394
45.850012,135.927076,2.423663
45.568130,147.559272,3.070237
47.705910,156.330769,3.038955
50.930900,167.222514,3.731107
53.370005,182.510329,4.055099
58.632399,196.661979,4.563092
63.590562,208.118362,5.320395
70.962096,220.768010,7.263457
72.193480,233.170029,9.851177
75.153058,240.747277,10.921994
78.242861,246.572858,10.696203
77.583787,249.468562,9.998516
251.019609,67.631775,193.890685
249.423972,63.228146,192.431947
247.149540,53.131023,186.968710
242.084486,46.244583,183.497914
233.777116,34.253285,177.538204
221.078180,26.903477,166.636832
199.957454,21.525883,147.257426
187.244747,20.488174,136.371185
171.995025,16.506436,121.406312
157.269293,14.195818,107.854232
141.562789,10.930868,88.451729
124.467929,10.028481,74.480457
108.161597,7.193569,57.674327
93.719466,5.377056,40.604831
83.321019,3.874304,29.725489
68.562233,3.904799,18.130409
56.798092,3.492895,9.917268
49.429818,4.600016,6.065403
42.147562,7.175749,3.877431
38.543449,12.634940,2.146515
38.350103,18.177478,2.005003
42.127463,31.341255,1.122028
48.304788,47.042952,3.304796
50.989897,58.467635,3.502855
54.938877,72.268677,3.385410
57.408360,88.227865,3.262831
60.098936,107.642340,3.867607
62.429418,121.385579,3.550668
64.500022,135.032155,4.743673
62.849173,145.033116,4.464914
65.147323,158.435217,5.456789
67.262843,169.286678,4.745060
75.334836,186.233381,5.932012
79.055598,199.952807,6.085995
82.501511,212.689435,8.806783
86.494969,224.272811,10.071283
90.033318,233.533223,11.199230
91.194231,242.117954,13.013273
91.255677,245.855580,12.975150
90.320694,249.184457,13.625185
251.214264,61.271938,177.733799
249.905261,54.992742,176.717162
248.184755,46.044310,172.879022
243.319786,35.029921,171.000774
236.003097,25.485001,162.495481
225.057107,20.421680,152.362230
206.142505,19.274942,138.649680
190.003981,17.765695,124.971829
175.218443,14.024743,109.533994
161.039479,11.545174,94.552294
146.430529,10.065751,78.594719
133.220182,7.568541,62.936942
118.106627,6.372278,46.505681
104.144397,5.153171,33.337788
93.650912,4.274253,24.135078
83.102738,3.948797,14.953240
73.764890,3.953476,8.993558
65.588085,6.066137,5.709363
61.177351,10.555259,4.018982
57.823123,17.453630,2.136021
56.614078,25.231561,2.165332
58.456733,39.766409,2.533687
64.916759,53.554178,3.222873
64.991207,63.793907,3.418481
68.717728,74.937950,4.018879
71.256068,89.604213,4.704555
74.792198,109.059343,5.242472
77.474276,123.516093,6.200239
82.374851,134.615005,8.088131
83.393119,145.451468,7.949157
85.375032,158.728654,6.959248
91.136782,171.430427,7.279868
97.551398,190.287791,8.657985
98.429914,201.035335,10.482391
99.790307,214.670011,11.289175
101.795106,224.419861,12.149998
105.180716,234.463495,13.633832
108.025442,242.058437,13.650146
107.263426,245.938746,14.476168
105.834680,248.979955,16.659301
252.291545,47.039015,162.060763
251.189286,41.553188,158.638763
249.054766,32.753805,156.243689
245.638138,22.555770,153.092008
238.320314,18.240278,147.985917
225.626461,16.067333,135.329777
211.332636,14.848225,124.960656
196.637413,14.232347,111.616981
178.901959,11.017741,95.910099
164.177347,8.730842,80.651296
152.866828,7.209042,66.708906
139.834069,6.312159,52.968611
125.760137,5.661732,39.402629
112.538249,4.664843,30.213518
103.369613,4.448454,20.818018
93.475994,4.209495,12.391401
86.559527,4.402446,7.308634
80.773844,7.721590,4.989977
77.066116,13.229008,3.779738
75.517554,20.756137,3.368318
75.776307,29.887098,3.112375
78.133460,47.960501,4.053969
76.912204,57.569883,3.723088
79.893387,67.891759,4.764429
84.612481,80.894620,5.597233
89.816424,92.729162,6.710757
92.202072,109.174248,8.542976
94.279544,124.528157,8.988114
97.024586,136.928122,9.358973
102.722799,149.289988,9.102937
105.280336,160.325918,7.424285
111.619070,173.967004,8.313498
111.857908,190.162029,10.534279
111.740129,200.928894,10.944280
114.483899,214.219939,12.060448
115.349559,225.212086,13.257163
118.199525,236.469707,14.139662
118.974187,242.976348,15.498620
119.376471,246.580245,16.964542
118.925044,249.089659,20.079070
252.438350,34.811817,141.187020
251.769921,31.360050,141.255265
249.407790,25.072914,138.265356
245.632615,18.240174,137.046600
238.893759,15.221910,131.959784
226.584948,15.603964,124.139586
211.741997,13.698130,109.080482
195.945886,12.067782,96.937036
182.096481,10.201961,84.194236
167.698212,8.158272,70.213914
156.411508,7.118897,58.471357
145.271847,5.309470,46.971353
132.927982,5.425691,34.927326
121.776512,4.581352,25.667193
111.897637,4.264478,16.020296
103.161083,4.174065,9.689640
97.954270,5.676805,5.860279
93.605269,9.024244,5.088979
92.087909,15.588205,4.078323
89.039771,23.849196,3.668807
90.411748,35.152682,2.995712
91.581375,48.595664,4.386089
93.200167,61.787279,4.696955
96.099178,75.107030,5.330386
102.192821,87.166953,7.699005
104.789095,97.608734,9.939893
109.536227,110.655931,11.008796
114.861087,125.326201,12.616552
115.201352,137.569109,11.804398
116.667736,151.135456,9.878066
121.361364,163.920900,8.198386
123.729377,176.614486,9.156416
126.580598,191.547322,11.464587
127.496844,201.620117,11.744950
128.322515,213.952329,13.400264
131.567420,227.193110,13.752360
132.659929,237.414116,16.132625
132.596580,243.429839,16.689966
132.760537,247.300409,17.768946
131.425430,249.603731,21.057153
252.730716,27.283143,126.038911
251.654604,22.386525,124.307774
250.265788,17.082147,123.582991
246.856209,14.608132,119.522118
240.900919,13.437662,118.278782
228.931825,12.921077,106.825058
212.673211,14.608619,97.624150
199.564728,11.676324,85.360189
183.844796,9.722155,72.341134
170.809102,8.058276,59.581660
160.119335,6.314660,50.145990
150.765312,4.838260,40.360863
138.221161,5.112157,28.454122
130.381905,4.133275,20.923074
121.244140,3.697229,12.691702
114.632934,5.510554,8.199991
109.808782,7.485978,5.746890
107.059986,10.795194,5.120867
105.730311,18.102706,4.631109
105.169860,28.414749,3.880762
105.507615,40.699611,3.128790
107.120155,52.600436,4.710223
111.112330,66.343953,5.889309
113.633809,78.309118,6.925204
116.863665,91.595254,9.545589
120.178559,101.447800,12.468600
124.896738,114.777431,15.046696
128.678435,128.000716,15.929892
133.190724,139.887395,15.837919
133.311362,153.001651,12.760691
135.123240,164.837808,9.877473
135.503780,177.635771,9.887022
137.831237,192.562501,11.903926
138.547121,204.039851,11.081217
140.958676,215.959236,13.893002
142.619535,227.345722,16.148662
144.270657,237.545351,16.316994
145.306924,244.398635,18.354661
145.762928,247.836027,19.451257
145.910973,249.632928,22.009150
253.018615,20.812606,104.798539
252.236741,16.429738,101.450618
250.721815,11.605138,100.755445
248.448284,12.151732,102.718126
242.594593,11.342593,98.980094
230.509604,12.006552,90.575098
217.915487,13.267099,85.324288
200.413431,10.738722,73.247733
185.873524,8.261863,62.364089
172.791112,7.382127,52.003485
162.822274,5.073145,41.028103
153.783630,4.778394,32.232769
143.497221,3.928950,22.840934
136.527635,3.753819,16.218217
126.990889,4.110375,10.492422
121.573909,5.088174,6.786103
120.089191,8.659649,5.871353
119.099122,13.206494,5.129816
119.338625,21.349665,4.572465
120.373398,31.948656,4.068730
124.483417,43.949610,3.914135
125.256803,56.868491,5.132702
129.594376,71.361954,6.515394
133.523174,84.189285,8.168468
138.039930,96.913689,10.882286
139.878600,107.179440,15.366212
144.223547,118.503216,18.800630
147.349555,131.155657,20.523285
149.184217,142.427753,18.830070
148.754967,152.737698,16.377308
149.362053,164.609463,11.867279
148.851161,178.512262,10.990748
149.229425,191.045923,12.732990
149.712153,202.955521,12.554178
152.673128,217.871836,13.502466
154.419447,228.891767,17.014411
156.404734,238.033635,17.264258
157.068205,245.149063,19.100202
156.397813,248.326482,21.096157
155.826748,249.321802,23.062974
253.721763,14.582552,80.700798
252.820268,12.270885,80.030157
251.552500,9.953658,82.742226
248.930472,8.933300,81.892069
243.006540,8.345959,80.365726
233.880064,8.935090,78.150497
218.961989,9.102884,68.143972
205.974971,7.255376,60.402813
190.738446,6.303562,52.563524
175.428711,5.537520,41.149467
165.642469,4.307671,33.738038
157.412755,3.955588,25.474635
148.313784,3.558674,18.373847
141.609868,3.478098,13.177626
136.291635,4.269013,8.747729
131.256108,6.367407,6.328898
128.390359,10.717058,5.536358
130.906579,17.011904,4.704034
134.303284,26.235447,4.753587
138.599907,36.550396,4.086052
140.161746,47.628856,4.045823
145.132807,62.523446,5.053493
150.087113,75.762492,7.537357
152.909145,87.702509,8.418587
155.977639,99.712412,12.277637
160.456055,111.343376,16.352269
160.602258,120.010960,21.055717
161.466459,130.642041,22.252346
160.999841,142.177435,20.985594
161.983224,153.607458,17.901768
163.206274,165.071311,14.592162
162.766605,177.450384,11.553006
164.911457,191.936332,11.487199
167.140898,203.888459,11.545051
166.224073,219.675281,13.025889
168.622312,232.202094,14.898457
170.620255,240.819192,16.222328
169.943539,246.297977,20.465100
169.303144,249.074441,23.425780
168.939268,250.236142,28.065846
254.401219,9.990957,61.821779
253.674573,7.789729,62.662510
252.003739,7.218651,63.340341
249.986373,6.601594,64.771080
244.340616,6.906600,65.009961
236.119170,7.367568,59.336074
223.406079,6.510610,53.173184
211.386784,5.629069,48.839957
196.616848,5.482714,42.334559
179.933492,3.294913,31.218511
169.122354,3.549430,25.604970
159.987200,3.424849,20.580588
155.271686,4.378458,15.512236
149.001618,3.859315,11.264246
142.275906,4.933720,7.660286
140.422270,8.401951,5.589431
139.256626,13.856892,4.620765
144.395973,21.132447,5.121154
150.934390,30.051087,4.682320
153.881414,39.978588,4.492605
160.516690,53.334629,5.168140
166.760807,65.927964,6.104230
169.329992,78.543559,7.410214
173.203850,92.750521,9.066490
172.191092,102.970601,13.114860
175.091321,113.351098,17.154481
176.052195,120.442368,20.996360
176.641230,133.042975,23.502700
176.895010,142.494005,20.106628
179.937708,154.699642,19.161593
180.058187,167.724559,17.610479
180.743888,180.910147,13.524594
179.591477,191.789166,13.485652
179.590700,203.040231,13.980086
180.017197,221.229343,15.105755
181.957102,234.465734,15.096738
182.583111,242.180790,17.541843
180.911826,246.649284,23.496501
181.581066,249.564453,28.139692
180.930786,250.516874,31.324579
254.660299,7.110787,45.692147
254.242014,5.765489,46.236908
253.027517,5.141346,48.225022
250.398662,5.212870,48.323045
245.107274,4.177083,45.924453
236.555231,5.478126,48.425875
224.473211,4.945354,40.487756
216.352421,4.376907,38.907088
204.242920,3.798122,31.628600
188.000929,2.987808,23.468646
178.350230,3.208262,20.275925
168.438859,4.112651,16.949331
160.557938,4.459473,12.433346
154.743849,4.486034,9.627579
150.941729,6.675721,6.001068
150.732121,11.468399,4.345153
154.392490,18.229832,4.397439
156.816942,25.454584,4.550321
165.968918,35.771047,4.711552
172.798997,45.950617,5.087938
178.827997,58.929504,5.372923
185.344301,70.948443,6.135489
190.062750,83.338287,8.544956
193.033521,94.380862,9.468072
193.776100,104.765191,12.274204
193.572930,115.658369,15.635195
195.285562,124.330998,20.352342
196.801649,133.859391,19.710480
197.099094,144.979351,20.212927
199.399998,155.644746,19.943674
198.282445,167.129896,17.617973
197.489226,180.336211,15.822077
195.387451,190.223644,17.317231
196.924708,205.713583,15.834964
198.580169,224.838576,15.371689
198.801108,236.011963,17.783967
197.582603,244.116146,18.220635
197.242743,247.917013,25.240704
195.734669,249.918887,29.947354
195.235097,251.389456,32.848997
254.744730,5.574882,29.974394
254.501205,4.682394,30.597409
253.563436,4.846672,32.482027
251.078064,3.951908,31.672052
246.597994,3.794321,33.301362
238.163735,4.435178,31.274198
228.415930,4.552388,31.301281
217.376217,4.569729,26.576792
207.344441,3.063318,24.390826
195.385066,3.194933,20.192387
186.397991,3.719241,16.460348
176.881106,3.919083,11.706759
167.693112,4.419038,9.809945
161.978248,5.845821,7.575140
157.068038,8.728402,5.064413
163.116985,15.620970,4.655490
167.042025,22.754166,3.946811
176.075830,32.568503,4.083595
184.867570,43.129599,4.844449
191.960571,50.706983,5.417146
199.936482,63.973977,5.765363
205.292108,76.227347,6.107721
207.974682,87.461364,8.488331
209.658804,96.887230,10.870795
211.528368,106.689770,11.306114
211.940640,116.480186,14.190811
213.850857,127.422574,17.473650
212.587096,135.702043,19.530699
214.310849,145.723628,19.752907
213.531157,155.338608,17.972959
214.127157,166.915298,16.795186
211.449776,179.315305,17.094354
211.146156,190.665847,19.073927
216.633703,210.160227,18.017466
219.464883,225.350214,15.897610
219.272607,239.801468,16.459513
218.293562,245.048522,21.278434
214.050034,248.157376,24.085383
210.538069,250.432193,29.149738
209.677652,251.508548,32.561390
254.827874,4.068279,15.615840
254.639735,3.913906,17.607848
253.905315,4.465221,19.751138
252.381138,4.712927,20.344412
247.176023,5.253671,18.795886
240.113985,4.576585,19.950203
230.912754,4.255215,17.989876
221.169438,3.431964,18.276896
211.651848,3.566353,15.280221
202.839781,3.838827,13.980144
192.457061,3.169384,11.158906
184.831200,3.767629,9.384616
177.575832,5.219327,7.871264
169.257303,7.490974,6.330542
168.637427,13.137082,5.382784
173.554729,19.901234,4.204103
179.458336,27.322500,4.038208
192.394268,40.236704,4.317816
196.562632,46.589908,4.871681
207.241303,58.205540,5.741699
213.364273,67.514201,6.072483
220.074207,79.495018,6.777556
223.865651,88.556922,8.561302
224.561110,98.324155,9.498687
225.320364,108.185648,10.757225
228.165518,119.510482,10.452696
228.823711,129.060094,13.248277
229.514722,136.693713,16.342958
228.066619,145.849362,17.778599
229.621869,155.929207,17.174486
228.302073,168.326221,16.871662
227.439179,176.833370,20.510759
229.884169,192.995614,22.452600
231.268883,214.044243,17.680897
233.653598,229.068539,15.486301
233.975408,239.770628,16.587211
230.574611,245.441221,18.576772
227.172560,247.700569,27.322592
222.514248,249.692250,33.951412
220.423361,250.939396,39.915602
254.855645,2.394998,5.853377
254.722972,2.683092,7.368350
254.123235,4.391243,7.872224
252.617928,6.970910,9.050083
248.772470,7.811905,9.066415
242.458167,6.287503,9.921549
233.266618,4.836939,11.219249
222.762097,2.927974,9.651143
216.051864,3.495444,10.160483
208.096426,3.767158,9.517154
198.877865,3.792051,8.625466
191.486005,4.782370,8.030279
185.341566,5.856569,6.695449
176.860487,9.235547,4.537106
180.635926,17.278673,4.698786
184.102399,25.074893,3.983255
193.082935,33.803526,4.540231
202.782200,44.435845,5.099242
209.221123,53.019651,5.575313
219.378691,64.761129,6.828423
227.771246,74.080929,6.967590
232.211540,82.427161,8.015909
234.772217,91.202777,8.471318
236.870190,99.117004,8.705364
237.456137,109.069666,10.183585
239.020716,120.738877,10.641791
238.903406,128.799007,11.178203
238.979058,137.286335,12.272143
238.389316,146.944379,15.062201
240.134653,157.430660,17.099150
239.890521,166.355714,20.300812
238.935553,178.095142,23.715001
240.836729,193.878992,23.399453
241.373901,212.002524,21.483994
243.659531,229.428396,16.871476
244.930022,240.535573,13.855203
240.142036,244.107326,22.264249
235.637203,246.927026,29.948975
231.332614,248.675659,38.667101
228.412010,250.162610,43.063952
254.872530,1.745325,2.039344
254.695074,2.276006,2.712800
254.243128,4.806426,3.114063
252.951297,7.780249,3.465378
249.873054,9.734326,3.800750
243.607270,8.061357,5.032093
235.904795,5.566479,5.300428
226.243538,3.322934,6.410451
218.312033,3.320191,6.859669
210.880479,4.405956,7.016107
203.082999,4.092978,7.037812
197.188588,5.436952,6.060012
191.847861,7.402267,4.489585
187.006400,11.670876,4.738255
191.913787,21.819777,4.639946
196.361034,30.584756,4.277547
205.294886,40.626378,4.602716
214.027598,49.107380,5.036897
224.531047,59.803683,6.200519
230.097158,68.241903,7.450967
236.141000,76.866997,8.494961
240.550391,84.482091,8.566784
243.453990,92.302898,8.904165
243.626841,100.278082,9.331563
245.514699,111.385143,8.996892
245.211490,120.978403,9.377296
245.640584,127.954001,10.530759
245.424102,137.285143,12.194170
245.978949,147.560464,15.115413
245.713517,157.671507,18.120659
245.253552,166.243077,20.957524
244.666440,177.484245,26.024657
245.610009,192.432913,27.935724
245.387402,210.393562,27.880247
246.661232,226.412287,21.371440
246.263158,236.714139,20.319581
244.388500,241.719857,24.456610
240.517232,245.107703,33.221391
237.292160,247.209255,43.284429
234.367770,249.404544,50.039040
254.877795,0.984977,0.495713
254.730687,2.207940,0.960644
254.285079,4.780191,1.259381
252.939826,8.225940,1.572400
250.361042,11.027195,1.707862
244.059089,8.393382,1.986832
237.998541,5.815654,2.699608
229.003576,3.364830,4.083713
220.738915,3.566881,4.860112
214.590829,3.986099,4.815353
207.239354,4.515023,4.636097
200.104937,5.843983,4.704520
194.796117,7.832862,4.269156
192.845631,13.631309,4.541647
198.288355,24.650960,4.266582
204.421859,33.970840,4.694122
213.477675,45.612136,4.626683
222.539988,54.530983,5.192757
230.498881,62.203140,6.145445
236.675694,69.735760,7.035020
241.370471,79.051950,9.148422
244.404174,86.236242,9.220475
246.065974,93.173234,9.329153
247.657396,100.853882,9.031075
248.722137,111.412541,8.233765
248.250214,120.931856,9.189094
248.392808,128.554532,10.439927
248.564322,137.944514,12.024025
248.775308,148.756196,14.807372
248.574563,157.317585,18.214682
248.599886,165.052200,23.437803
248.219415,178.195411,29.371730
247.829092,189.803099,31.439028
247.222468,205.861587,34.207191
247.965897,222.500584,25.665520
247.711938,232.510657,25.477848
245.733379,238.388020,30.060178
242.843286,243.293308,36.835785
240.910891,245.798473,45.530449
240.224571,248.539306,50.187637
