1600
3
13.502653,254.187710,7.287706
10.604982,254.196714,5.991634
7.564744,254.240759,4.002627
5.129068,254.227876,3.209693
3.241940,253.964701,2.085880
1.589290,253.833729,1.245104
2.215203,252.275236,1.461371
2.415345,250.484021,1.486693
2.273241,247.976049,1.318525
3.063963,243.553759,1.457195
3.665157,237.182276,1.331414
5.403523,226.570213,1.384822
7.984277,217.096482,1.878387
13.489079,208.575961,2.179014
16.210218,201.380733,2.196511
22.380834,196.484340,2.918300
30.129554,198.622202,3.490410
44.968591,202.628793,7.261223
55.845325,207.169523,7.898796
65.713281,210.848538,8.556955
77.837162,217.040609,12.115109
84.657823,219.644444,13.920805
94.077100,225.383901,15.522672
103.856305,226.841425,17.474849
114.143122,229.992580,19.504010
126.871871,234.520922,24.646444
138.455936,234.779593,24.316671
147.862311,237.045982,23.981170
159.546157,238.937898,26.258384
167.110395,237.169627,31.925472
175.572369,238.347404,38.675321
187.771499,237.195041,49.572433
202.260682,237.183832,56.582020
212.405770,237.158824,60.525448
220.981419,236.961348,57.734685
225.917040,236.760212,53.481573
230.695073,237.751136,46.297814
235.984362,237.245243,37.884414
239.934630,237.327929,31.640114
242.802628,238.572339,25.231423
12.933995,254.176309,11.054338
10.920825,254.223134,8.882773
8.020061,254.207648,6.145724
5.399405,254.086557,4.671318
3.724287,253.691901,3.424033
2.534237,253.043697,2.531507
2.310050,251.587895,2.038656
2.248070,249.402831,2.086893
2.251215,246.525835,1.855009
2.590137,240.036339,1.911949
3.695977,232.624848,1.989824
5.093004,223.279078,2.671586
7.587775,213.863288,2.825557
13.052879,204.108226,2.083107
15.592215,198.585566,2.281315
21.002439,193.697067,3.087309
29.346832,194.277164,3.207924
40.796312,197.401294,5.630079
52.011534,201.019226,6.908493
63.164517,205.431598,7.741156
72.974906,211.561906,10.397373
81.386748,215.684039,13.502410
93.920029,218.979177,14.718004
102.934307,220.949653,18.107381
113.488319,224.330376,18.857704
124.274460,227.036164,21.834362
136.668484,228.147710,22.441758
146.453888,230.609046,24.274403
158.419299,231.937722,26.049873
165.061378,230.556603,34.236931
174.731240,230.973738,43.703571
188.642030,230.650480,52.148227
201.101415,232.324776,58.742280
211.645239,233.522176,66.441946
221.503255,233.848728,59.612346
227.142923,234.757576,54.719076
232.123561,234.646426,49.191812
236.347954,233.170047,38.488930
239.864978,233.805469,32.105862
243.180024,233.443636,27.097749
12.679054,254.009132,16.050128
10.952810,254.055186,13.699445
8.761140,254.127762,12.065142
5.363967,253.763402,8.704673
4.383269,253.261630,6.395653
3.232780,252.353843,5.238017
2.523023,251.025567,4.360971
2.406696,248.639579,2.976424
2.341855,242.078302,2.698248
2.561577,237.044168,2.263844
3.482168,229.673351,2.308190
4.880844,217.629866,2.915238
7.321318,206.929459,4.014851
11.376312,199.914945,3.221856
14.875281,193.053192,2.902216
20.111408,189.379257,2.827580
26.036084,187.224187,2.903822
39.683577,193.746235,5.132272
50.312029,196.394334,6.475784
60.147066,200.170699,7.738950
69.457853,205.122982,9.294365
78.417712,207.949711,12.421259
91.045267,211.883212,15.829937
102.286558,215.165063,17.207592
111.901611,217.739811,19.161634
124.842868,220.235553,21.037374
133.579952,220.856578,23.636190
144.867548,224.434529,25.743526
156.607515,225.329331,28.410180
165.293185,226.917502,33.910258
175.082031,226.841573,43.930654
185.988180,225.094271,49.615648
200.141560,225.614892,57.590849
211.571684,227.473267,62.207020
219.474909,227.975119,59.710820
226.221552,228.027676,55.060968
232.965210,228.416048,50.393668
237.488189,227.225398,40.843277
241.957575,225.937643,32.184910
244.965698,225.046208,27.415753
13.000194,253.788197,25.149154
11.279170,253.901310,21.433929
8.853221,253.757457,18.323996
7.705035,253.316730,15.824703
4.452826,252.667915,11.211696
3.752128,251.748585,9.039040
3.047067,249.543692,8.055225
2.814338,245.884727,6.756054
2.288834,240.051407,5.398180
2.910547,233.581797,3.804921
3.606339,223.579268,2.859447
4.584319,211.796012,3.766183
6.856379,199.342724,4.812830
9.811038,192.387974,4.462082
13.457221,183.890527,3.505186
16.957323,180.644765,3.098346
20.896443,180.135909,2.936489
36.064992,184.908584,3.821120
45.916837,188.971348,6.606715
56.866467,193.720048,7.626641
66.829781,198.875422,8.436185
78.441026,200.893788,11.894037
86.247552,201.418053,15.638882
100.839752,206.119454,17.600752
111.176166,207.923323,16.897995
120.613930,210.656340,20.264431
131.803688,214.211207,23.714189
143.078223,215.943963,26.009927
154.787283,217.348202,30.167164
165.812135,220.329955,34.804058
178.673786,216.453476,41.953676
186.058158,217.600783,47.824361
200.166418,217.201097,56.269990
209.721354,219.756716,58.074511
216.893362,220.365657,57.210522
225.020453,219.913604,53.924878
232.682822,219.253010,46.445122
237.685336,218.888761,40.041313
242.507286,218.197985,32.460929
245.331861,217.015873,28.625034
14.354513,253.854126,37.149186
12.236460,253.677462,33.413804
10.040498,253.479377,31.427709
7.616358,253.022306,26.324994
5.343344,252.010320,21.265322
4.083373,250.029250,15.836910
3.853557,247.425838,14.449307
2.651934,243.023047,13.152298
2.660956,234.667491,11.106532
2.741900,228.078204,6.894477
4.017648,213.383164,6.997779
4.334272,201.545823,5.554859
5.598369,191.163678,5.174732
7.853253,183.951350,4.955380
11.459052,178.481526,4.323550
15.274969,176.256934,3.064703
19.021179,174.161053,3.113801
29.505143,175.496198,3.134704
39.666833,177.829424,4.628610
51.001877,181.548478,6.867718
62.896887,186.059807,8.498570
75.270180,190.590855,9.487662
86.122656,193.666144,13.210054
96.663480,195.408465,15.191213
108.958110,196.306038,17.490178
118.306995,199.316369,19.358542
130.902829,201.875458,23.212061
139.636557,203.846015,26.238406
151.806515,204.530610,28.565004
165.748389,206.559081,29.714719
176.649685,208.688315,36.566679
185.093387,208.790618,45.523190
197.434908,209.768032,51.329434
208.444891,211.489993,54.399788
217.396799,210.622362,52.775511
226.307366,210.253762,50.654825
231.469644,209.836808,45.253742
237.764942,209.535453,34.067388
243.229756,210.224546,31.152485
246.461040,209.474597,29.007363
13.066286,253.888610,46.980560
11.511760,253.144543,45.655644
9.772821,252.982883,42.270463
8.098290,252.305615,38.721340
6.113291,251.217827,34.342948
5.415484,248.678349,28.196624
4.436353,244.448414,20.657386
2.974963,239.938177,19.158502
2.951638,230.491110,16.893949
3.110648,218.607616,15.298848
3.312243,204.519358,10.396799
4.721501,191.878807,9.162821
5.458505,184.250637,7.057758
6.562262,178.055536,5.818787
9.593504,172.228440,4.587763
14.101681,169.823508,3.415385
17.453169,168.334727,3.040406
24.878295,165.269720,2.957993
34.543906,166.801366,3.221864
45.990483,168.713144,5.776836
58.944307,174.489465,8.376497
71.573268,176.680555,9.376863
81.350419,177.449366,9.612165
93.021023,179.662956,12.221665
103.998350,181.509964,15.779659
113.787223,183.739413,18.208344
125.574286,184.296631,22.573483
137.708344,189.107347,25.343500
150.503123,190.940164,25.709044
160.869370,192.935789,27.778022
174.134924,196.523843,34.205241
183.819560,197.599123,39.703643
197.025987,199.185861,45.251732
207.148229,198.716004,45.784693
216.762500,198.732205,45.806138
224.714463,200.265588,42.287577
231.288964,199.416594,38.164369
238.401960,200.479573,31.862377
241.725822,200.931033,28.884934
246.944387,201.378635,28.959631
13.021958,253.410125,59.766320
11.116084,253.295259,55.737841
9.358270,252.158084,53.488903
9.699816,251.715678,50.080672
7.695029,249.431284,44.980986
6.688962,246.829354,40.442847
5.917071,241.865135,33.953038
4.842320,234.903910,27.199097
3.778758,223.966219,23.475154
3.048533,211.135983,18.934280
3.630772,197.587624,15.619564
4.677733,187.086037,11.382061
5.029491,179.382158,9.354112
6.227065,170.400512,7.258050
8.519946,168.637805,6.607370
13.113953,164.568919,4.655128
17.031779,161.802740,3.222742
22.805151,158.693431,2.948490
30.830147,157.092713,3.102905
39.249583,155.384877,3.776771
53.289395,159.436189,6.707899
68.729147,160.359660,9.424023
80.670813,165.107702,9.567440
92.128170,165.420390,12.949142
101.549570,164.079004,15.013387
110.253551,165.643197,17.529541
121.913474,169.583415,20.929037
132.643883,171.483380,23.570388
145.406089,178.029162,27.076981
155.392577,179.775910,28.888212
170.293866,182.110745,30.282610
182.949244,185.220814,36.487937
193.896458,185.133357,38.741496
205.983283,188.058542,38.916425
214.717915,189.830452,39.523346
223.086727,189.685946,37.919390
232.042934,190.864594,32.634572
237.998811,190.807226,30.520048
241.646912,189.479928,27.634542
246.006576,187.868306,28.674534
12.299594,253.146697,72.941754
11.176794,252.565286,70.717110
9.604326,251.546431,67.678801
8.681108,250.324006,63.329380
8.397735,247.209480,59.856848
8.201797,244.134754,57.945784
6.626351,237.844054,49.787279
5.190898,228.415697,39.372283
4.786211,221.817547,35.565254
4.867570,203.849203,26.803602
3.994034,189.907656,19.772590
4.114156,181.023524,15.957440
4.546890,171.377064,12.081806
6.142942,166.485073,9.642382
7.948578,161.019278,7.152603
11.188634,156.253989,5.296242
14.856613,150.865831,4.143847
19.461136,145.223337,2.900282
27.083710,144.045235,3.556841
36.328057,142.849391,4.450003
47.869862,141.828476,4.329060
63.138971,142.550575,6.544300
75.088900,146.136794,10.433687
85.604765,145.180426,11.276349
99.247109,153.527619,15.399150
107.940377,154.432878,15.736487
118.747061,156.973613,19.429126
128.688179,156.998766,21.829010
140.787609,160.133526,21.175770
153.680465,164.951581,25.132439
167.903453,168.467013,28.481074
182.881952,168.881633,29.845133
192.997327,173.111688,32.789599
204.573195,172.932603,33.285559
214.620299,176.055377,32.634665
223.274826,176.178822,32.916580
230.326381,177.486114,30.920031
237.840985,175.551663,24.258844
242.377565,174.232555,24.611215
247.045829,174.704132,25.560069
12.870032,252.768837,88.163124
12.323979,251.306901,87.271128
9.976066,250.699125,82.897619
9.903542,248.816150,80.667000
9.022142,245.321627,74.018038
8.933822,241.820823,69.175826
7.472357,235.296739,65.077102
6.608949,224.985774,57.583525
6.118450,213.936822,47.338844
5.167446,196.541247,32.635641
3.903588,185.949023,23.530072
3.642885,175.502311,19.350106
4.439938,167.237887,15.212535
5.091241,159.294049,11.674778
6.898112,150.739313,8.022058
9.322511,145.258597,6.999797
13.647399,143.004300,5.484912
18.339878,137.207265,3.526844
25.127697,131.976596,3.167234
32.270549,131.989600,4.347612
47.437727,127.847815,4.578127
57.028860,126.989306,5.587557
67.945358,125.508720,5.881411
80.381842,129.745481,9.209246
91.946235,134.988897,13.053416
102.870435,137.899299,14.326752
114.121663,142.046499,17.452007
128.411230,144.307482,21.589633
138.307887,145.922640,21.242618
151.265756,148.762225,21.744746
165.587536,149.694737,22.023119
178.969086,153.035793,25.878167
191.510599,155.281694,26.050505
203.504018,160.830021,26.163948
212.499151,162.240799,28.552503
222.894014,161.794285,28.056188
230.407482,163.041525,25.442791
237.511508,162.554252,23.315365
242.315092,162.781563,23.365195
246.368049,164.740936,25.039709
12.213689,251.944335,105.561517
10.701728,250.661639,101.545521
10.817738,249.452884,95.625096
10.691923,247.229857,93.020762
10.320138,243.177337,89.372624
10.374788,238.328380,86.075119
8.231301,230.111421,79.983412
6.860672,220.275474,70.723588
6.566637,208.943926,58.657760
5.732928,191.723144,45.274215
5.419575,180.133088,34.410691
4.442269,170.642050,26.287550
5.228166,159.128702,19.404144
5.735307,150.129296,14.317065
6.804403,144.374797,10.018051
8.466147,137.451131,7.699683
11.379224,132.187399,6.422100
17.144729,126.444186,4.234442
22.855946,123.451538,3.488868
31.616107,117.937934,4.274145
41.958820,114.066569,3.821849
52.415157,115.981445,4.966428
65.304851,119.776353,5.319257
75.803666,117.388892,7.141598
85.962963,118.246561,9.254656
100.676544,122.205807,11.140029
108.999319,123.978132,12.732190
124.173613,126.350772,19.058450
137.642747,131.302731,19.666585
148.301577,135.467064,19.296242
164.454703,136.804375,20.666391
180.237770,141.145102,21.585754
190.271648,143.180970,21.153006
199.892360,143.881673,21.815245
213.236287,147.586206,21.775279
221.611727,151.149702,22.256662
231.762191,151.250274,20.146865
237.572205,152.123226,20.326335
241.255506,151.107162,21.018397
245.352166,151.748574,21.891405
12.323628,251.378142,118.442472
11.522729,249.535852,114.166034
11.280895,248.062796,110.419100
11.230593,246.117048,109.481441
12.101859,241.078779,104.271222
11.133943,233.546708,98.114540
10.191552,224.872864,93.541706
9.790647,215.420165,85.134528
9.480972,200.627837,73.256073
7.507851,184.916461,57.933194
7.544381,172.528310,47.607423
5.768486,160.603521,34.197091
6.559277,148.176551,25.645092
6.326859,140.818307,17.450638
7.635221,133.837909,13.234409
8.640850,129.961270,9.896469
10.727864,120.214787,6.376356
15.078463,114.512744,5.261461
21.485854,104.286059,3.900690
27.836626,100.368343,3.727068
36.105065,98.168940,4.712089
46.992120,100.845404,4.200529
58.333578,98.239375,4.567353
69.173993,98.518043,5.775632
80.604666,102.352757,7.375086
95.892264,108.423657,8.733274
107.484679,111.645983,11.333005
120.637531,117.530067,13.832535
132.494717,117.358882,15.676105
147.516085,118.277879,17.552489
161.580581,120.779794,18.488401
174.132485,124.453967,19.094090
187.371384,129.663671,20.508477
199.145413,132.375234,18.793997
209.111395,133.399993,19.095561
221.434890,137.939870,18.066579
230.269218,139.444836,17.469275
237.083503,141.376896,18.164877
241.047718,141.688183,18.705968
244.594261,142.127423,18.619816
12.049574,250.310491,131.562097
12.989731,248.158689,127.141496
13.970791,246.880045,125.184861
13.272362,244.342932,122.454893
13.156807,238.970325,119.071448
12.778441,229.889858,109.688780
12.728279,218.139632,104.814661
12.891881,205.400453,96.285768
11.901475,196.922519,86.078579
10.108254,181.260062,71.732238
9.487302,163.506940,55.531657
7.186356,148.037827,43.001661
8.002474,138.882772,34.599157
8.701576,130.644448,24.051302
8.127117,124.355389,18.046756
8.403064,114.839038,13.265889
11.143352,106.051495,9.055217
13.809230,98.306479,5.863863
18.438308,90.193636,4.833114
25.994184,87.243867,4.197310
30.099352,82.179929,4.505519
40.748838,83.937273,4.652610
56.173735,84.200121,4.781218
64.267756,86.628718,5.549716
75.838105,86.606872,6.344853
86.010339,90.083029,7.841287
101.979766,94.278128,9.330542
117.111827,97.457214,11.477343
129.681498,102.984991,12.193377
145.793527,107.539024,15.307697
157.907886,111.233029,17.486784
170.457493,112.398487,18.081758
184.269806,118.700399,18.964699
199.673314,122.201248,16.685308
208.262854,121.005339,13.895597
219.387509,124.672397,15.447510
228.800672,128.210819,14.424234
235.412838,129.319344,15.049888
240.235744,129.934944,14.726849
245.249580,129.997835,14.802965
14.739511,249.512757,145.898606
15.077227,247.781797,141.650582
15.771761,245.289828,136.404384
15.628569,242.190255,133.095224
17.386780,236.681103,131.101702
17.156940,225.711565,124.407847
16.403037,212.621802,114.314959
14.181398,202.126661,104.406058
14.627980,189.340181,96.960538
14.390245,172.792755,84.910860
13.795517,156.258874,67.559912
9.685436,139.229756,49.931747
8.155673,132.697814,41.939514
9.254884,121.493977,33.175164
9.304691,111.134262,25.150234
9.245997,101.371568,17.594925
11.987836,88.193788,11.848856
12.419614,81.441586,7.757223
16.114603,75.385209,4.880048
21.401604,69.113285,3.852049
26.506489,66.055306,4.073990
34.885991,63.760984,4.657169
50.057667,69.901407,4.962926
59.989071,71.045641,5.190169
69.942939,71.994665,6.475098
82.937157,74.580376,6.662428
101.705166,80.691949,8.214505
113.675334,86.237347,10.069337
126.123876,89.580654,11.260855
143.996533,92.964857,11.464877
153.684486,96.909868,12.305183
170.070872,103.177845,12.334602
181.685086,107.964462,13.151599
196.532997,111.578952,13.644279
208.509412,115.055363,13.891808
218.153247,113.524513,13.630425
226.489217,115.408173,13.005716
235.279055,117.891485,12.885724
240.645196,117.234351,13.256038
245.719830,115.079253,12.464510
16.545118,249.300766,160.818637
15.819320,247.390846,155.829053
17.529187,244.539629,153.708663
18.596464,239.018529,145.170104
20.444765,231.117951,141.129974
20.453208,219.062712,133.390649
21.054464,209.208955,126.455811
20.254785,197.326475,116.729875
17.869141,181.251652,101.672208
16.458351,167.912727,87.751511
16.591179,147.433280,74.109103
13.852105,134.847752,58.714134
11.814986,120.789207,47.898566
9.733740,107.381981,39.288778
9.398462,99.778483,30.716037
9.623118,86.714767,21.086398
10.165552,77.145340,13.747340
11.545460,67.202929,9.732893
13.903374,60.470426,5.858219
19.073712,56.076421,4.825489
23.237476,53.367170,4.334271
28.961262,49.720973,4.986842
40.141538,52.683065,4.159504
52.271372,55.570141,4.811355
65.707268,61.336778,5.732476
80.879822,65.763031,6.799457
96.204996,69.005978,7.586842
107.430104,72.346520,8.659242
125.422902,77.499379,10.487733
140.698146,83.667450,10.937311
152.341094,87.167719,10.994009
167.235982,92.364907,12.928368
180.324022,96.768436,11.853432
195.297846,99.847050,11.491605
207.701417,103.991316,12.137209
217.733051,104.737064,11.041817
229.114394,104.583425,9.989828
234.537728,102.729141,11.021971
241.959514,102.273034,11.061395
246.503000,101.324647,10.434310
19.092634,248.343054,178.394241
18.508068,246.657015,173.858315
20.107241,242.801006,168.156330
20.609848,236.106762,162.397079
22.155890,228.308479,154.301108
25.507892,216.574319,143.225869
25.406171,206.952941,132.615388
24.405544,192.133317,125.825185
22.165694,178.483147,112.859062
20.640509,160.433209,95.487695
17.900089,143.335811,80.936976
15.902641,127.247484,67.893997
13.049544,111.693108,51.898557
12.209919,102.446106,45.951459
10.542506,88.999586,36.523504
9.830871,74.951044,25.575024
9.506034,62.079907,16.695606
11.285071,57.316316,12.011053
13.902040,49.784002,7.012073
15.799816,44.864800,5.184384
21.295391,42.490362,4.447246
26.979243,40.531773,5.213359
36.753278,41.069144,4.866269
47.466971,43.625832,5.291583
59.619235,46.558700,5.563471
77.440969,51.220453,6.327793
94.520141,56.750193,6.087937
107.339798,60.937758,7.207853
122.230054,66.781055,8.546371
135.975242,71.305633,9.355794
151.263208,76.792317,9.219251
163.475740,79.886561,11.123513
178.381740,81.141403,10.395540
192.737695,83.879503,10.301520
204.730686,90.873966,9.198035
220.789621,94.372532,9.627021
229.609319,93.243359,8.998416
234.497166,92.817709,9.263047
241.542536,93.515828,9.585819
245.803044,94.592940,9.924670
24.682588,247.280765,190.850687
26.427553,245.418426,188.153794
26.661321,241.006147,182.724981
26.675206,234.338724,177.905644
27.129698,224.434068,166.175941
27.667994,216.335462,156.253030
32.001104,201.154211,141.213082
26.970945,189.153680,129.659419
25.627261,173.927453,115.909253
24.527154,155.211225,104.064506
18.956728,134.208533,86.030050
16.566592,117.542679,73.530146
14.901095,103.445022,61.112436
14.212680,94.243121,50.921902
12.316042,78.413113,38.736931
9.756396,62.376136,26.779602
9.393016,55.641769,20.376081
11.305502,45.397886,14.487615
13.332172,40.079942,9.546315
14.676337,33.562129,6.054044
19.654509,31.445853,4.519923
26.005817,30.113112,4.044579
32.521893,29.413798,4.991263
44.156237,32.475806,4.780349
58.247119,36.210535,4.728662
69.540618,39.209490,5.717095
89.566734,46.920844,6.252061
103.904734,50.330319,6.486515
116.092542,55.437724,6.727521
131.603581,60.084308,8.695647
150.415510,67.234626,9.396965
165.274865,68.822782,8.085394
177.874682,72.308985,8.035720
191.548130,75.459705,9.622045
204.646883,75.329177,8.227959
218.422327,78.021290,8.037673
226.827612,82.390961,7.951945
235.316195,84.043663,7.422126
240.423828,84.637801,7.116538
244.577450,85.234649,8.032205
29.759075,246.451570,208.742390
33.307572,244.323247,204.799750
35.939159,238.465015,197.790001
36.539238,232.667774,190.795744
34.388212,223.082447,180.608711
32.227911,211.671487,166.969735
34.575135,200.011542,153.715135
33.637694,184.814784,137.501669
28.843347,167.244761,126.789985
25.920639,146.440322,107.623015
20.527219,126.601764,92.213190
18.184606,110.071928,79.252063
18.322739,94.496653,68.884767
15.789121,80.237655,57.647237
13.772601,66.599176,43.783796
11.110036,52.533351,32.570319
11.673790,43.233025,24.964477
11.619941,35.038455,17.695979
12.898329,30.780676,12.059089
14.216562,26.381554,7.226258
17.940597,22.750175,4.943552
23.805103,23.090049,3.972413
31.213672,22.274323,3.785882
40.903975,22.916070,4.825900
54.890282,26.374534,4.754416
66.163160,29.087730,5.219730
84.286810,36.238707,5.847524
102.506413,40.187890,5.876664
115.101980,42.717171,5.948454
132.061267,48.757317,7.831759
149.501330,52.447535,6.820766
165.114951,57.194548,6.838384
175.312644,59.578471,7.126892
190.714477,62.355822,6.750187
203.409629,66.781285,6.366041
215.622984,67.492830,7.201342
226.571268,67.427474,6.372201
234.633816,69.319825,6.355583
239.445026,72.856613,5.944203
244.519733,73.357425,6.920850
32.643762,245.338898,220.321322
36.575888,243.445161,218.803088
40.367940,238.457054,213.029422
46.439951,230.120669,202.299934
47.711625,222.209602,192.577385
45.331518,210.749743,178.687112
41.732501,199.412435,164.631843
39.547253,179.859102,145.340644
32.114497,162.135282,131.945262
28.709286,137.963737,113.825609
22.750581,119.217182,97.262658
17.592996,99.083634,81.582573
16.842117,85.832074,73.006737
14.938010,73.242269,62.422344
12.664812,55.197715,48.133857
11.296587,46.796396,37.240966
10.499014,35.637485,26.905130
10.836046,28.789575,19.933340
11.948217,24.445918,14.829119
13.703680,18.903291,9.354794
16.005720,15.609983,5.695851
22.077760,14.778573,4.737713
31.874827,15.753845,3.764612
40.236307,17.258161,4.106700
51.200116,18.482471,4.185650
64.463109,22.876779,4.446312
82.991732,24.208656,4.660898
102.733663,30.035630,5.500395
113.790699,31.810038,4.852081
132.623244,37.088455,5.762233
150.359083,42.741029,7.140127
163.522980,47.834275,6.999830
176.106722,49.976994,6.241163
188.241256,51.207087,5.963794
205.724137,56.687479,5.444425
218.698174,56.007790,5.258232
226.305260,55.053577,5.488339
233.634111,58.353778,5.808223
241.086588,57.238847,5.181336
246.477918,55.868936,5.045580
33.122422,243.956860,228.435984
40.171585,241.537381,224.842827
46.613593,236.994366,219.663835
52.858981,230.366489,213.113828
57.727697,222.331983,201.042757
53.930556,209.563603,186.794840
45.121383,195.446851,174.989096
42.823948,174.403587,156.710053
36.265509,152.542525,140.677172
28.602552,128.576714,119.240534
23.369142,107.249268,102.789757
19.696448,92.800206,91.838279
16.690143,75.489564,77.700416
15.711320,64.359496,67.225785
13.149610,48.990462,53.706761
12.537518,38.800182,42.324387
11.403090,28.894942,30.359864
10.958344,23.110783,24.824056
11.873075,17.985578,19.571935
13.541951,13.523944,13.086387
14.817966,9.331674,8.156176
23.207495,9.560647,5.606445
31.365891,10.504298,4.765309
42.568036,12.474458,4.809908
52.539414,14.740363,4.682976
72.621583,16.212534,4.049300
85.231581,18.099817,3.597648
104.144934,22.178375,4.762919
117.556936,23.659024,5.057982
134.912499,27.834036,5.973638
151.135490,32.448512,6.226422
162.755138,35.445356,5.595767
174.055883,39.074738,5.761880
188.910736,40.691490,5.337945
205.416954,41.038342,4.276675
219.830091,44.597314,4.097835
231.504825,42.926186,3.921502
236.282524,41.659603,3.642508
243.747024,42.151547,3.274150
247.770645,42.461452,3.369841
39.020951,239.773862,232.292496
44.278553,238.600926,229.948231
55.081077,234.279749,225.823245
60.708098,229.164669,219.894369
64.063169,222.252200,210.492397
58.907838,208.012817,197.157242
50.624047,192.282483,184.349065
43.167007,167.593600,164.374485
39.836694,147.071368,143.947685
27.163978,116.120402,120.738001
24.214263,104.094093,110.190224
19.516572,83.023202,94.762912
16.562712,67.449310,81.389516
16.316304,55.510124,71.290437
13.263577,45.548833,59.594900
12.387625,32.226071,47.175592
11.664069,22.942151,37.681210
11.925665,17.858496,30.290943
13.034385,13.950245,23.281181
15.022132,10.619279,17.370999
19.191046,8.072453,12.192046
24.522322,7.213741,10.155869
35.064412,7.530276,6.387778
43.884634,9.038612,5.915049
58.495827,9.284407,5.749043
74.120138,9.941093,5.358555
89.460637,12.403050,4.902501
107.365420,16.221694,5.371858
120.699942,18.274132,5.275501
135.092396,20.617066,5.775035
149.298122,21.795769,5.990109
163.923371,25.370524,5.914207
176.728175,26.208666,5.578670
193.209219,29.841720,4.123975
211.684228,27.457550,3.310721
223.374490,30.047474,2.990071
233.579391,32.089779,3.373901
239.296241,31.632307,2.831772
245.155540,31.830825,2.494195
249.403540,31.088962,2.180883
41.744790,233.947124,236.501739
49.614026,232.901017,235.140638
61.221166,227.423756,230.667780
69.987591,223.807435,228.810646
70.508375,216.865025,222.485174
64.938764,202.095964,208.051137
52.423046,188.026199,191.808763
43.807369,163.905350,170.379432
38.353340,139.902250,150.191043
26.213779,113.868601,127.669632
21.769439,92.409162,113.654836
18.913543,76.428744,100.577466
16.969434,60.521222,87.632370
15.360911,49.464467,77.951914
13.266972,38.827897,66.257985
12.946124,26.733295,52.694592
13.114282,20.748502,44.872185
13.164574,14.675604,35.933523
13.886321,10.603669,30.003157
17.246825,8.718898,23.791531
22.035807,7.142990,18.202457
28.947312,6.392269,13.125455
37.488966,6.092581,10.141472
47.859082,6.636227,8.985510
65.672139,7.269631,7.369567
79.513240,8.349240,6.573194
95.011351,9.608331,6.754967
111.086374,10.758493,6.504579
124.745905,13.078187,6.135401
140.786684,14.499447,6.541465
152.540754,16.532691,6.273410
167.123929,18.917657,6.123145
179.592603,18.513474,4.978890
200.788473,17.838468,3.883733
214.334537,19.203996,2.853489
226.167079,20.134047,2.099173
235.361337,21.249438,1.985002
241.991666,22.115167,1.876242
246.810453,23.175500,2.061460
249.502252,23.661288,1.826282
43.958253,225.076347,240.889803
48.742604,224.292693,239.048580
62.983953,221.071617,235.512999
68.439965,215.806223,232.982100
75.548498,208.161835,228.004024
65.578828,197.226473,219.383263
54.009886,177.736439,198.944324
42.083060,155.034549,174.925173
36.762324,130.858664,155.611951
26.320262,104.002232,136.037252
21.530256,82.715838,117.275098
18.985901,67.488264,106.236967
17.386546,52.990456,92.625578
14.930667,40.809691,84.184829
13.055250,30.978062,75.048187
12.286140,22.053145,61.461509
13.873177,16.600785,53.364655
14.760938,11.731689,43.676653
17.603124,8.936061,36.371720
20.380443,6.270688,30.994208
27.143048,5.438491,25.288503
34.294934,5.253187,19.162907
42.640909,5.144538,17.986271
53.912076,6.008709,12.982209
69.541607,6.313450,10.973241
84.079807,6.870164,8.246963
99.670706,8.406246,8.435662
115.578360,9.688324,7.854631
128.439645,9.575310,7.041891
144.369587,11.679202,7.290819
154.420917,13.031553,7.488529
172.692831,12.413644,6.070656
188.054649,13.276607,4.765207
201.213575,13.069218,4.060187
218.562652,12.999215,3.089021
227.948778,13.875851,2.387597
236.125600,14.795493,1.490733
242.846593,16.138394,1.235067
247.848737,15.961855,1.042879
250.282958,15.341736,1.101180
42.275987,218.054068,244.188108
48.735373,213.936929,243.310091
56.166657,210.872332,240.832809
63.255783,206.548066,236.053431
67.871336,198.328382,229.249356
61.406561,187.228443,220.716683
55.033035,169.226140,203.783274
45.862126,141.854137,182.504814
33.672400,116.949012,161.943629
23.527886,93.300008,143.085892
20.983420,73.292223,127.447956
17.398920,58.880470,114.907172
14.768900,45.064277,102.662485
12.615894,35.705427,92.742794
13.698874,25.781565,81.605293
12.969526,18.177708,73.249666
14.122129,11.557297,60.362579
17.045140,9.628662,53.808350
20.514526,7.925417,46.477540
23.753969,6.011907,37.911328
31.146873,4.723183,32.235726
40.621692,4.318646,27.779116
49.331042,4.615171,26.127091
61.028922,4.838049,20.805665
74.337619,5.303749,17.910196
96.599197,6.848610,16.531787
109.714173,7.664306,14.811574
121.202650,7.494883,11.744689
136.292914,8.162508,11.278180
149.748837,7.931030,10.926988
163.140748,9.115016,8.637543
175.687723,8.755299,7.340693
193.737370,9.156959,5.206230
208.545073,9.298244,4.043670
220.078369,8.779991,3.135206
229.888469,9.512379,2.382220
238.150767,9.303455,1.718315
245.396399,7.221646,1.156948
248.948910,8.109915,0.932491
251.324610,7.809220,1.014618
41.002054,208.314120,247.479505
46.304421,204.492480,246.238189
49.880354,201.757632,244.779649
58.532768,192.824830,239.099546
63.717705,187.810284,233.739480
59.026754,177.463871,224.089711
53.336127,159.820107,208.558173
41.625779,126.770326,181.669490
28.148440,102.080060,163.053228
24.962399,86.654137,149.987834
18.419020,65.696163,130.614336
16.096059,53.294047,120.855519
13.557229,38.593410,108.714440
13.265354,29.473625,99.025615
12.314549,20.950818,88.436077
14.547879,14.377966,79.122809
16.063362,11.041005,71.748385
19.930443,8.498190,62.214827
24.991408,6.075850,55.749466
31.998298,5.695336,49.231451
38.700570,4.748383,42.637382
48.877980,4.744494,36.636289
54.983308,4.438237,32.130061
67.982667,4.515508,30.182663
87.133156,5.412855,28.663650
103.610810,5.465838,24.745400
114.903573,5.603306,21.999785
126.720163,6.981980,17.552382
143.491793,7.269111,14.902652
155.495300,7.691652,12.568275
168.162757,7.597703,10.761347
179.235539,8.281634,8.864851
196.800013,7.390025,6.015577
211.263180,6.882168,5.139240
223.985120,7.224802,3.504334
233.916809,6.318868,2.531572
242.474547,5.325362,1.891437
246.444275,4.760662,1.404454
250.293132,4.339801,1.144543
252.219433,4.336262,1.094483
34.565141,196.715638,248.181350
42.998067,190.617145,246.804773
48.321778,186.521885,245.544294
50.906554,181.528749,241.645305
50.511009,174.031930,237.143874
49.236989,162.134289,227.879310
46.661366,146.549039,213.745289
35.363475,116.722889,188.223774
23.758828,89.831152,165.703236
20.641993,72.282977,154.230260
17.152042,57.520829,140.025059
15.131738,42.900135,128.265232
14.466213,31.072959,119.028681
14.865499,24.572046,111.121701
14.117041,16.406358,98.060098
16.153770,12.393292,87.318156
20.545692,10.259292,81.861675
27.672880,7.709161,75.375723
34.575448,5.879552,69.420368
39.926640,5.266177,62.093415
46.418221,4.261509,56.459398
57.937547,4.532352,49.569804
68.076481,4.577681,47.615950
82.802417,5.309225,44.726613
96.781022,4.773770,40.277232
112.884285,4.823246,34.861290
123.737658,4.807390,32.199120
136.499886,4.964530,28.751477
149.693511,5.243034,25.341821
161.282932,6.652215,18.731208
173.403988,6.926214,14.109872
185.573181,5.671510,11.150471
203.189556,4.947253,7.196595
215.928509,4.294432,5.294593
226.892776,4.053110,5.095170
235.981669,4.070993,3.448448
243.917648,3.226139,2.194311
247.620902,2.617247,1.567012
251.356289,2.403844,1.261266
252.858388,2.552618,1.070766
34.146563,181.918613,248.951833
37.193958,179.195085,247.804212
41.648996,173.951936,246.199532
44.290800,167.379011,243.474222
45.086258,161.413539,238.043976
43.533986,149.213737,228.980210
41.421850,129.429481,214.170253
27.071129,98.070149,191.590276
21.813786,78.764112,173.834278
18.328890,64.772261,161.146274
16.915918,50.772333,148.371142
15.308097,37.108726,135.018415
15.172752,26.609430,125.517289
14.939211,19.305163,117.516149
18.014245,14.625333,110.602480
21.110693,10.452330,102.524255
27.995480,7.786054,93.881344
35.612618,6.903739,87.940674
42.246544,7.270161,82.155049
50.892404,6.182247,77.624603
59.555965,5.903823,73.040294
70.363572,5.886796,65.869337
82.521497,5.251379,60.806822
96.940753,5.749052,58.393278
107.388087,6.224924,53.847548
121.629191,5.422080,50.110962
134.286809,5.457740,41.989577
141.913902,5.421783,38.010616
154.876442,5.324598,29.781103
164.140470,5.404498,26.959418
177.492326,5.122071,20.131015
193.370889,5.154006,15.488253
206.578268,4.076159,11.398633
223.157220,3.929778,6.814048
228.590285,3.436739,5.495369
238.769177,2.788876,4.150949
244.533226,2.403697,2.878197
248.594438,1.980857,2.087678
251.811585,1.719590,1.351484
253.648288,1.425605,0.938204
29.477585,167.098399,250.274200
31.387616,163.654159,249.444137
33.656933,159.620370,246.291172
39.234626,156.345174,242.887863
41.200462,151.240029,240.458885
41.075801,135.498971,230.902356
29.728882,110.986170,212.006028
24.501664,90.586871,196.537340
21.344522,73.062401,180.038849
18.073729,55.010237,167.345509
17.957981,43.468638,156.485006
15.693031,31.124888,145.974122
14.664643,22.356193,133.033388
16.276295,16.646589,126.833435
20.190860,13.161255,118.572855
25.855253,9.224448,112.220710
35.691340,7.864324,105.880428
42.359500,7.852813,99.034297
52.350003,8.261903,91.994244
59.958606,7.556085,89.365682
70.739437,6.352921,84.726857
81.063699,6.420368,79.262649
93.872632,6.309705,71.715274
109.255924,6.131824,66.917619
122.423824,6.752009,66.152753
131.064745,6.956017,63.330551
138.010737,6.945444,56.847859
149.094644,7.190435,47.286933
158.298243,6.641589,40.338841
168.232383,6.431546,34.262850
183.330892,5.757233,27.983579
197.654361,4.975057,21.297583
212.667198,3.737533,15.696260
223.178600,3.107667,9.558729
230.496269,2.950639,6.990267
239.376367,2.722897,5.968410
245.234012,2.267957,4.567047
248.983192,1.879817,3.664073
251.922208,1.398976,2.669708
253.222475,1.310554,2.315881
26.630642,153.702964,250.376705
28.102493,150.773942,248.826305
31.410305,146.363711,245.848902
33.373794,141.459024,242.394742
35.075009,134.776038,238.886718
28.405544,115.899286,228.695588
25.807888,97.672321,215.096305
23.258983,84.536265,202.159136
20.380275,64.097223,185.320214
17.530554,46.913950,170.322750
18.660966,38.145795,163.481319
17.126143,28.185445,152.761740
17.964431,20.145080,144.066445
19.443502,14.567445,135.955125
26.066322,10.158999,127.480427
32.112351,9.017025,122.118742
40.069772,8.152437,113.349401
50.083671,8.937498,109.319133
62.289177,9.189533,104.352983
73.433588,9.407057,101.849020
86.172382,9.277823,102.306453
95.171822,8.539561,95.603481
114.726855,9.154298,93.083001
122.834532,8.952320,84.916080
130.009477,9.183805,79.133751
137.565469,9.234729,74.220239
143.462449,9.365278,70.027092
152.368664,10.612691,64.532362
163.967132,10.030092,56.085878
177.413292,9.231953,46.896189
190.602302,8.557636,38.043395
199.966258,7.731481,30.614040
214.665847,5.516685,21.022117
224.251269,4.991057,16.114750
233.403726,3.350546,11.480961
241.195085,2.934342,9.708342
245.885900,2.240188,6.949671
249.267901,1.741035,6.328151
252.036471,1.610956,5.090189
253.198887,1.383293,4.568015
20.959738,131.918592,250.314220
24.289443,130.387468,248.045506
26.665396,131.162086,246.027850
30.591014,129.908370,242.428447
27.532365,116.482340,236.229866
26.538960,104.193251,228.743186
23.394097,88.483468,217.124425
21.428797,72.146859,203.276785
20.661477,54.871863,189.731176
19.948262,44.307915,179.279777
19.237032,33.563982,170.373966
21.119058,25.670671,163.608562
22.712052,17.028853,152.387451
26.731421,12.854437,147.867529
32.880189,9.544793,140.163956
39.313343,9.844720,132.563539
47.894852,8.437744,127.553701
62.095886,10.221983,122.117102
71.322687,9.855949,116.268868
85.369890,11.378327,113.758902
94.519214,10.871725,111.691655
108.112237,11.486911,111.265939
119.830861,10.420098,103.178800
129.681763,10.557192,96.698877
139.866975,11.294784,93.504074
146.260711,13.623532,88.726297
153.023604,13.756323,82.571237
161.626037,14.134805,81.982950
170.539670,12.771330,70.676602
181.691943,12.060555,58.087468
191.321479,9.630580,46.654327
203.432807,7.804573,35.795236
216.384693,7.349156,29.238134
228.248828,5.924310,20.649606
235.381288,4.548487,16.603203
240.890856,3.103264,12.744166
245.863343,2.799293,11.609032
249.867510,2.324358,10.080474
251.879191,1.732949,9.008510
253.064236,1.532952,8.323039
15.070300,113.804052,250.648286
16.609298,112.892532,248.877787
19.305454,111.789310,246.569998
21.399395,108.936363,242.976881
23.808856,102.478480,236.848015
23.038026,94.340187,230.650329
22.217310,79.232949,218.579434
23.257177,61.322296,205.443325
23.006807,46.738748,196.186112
22.835096,36.881228,186.957032
23.113559,26.895625,179.153122
24.741639,20.535472,170.984404
28.760673,14.943113,164.848592
34.507368,11.290697,157.955554
38.690411,9.811763,151.998794
49.148763,10.363962,145.227147
56.675913,9.376943,141.069612
72.220450,11.021376,136.327976
83.498094,12.005081,131.364045
98.465343,12.438513,128.337611
112.016585,13.164735,126.201356
120.479859,13.254302,125.096189
133.801202,14.667870,121.788677
141.198610,15.230660,118.899197
151.555626,16.199536,111.328098
156.313456,17.350759,106.458726
161.147366,17.153273,98.035647
166.703103,17.176893,93.400907
173.330697,16.949602,84.441494
184.976350,16.888701,73.266974
193.427909,13.501782,60.353329
207.157972,12.536523,47.684834
216.932630,10.777145,39.424621
228.197679,8.782552,29.795182
235.185886,6.889727,23.628119
244.025091,5.855641,21.253597
246.507335,3.329743,17.537020
249.414702,2.886458,16.227064
251.522505,2.597627,15.445074
252.933021,1.821999,14.079650
10.163727,100.390006,251.283032
12.949771,99.840522,249.910770
16.380206,99.351333,246.841268
17.416469,95.179106,245.034638
19.487033,88.343795,237.502309
20.238524,81.122195,232.543222
23.559400,67.328423,223.593947
24.218144,55.208001,212.019485
23.834598,41.238013,200.064948
23.886050,32.271903,193.185729
26.277673,23.149439,185.717186
29.518989,17.157384,179.440479
35.807128,12.861260,175.016341
41.257706,10.637381,168.190525
48.667077,9.634366,165.842610
59.760317,10.032305,163.123988
70.751059,11.299136,156.915234
85.701023,12.042052,148.390876
96.273513,12.682373,147.716416
113.466680,13.870166,144.311383
122.601110,15.996014,143.286719
137.171525,19.701577,141.537332
146.422728,20.861707,138.218125
155.152368,22.004910,136.214556
161.052175,22.224023,127.455627
165.407760,20.505585,120.603374
170.526823,24.227438,113.969739
175.035606,25.042963,110.225970
178.945915,23.766091,101.602462
189.287166,22.997112,90.253571
195.648308,20.182020,78.794259
209.485978,19.215643,64.267034
219.618271,14.862141,52.396072
230.302596,12.060425,43.025846
237.520792,9.394529,33.635483
244.205841,7.680054,29.731831
247.926932,6.312540,27.365086
249.802819,4.540890,24.554189
251.606882,3.303979,22.560350
252.908133,2.722474,21.235444
7.807448,83.655546,250.618716
8.268715,82.912612,249.448184
13.014593,80.590357,247.886381
13.965807,80.746607,246.333908
18.204274,73.719060,240.646089
21.606208,70.047379,235.231910
23.041684,56.871177,227.129418
24.125274,48.976751,217.023072
28.582102,36.582100,207.982894
28.477001,27.816058,198.359358
31.007067,21.919081,194.742749
37.433768,15.086484,186.950038
43.921503,11.890952,183.142256
51.012646,10.549921,180.007913
59.633031,9.924188,178.778129
68.318369,11.089324,175.331433
83.747934,11.411118,171.442033
98.264583,12.784925,166.431019
112.738715,15.035348,163.704359
126.999274,17.935294,159.945790
136.719849,19.965237,157.081686
149.914364,24.006159,159.015089
160.689913,24.999614,158.873909
166.871415,23.437615,154.989064
173.319475,26.278002,148.371288
177.471857,27.130321,140.532991
183.704407,30.491077,138.202682
187.217083,34.597188,131.374132
193.128078,33.330860,124.784496
198.514661,30.484127,114.616777
202.218042,24.433311,99.550983
215.056211,23.713817,85.330364
224.733503,19.969261,66.318844
232.205304,17.671971,58.494205
239.865789,12.049497,46.423636
244.529199,8.914998,39.853001
247.396268,7.760588,34.662248
249.977557,5.221556,32.959253
251.916553,4.342611,31.215649
253.312065,3.170145,29.224143
6.025219,64.760748,250.741713
6.459487,64.460719,249.772098
8.645028,63.829683,248.670971
11.296248,65.296176,247.235181
15.221259,57.013781,242.321002
18.591077,53.437129,236.522312
23.223624,50.022233,231.081701
29.686445,40.062033,223.345772
32.509679,35.785922,214.757972
37.790145,24.769157,207.202840
41.398101,18.965947,203.287254
47.410956,13.601573,197.870027
54.904275,11.908549,192.490495
61.914242,11.998338,192.043398
70.024242,11.432643,189.829423
82.858563,12.332872,188.640377
98.329103,14.194308,186.615231
107.442978,15.079523,181.131479
125.728946,18.069572,178.632962
141.894651,21.124493,176.079591
152.118168,22.992584,174.335913
164.554218,24.669955,176.425308
171.344205,27.090878,173.003147
178.041045,29.268800,170.685585
182.677839,30.260372,165.184314
191.563566,32.559246,163.182706
196.024602,33.730370,158.614112
197.540183,34.786050,151.250956
202.064213,37.420613,142.724079
205.525344,38.656703,134.887448
210.937465,34.858980,121.572214
221.640114,30.641775,106.666590
226.991468,25.468191,92.017179
234.926747,22.272128,73.448733
241.045366,16.846888,64.708837
245.532968,14.331835,55.723086
248.122181,8.730555,46.408054
250.241393,6.837215,42.604619
251.753169,5.417036,39.530346
252.845848,3.898054,37.227107
3.441347,48.373386,250.179775
4.829644,49.046424,249.612867
7.101421,46.677503,248.362629
9.515770,45.717877,247.171675
12.628010,42.983672,245.004497
18.618556,42.259850,239.584868
24.086437,36.530164,235.901861
33.217607,33.424775,230.757948
41.376062,25.276238,222.492415
47.978702,20.640088,218.800540
53.898104,16.629109,214.446422
59.849273,13.927539,209.993914
65.421213,13.791137,205.675970
72.416601,14.061950,203.881211
85.309675,13.231615,203.096098
97.264602,13.719455,202.509491
113.436420,14.646080,204.426270
125.293233,16.956293,200.970411
139.546176,19.378639,197.316064
153.241816,22.002244,193.118839
163.200799,24.356720,191.691007
175.848830,27.549319,188.866702
184.952443,28.063233,190.052098
191.495735,30.561106,188.362225
196.409617,32.549762,185.550442
204.603676,37.196074,182.646907
207.109815,39.172008,178.451759
209.904992,42.549753,172.928112
212.458973,43.919737,161.051669
215.518768,44.402263,153.654276
221.523478,45.958194,139.875962
225.849632,38.870777,125.587669
232.734183,31.458975,107.900084
238.933036,26.710953,97.149983
243.657206,20.236764,83.103488
246.895049,14.862720,72.231328
248.467691,13.010176,66.949281
250.987305,7.146526,58.026556
252.392948,6.846631,53.011599
252.495955,5.241834,49.050504
2.809920,32.969800,250.139761
3.094584,32.869539,249.648277
4.985045,32.841004,248.992004
7.411778,30.957388,247.263561
12.271875,33.355881,245.869443
19.238738,30.272194,242.853060
28.904618,28.609535,238.659713
37.039752,21.773954,235.992254
45.965687,20.922488,232.190770
53.746608,17.521051,226.833154
60.407888,14.562150,223.911946
68.981509,13.812240,220.935239
74.986275,14.173545,217.205207
82.901752,13.895374,214.966069
100.001327,13.615945,216.361900
110.828551,14.568806,212.533870
118.219548,17.407072,212.933587
136.642989,20.324197,212.190157
153.327541,20.300334,210.780981
164.569070,24.215381,210.558713
179.281423,25.377178,209.054137
186.987601,28.725785,204.884048
195.074074,30.682086,203.488384
198.771949,34.237878,198.096234
207.735255,39.068852,197.491263
211.350610,45.659181,195.559369
215.797095,47.721911,192.659458
219.281601,49.161210,187.198402
223.781449,50.769176,181.454293
226.929988,54.573688,168.322663
228.018796,50.644940,154.908255
231.431446,46.020983,142.000405
237.472981,37.931539,128.112249
242.029744,31.045335,109.917656
244.286696,24.294599,96.208400
246.495088,18.804216,87.059851
249.967086,14.039591,77.949692
252.008700,9.407437,70.517435
252.282760,6.364719,66.299642
252.385832,5.501419,61.724430
2.372456,20.034252,249.539309
2.911164,20.224514,249.575906
4.314327,21.455145,249.398025
7.219000,20.749442,248.529967
11.995210,18.151452,247.542122
21.880381,19.242151,245.393000
31.692023,16.247472,244.346070
41.690301,15.593351,241.268027
50.290119,12.286380,240.241013
58.070385,12.801005,237.127269
66.327345,11.738422,233.439774
78.019186,12.863725,231.208135
87.288849,14.857507,230.261028
96.648324,15.281192,229.578882
109.877520,15.532065,227.264703
118.695401,16.534424,223.492131
129.108335,19.255131,223.792802
143.411891,21.925724,222.742410
162.253069,23.427669,222.142055
176.905412,24.976445,221.419834
187.363068,28.940220,219.762534
195.583621,34.718027,219.344602
203.043852,37.990413,217.402714
211.896982,45.079154,217.727384
213.911540,46.988748,212.826856
218.464337,55.355586,208.886738
222.374293,56.103409,204.285942
225.079935,60.228754,197.719285
230.585814,63.200810,190.933205
232.836644,61.408376,183.308637
233.866808,53.664541,167.574281
236.965783,50.337832,155.115408
241.038895,41.687548,139.604400
243.166413,34.680138,125.858864
245.721002,27.458173,112.139252
247.804734,21.411224,98.990573
250.965072,15.530093,91.443293
251.442639,10.502669,81.561282
252.221218,8.142990,76.632896
252.196824,6.590213,72.975602
1.864392,12.216602,249.398281
2.300334,12.251157,249.781862
4.479679,12.863949,249.136097
7.963205,11.644317,248.976956
12.167268,12.345157,248.535674
22.399797,11.234960,247.374058
33.761300,10.227168,246.245358
42.502024,10.265110,245.548635
51.618388,9.481907,243.874166
62.683847,10.699499,241.706652
70.506691,10.271000,240.096911
83.273383,14.012626,239.149948
93.226120,14.638876,238.035256
105.675974,16.786834,236.775017
116.187070,16.269090,236.136391
127.809525,20.283675,236.093601
139.822122,20.881288,234.331954
153.332956,21.955177,234.021931
171.804302,25.746999,234.550086
184.590263,26.318669,232.604956
193.622929,32.150169,231.360760
204.943296,34.861012,230.349972
214.554407,41.211662,230.831579
218.289721,45.284796,226.800003
222.070822,52.888126,222.891833
223.503616,60.826436,218.633644
226.312497,68.167182,214.992451
232.996415,71.028339,210.478411
235.210917,68.531402,200.843888
237.270668,67.147343,191.466275
240.967807,62.926911,183.515698
241.091643,49.812472,167.888827
243.231881,45.002353,152.128356
243.859800,36.826424,138.919487
246.287783,26.897201,121.855033
248.968808,22.746452,111.707353
249.895459,15.212784,103.485312
251.124347,10.726012,94.114894
251.350334,8.896467,88.067218
251.765679,7.340405,83.463759
1.211490,6.028466,249.371451
1.832399,6.337325,249.404538
4.303811,6.602375,249.267888
7.942712,6.800608,249.256566
14.488815,5.987515,249.338561
22.796680,6.099318,249.015543
34.172710,7.562712,247.462267
44.234610,6.779919,247.569611
53.045755,7.461200,247.131032
65.437116,9.413228,246.126780
72.402333,10.106994,244.145872
86.419274,13.914472,244.272785
98.223957,15.539880,243.342332
110.864452,16.002398,242.780372
119.207804,17.447406,241.711711
133.839769,20.247348,242.419985
145.793185,23.154967,242.795235
161.958094,25.142799,242.713814
176.734353,26.439737,242.452905
189.690919,32.831876,242.486380
198.790869,33.813508,239.891973
211.889359,39.889222,238.986180
219.489928,42.946779,236.264413
222.641110,48.940975,235.648630
226.453994,58.113368,230.995135
231.271207,65.776145,228.247158
232.477690,75.745134,223.045150
234.811878,81.369772,219.825991
239.726473,75.270812,212.377098
241.924932,69.456745,203.752941
243.881004,63.807102,191.608574
244.678955,54.875788,179.141693
244.570228,46.829623,165.676372
246.104091,38.860452,150.452392
248.011012,26.815204,135.074942
249.035720,21.384414,122.286589
249.717837,14.673246,113.018158
250.333840,10.301696,104.010159
250.780007,10.218872,98.367463
251.510748,8.234190,92.436857
0.956122,3.143318,249.347275
1.806277,3.569225,249.352812
3.582812,3.431431,249.284273
7.504953,3.757830,249.430300
14.929341,3.738801,249.274148
22.644959,4.449526,249.533986
34.017778,5.406210,248.322473
44.824907,5.600697,248.634438
53.323515,5.953846,248.305310
64.011637,7.650037,248.228885
74.798682,9.994964,246.918383
88.053720,13.032032,246.744713
97.889299,14.546408,246.821820
112.163889,15.932290,245.833136
124.277816,16.735658,244.974569
137.867241,21.566670,246.246856
149.765409,24.148181,246.620079
164.566752,26.927596,247.061570
179.768105,26.327463,246.589130
191.460994,32.745833,246.154329
203.291869,35.017535,245.024142
216.051414,39.795138,243.603954
223.181122,42.096485,241.847367
226.749401,50.177543,240.155114
230.873512,59.101024,236.288790
233.316565,66.318336,233.651601
235.581796,78.194592,229.409206
237.054696,89.745743,226.738217
241.591687,76.611199,216.669580
242.956635,67.872294,206.877249
244.740618,61.753828,196.772576
246.189923,55.709854,186.267206
246.065635,42.810351,173.366783
246.803965,36.295133,161.239044
248.003814,25.318786,142.396991
248.986364,20.492055,129.717245
249.818006,14.957839,122.122137
250.221240,11.619921,112.027458
250.699698,10.551429,105.536356
251.649557,8.461363,99.442955
0.651576,1.152768,249.717764
1.642352,1.547190,248.775326
3.579451,1.840296,249.192062
7.376150,2.350169,248.959389
14.496105,2.510380,249.123407
22.159510,3.278901,249.405156
32.628823,4.436651,249.267938
45.104582,5.214245,249.462769
53.394492,5.239434,249.600468
63.751208,6.446811,249.959542
75.510108,9.187681,248.975321
89.211459,12.868657,248.613858
98.662659,14.998995,248.977230
114.568702,15.796450,248.720098
127.300655,16.998408,247.203077
139.062643,21.443198,247.324351
154.205444,23.606832,248.429257
167.718302,26.582360,249.490559
181.384838,25.715345,249.851949
191.542414,31.563015,248.271392
205.065857,34.766110,246.191763
217.677305,40.658630,246.134877
226.668473,39.729166,245.179386
228.993814,50.825796,242.744508
232.147544,60.042177,240.430468
234.989370,65.845181,236.514087
236.894617,74.288072,232.335396
238.907874,80.443927,227.113218
243.820726,71.837988,219.241477
244.992002,64.659745,210.045444
246.368117,57.859152,200.708631
247.012305,52.610567,191.218108
246.931244,40.015460,178.157636
247.010142,33.643562,163.119673
248.236521,26.202105,149.899939
249.222864,18.617815,135.104313
250.145500,14.833413,128.224244
250.058754,11.941440,118.655606
250.768087,11.449061,112.783825
251.050055,9.423399,106.158217
