1600
3
41.136663,2.267846,254.494820
46.996237,2.284998,254.365196
56.567245,2.602935,254.386797
66.386476,3.457683,254.207159
75.905020,4.690112,253.867758
84.596576,5.520167,253.597604
94.803188,8.046108,253.621470
105.200159,9.987280,253.414869
120.144489,14.063669,253.250442
131.449180,17.158371,253.416660
143.345975,18.041158,253.341134
161.248819,18.566686,253.367327
182.747168,16.103992,253.119352
206.545416,14.816742,251.771155
223.447036,14.578479,249.285715
237.248138,15.169356,247.181141
238.598883,28.421193,247.966468
240.429626,40.974838,248.698484
242.429729,59.977463,247.937472
244.446781,72.675197,245.226962
247.367131,80.636772,234.132139
249.005295,78.547287,225.135346
249.488547,70.713447,214.230043
249.850345,58.107569,201.314488
250.270780,50.235086,187.481544
250.466061,32.999993,172.049231
250.599984,24.575516,158.891151
251.002822,22.323015,145.482046
251.457557,17.510531,129.534180
252.604903,13.219347,112.434383
253.181971,10.062777,98.665334
253.544080,6.057413,81.835957
253.913248,4.670127,65.917020
254.309895,4.609969,48.843341
254.544440,3.424928,34.540799
254.685045,3.931982,22.182224
254.857755,4.596733,12.715775
254.921962,5.403972,4.626275
254.933038,6.455554,2.240706
254.945638,7.864355,0.919749
32.990825,1.569213,254.521928
38.272617,1.788431,254.399638
49.216108,2.518857,254.260605
61.964737,3.105469,254.019328
72.645484,4.856794,253.807256
79.765648,6.111744,253.331540
92.372072,8.241172,253.095985
103.387286,10.328884,252.601415
118.578626,13.228664,252.444709
129.289692,14.927421,252.332033
140.935373,14.494487,252.281580
158.302634,15.391418,252.276809
177.019054,13.800128,252.125055
200.641259,12.976025,250.691793
219.112090,14.238337,248.761927
230.775848,18.638144,247.394645
234.606518,29.723735,247.240588
236.866056,42.893353,247.673572
238.475282,61.600286,246.743041
240.469449,74.733278,241.860847
244.203604,87.240633,234.928485
247.070168,81.525249,222.171309
247.747688,72.156469,212.369157
248.694271,60.935901,199.205181
248.931171,51.674779,184.123104
248.163787,37.450139,168.434449
248.674117,27.432496,154.532020
249.043841,25.837654,143.670688
249.794326,20.455044,126.769464
251.227177,16.362820,109.739717
252.252581,11.990679,96.020869
252.771084,7.352645,80.805681
253.507063,4.610801,65.378045
253.740105,3.724359,47.293403
254.152184,2.936950,34.065244
254.501351,3.197851,22.651626
254.741863,3.247768,11.749230
254.793017,4.715419,5.004380
254.842833,5.592802,2.424377
254.835607,5.782201,0.943731
22.871133,1.023097,254.627615
28.581001,1.337286,254.494279
39.196362,2.245259,254.354831
52.433915,2.973948,253.981818
66.097660,5.412192,253.309016
75.219306,6.982207,253.046161
88.895771,8.779357,252.241882
99.819201,11.560892,251.214103
114.157030,12.049189,250.958038
126.274945,12.510746,250.442379
138.538652,13.147028,250.495271
152.397102,12.544856,250.105986
172.647125,12.935212,250.288504
192.013938,12.726739,248.577534
209.953503,15.575557,247.986766
222.389001,22.047209,246.487939
226.729619,30.985046,245.553112
229.620974,44.859429,244.610343
231.470760,63.162230,242.798136
232.756124,73.710508,237.848660
237.235034,80.840722,229.251986
240.661306,79.652456,218.184444
242.805488,73.097273,209.167676
244.422323,62.940616,194.496626
243.952316,49.421676,175.004934
244.776938,38.857230,163.282072
246.140937,31.533909,149.877073
246.481607,27.744025,139.630183
247.472571,25.140926,124.205726
249.011249,19.205155,108.888339
250.045243,14.284322,94.426567
251.003055,9.370416,77.650287
251.980568,5.569448,61.883233
253.089477,3.003833,45.931905
253.837932,2.207890,32.638777
254.226416,2.563857,21.341682
254.539006,2.577116,9.943783
254.599386,3.116398,4.690075
254.679816,3.209272,1.845806
254.683844,3.001016,0.580551
14.801197,0.651405,254.722444
19.412395,0.934300,254.604892
28.188810,2.068681,254.446072
38.674623,2.615020,254.129216
55.504798,5.692848,253.156693
69.488001,7.812225,252.165183
82.491151,9.100085,249.954876
93.744676,10.081755,248.291667
107.335626,11.537074,246.774259
120.399420,12.100658,246.845745
132.555604,12.749616,246.625586
145.211462,12.735911,246.225112
162.780228,13.917825,245.190772
179.316913,14.702817,245.247242
196.886818,18.222957,242.754448
210.963564,24.972832,241.621853
215.503304,32.644600,240.368677
219.310261,46.586401,239.145135
221.393848,62.016045,236.649644
225.598067,70.223193,231.642516
229.401054,72.484343,225.106146
233.737230,73.216208,212.953605
235.276512,68.431658,201.426559
235.496111,63.218433,184.416346
236.749085,48.198685,168.316455
237.888263,40.654482,156.006177
239.572690,35.539934,145.140629
241.036618,32.006014,131.025468
243.953231,26.984611,119.951014
245.080215,19.223628,107.294780
247.046603,16.823374,90.211947
247.818559,11.498864,75.898835
248.779109,6.102511,59.720629
251.145806,3.040597,46.152009
252.598188,1.902773,32.223370
253.297306,1.824684,20.139349
253.998872,1.448452,8.893631
254.336485,1.398082,3.762412
254.507486,1.157751,1.130846
254.604567,1.077865,0.329727
7.778111,0.496095,254.738317
10.447602,0.640778,254.622411
15.231723,1.488810,254.469516
26.183640,2.592232,253.888773
42.302551,5.340898,252.629098
56.797635,7.246835,250.085145
72.178146,9.334713,246.916004
87.853889,9.272999,244.149983
96.567134,9.170411,242.619594
111.477740,9.478440,241.848328
123.728580,12.717098,241.201650
135.960113,12.706748,239.754459
150.073371,14.772610,238.768074
164.902103,17.543809,237.707640
181.590952,20.551047,235.643374
195.181091,23.990504,233.094962
204.555350,31.673792,232.351050
207.721539,41.149534,229.985318
210.712523,53.726602,224.401362
211.825489,59.384962,218.831065
216.703600,61.087112,215.105746
218.190545,62.355894,201.037116
221.460608,60.731362,185.447903
220.161795,53.248956,170.065131
223.303855,46.224240,160.722572
225.489836,39.061918,146.066124
228.877830,35.721102,135.705841
232.504678,30.780547,127.892296
235.089476,25.915157,117.225833
238.431210,19.515086,103.679961
239.437300,15.188221,86.633520
241.813460,10.094524,71.394361
242.715511,6.425967,58.574526
244.364361,2.689404,46.858849
247.241673,2.367322,31.698138
249.900859,1.525351,20.311370
252.129387,0.865622,9.458276
253.552924,0.713262,2.679336
254.099438,0.537977,0.740067
254.556988,0.279303,0.143260
2.465737,0.315200,254.756660
4.309475,0.530045,254.756842
7.695972,1.101657,254.298277
12.443070,1.863870,253.297569
24.590346,3.748441,251.372506
41.046547,6.751085,247.379083
57.898040,8.037757,242.400579
74.675832,9.408123,238.886780
83.884735,8.184502,235.820917
95.469512,9.264949,234.043607
109.912707,10.861914,232.195063
122.593495,13.273184,230.474121
133.302299,15.377830,228.842043
146.224408,18.296177,224.889018
160.453914,19.594126,220.825418
175.090162,23.578876,220.372144
186.730193,28.800324,218.868942
189.039014,35.002262,213.361185
192.741974,42.182794,207.123421
194.137328,44.722237,199.919218
196.265955,47.856936,193.550106
195.247337,46.064481,178.370931
199.358288,47.848953,167.940160
204.269182,46.686069,158.583935
206.520469,42.628160,149.051408
210.090751,37.516408,139.146492
214.498044,30.613095,129.502455
218.222347,23.046159,121.902514
222.079815,20.938292,112.282792
224.310887,16.426220,94.982511
227.417723,11.654833,81.999980
230.404085,7.757663,69.247498
233.096586,5.061468,56.081018
235.520376,2.612467,44.398009
239.016936,1.154903,31.310777
242.764181,1.173653,20.820931
245.901408,0.834128,12.177268
249.756096,0.538648,3.833348
252.270146,0.343116,0.783801
252.883557,0.295534,0.260488
0.776920,0.200491,254.823714
1.366199,0.255294,254.603188
2.884696,0.520366,253.886731
6.597153,1.411777,251.993275
12.378626,2.490363,248.765008
24.927948,4.480475,243.981121
41.293047,6.736666,238.273249
57.784314,7.278396,231.777275
67.477837,7.514750,228.304320
78.198295,8.127061,225.329923
93.003976,10.233209,222.123145
103.379940,11.034859,217.893806
115.753848,12.714260,216.045734
125.570608,14.008583,210.651336
141.852995,17.743141,209.851888
151.611096,18.846643,204.256498
163.136475,23.565250,199.283492
167.314469,30.483149,194.204914
174.356678,34.097429,190.307693
174.201637,37.933098,182.470410
174.502512,39.299593,171.301339
176.971708,39.283731,162.958050
180.720152,39.930075,155.454218
184.186383,34.328943,145.865993
187.341664,31.395109,134.024596
189.052009,24.977888,126.128213
195.464770,22.329638,121.355592
204.793170,19.368637,113.937090
205.179699,15.310312,99.011281
209.454576,11.953112,87.104282
212.122565,7.632524,74.929466
215.302032,4.583675,60.473867
218.636582,3.828006,48.619385
223.112463,2.048371,40.070872
228.528780,1.366484,29.878020
231.154440,1.153346,21.347603
235.861812,1.040228,12.397679
241.915073,0.906833,4.971432
245.784377,0.675240,1.690212
247.652896,0.652424,0.642593
0.124442,0.172059,254.876494
0.404939,0.312107,254.413091
0.830383,0.327514,253.065006
2.011536,0.406243,250.249343
5.730452,1.140893,246.645598
14.128450,2.224149,239.910771
28.468924,3.712605,232.771661
41.753261,5.711274,225.141470
50.220725,6.976755,221.824646
61.802054,8.362477,216.383230
73.587047,9.532125,210.822711
83.627874,10.162804,206.824620
93.064254,9.961531,202.527747
105.744723,13.115384,197.869963
113.869715,14.272386,192.642364
125.911454,14.878779,186.478557
137.463709,18.441909,181.285542
147.353748,22.875812,177.645338
150.152871,26.894462,170.772486
155.813802,29.943657,163.703112
157.658633,31.650553,153.779735
160.499739,30.960357,146.752040
164.828814,31.137031,141.556129
167.841569,27.385670,132.955620
171.498803,23.603977,123.281756
177.702671,21.602083,116.796820
179.638922,17.697688,107.766641
183.172182,15.861263,99.647709
189.333389,11.903643,90.381017
192.231571,9.123464,77.212153
196.740102,5.768022,65.500945
200.140568,4.580197,50.566330
204.848573,3.896870,42.543633
208.990357,2.265891,32.950172
214.171076,1.778741,24.672225
219.156835,1.671437,18.791568
223.610112,1.428707,12.828377
229.356457,1.561173,7.112243
233.377230,1.188102,2.915433
236.182053,1.275060,2.001256
0.098674,0.680087,254.641089
0.207387,0.721761,253.843653
0.422265,0.628297,251.833504
1.146241,0.839242,248.165094
2.715243,1.030852,242.526906
6.708358,1.710193,235.338348
15.899927,2.931382,226.147579
26.551499,3.112280,216.409621
33.922870,4.145602,211.027564
41.805548,4.565156,205.090945
55.399333,5.992081,198.646267
61.126985,7.626192,192.966087
72.847907,7.899643,188.781417
86.059937,9.153143,184.608869
96.633876,11.908696,179.215355
107.748012,11.837943,174.109331
117.086538,13.729788,167.204976
125.821399,15.046500,159.143998
130.548726,18.433713,154.327115
135.509336,20.073804,149.137287
144.133461,24.461420,142.059935
148.152015,25.978301,135.620217
150.815572,24.763425,129.039905
153.179323,21.748113,118.639489
160.146286,20.842192,112.607611
163.659316,17.126741,104.327274
167.005186,16.284392,95.758114
169.813907,12.754553,87.636575
174.899069,10.246633,78.395689
176.890701,7.439903,65.949206
182.277415,6.116741,53.952456
184.590747,4.757539,42.943660
190.159308,4.115681,35.913034
195.138876,2.655200,27.386548
203.811238,2.303788,22.213416
207.919747,1.864394,15.876168
214.494632,2.058486,11.171847
219.363717,2.167933,6.599696
224.158128,2.693404,4.287792
226.624841,3.159387,3.246707
0.279682,2.862719,254.445066
0.277879,2.234730,252.771595
0.284626,2.187007,250.038829
0.658156,1.772702,245.132226
1.523291,1.856901,238.520985
5.546592,2.296277,229.767328
10.805999,2.639405,218.685424
15.153281,3.376571,210.364993
21.564102,3.304740,202.863144
28.994356,3.756739,197.700387
41.449452,5.569150,190.139761
50.415268,6.176693,183.568069
58.284470,7.207710,176.369526
64.495061,7.778176,172.063128
79.111603,9.408611,165.618039
87.831187,8.878205,157.109904
95.113787,10.294688,149.640495
101.946015,11.542716,140.652525
109.603773,12.268117,137.913547
116.827990,15.011246,131.202027
122.408605,15.826708,125.723578
129.380920,17.131759,118.736626
134.197290,17.965412,113.750064
140.592222,17.850256,107.795284
145.186617,16.422185,100.383387
152.094103,14.788480,93.823823
155.993986,12.541998,85.986734
160.017820,11.063465,80.243146
162.874863,7.383594,64.394763
165.451839,6.299822,53.651450
169.233325,4.732566,42.681112
172.840462,4.227679,35.283706
178.061003,2.969862,26.911610
186.318605,2.445664,22.582298
191.912143,2.470761,16.895341
198.282885,2.308825,13.176110
207.628394,3.641280,9.632859
212.927118,4.318710,5.599110
218.473320,5.659177,4.249964
222.515151,5.752929,3.991211
0.712556,7.620516,254.049751
0.719893,7.091002,251.502226
0.581121,5.825430,247.819727
0.437532,4.155115,241.058715
0.965821,3.491849,234.735094
3.406973,3.310766,223.095544
6.540602,3.357885,211.945429
10.799477,3.600170,204.133027
14.179040,4.008210,197.507119
19.287170,3.706794,191.574716
28.059151,4.964514,183.011626
38.319204,5.189543,175.617885
45.761579,5.775242,167.744033
51.688619,6.633456,159.510722
58.731979,7.968292,151.946006
69.568561,8.430945,146.020896
79.957191,8.972223,136.641146
87.562821,10.077438,128.169869
93.389931,9.467975,124.721380
98.547785,9.317892,117.735461
108.684084,12.754706,112.778391
115.299870,13.662872,108.025587
121.286108,12.790157,102.169746
128.303518,13.920957,96.981663
132.356100,12.827250,89.838176
137.306746,11.755957,80.558226
142.960541,10.491571,73.356956
148.291216,8.025501,64.757885
151.721817,6.213725,52.376889
154.641090,5.342723,41.170911
158.892796,4.396802,33.846398
164.306278,4.011115,26.716466
168.797668,2.352447,20.911432
174.928564,2.730674,15.751677
184.807652,3.121841,13.356285
193.830100,3.879112,10.951878
201.355130,5.127873,6.350542
210.365328,7.286303,4.967602
214.652056,8.142118,4.344084
217.831164,8.783453,4.381662
1.339520,15.052205,253.967266
1.388637,14.094236,250.434487
1.476155,12.348087,245.119054
0.877943,10.017360,238.875745
0.716939,7.689357,230.214720
1.930097,6.617445,217.043769
4.548138,4.808100,205.853841
6.771501,4.554270,199.194653
9.654152,3.517465,190.486156
11.421698,3.659836,183.485251
16.500034,4.207157,172.766092
23.993612,4.940134,164.272760
34.183252,4.919796,157.270604
40.062917,5.473610,150.763949
46.781923,6.332647,141.880864
52.646959,6.405323,130.983530
65.180430,7.607985,122.163340
70.810574,7.502345,117.073392
77.863958,8.645893,112.716229
85.291698,8.632886,106.182977
93.009520,10.149624,101.876709
99.012216,10.071960,93.429040
104.319766,10.443129,88.974559
111.664269,10.595800,81.869872
118.243468,10.502995,76.264042
123.968889,8.744694,66.595564
129.877005,8.027447,60.873778
133.971673,5.862261,49.116058
138.876815,5.581790,38.431554
146.178995,4.957655,31.712398
151.120762,3.794991,24.423791
153.989930,3.187659,17.862793
160.964128,3.087601,14.718875
167.392786,3.476491,12.326901
177.171426,4.446884,9.797180
188.188915,6.099710,7.234667
198.498702,8.044713,5.767202
207.375486,10.277047,4.320118
214.196545,12.134215,4.337788
218.183043,13.852288,4.123902
1.976738,26.122311,253.413721
1.767234,24.402143,249.927287
1.848982,22.027378,243.665153
1.974794,18.457109,236.023153
1.263140,14.598302,223.617864
1.320771,10.831366,213.036027
2.807110,7.774940,203.866103
4.332616,5.206392,194.827373
5.205556,4.501986,186.252147
7.457343,3.501364,176.435585
10.192179,3.923916,167.185083
14.702503,4.208953,156.557349
19.879442,5.009522,148.237725
27.958210,5.355132,139.535086
33.869103,4.753905,128.479401
38.487119,5.559444,120.224655
48.865673,5.892737,109.948129
58.043241,6.896409,105.246666
61.527850,7.464645,98.678339
69.957086,8.069219,94.151684
75.289210,8.620307,87.590879
82.210875,8.784206,79.060494
89.278291,8.487741,72.951042
95.654857,8.589610,69.829007
102.800299,7.939301,61.154090
108.484359,6.883197,53.712040
115.439827,5.042050,44.595778
123.271197,4.801426,34.604564
128.404328,4.173044,27.318502
135.645775,3.575550,21.579835
141.976851,3.605191,15.978429
148.677977,3.378320,13.186836
154.276785,3.672204,10.410243
162.999065,4.938209,9.024881
173.074293,6.732254,7.388765
186.211241,9.336231,5.498324
196.980222,12.890467,4.549337
206.380405,15.099213,4.268760
214.150145,17.639186,3.990182
219.498915,20.382415,3.294935
2.204824,38.459347,252.429987
2.103135,37.306191,248.690454
2.337858,32.852761,242.564996
2.712945,30.111341,233.293487
2.061011,23.979132,221.985145
1.385408,17.271503,211.998107
2.181277,12.649242,201.015191
3.351112,9.257594,191.193667
3.976156,6.043257,180.869624
5.591511,5.366918,170.092196
7.115093,4.965626,160.497709
9.384976,4.798078,149.697258
13.468782,4.664395,141.061059
18.971241,5.219243,130.829899
23.271060,4.716111,119.257271
29.103167,4.612473,109.068727
35.640308,5.184406,100.656603
42.931240,6.649366,93.169431
46.923472,7.265564,87.645620
51.995381,7.648232,79.726750
56.452328,7.034715,69.579861
61.676890,6.601607,60.241148
66.162393,6.087469,53.371932
72.977828,6.068757,47.082197
82.170754,5.995296,41.941611
88.922300,5.184109,36.108135
98.217628,4.010621,27.462851
109.298665,4.050651,22.755507
117.330250,3.919924,17.933376
127.384133,3.856389,13.479720
135.633468,4.030424,10.678691
140.984352,4.434484,8.945922
148.746268,4.923629,7.598732
157.838036,6.450861,6.777948
172.242405,10.293780,5.293852
183.430841,13.616414,4.690372
195.922891,17.373517,4.595466
206.226383,20.640720,4.492098
217.260811,25.410074,3.974846
224.288080,29.090473,4.188341
2.908799,52.919061,251.415159
2.921084,50.690347,248.663944
3.175030,48.717695,243.017889
3.057393,40.984867,233.219564
2.779938,33.479375,222.771158
2.332429,25.307753,210.220530
2.009061,20.823861,199.974466
3.335188,15.113757,187.694049
3.202406,11.333377,174.917360
4.061386,8.530660,163.502492
5.189097,7.731869,153.370091
6.435704,6.344805,144.154133
7.871903,5.912765,132.645942
10.232855,6.029218,120.978311
13.168119,5.857837,107.904050
18.777371,5.752835,98.636920
22.259275,4.617676,88.720981
27.634509,5.169143,78.778856
32.232389,5.957540,72.153320
35.926821,6.150509,62.420435
40.824037,5.461968,53.764265
47.229719,5.080967,46.340047
50.539574,5.322392,39.185464
56.299991,5.050443,32.499474
60.691729,3.655957,24.301497
72.153037,3.494131,21.746146
84.700509,3.558198,17.090284
96.136164,3.947371,13.568679
109.415002,4.241072,11.750411
118.778690,3.954689,8.154786
128.487642,4.827774,7.105718
136.347153,5.123845,6.713316
144.711558,7.325023,5.927829
156.513940,10.649457,5.855274
171.936302,15.436628,4.673737
183.459824,18.525053,4.452008
197.864986,23.840626,4.645057
212.052817,29.764799,4.715334
221.859056,34.850475,4.693160
229.788497,38.186570,4.479507
4.064192,62.876080,251.945771
3.433448,62.219556,248.331838
3.740538,61.456296,244.299247
3.483686,54.840257,235.026414
3.635987,45.623298,222.878342
3.000862,38.367150,210.415183
3.154909,29.839868,195.814677
2.771960,24.543152,184.500451
3.091324,19.802880,169.918495
3.459146,16.369567,157.798217
3.897948,12.699007,147.182427
4.848863,10.800723,136.740081
4.779224,8.978487,123.683271
6.009175,7.620698,111.877188
9.094546,7.411645,102.001004
10.112854,6.627361,89.641734
13.142329,5.661679,77.366708
15.642109,5.119884,68.416556
20.043677,4.503343,58.902707
24.434103,4.409382,50.375374
25.451288,3.881805,38.061268
29.489342,2.533980,30.374432
32.976499,3.087294,23.088308
39.710484,3.005692,18.644177
49.209294,2.936984,15.959936
62.186924,3.533076,12.943200
75.373013,3.953916,10.665978
85.754790,4.187544,9.327496
99.537721,4.553726,7.006256
112.011251,5.429703,6.092633
123.352477,5.361288,5.603893
133.989184,7.518231,5.367294
143.552672,10.384293,4.625192
155.384939,14.385168,4.473339
170.748796,19.304089,4.612606
186.573351,25.486452,4.346525
201.536251,31.887181,4.907773
219.982047,40.045594,6.263742
229.011893,43.405461,5.634846
235.518165,46.389739,5.846036
4.803050,75.810557,251.442459
4.160930,76.257651,248.565832
3.963544,73.912206,244.996234
3.932988,68.909904,235.987290
3.775064,61.688327,224.502480
3.518219,49.521685,207.891920
3.617683,43.836116,194.160678
3.466909,37.393493,179.533445
3.379438,30.583194,165.824974
2.789578,25.169060,153.560639
3.659565,20.930639,139.878924
3.745454,16.583387,130.977566
3.876373,13.302228,119.996359
4.460191,10.460854,106.934781
5.677175,9.088534,94.381295
6.435247,7.885158,82.861258
6.986004,6.257166,70.232215
9.320206,5.916917,59.320451
10.791442,4.615906,47.539314
11.899274,3.567421,34.172362
15.156460,2.832992,25.885420
18.318750,2.786939,19.226791
22.909909,2.951749,13.621705
29.736868,2.938595,11.874975
40.931284,3.090823,9.946361
53.446065,3.691570,7.859723
65.241286,4.277759,5.819424
78.865773,5.520448,5.099541
92.602405,5.542183,4.606923
105.693622,6.932302,4.429380
118.227991,9.211208,4.246500
131.280980,12.281680,3.889164
141.668090,15.182051,3.872685
154.025503,19.849792,4.068044
174.418474,28.110268,4.262542
190.610294,34.762477,4.997513
208.912197,42.243182,6.321914
222.744977,47.310810,6.500754
233.325804,52.581630,6.721567
239.308971,54.048223,6.414991
6.637351,90.103755,251.684120
5.682024,93.164875,249.630078
5.017796,92.165981,246.307835
3.914129,86.334642,238.253446
4.670924,78.748689,225.889833
4.242669,67.151091,207.928563
4.513416,55.716509,192.723255
4.492645,48.163789,176.049800
4.808008,41.263532,162.805812
4.178692,34.647230,148.165672
4.131627,29.371331,136.872523
3.477228,25.352567,129.140437
4.409254,21.209939,114.356729
3.848254,17.823770,100.789676
4.150196,13.553443,88.600185
4.790812,11.297150,76.468341
5.371591,7.986266,64.679327
5.387664,6.196485,52.665263
5.688416,4.618998,35.783898
6.370110,4.354718,26.062156
8.327074,3.717350,17.144085
10.941999,2.980030,11.227152
15.777513,3.100320,9.256611
22.766578,3.191203,6.441866
32.620489,3.269269,4.576765
46.525003,4.957160,3.423097
56.887880,5.335444,3.016067
70.058819,7.062281,2.981592
84.657199,9.571869,3.085227
100.730054,12.639836,3.093650
112.978158,15.969475,3.184721
128.955131,19.331455,3.482307
142.237512,23.214337,3.010826
158.393361,30.657222,3.680305
177.042021,37.456823,4.146880
194.270442,44.356820,6.172582
213.127761,52.025335,5.909793
226.578843,57.048329,7.446429
236.211548,59.818314,7.016133
242.451465,62.735962,6.813811
8.454366,104.733513,251.805701
7.176129,106.623069,250.463213
6.441237,106.135763,246.442217
6.845299,103.033682,240.112096
5.789999,95.196837,227.498063
5.910301,82.810069,208.906350
5.107410,71.714665,193.159137
6.146746,62.933548,174.120041
5.567421,55.748808,161.000160
4.818388,45.620510,146.459444
4.996527,42.800774,135.003895
5.406093,36.020767,121.499356
4.705149,31.718942,108.647087
4.711935,26.541589,96.907505
4.094801,22.053765,83.242314
3.391800,17.308867,70.991671
3.559194,14.484191,57.118619
3.779378,9.894899,44.982757
3.671813,6.707592,28.346157
3.933726,5.726358,19.744067
4.863697,4.413246,11.500461
6.876037,3.607760,7.149559
10.192132,3.761663,4.641970
16.557636,4.814561,3.120410
26.408107,5.507544,2.756779
39.306020,7.194358,2.538955
53.428155,9.067299,2.389164
67.937713,13.041436,2.280614
81.222656,15.710172,2.566432
96.226010,21.532383,3.279132
112.620636,27.211125,3.705952
128.002963,32.798352,3.497065
144.816532,37.730646,3.430194
161.054509,45.205805,4.135954
179.331918,50.567704,5.421904
200.415949,57.814683,6.286209
217.111620,62.668812,6.925866
231.704028,66.454882,7.299802
238.732927,68.839289,7.497392
245.431797,71.166234,8.275344
12.365493,115.536384,251.472093
10.497926,117.207301,250.070674
10.290201,118.606176,246.767493
9.440261,115.636618,239.705608
8.934859,110.907159,230.211585
7.095615,101.135978,211.823385
9.017554,86.750435,192.045055
9.420923,76.987423,173.816381
8.203082,70.877744,157.248600
7.046462,62.696720,141.766615
6.638150,56.265395,129.441529
6.569719,47.784048,116.457302
5.927059,41.533716,103.336910
4.774202,37.011907,93.013410
3.713052,31.477967,79.221093
3.590722,26.202614,65.546090
2.956191,21.572879,51.665482
2.516574,15.567933,38.676570
2.947426,10.194803,23.360717
2.795125,8.418868,15.285053
3.014852,6.935364,8.890378
3.996063,4.495416,3.903116
8.030366,5.332814,2.832901
13.661256,6.982319,2.173292
23.406356,9.229157,2.034046
35.103165,11.831994,1.960566
50.130770,16.061059,1.916328
65.370318,19.611565,1.966478
79.490053,24.166992,2.459357
98.280607,32.692730,3.068262
113.861308,38.372746,3.931187
130.504706,43.899018,4.165841
145.416438,51.531535,4.301447
162.306229,56.295087,5.011737
177.769591,61.566794,6.064828
200.098288,66.869602,6.531779
219.766259,72.680459,7.108874
232.151745,75.311717,8.226843
240.294123,76.789240,8.128387
245.867613,78.510293,8.597117
20.496413,124.594185,251.020932
16.990314,126.485290,249.589810
12.491775,128.611264,246.297004
12.194014,127.003433,239.427854
12.534813,122.160186,227.875429
13.136453,113.957267,209.733813
13.207401,103.913984,192.103207
14.295257,94.295810,169.303395
13.592912,86.308031,151.147941
12.329952,79.297571,136.528637
11.216126,71.948894,122.631682
11.092987,65.656859,113.556850
8.749221,55.927244,100.021445
6.086092,49.542278,89.202308
4.650630,43.342842,74.760308
3.682582,38.137684,61.176744
2.843654,32.049030,48.225543
2.202810,23.929939,34.599417
2.360069,17.722114,20.414496
2.361738,15.335939,12.688009
2.742161,12.695956,6.328014
4.028651,11.250230,3.681384
7.250701,10.227315,2.191338
13.075165,12.958392,1.980405
21.399457,15.105337,2.165154
35.416162,19.789126,2.103761
47.725204,24.446193,2.153692
61.879956,30.528175,2.555307
79.469546,36.496411,2.798231
97.958971,41.902392,3.367531
116.493164,50.793477,4.542565
133.551661,58.941445,5.727044
147.719654,63.194922,5.261968
162.985916,66.987901,5.950794
180.783361,71.916215,5.866592
204.013304,79.042225,6.936177
222.282868,82.079947,7.505320
234.765431,83.519009,8.079590
241.706185,85.752323,8.607615
247.299922,86.594303,8.681611
30.716395,134.851786,251.458268
26.805989,136.761431,249.321088
20.259374,138.040855,246.256201
18.775582,134.920494,237.367743
19.390382,131.402376,225.128149
19.102919,125.052258,208.140629
20.004383,116.435401,184.168698
20.902341,108.169128,165.779341
19.102148,101.854985,148.848048
15.663570,94.091096,133.358091
13.733185,87.222065,119.333158
12.435685,83.176744,109.952406
11.784597,75.786420,97.163632
9.124377,67.303055,84.358729
5.516788,59.557216,69.480852
3.915167,52.912339,57.108506
2.910465,46.132396,45.127027
2.437753,37.641916,32.792067
1.928652,28.243368,17.556802
2.177999,28.360821,10.025724
2.640418,24.985873,5.039546
3.402257,22.267523,3.364092
7.765932,21.454802,2.372269
13.222122,21.277661,2.127318
21.707211,23.476799,1.855239
37.351355,29.781946,2.001071
47.252111,34.440530,2.774529
64.746456,41.341722,3.078461
81.587466,50.225358,4.129980
100.587343,57.950740,5.050919
118.099662,63.243158,5.956854
133.174851,66.953430,6.653147
148.692315,74.247137,7.156460
164.488367,78.207854,6.956498
184.140661,83.938396,7.429240
207.268300,89.711902,8.067121
221.048698,92.448252,7.672702
234.011678,94.046969,7.986125
242.604168,94.398169,7.803233
247.641792,95.201372,8.484593
43.381978,141.276282,251.104812
38.066517,143.144205,248.685961
33.302170,143.553748,244.557258
31.056603,142.161801,234.114043
28.775543,137.846783,222.530932
28.114289,133.390732,201.996330
27.180790,126.058573,182.414730
25.185506,119.820280,162.925782
24.192496,114.034749,146.019868
20.980428,109.890169,130.948620
15.592898,103.168135,114.294761
15.655196,97.359728,105.779993
13.334381,91.849432,93.419917
10.611998,84.078770,81.777229
7.000962,77.989393,66.009468
3.998018,71.160381,53.476753
3.378589,63.943191,39.977361
2.195168,58.365619,27.472414
1.760839,50.924238,15.864364
1.690632,44.833899,8.173097
2.377904,41.003943,4.743888
3.845398,39.195898,2.535126
7.684059,35.291324,2.429600
13.816255,36.287831,1.913047
24.779573,40.354166,2.191944
37.527506,43.316301,2.540159
50.684830,49.363009,3.195005
68.102560,57.331015,4.430529
86.310761,63.120721,5.062549
101.473834,70.960727,5.796658
117.836055,74.899938,6.868549
134.333861,80.467985,7.836385
149.846206,85.023110,8.928565
167.321203,89.473493,10.042828
187.244655,93.119748,10.427113
206.270270,98.833421,10.007101
221.197721,100.664307,9.743364
234.002873,103.068296,8.525333
243.059471,104.692232,7.898064
248.236071,104.988235,7.603957
65.546199,153.439169,250.117743
57.774659,153.035949,248.048698
51.073112,151.559770,243.248635
45.165779,150.152270,232.603746
43.325105,145.446601,217.353825
40.033963,139.896164,199.011765
35.752309,134.214414,177.624874
31.877236,132.454863,159.048978
30.959769,125.628447,141.478001
25.242424,119.976869,124.623340
19.928889,116.645228,111.701470
17.218132,112.755111,101.436309
15.199631,105.493640,88.802065
11.982282,100.836081,76.434335
9.305985,97.632508,64.403595
5.319414,88.884105,51.269236
3.164717,82.200057,36.088119
2.302138,79.476558,23.289771
1.618839,73.951649,13.580338
1.569608,69.470554,9.119586
2.381498,60.800105,4.356005
4.398958,57.677439,2.116047
8.832181,55.715503,1.877475
15.303031,56.111933,1.870991
27.440759,55.479429,2.159732
39.487748,58.601326,2.876684
52.589440,63.632445,4.008265
68.490907,71.715658,5.005810
87.404718,78.342189,6.985275
103.165967,82.350518,7.951513
118.801509,87.010328,9.934251
136.314587,91.898564,11.829998
150.711539,97.190405,13.907683
171.522920,101.006654,14.925629
187.769182,103.696499,16.460175
206.861632,105.690452,15.135193
221.464150,108.746117,11.627258
234.861763,110.657636,10.589914
243.612577,112.945731,8.990072
247.725616,113.357774,8.569526
85.651303,161.588796,249.774423
80.070347,162.284015,247.049885
76.371909,162.874560,241.125271
67.776511,161.099248,229.297785
62.606612,155.804077,211.826230
56.606189,148.556491,191.448587
50.734423,146.826774,172.731654
42.657489,140.120042,154.129267
38.621616,135.002843,138.797427
31.556822,130.637070,121.508189
23.231949,124.208292,108.543232
18.634487,121.817406,98.647995
16.068118,118.810992,85.929335
12.762156,116.663849,73.533454
9.971706,112.291178,61.715063
6.085772,106.456087,48.695790
3.011296,101.678269,32.590620
2.061798,96.929523,20.484973
1.762211,90.753433,13.403303
1.259559,87.063038,7.899713
2.288295,84.650835,3.970059
5.055358,81.243248,2.244429
10.087967,78.323736,2.252770
17.052742,77.615514,2.047246
29.932010,75.739911,2.708427
42.531666,79.199904,3.324527
56.591481,82.700120,5.140385
75.604111,89.076125,7.710121
88.875992,92.504308,8.637126
105.372171,97.112627,9.677812
121.491517,99.619287,11.800146
138.130689,103.994089,15.622618
152.496540,106.098205,17.954332
169.712053,109.366727,20.092411
187.050952,111.321238,19.204596
205.888678,114.174142,17.843719
224.243271,117.441504,18.917751
235.768829,120.836284,16.523752
244.502140,121.258089,12.435754
248.668396,122.539994,10.713492
108.420105,174.382328,249.417698
106.782959,175.255362,245.715349
105.533309,175.837449,238.467735
100.873334,176.606521,226.299194
90.677236,170.887388,209.017528
79.171549,164.979605,187.651097
64.826987,155.176809,167.309718
53.205175,148.515812,151.529434
46.139051,143.926058,133.865610
38.506793,138.792702,119.889576
29.959231,133.926200,104.918590
21.163052,132.332661,92.353681
16.312863,129.299317,81.940538
12.735566,127.304931,71.263162
9.559446,125.794797,58.322920
5.437230,124.225465,44.967586
2.645239,119.343014,30.185312
1.945306,112.998288,19.172266
1.344841,111.125240,12.128941
1.082888,107.529770,6.291554
2.426543,105.576067,3.438247
4.842241,102.689333,1.988489
10.482245,98.721255,1.944477
17.286866,95.415817,1.922620
32.740492,97.685843,2.497595
43.866616,96.487248,3.372034
61.687709,98.659692,5.046489
79.359605,101.700823,8.328591
91.921090,106.693275,10.596515
107.491918,108.024682,10.767624
121.721014,112.103210,14.270414
138.042641,113.194621,17.836022
152.141712,115.229202,21.777045
171.412244,119.648080,24.128426
186.719373,121.334393,21.952318
209.284799,124.957371,22.068341
223.865911,127.428127,22.692266
237.323948,129.587734,19.284290
244.540557,130.721087,15.498004
248.946550,131.061840,12.502277
127.660516,187.485067,248.393068
130.760914,190.319344,241.131740
131.044587,192.126246,232.926242
126.956869,192.080653,223.964651
114.044543,185.766957,203.668446
95.901751,178.245165,182.800636
81.212393,168.874026,166.956225
67.062556,159.830100,150.269898
50.089383,152.479323,130.074898
43.701272,151.576045,115.571445
33.484439,147.373247,102.382701
23.673510,143.291294,90.634425
16.316908,141.376675,76.198612
12.372886,140.505924,65.184134
8.056500,138.265489,55.029106
5.327037,135.551387,43.533732
2.714492,130.658455,29.218256
1.687880,128.822826,17.864327
1.131427,126.951242,10.153341
1.131378,124.505503,5.443833
2.268330,122.825449,3.081584
5.356133,119.987723,1.774792
10.471243,120.316982,1.827439
19.195266,117.315506,1.664383
30.254318,113.294424,2.223966
45.592004,111.847089,3.616669
59.334030,112.270375,5.819696
81.228346,113.701979,8.502101
94.875041,115.146321,10.650178
107.662684,118.149451,11.716266
122.636700,119.416814,17.296299
137.882708,122.617589,19.225564
154.887661,125.936432,23.814446
170.884848,127.830654,24.876309
190.115153,130.769352,27.125237
212.159819,135.980089,24.898300
226.777478,137.684846,25.748338
238.299274,140.604685,23.764330
244.920768,141.157461,20.730154
249.010873,142.539117,15.469717
142.855356,202.395649,244.996142
149.120738,205.676508,238.671019
146.218195,204.977856,231.003521
141.534185,203.396364,219.398186
129.913984,201.246653,202.477056
112.654396,193.412673,181.080467
95.349159,183.142802,164.062358
79.037624,177.029379,145.099126
58.958658,169.431912,125.638182
46.625812,163.001661,113.179021
36.423060,160.702810,101.683235
26.396362,157.265457,88.043635
16.449674,153.463509,72.780549
11.064815,150.912989,63.387334
8.055514,148.140978,52.103824
4.803734,147.649162,42.184322
2.152046,143.045477,27.093162
1.262931,141.152220,15.767811
1.102282,139.722534,9.378373
1.130624,137.397221,4.605062
2.408776,136.853820,2.367918
5.704224,135.790935,1.441740
10.248523,134.304191,1.115063
18.912670,132.660143,1.356069
29.587716,130.187335,2.265858
45.580160,128.437336,3.761478
62.596751,127.319538,5.810671
81.544481,126.954235,8.378737
95.137514,126.810463,10.877826
108.128297,128.355021,11.810299
125.694008,130.543722,17.402615
145.026902,138.327303,20.752268
157.847909,139.852375,22.638787
171.011409,143.328650,24.715272
191.210323,142.842312,28.452357
212.621396,145.169184,26.022064
227.936275,145.997262,25.893610
238.613586,148.467706,27.317129
245.478372,150.450269,22.505383
249.180588,150.583914,17.049683
151.137879,215.000410,242.772643
161.832706,216.175968,238.047378
156.752282,216.184728,227.801601
146.449905,215.338730,214.777807
136.935578,212.480433,200.395242
121.082690,207.236380,180.899444
101.297963,196.884478,158.035028
84.696711,188.419712,140.384935
65.861334,182.887319,123.931822
50.771127,176.062709,110.074928
38.285418,173.368449,97.972266
26.271591,167.815930,83.611490
16.955969,162.150160,72.444250
10.782391,159.384489,60.627991
6.384245,157.321072,50.875074
3.480002,157.526606,37.138924
2.032224,157.285687,26.067381
1.301862,152.942340,15.373595
1.134910,150.062448,8.784965
1.495414,148.210523,4.303170
2.627811,147.195015,1.965907
5.955203,145.986355,1.348239
10.380629,145.795454,0.844479
17.795796,143.737603,1.109899
30.035645,142.211822,2.499024
45.257277,142.363541,4.157318
62.720241,139.721843,5.712445
81.860633,141.942893,8.973198
97.395505,142.513511,11.618478
114.107024,145.509923,13.021992
130.706407,149.157099,17.520834
143.992097,149.686517,20.572568
160.498903,151.051550,22.730233
173.448993,152.224945,23.942066
192.996650,154.145843,23.878884
211.202710,155.862691,24.768952
227.266197,155.632049,26.118326
238.612549,158.664762,26.893074
245.698558,159.554628,22.907282
250.057908,161.132843,17.456529
143.531148,224.485627,242.880436
149.069647,223.624235,236.779050
149.114529,225.695407,224.252467
146.005897,224.610017,213.022656
137.027520,222.979943,195.238058
124.060206,217.639009,180.052634
106.708293,210.034551,157.440058
84.893310,199.719044,137.447476
69.144001,194.762297,121.573205
49.000995,187.100771,104.961547
38.555051,183.812758,95.414903
26.679067,178.761067,82.675939
18.583285,176.385588,73.381824
10.013390,170.438291,60.130581
5.267477,169.949064,47.922353
3.256501,169.493555,33.996268
1.631246,165.934142,24.567416
1.276262,163.183782,15.443690
1.543887,160.642594,8.376477
1.953101,158.217491,4.083482
3.509113,158.245813,1.803290
6.197905,156.770708,1.282099
10.747680,156.677079,0.838030
16.970081,155.526549,1.146229
31.818982,154.320877,2.733412
45.071853,155.357649,3.791303
62.576484,154.419401,5.610507
81.556224,154.922546,7.633849
97.185251,154.831455,11.159164
117.452092,157.443087,12.783320
131.377105,159.411083,14.710247
145.476322,161.500485,17.267808
161.271524,162.667734,20.396190
176.220073,166.119058,20.574236
192.596169,166.905896,21.046573
210.047521,167.468480,22.266146
227.206039,166.945993,24.179702
238.568099,170.047354,23.427895
246.258278,171.806308,20.186278
250.179196,172.443062,18.134038
125.680915,232.200589,243.442496
130.327993,233.030085,235.291290
135.198716,232.704827,224.123120
137.114549,231.476523,212.269090
130.734499,230.046492,196.393061
116.714278,227.406372,175.644849
101.958074,221.997889,153.925343
83.566722,213.072799,135.767561
66.429203,205.803533,117.161411
51.725432,200.291488,102.940173
38.511330,194.473306,91.767273
26.039802,190.175166,81.764669
16.760513,185.093167,72.563562
8.141882,181.380360,57.082443
4.233173,179.398706,44.614259
3.031305,178.635133,34.623802
1.530293,176.378024,23.306687
1.667666,173.668857,14.375427
1.733698,173.004440,8.100138
2.224202,170.169899,3.755440
3.161594,169.120813,1.710453
6.763892,168.452521,1.068994
10.775571,168.867311,0.973439
19.132280,166.841243,1.333047
30.437234,167.952295,2.384474
45.682979,167.066706,4.064014
64.207347,168.495755,6.517544
82.352637,168.041233,8.171698
101.906525,169.873251,9.832726
117.295010,171.343006,10.530850
134.660052,171.557092,12.337811
145.722885,172.427859,14.686053
166.493790,176.719161,15.424641
177.837888,177.742281,17.371335
193.450207,180.575811,18.135177
211.366640,179.597825,20.269343
226.490024,181.627351,22.124921
239.647532,185.155338,20.964437
246.837939,185.435162,17.834369
250.624226,184.207735,15.766922
103.722002,238.216764,245.378807
109.291581,239.420627,237.418129
113.089526,237.333909,228.291956
115.908553,236.189337,213.034740
114.316717,235.759094,193.523041
103.638323,234.433029,176.087681
92.100624,230.301927,154.328402
75.668481,225.570283,134.138595
60.419630,220.243925,116.280956
45.669141,213.777525,101.225457
35.329455,210.771787,91.229315
25.991553,203.933377,83.331363
14.942929,197.830896,69.789991
7.887419,193.685082,57.857688
4.351764,188.390402,43.016579
2.203626,186.756474,31.366594
1.733386,186.616350,22.990629
1.831273,183.962461,12.195981
1.841141,183.494513,7.071803
2.875338,182.325573,3.434333
3.615034,180.743035,1.491299
7.116811,180.413573,1.274696
11.593507,178.691574,1.201736
19.749625,179.652950,1.763470
31.641850,178.865528,2.502338
45.839128,178.452998,3.579177
66.573608,180.754507,6.681249
84.468508,182.273800,7.317206
104.339713,183.485096,9.219240
118.817910,185.802154,10.214066
135.384148,187.033867,11.786639
149.808853,190.617723,12.063939
167.239390,193.148258,12.699793
178.673275,194.710594,14.065710
193.591468,196.310010,16.814228
211.994967,200.075386,15.323880
229.720921,204.837863,14.683598
241.377492,205.706678,14.614083
247.736735,206.055376,13.165707
250.824506,204.368701,12.900218
76.284967,241.046242,247.427502
81.398759,240.870534,240.575407
85.338394,240.695755,231.602401
85.256125,240.340851,219.012785
89.827761,238.583098,196.229727
83.440098,236.759822,173.040170
74.988056,235.986440,153.265262
60.653157,233.809373,130.778543
48.604467,230.328048,115.071766
40.276811,228.078811,102.907122
30.922378,221.395809,89.776557
21.375106,218.846632,80.639554
12.396945,212.709679,71.149981
7.254212,209.472319,58.223953
4.361808,203.783256,42.093049
1.941394,198.644475,29.464957
1.329113,196.226631,20.082860
1.479018,195.570042,10.968128
1.834238,195.041802,6.095803
2.943614,193.823433,2.700053
3.730663,192.222978,1.452780
6.994320,189.924472,1.214487
12.823295,189.703484,1.716225
19.918037,187.946054,1.999695
29.985835,188.314728,2.311957
48.987557,190.158679,4.455606
70.210137,193.605873,7.835280
87.998123,193.130492,7.969952
110.130367,199.353002,8.936174
124.072293,200.740584,10.316962
136.460380,203.904061,11.809768
152.843215,207.735737,10.389171
168.137261,210.370997,11.397158
179.376376,212.658962,10.957176
194.318289,215.181909,11.247511
216.316334,218.363458,9.805707
231.479208,221.749910,9.870160
243.286695,223.615005,10.107105
249.458335,223.638709,10.192476
250.897409,220.323202,11.049097
54.135074,242.402070,247.528261
54.241877,243.000155,243.574750
54.744167,242.572641,234.485676
59.385357,241.363757,221.989046
59.641534,242.229092,198.251960
59.910268,240.475652,173.085567
51.659517,240.709460,151.211410
45.189447,239.508863,130.983902
39.956772,237.614063,114.760519
35.125048,233.934847,103.193975
26.297789,229.539673,90.338037
16.340418,227.567650,78.337124
10.491143,224.532018,69.867783
5.857603,222.796094,54.513970
3.786596,219.122470,41.021780
1.375481,213.583447,26.865406
0.768746,209.988726,18.101350
1.182998,208.433817,8.709863
1.581403,205.916821,4.015484
2.483291,205.547602,1.963288
3.552305,202.285607,1.223382
7.284239,200.970289,1.278103
13.803129,199.548759,1.835805
21.375315,200.459558,2.482734
32.795103,203.036390,3.821403
51.131809,207.962213,6.152782
71.772750,209.971061,8.762681
92.690671,210.873305,11.076273
112.106082,212.926200,10.845221
124.812662,213.541421,10.297606
141.787537,217.702152,11.249908
155.265741,223.172092,10.542509
167.352569,224.709394,10.673690
180.922498,225.330793,10.302798
195.917527,228.034624,9.362988
215.929877,233.125881,7.801296
232.311345,236.125593,8.805268
243.299019,236.952935,8.464648
248.533062,235.387198,8.825735
250.562730,232.826855,10.307719
34.117184,242.286187,247.498935
35.317230,242.368347,243.269625
34.019458,242.820802,234.324558
34.998477,243.849594,221.690865
36.245729,243.309988,200.763944
36.031001,243.573127,174.242129
36.575558,243.172466,150.151413
33.486721,243.892928,131.812132
30.539154,242.094197,118.068390
24.723690,240.511426,103.021917
17.670770,238.599401,88.563285
12.382923,235.849281,76.156728
7.807433,234.503924,65.002715
4.917855,233.278414,53.792812
3.193470,231.609068,38.776388
1.636400,230.771690,27.468523
0.580202,227.766756,14.425079
0.894051,224.097743,6.463784
1.111597,220.616913,2.230202
1.845555,218.263660,0.972945
3.267806,215.753982,0.794726
7.648328,211.838844,1.197971
16.218011,210.769794,2.210245
24.354024,211.564257,2.971899
36.126220,215.214791,4.477741
55.838452,218.529863,6.093915
72.638327,222.142781,8.323422
93.116078,221.597915,11.565296
110.540339,224.515627,11.341691
127.047111,225.005763,12.099426
142.863005,228.299032,10.465713
154.182768,231.000290,10.835152
165.916186,233.603051,11.042721
179.171592,234.985585,10.283566
195.861749,237.422478,9.830472
214.990846,242.441936,8.297887
232.198698,243.916139,9.321441
242.972276,243.652494,10.609727
249.074822,245.157613,9.962024
250.122676,241.084218,13.517646
18.799110,241.428191,247.753103
19.428121,242.065146,243.308514
19.276984,243.109710,232.821230
18.497076,244.171774,219.556523
19.751682,243.730499,200.533253
21.606134,243.834136,177.190372
22.562521,244.095029,150.333685
22.303837,244.637295,134.592757
20.486005,244.697106,119.102524
16.833873,244.156896,102.022481
13.716337,243.281102,87.546168
9.842223,241.966562,73.315711
6.642743,241.240581,62.420606
4.460568,241.714760,48.736179
2.775086,242.346831,35.270861
1.089550,242.050573,21.812720
0.612193,241.160381,12.355002
0.478319,239.665491,4.204645
0.924548,236.502361,1.227940
1.401249,232.949934,0.603073
2.824969,228.927508,0.460872
7.967636,226.691563,1.160603
17.180730,225.967685,2.156694
25.910310,225.691913,3.779035
38.797068,227.633674,5.178583
57.396959,230.223257,7.477866
73.459724,232.069853,9.230349
92.426959,234.374152,10.080621
109.187516,233.844410,11.570892
126.124695,235.891451,12.608725
140.599154,237.096748,12.148364
151.443099,238.310776,12.239241
166.250892,240.219518,11.737881
177.340083,242.115370,12.078501
195.607839,244.511767,11.913290
214.375696,246.724759,13.976439
229.038028,247.811225,15.201565
240.486499,247.725326,15.165885
246.700212,246.963655,16.633945
249.429869,244.972775,19.409778
8.815977,240.033344,247.433580
9.242471,242.753092,241.601496
10.444977,242.640212,230.916849
11.160444,245.024642,215.831016
10.928180,245.066045,198.465286
13.203552,245.457807,175.365233
13.630119,245.816626,151.416450
13.041051,247.050262,135.414940
12.237005,247.408108,117.514219
10.515054,247.571056,102.860891
9.014476,247.917346,85.578541
8.050351,247.758256,72.771493
6.216749,247.288092,57.699663
3.697614,247.058417,44.025077
2.050050,248.770284,30.357194
0.730893,249.704999,18.206131
0.647486,250.054790,9.330109
0.330348,249.000009,3.266119
0.571917,246.795557,0.827698
1.200510,244.871791,0.369646
2.703028,243.071633,0.534840
7.919857,241.829651,1.065418
16.636204,239.308813,2.071505
29.060448,236.807503,3.949223
41.315987,239.088786,5.949211
58.627788,240.945395,6.628042
73.000396,242.496291,7.670263
91.849980,243.029567,9.761472
106.874910,243.218516,12.220315
121.428092,243.249178,13.251296
136.350132,243.593645,14.457534
150.085875,244.562990,15.097325
163.212589,246.239336,16.462336
176.945119,247.200557,17.568432
191.355936,248.112481,21.064856
209.206056,248.990552,21.643096
226.781123,249.023817,26.216689
237.097342,248.127852,28.268980
243.947378,246.885795,29.955255
247.651938,245.483586,33.382125
5.750553,245.236111,246.544290
6.296859,244.635776,239.206251
6.142327,245.147849,228.641929
6.780722,245.746704,211.972840
6.966216,246.535239,193.143054
7.418652,248.550701,172.906819
7.580271,248.313504,150.385958
8.071213,248.633021,134.161865
7.477328,249.560530,118.314493
6.480788,250.383283,102.777073
6.444220,250.482521,85.875514
5.744982,250.879217,71.746052
4.273554,251.128620,53.777665
2.845552,251.837595,39.402784
1.693260,252.249340,26.763598
0.517063,253.025905,14.631062
0.435605,253.558640,6.753981
0.261222,253.323563,1.837911
0.323188,252.666297,0.740294
0.872896,251.307515,0.328539
2.986137,249.998724,0.518434
8.071615,248.990473,0.966744
16.727996,248.297749,1.935821
28.016074,247.197864,3.411443
43.342962,247.751808,5.772105
60.038838,247.711449,7.613530
73.471350,248.538602,8.432728
88.590333,248.734526,10.044938
103.728683,248.518297,11.760238
117.403440,248.536908,13.744741
132.335280,248.186694,16.982605
148.759737,248.216847,17.777881
160.092318,248.676938,19.856426
175.379727,249.035889,21.881735
189.949576,250.324656,28.692619
205.225854,250.611685,34.771073
221.744483,249.247997,40.265639
232.791903,247.470341,42.376017
240.885433,246.551069,45.422407
245.546500,244.736757,46.640968
6.287417,245.807428,241.915221
4.987094,246.864475,234.201977
4.542068,246.491752,223.732630
4.216265,247.735636,206.643837
4.796134,248.114744,189.193650
4.619728,249.603290,169.876380
5.083479,250.376702,149.446669
5.181756,250.792807,132.379066
4.813674,251.080275,117.684981
4.861443,251.746754,101.992061
4.668332,252.349230,86.509739
3.780739,252.489742,70.807399
2.798639,253.226758,53.002449
1.964082,253.731980,37.024572
1.148412,254.127405,23.467805
0.590436,254.555466,11.996986
0.304356,254.625032,4.748125
0.170305,254.541852,1.390791
0.242496,254.414151,0.411775
0.742398,254.027354,0.252552
2.723819,253.587838,0.469811
7.827844,253.027880,0.950585
16.929199,252.860662,2.124682
27.656577,252.525975,4.066563
43.229697,251.735901,5.913084
58.218822,251.084702,8.340593
72.758628,250.826046,10.956507
86.280227,251.052177,12.839631
100.956131,250.441681,15.014363
115.878762,249.969936,17.122670
129.138283,250.224418,20.982742
146.165028,250.077388,23.304432
157.316253,250.912180,24.155194
172.660697,250.739653,28.701055
188.700797,251.526207,36.060599
203.777712,250.302038,45.975879
216.924607,248.321634,53.906395
227.375646,247.751455,56.955482
236.910437,245.768643,59.020802
243.083343,244.079067,58.951635
5.781587,246.220957,237.024733
4.456146,247.330063,229.110631
3.630017,248.097721,218.880483
3.450861,249.006909,202.457232
3.500120,249.988454,187.024807
3.700773,250.993410,167.191057
3.901876,251.776440,146.791589
3.447724,251.975935,129.653980
3.218940,252.204762,117.086483
3.349997,252.809441,101.088865
2.668847,253.131731,86.725986
2.072572,253.809012,69.655824
1.864483,253.911859,53.932236
1.132372,254.386173,35.407826
0.765495,254.636854,21.442522
0.486205,254.684793,11.273751
0.240836,254.824676,3.828960
0.146193,254.842472,0.900661
0.122638,254.901650,0.195992
0.707798,254.761619,0.242014
2.753445,254.654220,0.450308
8.228285,254.491630,1.059400
16.924105,254.210157,2.406148
27.002445,253.761767,4.039746
41.796244,253.267228,6.455692
56.283566,252.898766,10.085392
71.423247,252.436240,13.198235
83.755066,252.328756,14.809072
98.917964,251.943133,17.389128
115.431085,251.639516,21.314697
127.460052,251.561081,24.965654
142.772931,251.758366,27.123177
155.735025,251.692666,28.596375
172.872869,251.907890,35.925393
188.970044,252.452817,43.656732
203.315148,251.612116,52.548817
216.195187,249.083209,60.195358
225.293696,248.119380,66.129308
234.367855,246.547853,66.292959
241.071316,244.136372,68.055531
