1600
3
9.550114,80.266822,250.173658
11.977059,87.472440,250.501196
13.376085,95.536180,250.146946
13.785275,103.620754,248.848675
16.265267,108.844906,249.356268
16.212712,116.190402,249.176720
23.357812,130.513594,248.764019
25.202610,140.143343,247.415209
31.317988,154.127577,246.114302
32.986205,157.261547,245.166340
35.498285,163.001892,243.296033
37.638562,174.128014,242.061272
42.082985,187.270161,237.747064
44.696491,197.506679,235.057031
44.016958,208.190888,232.847575
41.521734,214.632855,231.165833
39.889983,225.040156,227.232365
34.678552,228.466106,221.715732
35.716697,232.597455,213.404604
34.516065,234.071511,203.561803
32.309393,235.559775,189.131831
32.048449,236.418516,178.291716
28.548186,237.359988,165.262689
25.018117,239.428092,154.133014
24.339927,240.848149,142.539592
17.606059,240.396171,125.101243
17.410875,241.100699,115.984088
11.362604,242.179170,101.740999
9.781732,243.213991,86.886247
9.597960,242.863107,74.964694
8.215536,243.439556,61.236701
7.169677,244.438316,49.232283
6.613815,246.397762,37.041906
5.023411,247.173982,29.411332
4.865306,247.973306,22.661853
4.533538,249.370088,15.544202
4.542716,250.263109,10.708298
4.181552,250.404752,7.631194
3.765659,250.226676,5.743604
3.794430,251.562965,3.394696
9.232734,75.908200,250.804364
11.158013,83.947009,250.760735
12.431602,90.731084,250.001946
13.965597,100.101178,249.260307
17.225434,107.070797,249.555444
17.174829,113.184523,248.837500
23.718815,126.917470,247.637039
26.732226,137.898207,245.894916
31.721109,151.449474,245.500862
34.212900,156.182470,244.578220
35.604271,160.277863,243.876642
38.640738,173.327077,241.444990
42.022140,185.883181,237.116378
46.621325,194.785095,234.892109
46.819715,207.209130,231.839247
43.364850,212.310452,228.845043
40.060775,220.792258,223.861790
36.002590,224.089194,217.407627
35.705077,228.483597,208.262593
35.092930,229.993999,200.689858
32.700605,231.494182,186.863296
33.733107,233.323580,174.826167
29.171280,233.778678,163.311610
25.249716,235.111807,148.690836
23.678311,237.237923,138.997525
17.397150,236.451896,119.968689
15.989102,238.071288,112.310470
11.222585,238.254252,97.685363
10.302925,242.260869,85.718550
10.093002,242.214978,74.078516
8.837521,242.224008,59.854516
8.562988,243.374651,48.405227
7.909760,244.788998,36.762482
5.825760,246.226382,29.390665
5.967590,248.221893,21.837293
5.551706,249.145267,15.869726
5.114833,249.956332,10.808866
5.201459,250.252368,7.353212
5.670859,250.652324,5.770559
5.687498,250.934288,3.738889
9.106175,66.902840,251.096650
10.123003,73.147343,250.719724
12.014990,81.839927,249.882595
14.097106,88.756099,249.161689
16.797251,98.180060,249.071774
17.705671,108.584007,247.527411
25.142726,123.444318,246.260005
28.564434,134.399904,245.486946
32.609579,147.601631,245.014444
35.296870,154.248621,244.253901
36.276926,157.189801,243.053430
40.140163,170.112267,239.550157
42.396372,182.914007,234.828511
45.264726,191.411704,231.588460
47.216989,202.540349,226.968173
43.512670,208.024414,224.469528
38.611130,214.330060,216.201983
35.755278,218.824871,211.940919
35.933854,222.781729,205.681310
34.005180,225.431130,194.479113
32.896644,225.466280,178.470572
29.820504,226.498173,166.787464
28.648392,227.426654,154.792186
25.070827,227.890826,139.961966
21.342518,228.783660,127.523235
17.411553,229.748693,111.734094
15.340061,230.525871,104.163755
11.368998,232.220948,92.264583
10.731198,235.258458,81.652818
10.651116,236.592505,70.020520
10.349412,239.902819,56.876582
9.439284,241.873808,45.775059
8.676459,243.663939,37.283325
7.258473,245.734758,29.215136
7.978637,247.250042,21.358527
8.207731,247.994105,16.467220
7.491628,249.921786,10.596958
7.395796,250.156060,7.716116
7.275936,250.534094,6.341035
7.819447,250.436118,4.265546
8.740820,62.920263,251.276962
9.917039,66.512721,250.340428
11.962190,75.858218,250.129229
14.094697,80.956880,249.154137
15.526799,89.572220,248.665524
18.602949,97.252034,247.140757
21.560068,110.416757,245.997983
28.721672,128.367620,245.067362
31.044609,136.994869,242.113128
35.197060,149.615141,242.450783
35.372828,154.068315,239.336862
39.505299,164.753191,233.463049
42.153903,173.660152,229.870091
43.573890,187.140612,224.761669
43.927030,193.851696,219.701530
43.300854,201.753336,215.282204
39.784926,205.949023,207.754561
36.051299,210.474475,201.885997
34.235610,213.799842,194.416011
33.423370,215.172850,184.224873
31.712167,219.588102,172.719229
29.143104,222.039336,160.046576
27.751387,221.732677,148.235796
25.978705,224.393899,137.043366
19.328312,223.365409,120.623837
17.032973,225.540285,108.069822
13.236282,223.336426,92.855467
11.273828,224.469431,86.982870
10.516505,228.579487,80.843372
11.676653,232.223451,65.823706
11.272235,234.797822,52.533424
9.655476,237.989019,44.314083
9.404703,242.169807,34.867644
9.465203,244.257675,29.855156
10.968236,246.949104,19.504797
10.620233,247.600113,16.915291
10.863345,248.718892,11.208348
11.245492,249.868828,8.215335
10.872406,250.080342,6.685430
12.369192,250.648077,4.281595
7.544720,54.954753,251.380764
9.661059,60.344082,250.674972
11.057854,67.047453,249.612004
13.066989,72.775251,248.533516
15.257691,82.237610,247.797055
18.987237,88.431810,246.680784
20.355992,97.697392,244.354161
28.151357,116.084621,243.253930
31.675779,133.195946,239.952277
34.254858,144.994562,237.410463
35.697054,148.317009,232.267031
38.441991,153.880146,228.873143
38.485552,167.927490,221.902304
42.886037,178.004430,219.382515
42.502894,184.270567,211.849795
39.956324,194.393125,205.423729
36.843922,196.437305,197.591263
36.739022,202.005766,191.696114
34.998873,202.702687,180.640816
33.884544,204.261983,171.762556
31.068587,205.081097,159.071951
30.274157,209.230357,147.270466
27.486374,213.186790,141.330790
24.288634,217.636968,130.126859
18.948442,215.701753,112.155363
17.863903,217.996559,99.872283
12.531658,218.028970,88.074210
11.103366,219.397840,81.765296
11.649251,221.805994,75.917354
11.454023,225.807818,59.814882
11.611888,229.232641,50.271991
10.878849,233.063061,40.953806
10.849897,237.649703,32.809021
12.569176,241.834251,25.928112
15.670514,244.771099,20.278345
17.514514,247.058314,16.913140
18.361824,247.677688,12.044252
17.620065,248.353603,10.331082
17.901179,249.222870,7.822217
18.053085,249.946981,5.582781
7.251308,48.706486,250.806363
7.492301,53.183599,250.184651
9.385886,58.466940,249.379331
12.530951,64.637623,248.127592
15.032370,70.597939,247.288362
16.615499,80.429699,244.533912
20.700027,88.577061,243.516614
25.129686,100.949504,240.947205
29.808456,120.752049,235.215822
33.501398,134.118505,229.186295
35.978864,146.935704,227.794577
35.770770,151.311823,221.441405
38.282064,158.139800,215.812967
38.864650,166.408632,208.259056
37.587578,176.759740,201.499014
37.436055,182.586999,192.988848
36.277791,185.153530,184.554641
36.885107,188.275862,176.210016
35.350512,192.394848,169.873294
33.680297,194.386880,158.907518
29.771449,196.313131,149.712499
29.197314,199.633523,139.212032
26.976731,205.197678,133.971320
20.646457,201.513063,112.059187
17.048024,203.175419,97.457523
14.689429,204.996453,85.340962
12.461959,205.664735,78.246527
13.325113,209.938896,75.878561
14.198308,214.643872,70.525949
14.160941,216.795450,56.062546
14.167806,222.573040,46.624591
13.953943,228.436410,39.698959
15.496148,232.865668,31.014667
19.611309,236.731653,23.054369
21.581974,242.543654,21.084592
22.809652,244.993769,14.683848
21.588574,247.293530,12.446909
21.882499,247.873119,10.762532
24.776858,248.080139,8.051028
24.974192,249.085417,7.077933
6.029358,38.651546,251.009122
6.445648,41.816000,250.197190
7.459955,45.207436,248.657288
11.561867,55.920435,247.474270
13.591555,62.113563,244.972157
14.755442,68.492215,243.221199
18.707055,77.782378,240.037901
20.097352,84.478020,234.353806
26.623882,102.083905,229.586608
30.666601,123.263705,224.644868
32.276160,134.685394,216.215377
33.669338,145.656804,212.717011
34.502504,149.677153,207.307824
35.332256,157.228778,199.034122
33.098723,162.188726,186.186950
32.928802,170.522311,180.777299
33.836642,175.459854,171.160836
34.934973,177.255986,167.834702
35.122854,180.730272,156.288411
34.982357,185.338917,148.849114
31.398784,188.627646,140.479098
26.296068,190.321569,130.582317
23.323693,191.644501,116.473319
19.044861,193.721226,101.922516
17.868057,195.337829,91.585466
12.522989,198.761462,77.369466
12.619440,201.074756,72.678596
14.918834,202.464332,67.377027
14.929408,204.677685,58.160060
16.429364,208.415650,50.821702
16.880914,215.185944,43.998825
18.497442,222.969894,38.520836
22.820033,230.271196,28.330870
24.582275,234.844768,21.925142
26.504622,236.872868,17.145992
27.316852,243.006640,16.301962
29.585321,245.283631,13.111223
32.696640,247.215115,10.759903
33.914220,248.030842,8.597336
34.089995,249.167588,8.113800
5.232467,30.936448,250.533068
5.506087,34.142530,250.014217
6.356434,38.084141,248.979414
8.425820,42.687348,246.502149
10.503522,49.297826,243.801065
11.992347,54.960969,241.031499
12.963338,61.796773,235.511801
16.655133,72.263837,230.241619
20.127235,86.698452,223.111920
26.726889,107.804463,215.827461
29.902454,122.968155,207.790884
32.442837,133.852203,203.881727
32.794961,144.426854,197.895562
34.401380,152.964262,189.836733
32.280912,157.389496,177.594990
32.454192,159.424514,167.489232
32.444514,162.179892,161.958435
33.292840,167.223955,153.904545
33.552003,170.040033,145.589053
33.913636,175.928428,139.750360
26.828849,179.893583,130.347863
23.145322,176.909540,113.860084
19.143732,177.264280,96.194921
18.253429,179.533424,85.488219
14.426199,181.938965,76.194045
13.516250,188.350026,70.611633
13.486662,190.649332,64.212789
14.699154,193.834243,55.449555
14.841083,195.143707,48.319102
16.615112,199.894515,45.680886
19.077529,205.934545,39.827399
25.993967,216.897180,33.932691
27.824680,223.830620,28.547461
30.397609,230.704922,21.816627
32.097234,235.352513,18.863648
38.383925,240.381889,15.864987
40.054241,243.797621,13.897243
43.932086,245.552733,12.088028
44.302853,247.285378,10.597880
44.730282,247.955645,8.680786
3.632611,22.572896,250.532086
4.572632,24.836814,248.980095
5.945786,28.540275,247.666213
6.695055,33.717968,243.966176
7.822952,36.541871,240.467730
9.317138,42.632515,235.612557
10.563510,50.354114,230.661282
11.093779,57.252610,225.810039
14.109981,69.454065,213.338278
20.035380,79.321975,205.243830
26.433442,104.539080,203.902789
27.463631,120.065014,194.863816
29.044943,132.211592,186.010729
30.398562,138.475987,178.667811
31.223825,148.169070,165.434813
32.593788,153.472694,160.305271
33.265008,155.375354,153.347510
31.743225,158.643662,143.904482
30.107922,161.751056,135.868793
26.796183,159.625408,122.483784
23.358723,164.330265,111.566392
21.445687,167.677864,99.861099
21.096951,170.570175,90.008954
14.460952,173.291312,76.713836
14.166606,178.002292,71.098981
13.981169,181.028991,65.389559
14.632764,182.381037,54.526428
14.908522,184.693060,45.841429
15.368316,187.829777,42.420637
17.897430,193.643698,37.773054
23.552481,200.690959,34.763962
29.690221,209.762539,28.092245
34.098305,217.352923,26.844955
36.432336,225.413883,23.530665
43.531975,232.481348,18.874170
46.792190,236.402839,16.985660
53.079020,241.610147,14.831099
53.949964,244.165773,13.318088
56.838400,245.388311,13.823818
58.126516,246.199901,12.624633
3.409620,18.456178,249.746063
3.837027,19.746668,248.605392
4.941154,22.417737,246.498820
5.579491,24.301135,241.931319
6.080021,27.993117,239.513772
7.225317,33.697043,233.737122
8.343411,37.601670,227.332953
10.277476,46.267408,219.552722
12.872412,56.693895,208.011626
14.255925,65.811594,201.000311
15.724775,76.660560,194.232337
24.215370,95.863505,181.880412
27.921636,116.418177,176.182963
27.911502,125.626907,156.560725
28.202237,130.087579,147.085696
26.852909,133.473830,142.321166
25.448617,138.712211,131.865256
25.982467,142.895434,125.181695
25.546110,142.848652,111.152591
25.991392,145.177831,103.710181
24.006235,151.514427,99.089807
20.252947,156.220159,87.385068
17.540115,161.294473,81.292506
14.380397,165.639968,68.555046
14.177559,170.487829,61.800390
14.577799,173.051843,54.366749
15.218933,175.443304,43.783653
15.297584,177.115597,37.613502
17.054668,182.065577,36.811878
20.108276,186.248811,34.128681
27.159724,194.959774,29.742612
32.454691,202.817232,24.495527
40.143949,211.557893,25.129279
50.431773,220.704937,22.279089
56.968883,227.239395,19.502269
61.646193,232.571217,19.119930
65.764657,238.207063,19.053654
67.960163,241.936686,17.641312
70.950742,244.721420,16.856407
71.957887,245.381506,16.435833
4.258860,15.721980,249.316505
4.250195,15.890393,247.594138
4.783254,16.418744,244.888580
4.712807,20.011149,241.567029
5.257753,21.093265,237.057019
5.492335,26.180336,230.594278
6.189516,30.687477,222.953847
7.339114,36.829886,215.215537
9.658205,45.739858,205.017076
12.295646,56.122469,193.158359
14.257395,62.758907,183.745620
16.342533,73.159164,167.995391
17.326920,88.971049,152.849613
19.437988,104.497037,140.800750
22.975766,113.427537,129.206488
24.404450,116.236006,122.015115
23.740038,118.652751,112.239440
24.124658,123.801666,103.722982
24.932277,125.760161,95.891770
20.978392,129.093195,88.094432
17.872715,135.402065,83.127336
17.614381,143.122432,77.604506
16.669860,152.268492,72.200143
16.325796,157.771660,62.218461
14.298115,160.414644,51.291939
14.882704,164.754325,43.176991
15.419538,169.281539,36.678479
16.411529,172.982805,33.616574
17.158752,176.620330,30.745934
25.954758,182.651289,28.488066
33.342171,190.288156,25.931777
39.927271,199.342821,24.042211
50.581858,206.701574,22.793140
60.376227,212.692256,18.789878
71.782955,224.626386,22.135906
77.313754,228.647946,21.192910
81.543484,235.662380,22.192057
89.217679,240.486053,21.845440
89.671010,243.321497,23.101240
92.061703,244.140656,23.027298
4.142191,12.065119,248.831832
4.394996,12.350267,247.167422
4.428022,13.235776,243.209212
4.683935,13.520715,238.331453
5.283753,16.699954,234.184489
5.572351,18.428823,227.674247
6.255660,25.458246,218.445198
7.109594,29.380375,210.539966
8.515947,37.968240,197.721510
11.177039,44.530270,180.018979
11.839848,49.113344,172.258681
12.432185,55.071239,155.125870
14.547984,65.990014,128.940175
14.278894,75.260091,117.588031
15.561914,84.520178,106.690596
17.346602,95.543543,97.842250
17.026869,98.942798,91.951389
17.428331,103.844653,84.459223
18.534381,109.470003,78.965182
17.252884,111.975495,73.591001
16.076678,117.152313,66.729705
15.913560,126.673306,60.385683
13.999002,130.685108,52.928159
15.813975,143.191873,47.867704
15.069726,148.361348,39.361219
15.938505,153.597947,34.258695
17.407172,160.447594,29.809003
19.626629,164.931946,27.443729
23.314020,169.332183,24.482942
31.676353,176.162944,23.557313
41.045873,184.681130,21.623303
51.006122,193.883438,20.064749
59.110620,203.037129,21.724088
74.093341,213.159237,23.487563
82.704068,220.808310,23.569604
95.407840,229.722119,23.861938
103.817411,235.018968,27.607886
108.421961,239.877955,27.157358
109.760076,242.954341,26.104676
111.668202,244.161725,27.439676
3.526162,7.940535,248.611975
3.986090,9.467009,246.754567
3.951700,10.118444,241.013833
4.787623,11.104774,235.310589
5.123753,12.357433,230.010905
5.724183,14.494536,224.071944
5.826718,18.614072,213.507868
6.335672,21.387890,203.251425
8.086181,31.456750,185.874916
10.759220,37.311618,172.777355
10.832678,39.264720,155.233950
10.604709,42.796470,137.427985
10.862292,54.217879,125.695607
12.185069,64.635517,108.014674
14.766647,72.741766,99.157774
15.131971,82.565699,87.873553
15.472627,88.840025,83.697162
15.968621,91.997937,72.595472
15.860387,93.724238,67.595473
15.309532,99.870043,63.884818
14.650153,107.915350,53.659096
15.250779,111.232988,44.979679
15.772475,116.371597,39.955967
15.608476,124.348186,36.140885
16.154523,139.391935,31.881321
16.912503,146.021075,28.318660
19.374005,153.163827,25.162925
21.783089,159.100348,22.528591
28.040077,164.291525,21.144899
40.183506,173.084324,19.713475
47.037964,180.202799,19.820972
58.778818,191.846510,20.284439
70.427062,202.458260,24.210949
84.003552,212.122656,23.003337
100.111825,221.899595,27.075960
110.147770,228.170751,28.673828
115.016293,234.293228,29.016792
122.514937,240.014309,28.627262
124.510391,242.623535,28.616001
127.472610,243.995950,29.234597
4.700683,4.289766,249.007154
4.736430,6.541906,244.288838
4.994064,6.984435,238.400636
5.430405,7.814098,232.102224
5.021507,8.275886,226.234032
5.299916,9.565789,219.580498
5.336147,11.474631,205.932443
5.928203,15.990702,195.548004
7.564752,20.836878,179.393239
9.247953,27.229651,160.640778
9.553203,31.800841,143.615464
10.680228,37.103111,132.101033
11.390567,45.183447,115.928887
11.638470,55.825822,103.374929
12.603556,60.769169,93.283785
14.067013,71.757647,78.980217
14.379374,73.898798,68.555632
16.184561,77.785875,62.424012
15.655723,82.505138,57.562997
15.466951,86.108637,53.569076
16.902478,95.078272,44.262586
16.742219,104.503955,39.961714
16.031431,108.031568,32.685449
16.198554,115.599774,29.764359
15.879363,124.048450,26.501803
18.961983,137.480218,24.495911
24.274385,145.459051,21.535867
29.149741,152.959593,19.697295
34.742599,159.726932,19.027627
45.356486,170.630138,18.579463
56.278602,178.182493,18.162501
67.908849,188.475036,19.320202
82.659115,202.127779,22.881621
102.155724,213.154145,27.287906
112.416884,220.937765,29.791173
120.575711,226.768792,28.624107
128.493438,234.225365,29.211758
134.022145,238.811380,30.395618
137.946697,241.696119,33.590470
139.419675,242.897412,34.237678
7.145017,3.752993,247.051424
6.667087,3.968368,241.875934
6.557100,4.849431,235.876107
6.691951,5.809657,230.846162
5.883607,6.826658,223.047052
5.393874,7.131175,213.339626
5.167069,9.388847,202.727805
5.506099,11.543980,189.964998
7.059058,15.355261,169.476888
7.920860,18.825248,152.892720
9.643673,25.840875,139.821121
10.242928,31.384249,123.240041
10.946867,36.165365,107.524541
11.223912,43.017991,95.342738
12.513601,50.692157,83.458860
12.611829,55.295035,69.184929
13.899349,63.950250,59.011723
14.763893,65.499702,53.525573
14.808310,69.397423,49.561724
15.748729,75.860146,42.941607
16.392999,83.920590,38.562901
15.627190,91.720814,32.165730
16.773245,99.571704,28.449716
16.949236,107.045499,25.004618
17.721309,113.869136,22.327442
20.851597,123.524520,18.159536
28.567014,137.311368,17.115349
35.994487,146.630768,17.033936
45.337764,154.582944,15.351850
58.404423,166.579464,15.992874
67.631813,178.153229,17.755419
82.302037,187.989372,18.709127
106.218549,203.529693,24.634774
117.145734,213.530256,27.774886
125.976191,219.879558,31.707635
132.138086,225.001962,30.512579
142.337544,233.167995,32.842522
148.568420,237.744740,34.784155
152.104762,241.446358,33.849470
154.777970,243.107728,33.696481
9.688815,3.541376,244.906286
9.322415,3.265681,240.410165
8.386067,4.107256,234.304066
7.858567,4.436106,229.816207
7.000051,5.117557,220.979364
6.586743,6.052703,211.874910
6.822155,7.080117,197.123201
6.897421,8.906361,180.960865
7.847118,11.512952,159.775397
8.630405,13.662578,148.652290
9.249634,17.667488,135.671675
9.766665,26.467855,114.538636
10.335086,29.354688,101.562399
11.632766,34.434405,87.817021
12.994255,39.732474,71.383362
13.226357,45.030145,59.151102
12.957924,52.009514,53.116126
13.655144,58.765404,44.916750
13.625084,59.987083,40.274773
14.071357,64.976584,34.650452
15.092124,73.101765,30.096343
17.045153,81.343478,26.966402
17.535520,89.551477,22.350875
18.856535,98.047196,20.038717
20.439359,103.740516,18.893884
25.359619,114.353623,16.501700
31.660114,127.874679,16.223406
41.565566,145.134889,16.340884
55.667516,153.841595,14.768840
65.228240,162.414287,16.933528
79.600635,175.681832,18.328301
98.784494,188.587796,21.405933
117.312548,200.510534,24.395682
127.950938,210.343925,30.754887
137.229754,218.818467,32.867719
148.415696,226.985378,34.254291
161.016452,233.380856,34.981873
166.442379,237.204238,36.971207
170.386889,241.456221,37.525414
173.379577,243.248937,35.692010
14.864271,3.176126,242.930846
14.259238,2.903807,239.893871
11.976369,3.184217,233.844919
10.904783,3.961314,228.013325
9.691138,4.431184,218.447302
8.591463,5.001112,206.661463
8.704431,5.998983,189.855712
8.787767,7.809507,173.772430
9.072457,9.319525,155.022179
9.927158,11.990100,141.155535
9.480160,14.088268,128.199970
9.833113,19.215586,108.770591
11.183402,24.798041,93.002081
12.445766,26.161466,78.164551
13.443479,32.972818,67.351596
13.805003,38.901857,52.593126
14.471207,41.924147,47.272985
13.233201,49.717816,38.243414
14.010952,52.583725,33.904490
13.999025,55.519539,29.458042
15.517753,66.858600,25.745133
16.428538,72.174744,21.461835
18.728270,82.474136,19.516873
21.390924,88.338154,17.525515
25.586592,96.547413,16.032144
29.935395,104.796904,15.630350
37.366695,115.373990,15.083393
55.825876,140.287122,14.955690
67.337744,150.852215,14.281276
78.950530,160.495480,16.113549
88.591749,170.313853,16.891024
112.585179,185.276428,21.986733
125.399599,197.791533,24.539516
139.486238,209.445614,30.981288
151.255638,219.693801,33.595144
164.417876,227.489153,38.371444
174.169489,232.500928,40.735284
178.392393,236.356797,41.603306
182.738667,239.691311,43.085065
185.231602,242.103826,41.964554
18.854416,2.912347,242.312206
18.797084,2.909838,238.620513
17.770719,2.884367,234.276691
15.480196,3.181543,224.753986
15.964095,3.769736,214.853516
13.704159,4.766304,199.601989
12.063503,5.297816,187.442189
10.973848,7.319566,162.121280
10.249438,7.909780,149.578240
11.318323,10.220051,139.527980
11.301603,12.358127,121.562941
12.616607,15.541199,105.074412
12.566683,18.374675,82.766058
12.982550,19.721738,71.543005
13.822214,24.185929,59.235222
14.594005,31.202042,48.943575
14.327271,35.564705,38.451314
15.195010,39.238908,31.555198
16.060553,44.034714,26.289965
15.905124,49.333466,24.968557
17.787310,55.830073,21.993419
18.615205,64.216135,18.679253
20.379693,73.487496,16.888605
25.004853,84.523118,16.632916
34.371960,91.621309,13.898632
38.176812,97.534491,15.214917
47.279083,106.608965,12.141443
64.406208,126.360123,13.550652
78.617913,143.309006,14.056226
94.336934,158.177566,16.557400
113.263873,170.708504,15.349748
125.709916,183.430055,21.380921
137.060551,190.675526,24.720390
153.500450,207.053029,30.147030
171.360559,217.744598,31.521457
177.425336,224.782118,40.001431
185.000421,230.668614,42.697387
192.438559,234.829987,45.606887
195.785598,237.247451,48.470154
199.626678,240.531930,44.131437
24.985898,3.397965,241.008815
24.490954,3.386530,238.726219
24.387545,3.362407,233.570759
23.771277,3.384090,222.496891
22.892505,3.715861,211.890940
18.839048,3.923386,197.838168
17.126837,5.138230,182.216839
13.883219,5.816232,160.557329
13.160488,7.919470,143.488955
12.011509,8.225211,132.524703
13.884545,11.158690,112.842476
15.045651,12.129728,92.650331
14.356706,15.011103,78.020960
13.673498,16.466443,65.948865
13.829442,17.830724,54.705848
15.936473,21.051991,39.360706
15.127761,27.986581,33.402782
16.368769,32.780485,25.688327
17.142152,37.909324,22.189117
18.017532,41.182971,20.246734
19.688828,47.257948,18.698341
21.028753,54.053109,16.281817
25.884299,65.082966,14.160684
34.137673,76.259032,13.913057
41.368954,85.694709,13.199441
45.934119,91.763403,12.968709
54.479089,102.009907,11.780464
71.175129,119.524927,11.664999
88.723604,141.758869,13.212639
108.796546,156.365515,14.696631
120.313741,166.518992,16.798152
136.902320,181.102531,22.252462
151.305619,191.767864,23.952792
168.995096,206.986987,28.010804
177.304539,215.659165,33.970060
189.665113,222.765442,40.473090
196.777868,228.614920,45.243867
203.922148,233.978852,45.240448
208.551407,237.054763,45.679609
210.216052,238.250812,42.766128
34.052310,5.131881,240.136813
32.389363,4.021279,236.688974
32.334737,4.010396,230.705715
29.155526,4.027572,220.303922
28.389634,4.090397,212.106654
26.396103,4.230939,194.613001
24.443049,4.398661,180.063023
20.546095,4.973901,155.679323
17.867936,6.617956,139.130917
15.845447,7.127603,121.702245
16.254446,8.028453,101.839952
16.917295,9.638209,87.750546
16.024485,12.288905,72.277283
15.245902,13.826610,59.926029
17.912259,15.551430,46.179437
18.364745,16.651037,38.246211
17.638794,20.995728,29.210176
17.070796,27.433459,24.085613
17.815726,32.960094,20.422741
19.208410,38.812957,18.920863
21.755079,42.581541,17.475662
24.999405,48.365132,16.166373
31.648181,58.624877,13.529467
40.662352,72.472267,11.983675
45.693165,78.809685,11.976654
53.612972,87.515914,10.804316
63.151109,96.726793,10.933670
82.069411,113.679473,10.704637
104.157715,130.450404,11.644681
123.935842,149.713513,16.386583
135.097753,161.265765,17.474035
149.162464,176.231593,23.680047
160.110200,189.343842,26.585500
176.793197,203.000066,27.674913
191.243665,214.761389,34.108386
199.953680,220.674946,39.598698
208.555301,226.673187,41.617719
212.920369,231.661152,40.143466
216.689885,236.687995,41.057968
219.517996,238.094988,40.015213
42.739720,5.606485,240.392021
40.914568,5.341046,236.552665
39.620262,5.420357,229.130002
37.559919,5.685490,217.922413
36.498963,5.449497,207.708842
33.003481,4.841040,189.389400
32.803965,5.059527,177.091016
26.391348,5.424953,149.926540
25.776374,6.102964,138.408380
24.038525,7.519602,120.463531
20.061890,8.545283,96.217338
19.902629,9.502337,82.791107
19.454453,11.300386,68.007554
19.690213,12.275610,55.730690
20.602313,14.205100,43.328231
20.694206,14.544127,35.728575
22.012833,16.183493,27.554223
20.555306,19.063264,19.950921
24.590556,24.322137,17.856230
23.809375,30.226760,18.625046
27.500544,36.773225,15.705092
30.608743,42.007738,13.848635
39.473975,54.696345,10.306865
46.694258,62.146969,10.862882
56.101411,69.889993,9.998584
63.680901,79.913929,9.734096
75.118534,92.505621,8.917206
98.680063,111.729821,9.977077
110.681408,125.027471,11.374518
126.004680,144.168467,14.475160
141.929194,157.407362,16.156765
153.392937,172.291166,22.939012
168.136447,185.741501,25.560851
189.263361,201.966383,26.709397
199.849730,211.233682,31.691199
207.447886,218.538774,36.920542
214.148780,227.177738,39.041249
219.804508,231.291992,39.635425
223.412292,233.096957,39.526146
226.130105,236.607143,39.686350
54.254478,6.907836,239.296536
51.553587,6.591481,234.219695
48.742342,5.918702,226.308454
46.077350,6.293723,216.854117
47.071219,6.563005,208.789950
42.101311,5.932464,187.175206
40.502886,6.124923,174.369208
33.264070,5.373266,151.509203
31.521122,5.982410,132.455249
30.724851,6.773584,116.184909
27.468964,8.137195,93.947671
25.543986,8.678341,80.295766
23.506743,10.624696,65.802120
25.828019,11.395776,49.547478
26.142914,12.201200,41.814906
25.638470,13.285492,34.082889
26.651634,13.519217,26.033710
28.112994,15.007446,20.952618
30.043617,19.163173,17.636241
32.141007,23.118756,15.743775
35.417598,27.777560,13.822755
42.934230,34.810882,8.856460
48.546415,44.196922,8.550247
58.245253,55.003088,8.368719
62.766502,65.608657,7.134435
70.896612,73.077487,8.073012
89.006834,87.053256,9.893507
107.226454,106.716055,9.966032
122.200134,123.220240,11.476040
133.926671,137.124262,14.614257
147.812766,152.218284,15.862848
158.527487,162.625601,21.031660
180.625158,182.219622,23.495376
196.657155,198.663647,25.692907
206.824334,208.901368,28.670371
214.994745,216.269707,31.868230
219.458571,223.719254,35.281970
226.430741,229.295201,37.950929
228.854313,231.556954,39.966070
229.838356,233.808287,40.644497
62.947513,8.407591,237.876352
61.252560,8.547458,231.917254
59.935318,7.948046,226.541768
57.622761,8.167142,217.866694
53.676124,7.151709,204.389666
51.195054,6.266301,187.450218
47.292591,6.346158,170.079017
45.016524,6.888454,151.919533
37.392009,6.238487,128.236227
35.334774,6.598659,113.910273
34.942351,7.476009,93.488067
32.227038,8.552683,78.955223
31.755217,8.985178,59.831022
31.834983,10.169318,48.957161
30.315496,11.373180,42.392031
32.555983,11.760795,32.011160
33.418712,12.408685,25.595313
34.828952,13.544595,21.069448
37.606427,15.040174,18.262707
37.001125,19.246087,15.859407
42.835245,24.437341,11.894648
48.730868,32.080994,8.405853
55.405711,38.887992,7.226405
62.979262,48.868828,7.872195
69.737286,57.897832,7.577493
84.935143,69.487883,8.875313
97.606470,84.300173,8.958607
112.123593,97.969557,9.994879
125.583068,116.708751,11.549781
137.307165,132.922585,13.892133
157.429968,150.342256,16.285907
171.355121,159.517481,21.502943
189.530965,176.489558,21.214648
203.930987,193.489853,22.970479
212.078381,206.440325,28.443071
220.615001,213.490381,32.139298
225.845429,219.283341,33.348884
230.115933,225.062863,33.950700
231.509443,229.494003,35.634546
232.365723,230.939365,35.676258
74.578028,9.694301,235.268087
73.795862,10.337693,230.047028
73.562964,10.385680,225.182688
72.025870,10.435336,217.802990
66.421832,9.914459,201.871672
62.990962,6.974613,187.377008
59.537996,6.933109,168.200604
52.791568,7.494777,148.646047
49.091547,8.362774,131.045600
44.786611,6.961545,106.788651
44.195073,7.306173,88.145702
41.797164,7.940336,75.961337
38.627560,8.837103,60.598736
38.013073,8.892118,51.867630
37.838406,9.782753,41.167489
37.432552,11.006183,33.433796
37.877866,11.957446,25.546734
40.342992,12.330394,20.055975
44.120414,12.771651,17.224664
48.236108,15.823332,14.363029
53.889437,19.668613,11.527763
60.108090,25.186576,9.424858
67.339886,33.399790,7.627042
74.603313,40.874634,8.109664
85.098350,51.096443,8.722381
93.695060,61.829447,9.011092
108.217164,77.084733,9.172406
121.226575,93.108758,11.034230
135.794922,108.212114,11.762752
149.892341,126.529670,12.925376
168.224709,149.339331,16.526545
180.107331,157.786029,19.293201
193.500135,170.603088,20.026945
207.066861,188.127908,22.008770
217.526981,197.763622,26.245725
224.329940,212.185731,32.477274
229.321700,216.214051,32.129736
232.813109,221.358879,31.251384
235.010196,225.398561,30.502692
236.906291,228.571620,29.531181
85.906287,10.949901,233.134286
84.983989,10.358328,227.748825
84.276458,10.540979,222.710032
83.145056,10.862614,215.756359
79.821070,10.231571,201.814615
75.442035,10.149969,186.264556
70.553840,7.539402,166.763550
68.058829,7.422030,156.114889
61.901197,8.245561,132.523079
57.595012,6.141827,103.435401
54.724695,6.268622,92.188291
49.829832,7.048613,77.242734
48.685630,7.363412,64.911708
47.662232,7.635144,50.896647
45.029986,8.223881,42.036681
45.110677,8.344137,33.706606
45.741016,10.244526,22.799176
49.233875,10.127284,20.613126
52.180859,11.651767,16.466617
58.046531,13.555271,11.814179
62.137271,16.078251,11.347125
68.568509,21.694563,8.836686
76.999908,28.648928,7.735562
83.070223,35.757650,7.014718
96.105340,47.556927,9.555540
105.777641,55.847290,9.212708
117.185036,66.987551,10.197300
136.439771,84.214879,10.099461
145.110719,98.805555,10.301480
159.468144,116.858958,11.270278
176.192385,139.502277,16.984215
187.956801,152.469916,18.376292
199.005200,168.163998,21.159322
215.269158,183.055976,22.819305
220.146726,191.160392,29.037425
228.212170,205.281853,28.821103
233.039981,211.473554,31.321154
234.616224,215.045611,29.401702
236.754252,219.551380,30.034925
238.305458,222.943855,29.306513
96.244655,12.162475,229.667458
96.265495,11.776758,225.964302
94.566985,11.515250,219.539525
93.236272,11.038802,213.390757
91.731870,11.406347,204.393826
87.559065,10.997561,187.748562
81.580609,9.587527,169.400620
78.778254,8.822418,156.212433
69.336020,9.565662,131.396883
65.132921,7.486644,107.035692
66.972493,5.803133,94.237112
67.185814,6.198809,81.951810
61.806096,6.153004,65.363986
60.013244,6.879664,53.717382
57.851304,7.202815,45.301642
58.042431,7.696493,32.398770
59.286511,8.325772,25.875491
60.480762,9.881369,19.603648
62.364293,10.835108,15.913166
66.504343,13.464467,12.161834
71.871941,15.529222,10.282383
81.547570,19.141251,8.378098
89.697634,23.454229,7.220626
98.782956,31.262689,8.043518
106.797929,38.794365,8.575676
120.091603,50.481431,9.607962
130.961062,61.454946,9.677896
140.983326,77.417422,10.144695
153.992204,88.857536,10.435936
166.194551,106.250914,9.767683
181.465610,128.941454,15.135610
192.945943,148.723767,16.441845
201.498127,155.443571,18.737843
215.060793,174.678424,25.398892
222.637134,186.518040,26.731070
230.641972,196.206232,26.611023
235.000653,204.994949,26.094762
236.789755,209.084337,28.486484
239.862170,212.456789,29.083699
241.613230,215.078858,27.679370
107.680726,15.720642,232.151461
106.844637,14.879308,227.783324
105.487328,14.518910,221.082578
104.911738,13.586975,214.403925
103.350279,14.110040,203.664529
98.514712,11.852470,187.268173
93.698079,11.289149,175.218923
90.657639,12.361946,158.810490
85.912442,10.357960,139.329016
79.863572,8.369628,111.559665
75.778823,5.741792,94.654392
75.784466,5.698558,83.974019
75.135087,5.685132,69.785784
73.178087,6.436920,56.993596
69.489835,7.691523,44.599081
70.135938,7.677229,32.544681
70.383692,7.866912,27.136569
72.651024,8.617973,23.769781
75.131899,9.937868,18.197998
80.896023,12.218607,12.975998
86.159979,14.063298,9.638931
91.902487,17.671908,8.168476
100.079878,20.880272,7.301943
108.363846,26.830055,7.999528
119.546190,34.648867,8.754391
129.033790,41.872968,8.270285
143.172287,55.847279,9.239954
152.595078,66.049348,9.005876
163.197659,76.180241,9.229606
174.332957,93.993667,10.901258
186.011514,116.086860,13.157427
197.763857,135.726837,15.864138
208.566095,149.546050,18.300442
217.495995,161.976113,22.582261
224.158973,172.265303,26.480492
231.837071,187.608786,24.452927
236.630049,196.971917,25.390436
238.855044,199.411098,24.825772
242.238865,203.748098,24.848438
243.574592,207.938981,23.811059
120.878454,19.681995,231.542038
119.692733,18.529094,226.836291
118.453154,16.782823,219.353971
116.596756,16.898811,212.976436
117.101464,16.514743,208.629951
111.794556,15.361287,193.641867
106.208236,12.824741,179.944282
102.172087,11.950663,158.263043
102.604954,11.360585,145.548155
97.841688,8.595074,120.149173
89.573608,5.583483,98.820262
88.577135,5.912057,85.284550
87.921608,5.594823,72.450727
86.398484,6.015279,60.042082
81.907173,5.986170,46.790230
81.756822,7.571835,36.042692
82.212477,7.836944,28.639775
82.644995,8.506654,24.708179
88.736563,9.834271,19.423949
92.442978,10.911694,14.096519
97.179626,13.545175,11.284680
104.211987,15.997969,8.843395
111.670920,19.267467,7.746927
121.930025,24.653679,8.660439
131.535423,31.536142,8.527261
143.510890,37.862110,8.455598
154.232293,45.770796,9.090301
161.409006,56.984980,9.106095
171.266595,67.091234,9.327601
179.248581,80.308845,10.103073
191.820360,102.857590,11.359699
205.573636,120.935072,13.201063
214.202037,137.014148,16.954432
219.769417,150.449103,22.037776
224.705886,161.100548,22.136526
231.315138,171.499192,21.239121
237.869047,185.162862,22.517120
240.481572,192.145973,21.933079
243.393840,196.184953,22.514811
244.667825,198.994058,22.046913
136.559443,21.549075,232.864799
134.049260,20.930458,228.172362
130.267742,20.899300,223.088176
125.860782,19.533843,215.192681
124.258863,18.119374,207.869742
123.397363,16.626353,196.105265
119.745347,16.389578,182.099214
117.801342,14.757630,162.276822
115.304652,11.690907,145.573172
112.553821,8.905226,129.466378
108.238539,6.506846,107.836901
98.707597,6.018248,83.960878
97.465494,5.478077,71.064246
96.805943,5.705877,61.288314
96.971244,6.351242,49.997705
98.055852,4.891527,39.684330
96.672326,6.464524,30.946699
98.521646,7.006011,28.796142
103.421897,7.941803,22.852707
106.377211,9.363445,17.474399
111.787814,11.354187,13.221295
113.841141,13.462332,9.571001
125.751604,17.973279,7.895658
133.303437,20.673082,7.484423
146.386958,28.732891,8.205511
157.173214,33.471116,8.565325
163.884831,39.848823,9.159977
171.195635,45.538322,9.374011
176.916904,55.268902,8.970851
187.417476,67.624988,10.252720
199.356843,80.832169,10.928209
206.754713,104.435942,11.499444
217.526091,125.776907,14.301025
223.344459,134.522983,15.486164
228.093135,147.115652,21.740079
232.639104,157.375761,20.264767
237.442059,165.048271,19.458646
241.947437,173.036979,18.495004
243.313003,174.533051,17.574004
245.369627,181.283304,17.804808
147.797623,25.550340,234.807724
148.182381,24.201465,231.474614
149.933817,23.944693,229.178339
145.762645,22.644060,220.735133
142.333353,19.799850,214.123581
135.718597,20.173198,198.664059
134.084029,17.504166,181.810955
131.624979,15.038240,164.421635
129.028839,15.532241,152.418125
125.293326,11.181479,132.945611
119.961515,8.249168,110.939972
119.385381,6.439953,94.938075
113.246487,5.244317,79.462237
108.318303,5.276058,61.850405
109.852871,5.383016,52.704636
109.718935,4.686150,42.663202
107.616881,5.480314,35.214823
112.236090,5.639171,28.674149
116.297584,5.898800,24.676264
119.856964,7.540177,20.438406
123.714836,9.515247,14.786162
129.612688,12.289676,10.391542
137.002765,16.177767,8.153479
147.782668,19.638283,7.859425
156.736489,23.944435,9.020470
162.124840,31.159297,9.184971
168.978558,36.381890,8.513812
173.425017,42.184606,9.000045
182.827912,50.846457,9.072323
195.014708,61.184559,10.224266
204.977884,72.155295,11.120499
208.983412,80.677846,10.986498
220.280041,108.220331,11.412534
225.848568,119.439257,14.307516
231.647666,130.968192,17.302385
237.006658,144.716295,18.819197
238.710755,149.930895,19.599551
243.569570,155.497581,18.400445
244.951493,158.187364,17.445944
245.592581,159.354475,16.964286
161.006808,29.539566,236.900161
159.826186,28.930095,234.483402
161.857865,29.249346,230.340564
162.424524,27.192561,223.605875
161.635935,24.459089,216.736281
161.390150,23.321228,205.463018
152.398485,20.692715,187.084567
143.173101,19.233826,167.507437
142.644612,17.068784,154.003163
139.678933,14.739735,139.812953
135.158047,9.104826,117.660656
134.891431,6.563586,96.492927
135.666223,6.813550,89.773542
132.589614,7.030881,72.126359
129.326525,5.905368,62.181529
128.779286,4.807810,49.977788
126.573647,5.051314,40.652571
129.050804,5.442428,32.697226
131.068489,5.463811,27.385910
134.620034,6.313395,22.052014
140.630484,7.054866,17.904075
147.501269,8.967344,13.351339
152.615131,11.801239,9.807254
158.281877,16.648023,8.968473
162.619911,19.901798,8.753848
170.916176,26.409502,8.885508
178.446297,29.745956,8.294969
184.503409,34.954256,7.689061
195.659825,42.919327,8.294128
202.791114,50.886983,9.121513
210.341918,60.324018,10.749072
213.603065,71.457042,9.669830
222.547264,88.578394,10.251878
229.110538,111.265552,12.667222
234.082171,117.475275,12.726476
238.146338,129.084691,15.682383
243.710015,134.378933,17.206433
244.938388,143.237155,17.075437
246.763181,147.000221,16.059657
247.906741,149.527900,15.233901
173.389717,38.801963,236.554891
173.953281,37.676335,235.326994
175.118290,33.061925,229.815068
176.980106,32.060117,223.877371
178.042978,30.546600,218.875403
176.222289,25.621930,208.601877
170.500461,23.978484,194.156941
167.075875,21.124906,177.761848
160.626298,20.508354,157.735492
157.877367,16.451391,142.323859
159.612543,11.950906,129.236403
152.426805,7.070699,106.648371
146.350644,7.159689,91.241652
144.440630,6.304346,78.254020
141.883625,5.960702,66.840485
141.434335,5.120404,50.707612
144.566114,4.801873,46.135173
143.916590,5.704711,38.203094
144.113238,4.849742,28.727465
148.361502,5.237944,25.153918
156.773408,7.419327,19.927203
162.201890,7.254263,16.330443
165.593226,10.724013,13.662246
169.971911,13.244859,9.827378
176.692191,16.526187,8.543748
180.745326,20.547823,7.829188
185.499180,23.963368,7.999802
193.782248,31.093675,7.509162
203.942200,38.341279,7.473002
206.810720,42.946987,7.763189
215.985629,53.852624,9.028580
218.933041,64.394658,8.882714
226.765223,71.458879,9.938217
232.003343,90.083725,10.203034
236.785553,103.298857,11.740806
241.878858,115.710925,12.577766
244.564531,120.246286,13.264379
246.836699,125.836887,13.430858
247.753024,130.720647,14.719720
248.370546,138.453744,14.811894
186.614578,43.270708,236.286264
188.260293,40.678813,235.031825
188.759632,40.025136,231.846720
188.542799,37.354892,225.852637
191.990972,33.814850,220.002606
190.941842,30.753080,212.185817
187.558407,29.840271,199.019525
186.459904,24.490396,180.013168
182.843347,23.226923,166.787919
179.160348,21.342251,150.425641
176.424469,16.339669,132.850010
172.220967,12.273727,116.740236
170.135171,9.104507,102.828916
165.436394,9.293449,87.368669
162.826787,6.889280,72.716055
160.499492,5.700562,59.436409
160.893501,5.845034,51.967616
163.505583,5.965508,41.834005
165.442845,5.818280,36.832979
168.962625,6.421153,28.785200
168.911774,7.090381,23.528110
169.408134,6.613207,18.473895
177.432737,8.190118,14.421832
180.554372,9.733371,10.716546
184.150442,12.859764,7.907499
190.845977,14.996629,6.946651
198.797679,18.070731,6.217823
207.118910,23.975929,6.190950
211.956982,29.030808,6.449315
216.162639,34.974169,6.043463
220.746613,42.228390,7.148224
225.374085,54.569157,7.838823
231.383181,67.330799,8.022698
236.612542,71.232964,8.618370
242.665027,86.898712,9.735868
243.859780,99.893684,11.671420
245.082119,106.242545,11.260287
247.122679,111.675395,10.302836
248.502010,117.523216,11.371531
249.508952,121.634816,11.116611
194.795584,47.278690,235.977534
194.737366,44.680011,234.735891
196.661286,42.689697,231.386770
198.677890,36.053491,226.542709
198.394239,34.892327,220.971207
200.531785,35.706842,213.661822
198.508532,32.589787,195.766149
198.531791,31.622125,183.402193
195.028263,29.156910,166.781077
192.845785,23.386352,152.455089
190.164726,18.125851,134.996531
191.255119,15.885621,120.168500
186.603216,12.411129,109.689503
183.944647,11.244450,98.655325
177.137839,9.225549,77.689032
177.689271,8.095754,66.394685
179.034582,8.296656,58.540213
175.928850,6.208418,46.724580
177.921032,5.858431,38.409380
179.129507,6.354066,32.127772
178.193909,5.958588,27.217290
184.985288,5.391782,19.663041
187.456702,6.355411,15.919339
191.382581,7.149085,12.255725
194.724050,8.829755,8.854710
203.844186,11.645886,6.536409
208.991595,14.678385,6.097891
216.562579,17.711594,5.033183
218.999666,21.060821,4.409719
223.279991,27.512950,5.708504
226.085890,33.050575,6.365061
232.274882,42.038991,7.057810
238.191249,54.876348,6.959991
241.230629,63.343078,7.332375
244.847586,71.991016,7.504193
245.039227,80.521792,8.409193
246.276634,92.704760,8.722876
248.168464,101.641216,9.335956
249.843390,106.209701,9.412271
250.825201,114.193483,10.032390
200.673650,52.110037,236.677059
203.157059,50.439253,234.796330
205.157121,44.009411,230.002505
208.975742,39.280950,226.848602
210.443167,38.138153,218.979494
209.143724,38.012598,212.111472
212.798180,40.225977,198.284097
207.349113,35.061140,183.603047
203.958782,31.589262,168.436335
205.477235,27.202713,155.631707
201.915868,21.841381,135.727117
200.214206,17.231165,125.406006
199.643121,15.324856,115.219872
198.151217,12.054437,103.537304
198.986950,11.186474,91.043340
193.927531,8.273441,71.207985
197.472321,7.803148,64.295568
195.999369,7.194198,55.488685
191.035519,5.804573,43.116791
189.424432,5.545058,35.628436
192.378828,5.739985,29.578300
194.818486,4.256394,21.863022
199.231747,4.570587,18.915753
204.703714,5.779803,13.591308
208.298685,6.955998,9.991984
212.906731,8.616807,7.143750
220.261733,10.875021,5.635403
222.164106,13.802460,4.735386
227.332632,17.121157,4.136190
228.996129,21.847768,3.894476
234.838546,25.642964,4.295509
237.001299,33.552256,4.619467
242.852429,42.883725,5.429137
245.213067,55.215961,6.850201
246.079250,62.853938,7.126949
247.265792,71.266727,7.395278
247.846342,79.402289,7.135843
248.930010,88.262918,8.812388
250.298606,92.394940,8.906531
251.091060,98.491055,8.884399
207.310000,56.601369,234.785997
210.165983,55.334348,233.311628
215.435527,50.964431,228.691902
216.787827,43.680442,227.256157
216.580906,42.599444,218.977020
218.962458,42.806426,206.546517
218.492454,41.889031,198.663602
217.727950,41.751057,187.996375
214.373910,35.440756,171.793431
214.214767,29.061232,153.251957
213.664591,23.181455,140.740803
209.582845,20.883565,128.694879
208.973156,17.907838,120.312736
207.785442,11.174823,104.732266
209.362755,9.655566,90.581356
209.447248,8.614389,77.445368
208.677738,7.939072,66.084044
209.601748,7.605232,59.925178
208.366171,7.050552,51.148298
203.404933,5.401499,42.357282
207.418970,4.788519,34.099369
205.826194,4.288322,25.349982
208.826211,3.733932,20.512882
213.592818,3.962894,15.323693
220.079891,5.702303,11.860338
223.852298,6.620921,6.825337
226.388548,7.860094,5.100734
229.388360,10.317055,4.494980
230.937144,14.203379,3.499788
236.067883,18.038857,3.497420
239.069882,21.722239,3.208951
242.229593,29.296373,3.719381
244.596709,38.283598,4.643540
246.721927,46.950051,6.343142
248.189633,57.734764,6.422576
249.830042,64.681792,7.047990
250.007517,67.790190,7.515687
249.641384,78.729148,8.560087
250.502424,84.242333,8.667387
251.171600,90.567578,8.979662
213.333627,65.075985,233.948621
214.762352,62.916920,230.929914
220.248124,57.174683,226.861176
221.625087,52.968783,222.055784
221.659520,50.332962,215.582326
223.416569,47.370086,204.477443
223.812299,44.665574,196.836544
223.952019,43.283255,186.366986
222.824059,38.240715,167.349554
222.197604,29.581745,152.359777
221.656173,25.893517,144.059806
218.377225,22.833750,133.819354
216.167876,17.368217,120.799856
216.720744,12.719192,107.413586
218.760882,10.181416,93.408526
218.497926,9.022525,82.084192
218.079396,8.484936,72.587042
215.354530,7.826293,61.930052
213.300076,7.481839,54.390469
214.541514,5.048172,46.624520
215.463042,3.363568,35.984719
216.119584,3.480311,28.158924
218.827401,3.631050,21.946657
221.633531,3.755970,16.469015
226.530981,3.989693,12.298505
229.690180,5.889798,7.252392
231.565680,6.787180,5.268889
234.916129,7.429528,4.363455
237.408274,10.133185,3.313062
240.495735,14.325416,2.484633
241.374110,18.503934,2.650671
245.916943,25.114152,3.288563
247.870767,31.570110,3.552111
248.625162,40.142768,5.041353
249.934866,48.855446,6.332405
250.262887,58.152653,6.661577
250.580414,64.939630,7.607964
250.629246,69.853497,8.059906
251.254586,78.335100,8.941623
251.599816,81.811844,9.026678
218.399334,76.877679,231.453757
219.994892,72.989744,228.042733
221.597896,65.733472,225.422710
224.290072,61.380347,218.896679
226.954455,55.988556,209.225381
226.852182,51.024759,204.188563
228.153515,47.956494,195.791692
229.330420,43.150844,185.400575
227.946668,38.227269,168.010083
225.963957,33.902249,155.627591
225.753295,26.099624,146.019041
222.736373,22.338193,134.737729
224.191418,18.181211,122.852714
223.984555,15.456123,109.976405
222.389013,9.921503,94.439269
222.966014,9.158927,82.232901
224.262998,8.398989,74.238537
223.549760,7.904265,65.155721
221.237181,7.876236,59.382667
222.930658,5.479346,48.116718
221.972213,2.909608,37.733716
222.392874,3.334340,29.874966
224.565126,3.185210,22.719986
228.841351,2.621997,16.913910
232.342415,3.541155,11.969309
235.082475,4.954150,8.443740
236.741712,5.824163,5.362269
239.437048,6.999643,4.370290
240.969542,8.204264,2.987153
243.191695,12.448284,2.432360
246.754475,15.956501,2.751927
247.893247,20.767203,3.168588
249.146816,27.976161,3.562441
249.521991,34.938708,3.782770
250.441780,45.189131,5.029781
251.026774,53.674647,6.112423
251.345245,60.011133,7.262050
251.110418,65.275429,7.639999
251.350077,74.964373,9.146343
251.895055,76.852484,8.909781
223.665195,83.039201,230.448257
224.939411,79.576204,226.311064
225.801307,72.570699,221.823177
226.771475,65.857316,216.034331
229.504164,58.380211,207.614518
230.117480,53.246705,201.265786
231.748161,47.577181,193.584101
230.874389,43.347671,183.012957
230.581290,42.753568,169.025782
229.079337,34.071816,155.255470
229.339184,26.610437,146.578761
228.428852,21.178484,135.940347
229.024416,20.280285,123.664092
230.469980,15.603963,112.789409
227.987897,11.309997,97.545960
230.018994,9.137668,83.797059
228.963514,8.624415,76.161800
228.861925,8.344440,68.890477
227.119396,8.101248,61.575890
228.913988,6.230261,50.609792
229.096826,3.250360,41.642211
230.289418,2.945839,31.921117
232.176736,3.176499,23.068664
234.283199,2.797430,17.470470
236.517131,3.026962,12.399480
239.627509,3.310153,8.649653
241.140126,4.345181,5.782984
242.282519,5.011034,4.042814
245.231666,6.680112,2.787526
247.930967,9.615214,2.559649
248.490688,14.220509,2.475976
249.150942,18.008006,3.000753
249.510958,24.941212,2.952264
250.164229,31.330926,3.811253
251.302552,40.208601,4.008412
251.053501,47.466079,4.496439
250.852417,54.953732,5.536942
251.372248,60.171739,6.392409
251.405559,68.780851,7.020419
251.921871,70.661955,7.324705
227.214792,88.508989,231.475474
227.178665,82.436803,225.759363
227.621127,75.686183,220.686932
228.786321,67.794350,214.849028
231.845977,61.468003,204.864283
231.894959,55.295881,198.270315
232.395901,51.014722,191.925559
233.186328,46.989262,179.693280
232.006223,45.512236,169.306289
230.648209,35.182579,156.097455
230.754430,26.876953,147.436060
229.817154,21.627752,135.935982
231.043395,20.939117,122.908142
233.052562,16.060550,113.300409
232.074836,11.563146,97.400112
233.382138,9.748491,86.160677
233.417961,9.204027,78.339682
232.035892,8.450266,69.867098
231.751636,7.519808,62.985832
233.282340,6.321060,51.150224
233.294012,3.463256,42.406588
233.037461,2.893078,33.715190
234.815361,3.201171,23.458005
237.249222,2.291376,17.444622
239.018498,2.694641,12.844085
242.502460,3.577655,9.154748
243.775781,4.107906,5.992019
246.088967,4.504742,4.217432
249.084404,4.977615,2.633175
248.589930,7.934775,2.559986
249.199773,12.342537,2.582603
249.202961,15.877944,3.109497
249.848317,21.850212,2.957338
251.200757,29.501971,3.431451
251.304939,37.076810,3.786470
251.060209,44.442216,4.242199
251.583061,51.418258,5.108187
251.292870,54.874549,5.455703
251.501597,62.546464,5.850125
251.700286,65.229742,6.075626
