2000
3
20.084978,143.424615,233.565487
20.167723,143.715001,233.583946
20.147798,143.815580,233.608051
20.394895,144.183706,233.707812
20.366393,144.365408,233.679931
20.661832,144.956184,233.835204
20.906966,145.283111,233.962944
21.035122,145.656882,233.929410
21.037221,145.860240,233.878779
21.139976,146.027418,233.805500
21.200361,146.184289,233.777184
21.322344,146.450339,233.673874
21.358411,146.624283,233.674393
21.616715,146.989240,233.669936
21.803177,147.399237,233.487648
21.939282,147.836476,233.308170
22.014922,147.509045,233.256578
22.192944,147.238567,232.965486
22.158272,146.878008,232.741319
22.135595,146.651362,232.713178
22.143323,146.180836,232.806976
22.024115,145.807373,232.714328
21.849587,145.576909,232.660996
21.837776,145.348970,232.598456
21.894615,145.080382,232.647806
21.883083,144.523721,232.283858
22.083830,144.240390,232.329618
21.966708,143.950574,231.916149
21.910663,143.778867,231.875196
21.749124,143.397730,231.862846
21.670168,143.180195,231.792444
21.629014,142.979009,231.671668
21.598844,142.504185,231.566911
21.738005,141.534408,231.248653
21.787126,140.719462,231.404297
21.900346,140.370329,231.368849
21.745186,139.931661,231.232616
21.895995,139.711919,231.260713
21.930385,139.449809,231.111176
21.716491,139.067327,231.094469
21.442275,138.745237,231.042717
21.579848,138.434642,231.052364
21.464025,137.894440,231.215898
21.349347,137.351608,231.258882
21.280797,136.761589,231.414380
21.220021,136.469617,231.359961
20.778575,135.750473,231.422717
20.759713,135.744155,231.431383
20.807670,135.248295,231.353777
20.776128,134.737288,231.313353
20.662092,134.221516,231.260299
20.625373,133.737017,231.350605
20.521329,133.225765,231.231477
20.534570,132.971584,231.006834
20.533714,132.887140,231.028209
20.618108,132.473296,230.906569
20.451771,131.537122,230.183183
20.459608,130.990434,230.074666
20.560085,130.726287,230.057408
20.141060,129.595067,229.809419
19.942214,128.956442,229.460482
19.959030,128.313984,229.312542
20.017523,128.046850,229.279853
19.996580,127.078421,228.625358
20.177637,125.854920,228.866502
20.307192,125.108531,228.923703
20.179482,124.418178,228.845672
20.256897,123.814082,228.901124
20.246797,123.279387,229.176292
20.272456,122.340386,229.191150
20.282278,121.136340,229.269928
20.173989,120.273989,228.927898
19.955099,119.589186,228.814423
19.616127,118.799993,228.721107
19.266072,116.783266,228.398752
19.166310,116.393503,228.175968
19.039319,115.964311,228.127324
19.046887,115.007631,228.223084
19.054115,113.029015,227.912670
19.230706,112.509547,227.949235
19.153517,112.115277,227.799560
19.172815,111.284219,227.522049
18.901699,109.951382,227.605055
18.566523,109.295955,227.178012
18.127331,108.143413,227.292874
18.102593,106.344273,227.112166
18.023013,106.097071,226.948274
17.927823,105.670330,227.099020
17.790710,105.136606,227.014875
17.680140,104.138770,226.866798
17.460701,103.426046,226.532072
17.452449,102.774141,226.770714
17.059841,101.553166,225.580605
17.034171,100.481674,225.544309
16.908503,99.471972,225.241641
16.903825,99.461691,225.193450
16.848576,99.048669,225.396059
16.753539,99.018523,225.364408
16.864525,98.065872,225.448178
16.902488,97.432656,225.305235
16.819079,96.652042,224.336099
16.893708,94.947651,224.064807
17.026572,93.436410,223.930672
17.076117,93.146710,223.753778
16.085035,91.683957,223.569963
16.109529,89.869393,222.667892
16.160855,89.661774,222.629405
15.892319,88.978672,222.360356
15.901642,88.976641,222.311986
15.876874,88.033084,222.822373
16.026860,87.525667,222.434135
16.073398,87.064803,222.639383
16.035577,86.899458,222.869784
15.995332,86.387531,223.214234
16.039896,85.300537,223.128782
16.118904,84.627850,222.986180
16.106816,84.619426,223.009016
15.903380,83.810037,222.580423
15.895218,81.717541,223.192266
15.895182,81.715904,223.193547
15.828338,81.331332,223.318800
16.062660,80.950734,223.231981
15.993219,80.567258,223.382132
15.861615,79.724693,223.507612
16.011788,78.857546,223.357913
16.130186,78.468921,223.522000
16.038655,78.096949,223.529528
16.104418,76.188762,223.637154
16.022546,75.863546,223.790822
15.977700,75.447508,224.094393
16.007968,73.430092,224.470747
15.985273,72.412818,224.595514
15.660981,70.996391,224.459671
15.794728,70.589353,224.668372
16.007999,70.195793,224.380459
16.190214,69.904049,224.600086
15.829898,68.821062,224.424898
15.474697,66.912893,223.677516
15.544037,66.535456,223.517741
15.469474,66.284111,223.615132
15.378086,65.965930,223.166646
15.566419,65.482803,223.308535
15.439632,64.159958,222.874577
15.374364,63.915299,222.987028
15.258008,63.464647,223.215378
15.274198,63.460929,223.184004
15.209423,63.224787,223.066754
15.220411,63.214159,223.042241
15.020792,61.846844,222.679420
15.322440,60.819845,222.411731
15.434153,60.457321,222.450657
15.569577,60.420522,222.383552
15.610039,59.193123,221.964734
15.551176,59.001531,222.083625
15.670540,58.296367,222.260497
15.289193,57.369462,222.549393
15.189776,56.998873,222.778152
15.205195,56.776205,222.690323
14.904270,56.414603,222.663649
14.604315,55.767209,222.865904
14.424896,53.947204,222.488143
14.140262,53.325612,222.749798
14.088352,53.173643,222.787183
14.181140,52.725611,222.763798
14.043902,51.232854,222.032929
14.297138,50.499710,222.317859
14.279702,49.188362,222.004817
14.421820,48.651767,222.013482
14.552183,47.419724,222.038500
14.792712,47.077405,221.624149
14.933214,47.171331,221.580939
14.876153,46.610090,221.486925
15.277853,45.265163,221.628017
15.322347,44.365234,221.333071
15.367057,42.145181,220.950902
15.572573,41.521966,221.408149
15.699094,40.806091,221.783789
15.613299,40.605531,221.915099
15.434311,40.277721,221.859635
15.488315,39.584244,221.675516
15.651530,39.554906,221.944505
15.758382,39.325939,221.898001
15.685837,39.158376,221.985289
15.800655,38.869081,221.912208
15.617996,38.344465,221.943749
15.670902,37.636505,221.954189
15.595561,36.862160,221.983638
15.887983,36.467060,222.065638
15.688934,35.757077,222.325112
15.429255,34.808550,221.866953
15.432298,34.473429,221.706168
15.334051,34.255058,221.647788
15.288516,34.154218,221.697627
15.643361,33.282901,221.406230
15.332308,32.554971,221.400743
15.615972,31.500511,221.079420
15.618060,31.016394,221.233951
15.782729,30.209305,221.203768
15.894951,29.780000,221.473104
16.027766,29.304710,221.131194
16.104130,28.649494,221.165039
16.132035,28.590834,221.121457
16.083098,28.504222,221.035659
16.061620,28.165477,221.161198
16.086412,27.535918,220.639092
16.115497,27.247036,220.801550
16.041397,27.066577,220.662869
16.018563,26.875403,220.739316
15.975872,26.698632,220.788473
15.911564,26.577738,220.906886
16.021579,26.005086,220.865274
16.076198,25.691078,221.066410
16.563437,25.158037,221.248258
16.549778,25.076725,221.337662
16.574282,24.924594,221.360524
16.592731,24.843727,221.350612
16.639865,24.635967,221.266175
16.992196,24.547179,221.318612
17.435948,23.364338,221.414844
17.472013,22.963002,221.456194
17.570102,23.039773,221.219511
17.925900,23.026146,221.206973
18.391176,22.623943,221.031389
18.775753,22.242073,220.477114
18.901504,21.851687,220.314227
19.013051,21.901787,220.327707
19.155169,21.886777,220.171956
19.559880,21.632280,219.724472
20.372463,21.277790,219.609628
20.749089,21.402423,219.541832
20.869224,21.475339,219.436633
21.175999,20.955883,219.077146
21.569867,20.951138,219.161522
22.447853,20.618894,219.207602
22.731544,20.587189,219.195815
23.124359,20.776828,218.640931
23.395975,20.391640,218.475531
23.672775,20.304803,218.449473
23.905951,20.233855,218.286370
24.095626,20.283733,218.234785
24.507335,19.760621,217.917740
24.722788,19.326416,217.799326
25.524946,19.301195,217.819242
25.666085,19.360916,217.786327
26.599436,19.240794,218.019395
26.825491,19.401991,218.082916
26.910583,19.463807,218.071884
27.449615,19.333804,217.980055
28.360302,19.794368,217.701111
28.569586,19.917735,217.817582
28.706610,19.890695,218.065508
29.092964,19.985852,218.655239
29.636260,20.034616,218.792234
29.800260,19.727411,218.758700
29.868337,19.779035,218.798001
30.467447,20.507428,218.957256
30.531778,20.516069,219.216007
31.268219,20.026011,219.389376
31.933610,19.630264,219.117784
32.552084,19.335583,219.030724
33.075894,19.798893,219.259211
33.714591,19.664104,219.257420
33.941133,19.661106,219.199618
34.400672,19.873739,219.007058
35.151648,19.745979,219.064420
35.442922,19.887148,219.097186
35.695004,19.934304,218.961468
36.319377,19.933626,218.956683
36.745344,19.905000,219.277065
37.029510,19.881236,219.327649
37.061578,19.850667,219.367421
37.924823,20.177379,219.387967
38.392323,20.408850,219.636563
38.933425,20.472631,219.530961
39.709683,20.522965,220.162793
39.903808,20.528661,220.100842
40.087219,20.628577,220.260202
40.303057,20.709937,220.230519
40.929753,20.473557,220.624256
41.032110,20.510357,220.771579
41.077349,20.505923,220.749819
41.658411,20.463499,220.383649
41.784157,20.531396,220.483491
42.080351,20.614101,220.465658
43.317719,20.927848,220.987647
43.539893,20.938757,220.982497
43.780048,20.878924,220.812255
43.915599,20.948055,220.709783
44.584537,21.068765,220.942319
45.922272,21.622302,221.664364
46.404817,21.894101,221.706368
46.605789,21.847293,221.642079
47.094607,21.793841,222.081137
47.180505,21.764207,222.130325
47.302122,21.713508,221.982892
47.862809,21.942256,222.048119
48.038327,22.016150,221.928821
49.043398,22.237721,222.211461
49.544778,22.120752,221.945104
50.115529,22.132607,222.379734
51.520833,22.418619,222.956809
52.272154,22.317468,223.113671
52.822518,22.454497,223.101571
53.410220,23.456688,223.130567
53.441429,23.247163,223.079633
53.459678,23.231150,223.101794
54.144915,23.497594,222.611062
54.561512,23.630281,222.469671
55.077746,23.955236,222.224930
55.821264,23.772282,222.411666
56.345845,23.735057,222.197586
56.830527,23.787469,222.445438
56.969722,23.738751,222.452156
57.367481,23.834260,222.516874
57.631338,23.791840,222.359671
58.418122,24.100150,222.836747
58.956846,24.509861,223.103429
59.596042,24.625582,222.880778
61.236608,25.134600,223.209785
61.657913,25.112003,223.224038
62.315625,24.711278,223.374683
62.736833,24.896987,223.145518
62.745114,24.930083,223.100934
64.139562,26.354682,222.521726
65.347027,26.454615,222.413654
67.048687,26.826538,221.963138
68.313961,27.967507,221.778208
68.576998,28.006838,221.992347
69.646608,27.990306,221.750034
70.495529,28.467702,221.422996
71.098177,28.791255,221.682214
71.903181,28.826359,221.564365
72.624225,28.950836,221.369351
75.212888,29.384438,221.030825
75.869942,29.353591,221.439761
77.995768,30.012898,221.916180
77.999966,30.048858,221.885239
79.404179,31.116267,221.790177
80.116946,31.177315,221.535532
80.480738,31.813709,221.334872
80.849092,31.626695,221.252359
81.765830,32.342091,221.056886
82.246188,32.578148,220.781515
83.030574,32.579582,221.395160
83.678364,32.481460,221.705304
83.712281,32.443213,221.677028
84.780810,32.932986,221.870445
84.969644,33.060279,221.870917
85.082457,33.232093,222.140395
85.691598,33.358911,222.450809
86.467190,33.783871,222.048558
86.842498,33.962084,222.584059
86.839202,33.980743,222.591483
87.132260,34.198456,222.400199
88.045302,34.619685,222.051887
88.186536,34.562550,222.040367
88.770366,34.769764,221.875909
89.770771,34.956647,221.744767
90.946672,34.892891,222.251811
91.403009,35.046590,222.483838
91.404504,35.046490,222.484315
92.813207,35.057556,222.404942
93.244025,35.240484,222.226353
94.276930,34.988479,222.871044
94.725212,35.171205,222.695841
95.649344,35.511447,222.509219
96.376397,35.998403,222.250159
96.858697,36.128083,222.230964
97.784012,36.431561,222.049585
98.759866,36.055505,222.604318
99.375606,36.226430,222.357258
100.742075,36.749712,222.285885
101.055390,36.776446,222.326879
102.267597,36.820978,221.759604
103.319438,36.621264,221.942148
103.608921,36.788544,222.328547
103.915112,36.906463,222.834704
104.614287,36.854375,222.819962
105.257353,36.735566,223.010414
105.940669,37.021815,222.749608
105.978523,37.094108,222.708020
107.156755,37.408877,223.147781
107.437680,37.557853,223.084478
108.989179,37.727278,223.503268
109.418280,37.963339,223.525113
109.809009,37.974966,223.646586
110.391864,37.773823,223.618130
111.074882,37.866607,223.057232
111.842024,38.736250,223.090453
112.936837,38.672744,223.738350
113.145129,38.639253,223.861321
114.263393,39.146713,224.912067
114.550940,39.137471,224.977664
114.808864,39.013189,225.079473
116.440666,39.259646,224.937491
116.481115,39.329221,224.887067
116.762922,39.386317,225.001501
117.198194,39.176547,224.462591
118.163135,39.166232,224.542664
118.163458,39.180530,224.533040
118.958155,39.550597,224.737985
119.731031,40.006926,224.804203
121.189618,40.579543,224.967202
122.860389,40.718250,225.208809
123.683823,41.165949,225.475127
125.672570,41.845201,226.187902
125.675164,41.840574,226.191581
125.724886,41.858370,226.266886
126.985592,42.161522,226.226482
128.488362,42.306775,225.966698
129.268081,42.553938,226.050284
129.495864,42.547030,226.234586
130.181063,42.710341,226.455461
130.216929,42.708019,226.485149
132.240624,43.252156,227.264403
133.207491,43.571902,227.074777
133.726565,43.736361,227.020381
135.228606,44.209230,226.984850
136.859170,44.339035,226.887837
138.521715,44.696756,227.487675
140.296140,45.476179,228.140157
140.313741,45.531809,228.103902
141.375181,46.568362,227.891922
142.632611,46.948739,228.048798
142.848252,46.950788,227.958079
143.410910,47.458907,227.650663
144.213143,47.389747,227.126650
146.921193,48.491706,227.982103
147.741747,48.782004,228.098264
148.926347,49.640469,227.685066
149.668356,50.926523,227.877507
150.128638,50.581895,227.062920
151.065847,50.393494,226.570463
151.546356,50.479546,226.387344
152.270740,50.873267,226.417135
152.765951,51.316206,226.596746
152.837985,51.088824,226.230249
153.482867,51.175912,225.899090
154.063499,50.807949,226.123975
155.325376,51.141493,226.102837
155.895467,51.054689,225.944364
156.040294,51.238600,225.842109
156.474341,51.560564,225.765084
156.967479,51.934678,225.687543
157.579815,52.132672,225.819472
157.676030,52.087526,225.726537
157.691354,52.105245,225.747434
158.669482,52.407109,225.370796
158.684518,52.386894,225.366870
159.156270,52.621164,225.180214
159.159442,52.604207,225.176488
159.908750,52.243400,225.167946
160.718901,51.675218,224.988250
161.100375,51.462086,225.120808
161.929919,51.172995,224.839349
163.656323,51.911017,224.819884
164.414945,52.108508,224.746348
164.725222,52.351609,224.415520
165.780538,52.679248,224.695211
166.312855,52.917415,224.675892
167.347600,52.602114,224.819194
168.215387,52.057704,224.368782
169.122905,52.556548,223.779473
169.689494,52.690808,223.549402
169.830650,52.780381,223.466433
170.301417,52.610539,223.172925
170.964979,53.203973,223.180058
171.457902,52.991310,223.220325
171.957086,52.835982,223.144079
172.196891,52.909225,223.124974
172.196997,52.992322,223.129339
172.806742,52.526067,222.659251
173.030905,52.826316,222.519506
173.611655,53.112483,222.468880
173.990386,53.170193,221.976769
174.449715,53.274019,221.784395
174.936480,53.227164,221.473783
175.823190,53.937626,221.135651
176.664179,54.153536,221.406625
176.674599,54.152398,221.402442
176.796650,54.304264,221.306939
177.307042,54.637074,221.055107
177.494591,54.889373,220.857310
177.988612,54.884482,221.068987
178.008046,54.733897,221.021222
178.372614,54.330165,221.151008
178.988062,54.035247,220.968867
179.615599,53.038506,220.541159
180.319153,53.420789,220.621158
180.380798,53.333176,220.692908
180.996974,53.649113,220.908611
181.400706,53.509169,220.539315
182.557321,53.521021,220.214689
183.191651,53.951297,219.839302
183.960449,54.417358,219.795134
184.193912,54.495263,219.562297
184.453888,54.934593,219.494072
185.168967,54.376289,219.242358
186.312200,54.038339,218.921729
186.560045,53.428679,218.539510
186.915942,53.632601,218.295018
187.710980,53.192274,217.731922
187.704064,53.086550,217.613385
188.182815,52.881347,217.838844
188.930466,52.907987,217.630810
189.022505,52.637256,217.425568
189.116738,52.824310,217.267391
189.145942,52.937434,217.182377
189.522479,53.149329,217.028116
189.911686,53.098007,216.725585
189.913143,53.097916,216.725317
190.227929,53.194882,216.111184
191.370890,52.889576,216.157057
191.817546,52.619146,216.057810
192.566329,52.629356,215.598715
193.112527,52.634756,215.198160
193.501935,52.531291,214.808155
193.500704,52.561621,214.785297
193.984931,52.335497,214.493019
194.193329,52.465158,214.486080
194.829442,52.200013,214.555197
195.006836,52.221171,214.258168
195.307152,51.745387,214.312328
195.526884,51.748633,214.221304
195.686227,51.709305,214.344789
195.679007,51.769485,214.302470
196.116600,51.910394,214.295514
196.715884,51.944672,213.820494
196.717741,51.968520,213.808817
197.248600,52.256667,213.436037
197.961628,52.394796,213.132096
198.123025,52.316632,213.166707
198.535257,52.094392,212.719596
199.175289,52.169062,211.856005
199.294052,52.309542,211.912361
199.348029,52.339465,211.947728
199.528883,52.432386,211.800033
199.675460,52.355121,211.854955
199.987828,52.292889,211.771099
200.515506,52.326760,211.277013
201.314316,51.763492,210.615550
201.978843,51.767869,210.031268
202.040969,51.794580,210.007244
202.768079,51.673871,209.310100
202.830179,51.671201,208.773695
203.415737,51.468457,208.063814
203.396111,51.416366,207.994740
203.575390,51.278685,207.677450
203.575916,50.679512,207.533708
203.484796,50.506680,207.411376
203.491267,50.479116,207.413262
203.583246,50.198528,207.080970
203.643860,49.839857,207.000136
203.978077,49.546254,206.711804
204.016360,49.530464,206.487750
204.148240,49.964216,205.923082
204.729639,49.791291,204.994389
204.820282,49.753224,204.710174
204.705809,49.606143,204.430779
204.369213,49.595436,203.962388
204.902861,49.711760,203.173373
204.835362,49.579506,202.935950
204.893961,49.534290,202.936039
204.566103,49.173683,202.344947
205.357332,49.009227,201.464516
205.694486,48.953231,200.653081
205.936874,49.095592,200.341358
205.627859,48.693049,199.804407
205.586107,48.506149,199.504955
205.515494,47.960963,198.062305
205.631547,47.803291,197.704830
206.207175,47.930186,197.977637
206.329137,47.680115,197.290678
206.365313,47.645167,197.248345
206.373789,47.502184,196.781841
206.575308,46.798479,196.473705
206.634586,46.348733,195.585136
206.580854,46.398526,195.518557
207.222239,45.444565,194.640454
207.593436,45.302055,193.649559
207.587837,45.284437,193.654555
207.636941,45.215991,193.658447
207.834300,45.218007,193.370154
207.302583,45.040085,192.381945
207.670649,44.584892,191.108041
207.606963,44.253001,189.762969
207.750386,44.153094,189.608299
207.973046,43.966802,189.480741
208.427831,43.809383,188.760296
208.656884,43.030580,188.200112
208.998891,43.017248,187.384261
209.243637,42.825531,187.033271
209.604794,42.355269,187.131577
209.578276,42.135190,186.780303
209.587176,42.119820,186.786349
209.947017,41.775424,185.737495
209.964267,41.765289,185.742480
209.989515,41.824083,185.564711
210.466164,40.588820,184.777612
210.406070,40.452904,184.528554
209.954077,40.446617,184.147552
210.038165,40.320300,184.056116
210.016214,40.350462,184.023701
210.294474,40.271461,183.564198
210.049926,40.000350,183.033329
209.781456,39.346826,182.327754
209.950177,39.267501,181.839609
209.887792,38.821321,181.568146
209.850991,38.899642,181.175521
209.707318,38.881181,180.947238
209.849428,38.595287,180.517326
210.505331,38.461534,180.034254
210.223757,38.502677,178.990895
210.362460,38.375724,178.162635
210.330405,38.311492,178.095397
210.561225,38.214618,177.721256
210.683756,38.210406,177.482008
210.677429,38.198210,176.485868
210.880381,38.110915,176.061056
210.880922,38.111331,176.059353
211.866554,37.918345,174.778038
211.625602,37.449192,174.337494
211.963902,37.320232,173.786639
211.857958,37.445279,173.557058
212.022768,36.849812,171.431630
212.366994,37.008217,170.786696
212.286435,36.425639,169.899665
211.956191,36.405886,169.209550
211.886641,36.053987,168.610916
211.570646,35.342086,168.157403
211.768689,34.452790,167.403595
211.800625,34.490104,167.371686
212.277773,34.546692,166.698539
212.302835,34.589168,166.677670
212.296469,34.341948,165.518523
212.266358,34.202910,165.437244
212.093761,34.345170,164.750313
212.385290,34.255926,163.999395
212.751412,33.524599,163.718854
213.541125,33.314810,161.848680
213.716018,33.400941,161.386045
214.337412,32.701124,159.461061
214.457734,32.761133,158.241789
214.622921,32.335796,156.847331
214.783645,32.195585,156.611760
214.796396,32.089272,156.357167
214.888239,30.300723,154.724782
215.775130,30.379412,153.267427
216.217082,29.998627,152.180264
216.283633,29.943525,151.759093
216.776670,29.691706,150.552854
216.775480,29.092404,150.022549
217.000561,28.762600,149.164834
217.452406,28.858032,148.801919
217.430381,28.474935,147.711571
217.931990,28.534902,147.030893
218.552055,28.234978,145.023669
218.443884,28.002593,143.853679
218.644003,27.867068,143.099613
218.817405,27.769434,142.754729
218.898942,27.534586,141.871901
218.595916,26.682458,140.887170
219.000487,26.424979,139.409325
219.279225,26.482488,137.923872
219.567363,26.075549,135.952627
220.009516,25.829660,134.693728
220.206580,25.089758,134.112105
220.402756,24.708119,133.600086
220.534190,24.517079,132.866250
220.543450,24.520138,132.862282
220.637359,24.514145,132.594397
220.705090,24.460375,132.054011
220.819532,23.754940,130.832336
220.461221,22.721234,129.493343
220.522249,22.541366,128.487344
220.466081,22.552507,128.470389
220.551486,21.673702,127.316858
220.866959,21.637396,126.612491
220.947749,21.606617,126.508785
220.971122,21.652205,126.493287
220.981729,21.644489,126.495301
221.029875,21.631630,126.300946
221.350904,21.442388,126.084596
221.243449,21.331940,125.164156
221.130013,20.755837,123.872823
221.241469,20.768912,123.736673
221.200171,20.670331,123.713440
221.485532,20.580491,122.998866
221.508139,20.614552,122.990156
222.103017,20.100688,120.855745
222.169760,20.091670,120.859550
222.447945,20.038120,120.181644
222.546503,19.969899,119.532397
222.507742,19.910599,119.385315
222.663962,19.756622,118.757001
222.981027,19.529059,117.787716
223.113493,19.674948,116.917371
223.642118,19.555006,115.080627
223.851256,19.498063,114.685444
224.123192,19.683435,113.861708
223.974302,19.667384,113.381361
223.468140,18.755421,112.447219
223.620265,18.296210,111.944477
223.465355,18.259714,110.531768
223.461611,18.248606,110.522318
223.628518,18.164991,109.998673
223.648078,18.132324,109.975939
223.327540,18.162893,109.782063
223.603702,17.874449,108.105191
222.950848,17.815206,107.622743
222.777765,17.887200,107.114315
222.826650,17.782654,107.016424
223.468154,17.814142,106.056101
223.224617,17.857127,105.348484
223.201224,17.870515,105.333458
223.362552,17.575383,105.056762
223.745837,17.279083,104.344993
224.300443,17.419207,103.938748
224.319235,17.412581,103.936399
224.787312,17.511001,102.587553
224.778173,17.464951,102.414972
224.818927,17.373050,101.840256
224.706275,17.429773,101.081936
224.771558,17.318223,100.578845
225.131911,17.353209,99.659415
225.008279,16.551912,98.022568
225.197043,16.502889,97.555635
225.291727,16.333033,97.025421
225.731327,16.289515,96.342699
226.084493,16.134316,95.838756
226.077606,16.315480,94.701665
226.161481,16.244196,93.161925
226.561140,16.129855,92.281053
227.525194,15.841344,90.984257
227.507661,15.944112,90.083826
228.096285,15.870934,88.915677
228.302452,15.700517,88.868584
228.542152,15.696048,88.184731
228.655116,15.651150,87.739723
228.527876,15.478229,86.581090
228.389822,15.430779,86.393057
228.440537,15.399860,86.352633
228.460191,14.973007,85.896032
228.736307,14.868386,85.181361
228.998512,15.110926,84.504334
229.287402,14.971510,83.663440
229.103577,14.783228,82.646287
229.221453,14.709631,81.991448
228.950113,14.918350,80.883605
229.513443,14.832707,80.026695
229.884033,14.673464,78.778437
230.134213,14.550202,78.072529
230.296720,14.458734,77.669231
230.525085,14.268681,76.785007
229.651781,14.029014,75.537808
229.930171,13.986597,74.631065
230.115393,13.864216,72.650718
230.662079,13.841386,71.980010
230.299515,13.647356,70.308135
230.638068,13.515552,69.545875
230.749250,13.141360,68.682399
230.373792,13.177759,67.717798
230.547697,13.204096,67.111569
231.091351,13.199764,66.578539
231.175445,13.069709,65.973011
231.059790,12.904010,64.372676
231.181829,12.990559,63.947304
231.245718,12.957991,63.863177
230.839537,12.849071,63.333423
231.060930,12.758683,62.329950
231.068583,12.772208,62.303421
231.397620,12.690371,61.533318
230.992963,12.196790,61.226782
231.296975,12.145864,60.743486
231.597009,11.766114,59.847855
231.494735,11.746039,59.015849
231.093512,11.705112,58.169740
230.627544,11.184774,57.113374
230.538734,11.197135,56.206869
230.622400,11.364227,55.272020
230.080191,11.363793,54.992929
229.993437,11.411129,54.678821
229.963539,11.181741,53.550078
229.688456,10.996417,52.460230
229.791976,10.889990,51.458079
230.114461,10.885489,50.952172
230.130328,10.543261,50.338892
230.361153,10.484428,49.652495
230.499642,10.425560,49.292639
230.236466,10.389539,48.797596
230.544248,10.346552,48.500684
230.256221,10.262440,48.001046
230.046923,10.229585,47.709819
230.262048,10.243493,47.297054
230.153045,10.299206,46.742754
230.230640,10.268754,46.600455
230.230608,10.268674,46.599025
229.518411,10.262636,45.907939
229.374202,10.183527,45.574168
229.338953,10.110459,45.566673
229.138556,10.085905,44.797462
229.361211,10.074275,44.406403
229.606763,10.237339,44.045819
229.828063,10.299362,43.700767
229.866635,10.226755,43.444404
230.133844,10.333354,43.013814
230.318415,10.323269,42.534310
230.470040,10.270655,41.840421
229.966411,10.052841,40.812951
230.189968,10.044105,40.124848
230.495601,9.879254,39.590328
230.557853,9.855381,39.499189
230.613609,9.833856,39.410539
230.631167,9.846589,39.403063
230.570380,9.886989,39.297345
230.707832,9.894681,39.167562
230.214551,9.876520,38.593846
230.273710,9.823352,38.384572
230.263185,9.760481,37.817949
229.796687,9.704924,37.289478
229.851137,9.797507,37.171318
229.902232,9.778411,37.102344
230.021836,9.821612,36.794661
229.849240,9.690401,36.392644
229.865508,9.568397,36.013798
229.758698,9.312640,35.502300
229.571407,9.279503,35.522896
229.680044,9.422323,35.179944
229.557782,9.363220,35.073735
229.312629,9.471474,34.648838
228.944222,9.525874,34.031772
228.832358,9.536648,33.625730
228.739682,9.576926,33.387112
228.558939,9.561623,32.898970
228.625229,9.578747,32.805549
227.960479,9.686094,31.731264
227.005717,9.394931,31.147052
227.101419,9.295595,30.889370
227.025050,9.193951,30.580114
227.169333,9.106796,30.101359
227.331061,9.060355,29.925964
227.601014,8.988371,29.638281
227.371693,9.044757,29.118060
227.483511,8.992440,28.895003
227.219293,8.937011,28.407223
226.931108,9.014538,27.977868
226.813452,9.047165,27.515500
226.733201,9.101584,26.948392
226.749467,9.122019,26.817775
226.667540,9.017300,26.375568
226.814267,9.067937,26.215543
226.591036,9.071272,26.338537
226.137933,9.063359,25.984264
225.908146,9.029299,25.936977
225.697960,9.032606,25.993592
225.614169,9.032141,26.071086
225.524067,9.040556,26.147233
225.105063,8.962163,25.792090
224.765041,8.977377,25.890177
224.498935,8.999336,25.804029
224.167280,9.037642,25.709667
224.119295,9.037813,25.726753
223.796244,9.121110,25.738680
223.721195,9.205248,25.746473
222.945043,9.067443,25.631152
222.815429,9.089850,25.733883
222.610467,9.111079,25.713702
222.580807,9.118624,25.735731
221.652384,9.082491,25.329007
221.317409,9.084906,25.209272
221.249418,9.044416,25.124486
221.214897,9.013178,25.149432
221.398035,9.052222,24.928646
221.294030,9.076933,24.565260
221.131459,9.238662,24.339394
220.334795,9.176089,24.492505
219.861978,8.735489,24.257878
219.335432,8.747613,24.183670
219.133461,8.718480,24.265172
218.475544,8.683470,23.972017
218.042346,8.614634,23.832002
217.632107,8.615744,23.550199
217.333835,8.676351,23.595183
216.484022,8.670966,22.828352
216.482328,8.643890,22.707221
216.356588,8.756580,22.697536
215.552940,8.793265,22.308704
215.507907,8.826624,22.293679
214.796631,8.808495,22.216473
214.760025,8.792329,22.175077
214.024138,8.863741,22.169951
213.837179,8.737406,22.029394
213.612035,8.643690,21.868704
212.888865,8.634851,21.779985
212.821498,8.667298,21.725893
212.814158,8.642104,21.654255
212.591980,8.685489,21.744703
211.618464,8.695486,21.914085
211.289515,8.754575,21.841892
210.265766,8.695519,21.511304
210.013400,8.643858,21.462723
209.220050,8.589110,21.280000
208.896122,8.538477,21.318863
208.308558,8.483501,21.103024
207.902351,8.546899,20.906089
207.733672,8.526162,20.988813
206.904915,8.430909,20.890319
204.892831,8.371281,20.760666
204.659673,8.317667,20.730612
204.278663,8.330005,20.475733
204.276897,8.329819,20.476192
204.245643,8.340346,20.503236
203.288418,8.420443,20.329290
203.216295,8.400567,20.381842
203.069699,8.404137,20.424895
201.968265,8.216899,20.039643
201.496139,8.227683,20.108655
201.180139,8.296196,19.958576
200.075647,8.234031,19.714239
199.721757,8.174629,19.571937
199.197995,8.178933,19.760682
198.896719,8.132416,19.689833
198.577101,8.046086,19.831732
198.343898,7.855130,19.912385
198.337322,7.850277,19.900412
197.923928,7.832901,19.566309
196.395591,7.091337,19.018943
196.013915,6.931960,18.663320
195.626415,6.981391,18.780888
195.506860,6.863563,18.828593
195.083304,6.943383,18.932779
193.826399,7.326235,18.588681
192.891856,7.353462,18.354128
190.672418,7.457754,18.161208
189.623020,7.440867,18.115679
189.152459,7.494808,18.256622
188.679393,7.494117,17.993576
187.701763,7.505769,18.285660
184.744223,7.357183,18.373099
183.349900,7.332656,18.413130
182.223416,7.270102,18.578743
182.198010,7.196801,18.516587
181.500382,7.167646,18.773652
180.861170,7.126133,18.960845
180.362032,7.260647,18.902440
180.173878,7.437914,18.906279
179.867740,7.454577,18.992218
179.465351,7.413831,18.926707
177.990967,7.402385,19.085896
177.982270,7.406913,19.097358
177.065444,7.373595,19.236269
175.638155,7.353927,19.133724
174.922453,7.436072,19.306000
174.405930,7.527047,19.324766
173.353512,7.498767,19.179067
173.451497,7.657096,19.114092
173.272789,7.686786,19.174714
172.839069,7.692016,19.257758
172.828035,7.697815,19.271532
172.181772,7.784853,19.001473
171.677534,7.832054,18.938517
171.244338,7.867392,18.903147
170.938645,7.838677,19.253826
170.865276,7.976620,19.132650
170.426999,8.038860,19.207421
169.905721,8.159201,19.328903
169.366379,8.206326,19.422037
168.977959,8.239282,19.517087
168.976622,8.239259,19.517035
168.550397,8.274029,19.591554
166.985595,8.193601,19.957151
165.874410,8.180479,20.071996
164.231006,8.120223,20.082371
164.229477,8.120109,20.082404
163.324864,8.188416,20.239082
161.931533,8.410427,20.532296
161.477345,8.455375,20.631654
160.889787,8.483920,20.712146
159.980099,8.675636,20.940753
160.005287,8.533005,20.758719
159.062601,8.477301,21.142277
158.070297,8.576697,21.158369
157.222711,8.541181,20.906524
155.521628,8.775586,21.140907
155.133562,8.882797,21.034371
154.120343,9.003119,20.727800
151.010535,9.091471,20.500601
150.480025,9.026764,20.532683
147.845094,9.258536,20.468431
146.090825,9.239016,20.589153
145.190447,9.289502,20.753973
145.186710,9.288473,20.767180
143.386189,9.316535,20.727566
142.328197,9.520570,20.820114
141.611154,9.557780,20.799932
140.235199,9.702333,20.954827
140.262489,9.883381,20.761599
139.082267,9.955320,20.565062
137.701708,9.950326,20.564775
136.979138,9.977985,20.592502
136.913689,9.955649,20.537208
136.475624,10.013387,20.602739
136.307132,10.060552,20.524427
136.273287,9.954108,20.453199
136.239305,9.966083,20.370449
136.138843,9.994798,20.074639
134.887019,9.874955,20.102181
134.286014,10.052266,19.957339
134.050064,10.099602,19.922143
133.237227,10.147098,20.158423
132.617281,10.193433,20.220264
132.599301,10.204758,20.242809
131.657617,10.278527,20.057385
131.038505,10.213089,19.998557
130.577478,10.304243,19.957439
130.234622,10.254630,20.042213
129.564128,10.691497,19.852822
129.138984,10.800038,19.607917
128.514919,10.855896,19.764818
128.105637,10.863929,19.668893
128.238216,11.068747,19.516067
127.797023,10.996063,19.557394
126.772711,10.877394,19.499249
126.653312,10.928099,19.521217
126.178496,10.967964,19.758833
125.150146,11.020244,19.701589
124.932277,11.149563,19.877226
124.343936,11.215170,20.072305
123.668277,11.249827,19.929064
123.681475,11.300582,19.893598
123.665449,11.311657,19.914171
123.360839,11.278693,19.907591
122.686469,11.497106,20.143604
121.448275,11.549962,20.073288
120.431282,11.812490,20.250261
120.199479,11.792918,20.344524
119.884426,11.761510,20.296104
119.881584,11.758016,20.315784
119.867885,11.754027,20.365853
119.401584,11.700059,20.410504
119.065702,11.896493,20.128450
118.404216,11.816025,20.149828
117.929991,12.018334,20.224047
117.712923,12.065688,19.915497
116.920248,12.145551,20.027767
116.309767,12.076669,20.068668
114.863137,12.219534,19.771379
114.337071,12.297202,19.852078
113.828112,12.261137,19.580688
112.941303,12.311089,19.506936
111.870588,12.580771,19.665586
111.474576,12.663000,19.540287
111.467840,12.656030,19.529864
110.666602,12.661803,19.472030
110.203249,12.755338,19.118725
109.933664,12.797387,19.192350
109.539179,12.917581,19.231480
108.802094,12.981144,19.276703
108.464263,12.961886,19.255631
108.186458,12.911573,19.257677
107.852702,12.946899,19.116164
107.328141,13.305027,18.746075
106.946556,13.232049,18.768603
106.471934,13.269963,18.594669
106.238856,13.249159,18.593800
105.561564,13.319025,18.588235
105.198041,13.354325,18.587806
103.908120,14.057654,18.473117
103.676983,14.029203,18.525799
103.058976,14.168939,18.419028
102.784614,14.121016,18.437277
101.894074,14.614722,18.484327
101.186843,14.873111,18.465930
100.552229,15.071971,18.522500
99.977987,15.128919,18.534882
99.441562,15.238689,18.167973
98.678721,15.672150,17.977730
98.365010,16.101841,17.628413
97.897749,16.324763,17.606124
97.570446,16.523012,17.502819
97.050343,17.012427,17.239342
96.966426,17.505799,17.270071
96.773382,17.624125,17.231487
96.331322,17.777162,17.369004
95.981158,18.242318,17.232964
95.599192,18.264210,17.030986
94.882976,18.473091,16.992184
94.540506,18.587407,16.962239
94.360356,19.033660,16.664279
94.184650,19.191085,16.347345
94.504208,19.543682,16.219956
94.791046,20.326029,16.175873
95.264877,20.390602,16.041767
95.990141,20.712647,15.859487
96.606672,20.974148,15.813219
96.892791,20.979545,15.810963
97.511587,21.326759,15.650320
98.351920,21.663367,15.482330
98.474046,21.830376,15.455330
98.937258,21.898692,15.381005
99.238064,22.528197,15.163196
99.331842,22.676287,15.221214
99.720962,22.633856,15.145648
100.397572,22.708503,14.962838
100.639084,22.920381,14.791010
101.319551,23.202215,14.701454
101.601723,23.451748,14.696308
101.801822,23.586545,14.511824
102.078303,23.815188,14.387452
102.275301,23.830876,14.421083
103.060355,23.890670,14.381315
103.428413,23.978941,14.395904
104.198435,23.927026,14.209512
104.661480,24.159332,14.048033
105.039327,24.367171,13.980642
105.697683,24.649932,13.781899
106.253062,25.198624,13.713155
106.664437,25.290722,13.374469
106.902337,25.658501,13.302722
107.013428,25.671262,13.333457
107.554969,25.768895,13.351296
108.195623,26.106114,13.255804
108.530741,26.294310,13.228656
108.775523,26.866971,13.151554
109.356906,27.065435,13.038827
110.109193,27.150826,12.839732
110.705684,27.161454,12.850438
110.774616,27.339662,12.787605
111.989200,27.608150,12.564299
112.033636,27.750389,12.538688
112.444641,27.871076,12.447003
112.866593,28.031161,12.472403
112.870018,28.031595,12.472393
113.980243,28.353791,12.466968
115.298553,28.694796,12.536830
115.411899,28.641587,12.555235
115.456933,28.621457,12.556339
116.869457,29.292029,12.135297
117.504120,29.501287,12.223963
118.664299,29.734278,12.163398
119.707232,30.134946,12.134738
119.979407,30.527915,11.720001
120.177488,30.582268,11.639157
120.928573,31.317775,11.743628
121.437757,31.765278,11.513097
121.568226,32.363980,11.776993
122.287567,32.571549,11.836958
123.112061,33.085446,11.831213
123.534060,33.433580,11.856790
123.751498,33.914183,11.842296
123.905954,34.178805,12.136969
125.086724,35.166688,11.797717
125.979751,35.716892,11.817225
127.180434,36.070122,11.755797
127.185583,36.066194,11.757231
127.181750,36.111702,11.764591
127.666775,36.413080,11.553022
128.120953,36.747884,11.567410
128.667069,37.396687,11.669979
129.265853,37.705779,11.408935
129.650077,37.808299,11.461781
130.332357,37.941683,11.495184
130.175037,38.791767,11.616284
130.662306,39.346331,11.329514
130.943354,39.497108,11.291779
131.433700,39.527419,11.360945
132.434647,39.886321,10.875965
133.810315,40.317573,10.972214
134.260807,40.630727,10.916193
134.033389,40.892796,10.711583
134.859367,41.235711,10.810780
135.330783,41.415496,10.833961
135.477013,41.378696,10.841715
137.859736,42.345867,11.224933
138.091532,42.542645,11.163784
138.219860,42.522094,11.142966
138.834481,42.600993,11.190703
139.352724,42.779095,11.239499
139.294880,42.862226,11.225467
139.414573,43.142214,11.396021
139.431815,43.140438,11.404320
139.432751,43.141040,11.404137
139.656635,43.775008,11.400470
139.657689,43.775535,11.400304
139.857412,44.106452,11.231104
140.547417,44.014497,11.210708
140.716844,44.316367,11.000159
141.956358,45.016521,11.096999
141.957286,45.017135,11.096918
142.336265,45.632062,11.038751
142.557172,46.655269,10.952977
142.781204,46.654134,10.950200
143.146225,46.873989,11.054839
143.147105,46.874636,11.054754
143.147930,46.875330,11.054661
143.174384,46.941534,11.028836
143.321954,47.173777,10.869525
143.161750,47.435518,10.768699
144.284195,48.554156,10.336661
144.608146,48.791511,10.387039
144.840064,49.332446,10.355460
145.217563,49.855578,10.263964
145.351383,50.245536,10.178938
145.842747,51.433106,9.879739
145.543667,51.988140,10.053321
146.688460,52.466695,10.146102
147.383179,53.598493,10.457469
148.333138,54.413467,10.067005
149.176845,54.684830,10.140261
149.886760,55.161307,9.736418
149.612586,55.995605,9.810607
149.872457,56.637206,9.822126
150.236525,57.864506,9.776670
150.886913,58.390964,10.110501
151.822262,59.449788,10.157931
154.440740,60.134785,9.978876
154.345748,60.542289,9.959773
154.797526,60.853415,9.899953
154.827960,61.233774,9.865448
156.016587,61.426497,9.950990
157.189556,61.628070,9.823580
157.201907,61.628898,9.830934
157.649654,63.723732,9.671903
158.106386,64.706060,9.449061
159.057350,65.492847,9.330408
159.660106,66.035492,9.320893
160.691766,66.350145,9.411014
161.794580,67.052778,9.504296
163.199532,67.562361,10.141320
163.595805,68.662812,10.026907
163.537592,69.085352,10.121761
163.537048,69.096829,10.125754
163.541275,69.094665,10.128822
163.955042,70.102209,10.084765
164.225985,70.858936,10.022597
166.328663,73.051927,10.186284
167.193667,74.547994,10.087583
167.663030,74.766813,10.017171
168.012292,75.189744,10.056430
168.614724,76.553396,10.600835
168.323114,76.974775,10.667507
168.321599,76.978644,10.665384
168.226835,77.068378,10.596143
168.226688,77.070039,10.596624
168.764326,77.759705,10.506314
169.206539,78.983457,10.718222
171.094692,80.429196,10.742736
172.003583,80.947784,10.884451
172.005149,80.948063,10.884117
172.130201,81.605965,10.830821
173.200705,82.448825,10.743286
173.289882,83.138766,10.749035
174.323055,83.579733,10.826239
174.492173,83.584722,10.822501
175.527826,84.577999,10.841793
175.532951,84.575620,10.840180
176.462286,85.406149,10.534395
176.389429,85.903039,10.460607
176.509285,87.239496,10.531246
177.464278,88.693686,10.214761
178.371940,89.393627,10.472213
178.080725,90.157339,10.751884
178.143442,91.557380,11.039328
178.143802,91.807614,11.098528
178.146297,91.857629,11.117297
178.804702,92.663740,11.498401
178.524160,93.045780,11.579384
179.288407,93.960028,11.691763
179.755089,94.645247,11.612766
180.656827,97.172615,11.804301
181.639660,97.764608,11.798446
181.644186,97.762665,11.799631
183.020503,98.696697,11.956937
183.049985,98.680336,11.964727
183.858546,99.200535,12.073113
183.944480,99.179618,12.026239
184.940574,100.599396,12.033380
184.918200,100.752149,12.474580
184.935560,101.685291,13.014565
185.114759,101.694920,12.983585
185.842525,102.249640,13.597463
185.914385,102.726162,13.720839
185.869647,103.151863,13.631093
185.870954,103.152528,13.630831
185.952586,103.312553,13.751192
186.922696,103.878277,13.833189
186.923463,103.878888,13.832875
186.881323,103.953312,13.799468
186.963336,103.992211,13.767812
188.366595,104.921682,13.786947
188.323562,105.004247,13.747223
188.465270,105.013901,13.706766
188.929696,106.017150,13.661179
188.959125,106.712111,13.697536
189.031570,106.976230,13.606094
189.380661,107.777113,13.822820
189.280952,108.722245,14.054979
189.332531,109.149324,14.130230
189.061547,109.529960,14.212075
188.900603,110.165941,14.355090
189.219268,110.762593,14.809359
189.755027,111.500644,14.858213
189.936337,111.564034,14.753499
189.664090,111.967111,14.836165
189.315419,112.024755,14.822893
190.014867,112.644484,14.813313
190.436636,113.868674,14.685243
190.104567,114.346395,14.722620
191.074531,116.308297,16.020426
193.293560,117.261257,16.312548
193.297311,117.260641,16.316329
193.303661,117.256968,16.318326
193.873134,117.990568,16.516158
194.109752,118.069981,16.686786
194.141707,118.735223,16.863361
194.207479,119.018687,16.959989
194.371881,119.142683,16.885993
194.373145,119.143210,16.885967
194.355378,119.163789,16.885524
194.130062,119.562124,16.901785
194.297102,119.785075,16.974075
194.748202,120.440165,16.879510
195.029960,121.213587,16.749531
196.477492,122.790479,17.172044
197.402719,123.306128,17.287868
197.464813,123.283473,17.287606
197.505234,123.266199,17.290190
197.874574,123.969409,17.178983
198.088576,125.175865,17.962272
199.004417,125.774761,18.002974
200.232593,127.204256,18.095152
200.165804,127.313821,18.110289
200.160574,127.481006,18.097286
200.078768,128.996345,18.229089
200.634419,130.067617,18.190924
200.804263,130.356762,18.051029
201.057975,131.032632,17.938783
201.263142,131.230168,18.425511
201.198068,131.539318,18.343095
201.220067,131.745021,18.816176
201.949671,132.930084,18.843929
202.565233,133.700821,19.037268
202.530822,133.791087,19.008247
203.087840,134.553588,19.119412
203.086967,134.624030,19.081460
203.606477,134.846427,19.210524
203.965184,135.327397,19.283908
204.117640,136.414748,20.246362
205.034479,137.302317,21.049266
205.366281,138.062436,21.514109
205.776671,139.344546,21.424046
206.504369,140.485786,21.994208
206.486179,140.496510,22.000868
206.483324,140.498916,22.001366
206.475083,140.607186,22.059155
206.456468,140.796645,22.088874
206.252531,141.149440,22.089539
206.329256,141.171663,22.056959
206.403958,141.168377,22.095421
206.388828,141.845239,22.014723
206.143871,142.391474,22.296070
206.477750,143.514803,23.287214
207.453620,144.287702,23.277779
207.422639,144.311941,23.281257
207.811089,144.849563,23.096446
207.990742,144.920312,23.036925
208.066764,145.042289,23.161290
208.350995,146.101999,23.186829
209.276483,146.873225,23.219455
209.131542,147.354510,23.748690
209.888900,147.832400,23.821394
210.353254,148.282729,23.711310
210.155347,149.056948,23.917466
210.197992,149.049009,23.890345
210.953124,149.472274,24.176364
210.958058,150.319910,24.134787
211.133238,150.521594,24.041906
211.803514,151.499326,24.414951
211.690842,151.639263,24.276125
212.289858,152.320052,24.197373
213.260469,153.526101,24.573181
213.604122,153.946261,24.522435
214.241301,154.385821,24.376145
214.791711,154.942410,24.518346
214.545184,155.238919,24.611767
214.568080,155.859278,25.465275
214.558427,155.861744,25.487711
214.826544,156.902077,25.743662
214.713185,157.063646,25.768322
214.762080,157.579569,26.043816
215.165363,158.153046,26.155850
215.562472,159.098466,26.228599
215.546162,159.102737,26.238878
215.640296,159.776321,26.434938
215.786973,160.217881,26.343815
216.013965,160.836566,26.364836
216.147430,160.925669,26.483367
216.086004,161.457532,26.504335
216.519602,162.056384,26.537024
216.520700,162.057043,26.538737
216.523293,162.057008,26.542592
216.203910,162.370759,27.083201
216.170085,162.392564,27.079349
216.106880,162.450151,27.135193
216.186798,162.698076,26.896590
217.088966,163.405883,26.989946
217.125235,163.418359,27.069056
217.123758,163.427335,27.080492
217.240740,164.356044,27.152738
217.027914,165.226614,27.251731
216.843188,165.322062,27.322703
217.357118,166.242273,27.538068
217.808568,167.417091,27.832257
218.672901,168.226250,28.006585
218.717313,168.492097,28.137560
219.061088,169.132932,28.228468
219.139116,169.383449,28.402154
219.165169,169.385991,28.369633
219.101435,169.518011,28.372111
218.989359,170.385822,28.151228
218.984153,170.661692,28.182698
218.957962,170.686000,28.190243
219.071169,170.861290,28.112665
219.060498,171.048265,27.985625
219.175359,171.353169,27.840890
219.666091,171.916849,27.918836
218.997741,173.168331,28.076145
218.371955,175.132204,28.413865
218.233675,176.438765,28.404169
218.200528,176.445278,28.422610
217.964551,176.952288,28.252576
218.019739,177.055066,28.209735
218.014689,177.419481,28.332129
218.750526,178.239071,28.311227
218.663993,178.354745,28.424076
218.778499,178.815292,28.723723
218.808346,178.880920,28.734767
218.721681,179.278712,28.865784
218.697665,179.315041,28.837415
218.550590,179.856164,28.904477
218.497647,179.980710,29.636646
218.238867,180.328739,29.475662
218.271062,180.922972,29.460767
218.311115,181.379692,29.779810
218.334321,181.421058,29.807548
218.283459,181.610938,29.746640
218.410247,182.744854,29.867224
218.468903,182.778151,29.963098
218.421673,183.177718,29.860655
218.248988,183.263641,29.833087
217.867418,183.751841,30.076038
217.517289,185.032154,30.306191
217.719334,185.302929,30.211588
217.476200,186.021514,30.287353
217.443479,186.035183,30.274630
217.451104,186.100042,30.267138
217.786868,186.636962,30.285079
217.814444,186.649074,30.302657
217.731836,187.360990,30.159586
217.472201,188.093036,30.272225
217.430148,188.110846,30.269987
216.833415,189.382359,30.344032
216.763820,189.747172,30.240872
216.777630,189.959452,30.159302
216.700525,190.029873,30.233039
216.691603,190.438224,30.514892
216.852301,191.231886,30.510527
216.786660,191.901905,30.553558
216.797113,191.908126,30.545853
216.866759,191.994784,30.492018
216.987037,192.172814,30.459799
216.630298,193.154162,30.920682
216.397505,193.783784,31.049336
215.929885,193.758613,31.162282
215.283332,194.967228,31.132216
215.329206,195.232610,31.016332
215.130151,195.591352,31.075269
215.073556,195.619057,31.061492
215.062537,195.614274,31.067703
214.738070,195.524601,30.919584
214.661706,195.688466,30.974561
214.692689,195.736015,30.950031
214.391307,196.499952,30.982875
214.344942,196.797072,30.890057
214.102481,197.148920,30.954331
213.744129,197.518598,30.884035
213.092385,198.226183,30.997501
212.841246,198.438485,31.018935
212.459624,199.378467,31.010909
212.393105,199.413373,30.995219
211.834596,200.204901,30.988565
211.654607,200.411779,30.995434
211.688561,200.455429,30.971496
211.030220,201.122260,31.167600
211.340329,201.332144,31.312082
211.082285,201.992014,31.888666
210.562870,202.524339,31.369366
210.492824,202.894599,31.520536
210.262307,203.170761,32.231140
209.309527,203.642714,33.157585
209.249452,203.891193,33.078623
209.237979,203.880184,33.084639
209.027632,204.358313,32.982036
208.656687,204.877929,33.126254
208.035111,205.214860,33.039162
207.956058,205.369981,33.470180
207.912918,205.324604,33.497849
207.392053,205.553683,33.348385
207.384356,205.549437,33.342380
206.990252,205.887026,33.203924
206.751557,205.979423,33.218621
206.507415,206.256623,33.589305
206.152856,206.481989,33.404716
205.836078,206.719662,33.551554
205.672574,206.613810,33.644882
205.451160,206.749506,34.020489
205.176273,207.060642,34.192838
204.867040,207.206938,34.339330
204.867285,207.229212,34.322677
204.760640,207.344256,34.540749
204.444565,207.448938,34.751503
204.436625,207.533672,34.882542
204.433534,207.563933,34.860678
203.908594,208.049240,35.672062
203.316920,208.076136,35.994919
203.066112,208.031813,36.019206
202.458260,208.667271,36.010901
202.011622,208.928980,35.829642
201.814071,209.298763,35.887043
201.523081,209.396464,35.968495
201.526389,209.414596,35.952758
201.361058,209.452709,35.735751
200.917428,209.546738,35.988896
199.787608,210.726339,36.030254
199.066254,211.182851,36.607750
199.005023,211.168500,36.570163
198.919729,211.057591,36.811660
198.728366,211.009645,36.882017
198.412094,211.184400,37.002873
197.840963,211.818454,37.038930
197.459441,212.042842,37.084412
197.186463,211.993483,37.465448
196.830338,212.538073,37.782280
196.191167,213.067389,38.322136
196.026366,213.075296,38.691600
195.875136,213.390830,39.327815
195.872393,213.380878,39.341039
195.872871,213.381882,39.343877
195.666741,214.118671,39.294050
195.537149,214.050461,39.642864
195.554285,214.064585,39.693760
195.560726,214.070609,39.705512
195.137808,214.371178,39.352075
193.601329,214.500863,39.972201
192.729502,214.433529,40.670132
192.462623,214.451543,40.861402
191.265367,214.711876,41.019123
190.793862,215.176440,40.803307
190.623939,216.029683,40.335745
190.197967,216.368819,40.337923
189.158046,216.762641,40.712416
188.721920,216.761004,40.698850
188.501673,216.646025,40.858927
188.442630,216.680164,40.761959
187.592156,217.036391,40.850330
187.168131,217.317988,41.115508
186.842642,217.409966,40.804260
186.382806,217.878586,40.625578
186.390624,217.886204,40.666361
186.214389,218.081640,40.886193
185.664944,218.115559,41.067785
185.173562,217.980140,41.059217
185.176907,217.997120,41.080501
184.755358,218.175367,41.354853
184.411488,218.462863,41.894445
184.070517,218.735831,42.454780
182.966429,218.264561,42.445827
181.840826,218.377903,42.232968
181.637411,218.284904,42.427379
181.279193,218.303562,42.238337
180.409954,218.460174,42.452960
180.139543,218.459338,42.262263
179.675594,218.583856,42.329757
179.145633,218.815461,42.669786
178.362816,218.825602,42.846311
178.240901,218.938427,42.816823
178.106136,219.009679,42.879070
177.307644,219.045156,42.796879
176.714182,219.226582,42.506115
176.182613,218.719902,42.716059
176.057865,218.841629,42.684847
175.559256,219.096989,42.461482
173.970806,219.635781,43.051501
173.315476,219.862335,42.982444
173.314708,219.863740,42.988220
172.679129,220.123770,43.285774
171.944859,220.218707,42.908994
171.907029,220.166124,42.964354
171.426987,220.316947,42.821505
170.576278,220.978243,42.071878
170.351114,220.877806,42.088557
169.904351,220.856211,42.181966
169.824554,220.782853,41.836290
169.721219,220.697023,41.940250
169.719695,220.695948,41.939235
169.075141,220.978998,42.100024
168.558827,221.165660,41.976689
168.209850,221.081156,42.251657
168.209093,221.083098,42.253531
167.398057,221.619875,42.299314
167.229200,221.715638,42.369661
167.224179,221.729411,42.346669
166.998937,221.799901,42.397682
166.582052,222.219358,42.335235
165.820466,222.003771,42.448570
164.353304,221.271244,42.205760
164.186749,221.399833,42.170450
163.839329,221.522414,42.031889
163.808084,221.606457,42.304469
163.480602,221.833732,42.176232
162.789705,221.856129,41.955617
162.309169,222.296953,42.225360
162.286922,222.326366,42.220503
162.101864,222.207505,42.371127
161.872609,222.347402,42.365767
161.398769,222.103072,42.771954
160.726186,222.119885,42.594099
160.265051,221.986645,42.325074
158.800104,221.930434,43.240054
158.622065,221.999028,43.389329
158.156203,221.820231,43.307491
157.868881,221.822117,43.476467
156.813144,221.854412,43.843615
156.485166,221.897543,43.908845
155.825204,222.046659,43.696204
155.538493,221.899148,43.627869
153.540671,222.382117,43.682387
153.354102,223.079590,43.640055
152.195090,222.772108,43.582544
152.138135,222.854962,43.765221
150.625712,221.596878,44.038102
150.501583,221.533647,44.543432
149.959251,221.499992,44.405616
149.959680,221.493030,44.414596
149.750298,221.540994,44.431654
148.858438,220.932786,44.025873
148.846705,220.895063,44.079800
148.179475,220.987197,44.322326
147.761397,221.214332,44.461749
146.774748,220.846540,44.929837
146.341098,220.779473,44.819446
145.792150,220.529673,44.713037
145.306406,220.446825,44.998084
143.355915,219.927196,45.609427
143.353592,219.919871,45.601957
142.671053,220.235738,45.240456
142.187916,220.214811,44.939677
141.442030,220.224391,45.614004
141.269380,220.055970,45.484498
140.646923,219.820351,45.799373
140.148459,220.038975,46.314583
139.213884,220.069285,47.208430
136.970419,219.799296,47.697134
136.969614,219.799175,47.698595
135.570197,219.217990,48.470538
135.053172,219.501417,48.455010
135.052881,219.514566,48.477245
134.664613,219.916345,48.585775
134.034557,219.528185,48.963127
133.733333,219.398151,49.445786
133.694327,219.458522,49.479102
133.689341,219.462118,49.489120
133.197742,219.531402,49.665804
133.131962,219.443734,49.591066
133.115202,219.464944,49.780202
132.246776,219.415552,48.852909
130.317999,218.842220,49.092076
129.662771,218.889859,49.740279
127.611824,217.102178,49.304180
126.549966,216.522427,49.311386
125.789718,215.958371,49.042249
124.327337,215.616972,49.519871
123.746171,215.778251,49.224684
123.308218,215.565220,49.163163
122.482557,215.507606,49.084569
121.794435,215.044668,49.264508
120.062877,214.696165,49.838644
118.064779,213.481221,50.260918
118.060268,213.469537,50.248901
116.992849,212.927957,50.190457
115.733427,213.465847,49.986463
114.890311,213.739899,49.593901
114.850820,213.759385,49.582565
114.191162,213.502554,50.054852
113.729334,213.743692,49.947690
113.229524,213.870676,49.801683
112.425113,214.100925,49.839117
112.305593,214.204100,49.905289
112.296963,214.221678,49.876267
111.669163,214.295173,49.770242
110.488365,214.259118,50.628323
109.668485,214.520834,51.395690
109.172670,214.351468,51.806144
109.154083,214.290478,51.785618
107.670579,214.884739,51.531933
107.180998,214.247540,51.493271
106.117303,213.646630,51.031909
105.838396,213.798263,50.996709
103.684179,213.215692,51.628564
102.550166,212.641715,51.624582
100.659641,212.769982,52.457551
99.638457,212.758991,52.955084
97.998007,212.599482,53.626781
96.583180,213.089612,53.997366
96.351238,212.847588,54.180073
95.891091,213.076341,54.500915
94.772674,212.884257,54.624845
94.390616,212.697802,55.012885
93.442243,212.182748,54.341311
92.585834,212.004687,54.239301
92.186814,212.125480,54.301005
90.451418,212.169999,55.510252
89.760157,212.389671,54.918020
87.118641,211.948892,55.413186
86.352794,211.887817,55.335787
86.165691,211.545559,55.420473
84.884254,211.759791,56.878116
84.375051,211.351811,56.669687
83.535985,210.916556,56.283402
82.155562,210.617320,55.983656
81.118990,210.263182,56.813346
80.656028,210.012400,56.453666
79.032980,209.578384,57.306800
78.312749,209.881158,57.556763
77.988222,209.565661,57.527337
77.777334,209.334648,57.811618
77.023274,209.480623,57.636968
76.447926,208.563669,57.505736
76.241896,208.501984,57.354617
75.520570,208.104520,57.314378
74.503880,207.484418,57.383927
72.951541,207.826904,58.019418
72.296922,207.199713,58.136052
71.716067,207.071602,58.013620
70.910127,206.169685,57.820647
70.085231,206.056130,58.345301
69.657724,206.145431,58.469864
69.291106,206.165101,58.453762
68.785752,206.485308,58.847011
68.100573,206.496262,58.936756
67.138157,205.967307,58.568954
66.936953,206.089745,58.892407
66.860085,205.975007,58.711264
66.226532,206.339480,58.983264
65.391217,206.251761,59.450029
65.054773,206.428627,59.807848
63.918224,206.271965,59.472374
63.024919,206.173800,59.776107
61.563158,205.953722,59.757282
60.723538,205.634112,60.098106
58.851408,205.159979,59.861357
58.514297,204.461108,59.640218
57.688201,204.420101,59.256285
57.079896,204.448628,58.759799
57.040711,204.344335,58.778328
56.641041,204.577410,59.114477
55.909895,204.029418,58.907147
54.589003,203.727199,58.844171
53.113247,203.595209,58.598592
52.274231,203.260452,58.370969
51.716212,203.607514,58.618049
50.807704,202.879602,58.244752
50.405436,203.097184,58.338244
50.380806,203.040664,58.334267
49.732295,203.379950,58.977611
48.690998,202.864669,59.392047
47.888035,202.732831,58.962699
46.856351,202.885559,58.848429
46.517381,202.691216,59.007243
45.923590,202.578196,59.374251
45.705462,202.371174,59.246447
44.954894,202.587145,59.271747
44.247079,202.126397,58.761396
43.290306,202.559923,58.783247
42.714294,202.744733,58.587940
42.205844,202.405442,58.459486
41.654882,202.236818,58.201013
41.561076,202.328007,58.268987
41.375693,202.495038,58.214272
41.236336,202.665993,58.389495
41.239860,202.692431,58.387429
40.714705,203.136468,58.272941
39.280307,203.625050,57.485493
38.946139,203.885720,57.801747
38.013400,204.418521,58.358128
37.011061,204.686936,58.391451
36.093771,204.708735,58.173649
35.416858,204.748388,58.038099
34.719436,205.000794,58.129096
34.185699,204.966621,58.320266
33.911187,204.741360,58.390820
33.015383,204.747875,58.114411
32.788428,204.712395,58.166594
32.510646,205.052978,58.250008
31.940486,205.319336,58.221780
31.921758,205.320319,58.080768
31.818939,205.611791,57.816508
31.601167,205.785689,58.214636
30.969648,206.553638,58.078596
30.467943,207.293451,58.093621
28.936652,207.108395,57.298812
28.377781,207.568567,57.457944
27.987909,208.193740,57.510564
27.603578,208.299614,57.530782
26.657954,207.876483,57.591365
25.629415,208.242115,56.568970
25.294466,208.388567,56.467808
25.127656,208.557630,56.272635
24.765040,208.934240,55.852078
24.766444,208.927826,55.823273
24.606437,209.099778,55.641612
23.975167,209.270722,55.346001
23.688533,209.577382,55.214978
23.508238,209.789871,55.085405
23.389674,209.712355,54.886501
23.432221,209.783885,54.869682
23.453681,209.854357,54.729567
23.358329,210.021563,54.537002
22.987024,209.894940,54.121476
22.629817,209.941178,53.716336
22.570872,210.198000,53.419180
22.380085,210.313377,53.135212
22.240364,210.513362,52.983872
22.004941,210.804617,52.609377
21.882922,210.839905,51.800545
21.735254,210.765716,51.579905
21.216242,210.501560,50.897733
20.743666,210.531728,49.905334
20.517014,210.917460,49.721803
20.150148,211.076598,49.560947
19.958749,210.837453,49.281308
19.819926,210.604707,48.929066
19.695856,210.478903,48.823534
19.497364,210.373919,48.536020
19.232768,210.161742,48.279743
19.303018,210.005730,47.998597
19.195074,210.083404,47.726246
18.745399,210.089103,47.752098
18.742767,210.538225,47.569799
18.612334,211.103912,47.235681
18.505213,211.253850,46.560217
18.467268,211.086893,46.441649
18.263350,210.644412,46.095203
17.987993,210.390459,45.807288
17.797405,210.608538,45.433430
17.815668,210.393303,45.128386
17.608720,210.454375,44.696254
17.691484,210.604021,44.394817
17.592640,210.080885,44.129497
17.339945,210.222394,43.841431
17.324179,210.596596,43.445545
16.862717,210.787286,43.389673
16.709134,211.119696,43.136161
16.531597,210.946012,42.548901
16.450801,210.622715,42.264244
16.494839,210.513425,41.997701
16.462077,210.467493,41.826039
16.445598,210.582092,41.719987
16.480913,210.406569,41.412086
16.302042,210.627307,41.022225
16.187013,210.825844,40.710648
16.252032,210.858942,40.477211
16.298535,210.680156,40.306932
16.246197,210.616017,40.201641
16.177224,210.318274,39.805587
16.162942,209.952937,39.532036
16.025652,209.784957,39.140966
15.899898,209.787420,38.875625
15.837642,209.283915,38.284607
15.870552,209.166384,38.105293
15.742614,209.286076,37.806789
15.651558,209.398255,37.598536
15.393793,208.949057,37.189610
15.290768,208.837803,36.253027
15.128477,208.769580,35.568070
14.875130,208.621942,35.582941
14.717826,208.750603,35.210619
14.462500,208.653856,35.289596
14.399281,209.423897,34.559608
14.394082,209.402044,34.190349
14.310427,209.238221,33.750898
14.264325,209.262048,33.326476
14.094964,209.264039,33.124840
13.745270,209.060976,32.017029
13.622742,208.888089,31.341878
13.101307,208.775108,30.962267
12.992507,208.663187,30.633738
12.886995,210.288311,30.395390
12.907670,210.208903,29.317351
12.846511,210.423319,29.193811
12.529415,210.531309,28.892960
12.498149,210.682764,28.768962
12.059440,211.562408,28.654677
12.143019,212.016355,28.239645
12.072568,212.180506,28.016575
11.908624,212.339698,28.037887
11.868730,212.495200,27.934125
11.736086,212.511743,27.957425
11.487006,212.636843,27.359700
11.580221,212.906845,27.221986
11.407379,213.556797,27.297603
11.096801,214.031843,26.763435
11.103394,213.745477,26.177900
11.031694,213.807213,25.970803
11.058088,214.143333,25.226225
11.042445,213.804427,24.193976
11.189720,213.611230,23.392740
11.107978,213.932620,23.384508
11.109971,214.284283,23.373494
10.993767,214.486374,22.940679
11.063188,214.533503,22.923233
11.003634,214.848962,22.891843
10.903750,215.256241,22.800026
10.941826,215.155587,22.356610
11.044381,216.075400,22.128577
11.065163,216.745751,22.020406
11.105385,216.915179,22.037677
11.064121,217.402800,21.530927
10.979064,217.688856,21.494469
10.754082,218.500460,21.224213
10.626094,218.587886,21.112620
10.569496,219.256472,21.198937
10.557039,219.584625,21.215253
10.621654,219.689751,21.150992
10.647882,220.120843,21.245605
10.648249,220.339782,21.112018
10.716487,220.435226,20.689418
10.670769,220.985789,20.497668
10.781012,221.210824,20.278135
10.689082,221.572735,20.161547
10.695838,221.686590,20.139629
10.755158,222.121461,20.064392
10.781094,222.253482,20.060595
10.804256,222.626415,19.629391
10.805627,222.868207,19.576244
10.783183,222.994332,19.514254
10.780780,223.055958,19.487731
10.823495,223.392028,19.509558
10.704188,223.573286,19.546938
10.637488,224.274381,19.619410
10.614218,224.291354,19.589938
10.512523,224.600800,19.637452
10.371119,224.762998,19.690651
10.393760,225.344827,19.757768
10.324823,225.762592,19.673667
10.239584,225.978253,19.665703
10.102806,226.482814,19.464982
10.048696,226.758058,19.415125
10.024939,226.764700,19.382664
9.986451,226.893132,19.308184
9.995303,226.953612,19.278232
9.889428,227.071041,19.263332
9.654733,227.107719,19.266880
9.539706,227.273655,18.841070
9.453011,227.464472,18.909361
9.397880,227.568099,18.860563
9.404357,227.677848,18.820703
9.339231,227.897616,18.668614
9.275612,228.087313,18.547566
9.107119,228.331761,18.505902
9.066051,228.682190,18.434864
8.896695,228.861792,18.400023
8.876372,228.954672,18.340629
8.798728,229.005498,18.273548
8.781729,229.191594,18.238056
8.593566,229.257895,18.251754
8.348955,229.588241,18.243970
8.312927,229.674450,18.183782
8.174523,229.771149,18.066442
7.969412,229.435621,18.102511
7.990181,229.373583,18.154293
7.774257,229.299238,18.408433
7.583611,229.075429,18.192760
7.489332,228.938983,18.424796
7.372701,228.792357,18.592062
7.121183,228.765595,18.842525
6.972442,228.631857,19.010148
6.954689,228.553622,19.081452
6.974963,228.480992,19.139130
6.925507,228.390479,19.209046
6.837591,228.384341,19.261855
6.856257,228.448787,19.325640
6.742500,228.320052,19.483003
6.764709,228.362868,19.524181
6.763058,228.276336,19.722820
6.785911,228.179232,19.802463
6.805701,228.108515,19.885635
6.840215,228.174806,20.086291
6.643782,228.135405,20.383236
6.467300,227.994735,20.543765
