3000
3
12.506197,21.739720,219.738260
12.597877,21.708709,219.843782
12.689153,21.612893,219.902153
12.900851,21.820053,219.941726
12.904480,21.835436,219.991529
12.913485,21.819994,220.067718
13.001445,21.755185,220.075314
13.021504,21.735050,220.180153
12.993922,21.663755,220.456059
13.084199,21.702067,220.678501
13.023774,21.762565,220.910554
13.091859,21.672331,221.162161
13.237702,21.673236,221.214241
13.389615,21.566454,221.461211
13.500552,21.418135,221.458484
13.561512,21.350911,221.635640
13.701312,21.247240,221.547412
13.857226,21.217109,221.809700
13.897288,21.154646,222.023274
13.889097,21.147193,222.182104
13.907323,21.099089,222.434226
13.951361,21.011259,222.488902
13.911747,20.959560,222.616669
13.982936,20.885984,222.830656
14.069913,20.783195,222.955545
14.047782,20.749391,223.003381
14.051639,20.753983,223.179215
14.027259,20.696745,223.332152
14.077183,20.589727,223.541637
14.094999,20.549153,223.606785
14.134539,20.456443,223.798974
14.227189,20.423293,223.949865
14.314203,20.429387,224.137321
14.382088,20.755150,224.339814
14.403476,20.766758,224.474822
14.465082,20.835696,224.810095
14.553212,20.920373,225.023019
14.585366,20.958069,225.067452
14.579728,21.007498,225.279691
14.662322,20.977045,225.546599
15.058963,21.143322,225.558784
15.129790,21.664887,225.493585
15.224897,21.712318,225.533069
15.379542,21.839834,225.456746
15.627506,21.968015,225.572181
15.928581,22.014692,225.559812
16.057979,22.066552,225.499877
16.181603,22.035168,225.369184
16.331693,22.040344,225.271588
16.482384,22.241262,225.230222
16.751363,22.368599,225.164734
17.105126,22.650409,225.075566
17.224888,22.723609,224.974127
17.369983,22.854581,224.952964
17.508717,22.918386,224.844768
17.635015,23.048558,224.806168
17.731896,23.109996,224.806595
17.987089,23.154082,224.668673
18.314595,23.280198,224.485119
18.363549,23.783700,224.307716
18.434569,23.900950,224.157394
18.614559,24.066259,223.732620
18.749733,24.427638,223.887422
18.862404,24.772117,223.842042
18.848526,25.345101,223.597109
18.903329,25.577409,223.452250
18.985868,26.148970,223.663564
19.046617,26.353439,223.403699
19.274885,26.925666,223.271763
19.270554,27.102211,223.483420
19.231997,27.225388,223.474569
19.270366,27.413565,223.233750
19.436264,27.553715,223.126784
19.397793,28.338534,223.181539
19.358485,28.476622,223.105063
19.354696,29.082205,223.463935
19.319077,29.148115,223.530099
19.291017,29.247869,223.595159
19.393524,29.335278,223.343225
19.341187,30.037015,223.312740
19.485745,30.163698,223.320506
19.395503,30.268070,223.215088
19.459030,30.511470,223.136314
19.406496,30.627099,223.247222
19.399181,30.726526,223.177880
19.404018,30.963895,223.048446
19.375083,30.984582,223.097402
19.371161,31.158057,222.940882
19.405397,31.095224,223.080984
19.497752,31.461740,223.101455
19.513099,31.834340,223.159278
19.516363,31.831481,223.153786
19.615703,31.850650,223.187964
19.726923,31.888948,223.162875
19.882295,32.062766,223.104283
19.907956,32.757602,223.465594
19.853626,33.400123,223.569841
19.880141,34.525083,223.264127
19.894509,35.411925,223.148106
19.774700,36.122722,223.131643
19.628299,36.414578,223.511091
19.723497,36.639340,223.606564
19.585494,36.884463,223.559982
19.525896,37.006198,223.609327
19.339312,37.274591,223.601471
19.332909,37.274567,223.604894
19.428125,37.695252,224.028607
19.396130,38.292200,223.792140
19.383701,38.892067,223.714993
19.284516,39.171112,223.838076
19.229821,39.856816,223.866810
18.990545,40.117545,224.289459
19.095062,40.739355,224.420561
19.093383,40.738839,224.416391
19.123886,41.242416,224.047060
19.049704,41.352923,223.989410
18.971667,42.301993,223.960410
18.971329,42.302693,223.960525
18.815722,42.600370,224.086219
18.929418,42.910859,223.949562
18.925572,42.911938,223.943457
18.982664,43.071300,223.834683
19.150854,43.149113,224.289181
19.197945,44.374406,225.181229
19.189187,45.418369,225.468433
19.249409,45.490151,225.661453
19.247456,45.490233,225.664282
19.247310,45.583515,225.607804
18.775150,47.724629,225.694998
18.832775,47.913478,225.592920
18.857020,47.919835,225.593354
18.925289,48.425406,225.794504
18.888691,48.453315,225.822250
18.818946,48.967344,225.965815
18.627353,49.812385,225.818823
18.645575,50.143064,225.764736
18.705159,50.348196,225.659444
18.737784,50.603865,225.740959
18.874808,50.780986,225.903610
18.857918,51.198512,226.047891
19.145522,51.588606,226.226250
18.994654,52.209397,226.378119
18.992926,52.210223,226.381430
19.058841,52.431064,226.253604
19.020866,52.722979,226.262198
19.205193,53.392799,225.951446
19.334306,54.159047,225.839290
19.350760,54.648641,225.456618
19.421764,54.870279,225.332697
19.263918,55.375490,225.415327
19.260519,55.375751,225.412117
19.047389,56.112545,225.044664
19.059514,56.415234,224.859209
19.065651,56.417168,224.849155
19.486278,56.657114,224.742313
19.485402,56.655027,224.733955
19.427387,56.808347,224.595187
19.381892,57.033642,224.365649
19.240574,57.774777,224.400298
19.240729,57.775351,224.400017
19.115402,58.228601,224.241598
19.282383,59.347909,224.403273
19.276344,59.360670,224.344831
19.357551,59.642287,224.216980
19.426957,59.930629,224.102597
19.438771,60.823001,224.092376
19.492001,61.631267,224.241083
19.752243,62.053597,224.226645
19.670628,62.842719,224.359353
19.748031,63.100323,224.769737
19.910688,63.668462,225.001785
19.925908,63.664767,225.005953
20.016197,63.983870,224.884165
19.924696,64.865946,224.981446
19.924375,64.866647,224.981653
19.950604,64.861432,225.011698
19.462836,65.710425,225.381465
19.310225,65.854033,225.398258
19.261861,67.737837,225.243614
19.262416,67.738648,225.243008
19.470825,67.952853,225.296510
19.725989,68.394951,225.897517
19.892820,68.280595,225.689667
20.011624,68.431283,225.504340
19.858865,69.013445,225.250431
19.858825,69.014157,225.250109
19.771147,69.587200,225.006223
20.111480,70.135276,225.492631
20.115250,70.135854,225.490700
20.115286,70.136555,225.490916
20.454624,71.320099,225.276841
20.232268,72.484652,225.448052
20.317862,72.662603,225.812419
20.828587,74.175927,225.632803
20.764882,74.810515,226.075572
20.494371,75.120030,225.969658
20.780252,74.893286,225.912407
20.782822,74.893711,225.909392
20.784350,74.894258,225.909025
20.890453,75.363288,225.879433
21.490848,76.115841,226.053362
21.693306,75.984725,226.082849
21.861119,76.937520,226.228623
21.884863,77.481707,226.191864
21.537817,78.139617,226.219338
21.641378,78.475806,226.060241
21.654033,78.478967,226.112692
21.886744,79.101199,226.184853
21.734793,79.376412,226.197117
21.645664,79.753187,225.974681
21.661607,80.448635,225.625542
21.694884,80.474371,225.650219
21.694887,80.475098,225.650087
21.907230,81.026822,225.937533
21.874109,81.858315,225.664461
21.970963,82.568613,225.797617
22.182249,83.256776,225.721473
22.317286,83.589158,225.814212
22.369193,84.070023,225.378579
22.279870,84.508970,224.786991
22.155784,85.288338,224.730834
22.510205,86.327317,224.720191
22.548040,86.333191,224.856945
22.531110,86.466132,224.664734
22.235751,86.808195,224.568365
22.175692,86.941390,224.647602
22.007082,87.172529,224.525054
22.008770,87.170792,224.503254
22.208984,87.474876,224.349507
22.481849,87.254587,224.583194
22.263290,87.704237,224.645243
22.304063,88.421846,224.300355
22.165300,88.661747,224.203740
22.283741,89.006751,224.219071
22.205230,89.359215,224.051051
22.203094,89.359481,224.042450
22.198549,89.368806,224.028748
22.106211,89.763757,224.213889
21.976814,90.149718,224.031166
21.967377,90.539088,224.252938
22.143661,90.961054,224.629133
22.126612,90.965189,224.653692
22.113030,90.972953,224.682474
22.015557,91.637344,224.681029
22.012809,92.934915,224.546802
21.899305,93.636564,224.707760
21.711116,94.229760,224.518520
21.726115,94.546226,224.523701
21.537171,95.824389,224.598471
21.524654,95.825563,224.611698
21.562069,96.773812,224.602071
21.335525,97.494705,224.559045
21.543762,97.991117,225.184380
22.059158,98.292449,225.525989
22.088207,98.333266,225.533169
22.050509,98.395262,225.596385
22.113841,98.381180,225.609704
22.674929,99.358702,225.783314
22.899004,100.044926,225.872813
22.905465,100.064402,225.960370
22.960697,100.555516,226.443006
22.887186,100.798366,226.571288
22.912003,100.816960,226.589024
22.910285,100.817362,226.592074
22.808912,101.736440,227.144514
23.494135,102.612799,227.398190
23.811575,104.492736,227.210921
23.996553,104.902432,227.354398
24.007570,106.533003,227.968152
24.008493,106.535128,227.967472
24.203581,107.349384,228.190482
24.497610,108.046072,228.397357
24.498972,108.046597,228.400149
24.652209,108.414576,229.049655
24.793306,108.444009,229.157801
25.255126,108.790163,228.661694
25.346591,108.978396,228.573431
25.468336,109.345493,228.316907
25.654539,109.726966,228.566405
25.740184,110.542921,228.850820
25.671613,110.957696,228.915533
25.677467,110.958710,228.909404
25.674096,110.961525,228.903200
25.594803,111.369320,228.816056
25.908310,112.345038,228.990257
25.829813,112.761758,229.065899
25.848530,113.571144,229.058002
25.790799,113.986292,228.934638
25.788348,114.830761,228.852170
25.788105,114.831896,228.851623
25.665110,115.277713,228.967799
25.774556,115.668334,229.120859
26.287688,115.882529,229.256834
26.198436,116.024231,229.350976
26.380170,116.295997,229.219633
26.450446,116.909323,229.887958
26.753450,117.524213,230.143850
26.537963,117.948700,230.342567
26.466085,118.188572,230.407605
26.591304,118.525067,230.324017
26.743940,119.277100,230.299066
26.963150,119.886929,230.522212
26.967169,119.888561,230.517973
26.787231,120.777659,230.481872
26.904437,120.994244,230.391784
27.050719,121.294477,230.261639
27.445897,122.723078,230.891320
27.906915,123.630701,230.861044
27.831145,124.006381,230.753723
27.831686,124.409015,230.841781
27.852143,124.404291,230.893431
27.850522,124.408320,230.894992
28.073697,125.205516,230.902621
28.174704,125.334688,230.937267
28.861522,125.518106,231.011067
29.005900,125.846246,231.595931
29.024869,126.123618,231.641570
29.067808,126.378986,231.741692
29.010881,126.625022,231.662428
29.026920,126.579423,231.610976
29.036630,126.588031,231.603261
29.059169,126.823298,231.453860
29.044323,126.844269,231.433849
29.469144,128.066779,231.339573
29.460725,128.075531,231.321680
29.600374,128.375584,231.317194
29.852240,128.545845,231.278261
30.668404,129.807879,231.475462
30.766772,129.961732,231.284002
30.815758,130.258900,231.277999
30.742668,130.633945,231.268554
30.741288,130.677534,231.308136
30.706493,130.822170,231.221729
30.721998,130.818638,231.206797
31.931007,132.488446,231.301501
32.928481,132.868463,231.200778
33.340405,132.674624,231.108093
33.423422,132.903165,231.103706
33.427602,132.900895,231.100987
33.543169,132.842182,231.162163
33.925590,133.180422,231.046034
33.922912,133.347974,231.078977
34.160023,133.810844,231.383541
34.453045,134.590048,231.183381
34.458208,134.808630,231.115690
34.677079,134.940401,231.006193
34.939688,135.001139,231.123639
35.423842,135.251506,231.253840
36.093885,135.641928,231.357615
36.062083,135.740607,231.378269
35.985194,135.962629,231.399272
36.118889,135.899370,231.277582
36.345156,136.285112,231.317636
36.481118,136.342360,231.174739
36.926324,136.894278,230.870663
36.915621,137.148239,230.822410
36.988666,137.438863,230.964379
37.242233,137.425539,230.734130
37.276975,137.669729,230.935808
37.320090,137.782290,230.865922
37.217153,138.138241,230.901478
37.528591,138.663726,230.960774
37.598965,138.775821,230.936161
37.661442,138.871342,231.140881
37.635124,138.920680,231.157122
37.888673,138.960098,231.011436
38.927702,139.828551,231.061606
38.926857,139.955464,231.049676
38.887859,140.171945,230.994308
39.408283,140.628424,231.051522
39.448451,140.726884,231.007149
39.940616,141.894967,230.750488
40.228277,142.018180,230.838693
40.466004,142.552072,230.958271
40.922542,142.904898,231.069268
41.200209,143.155579,230.874501
41.881330,144.083964,230.820221
42.440302,143.719557,230.716979
42.821180,143.650632,230.584138
42.980681,143.221019,230.434081
43.307554,143.311385,230.336771
43.622775,143.414857,230.431664
44.147699,143.755339,230.357797
44.589023,143.479007,230.239167
44.796389,143.542336,230.105260
44.872932,143.473322,230.098720
45.427714,142.986805,229.939362
45.733149,143.149053,229.870826
45.903974,143.034712,229.765577
46.676002,142.696906,229.623103
47.058280,142.840193,229.392449
47.438297,142.474983,229.103093
47.646010,142.530060,229.003297
48.330371,141.119951,228.958612
49.245294,141.726638,228.848496
49.892180,141.019354,228.797393
49.920678,141.028741,228.834558
50.380611,140.938335,228.573981
50.714921,140.748210,228.547475
51.500223,140.087412,228.335501
52.272499,140.704432,228.176170
52.565861,140.760788,228.000684
52.680387,140.803214,228.006011
53.399896,139.683304,227.919801
53.864475,139.572106,227.812906
54.247410,139.077135,227.511840
54.406637,138.927334,227.491952
54.446953,138.778470,227.456789
54.672320,138.443971,227.342435
55.183322,138.236609,227.236038
55.266338,138.117275,227.266571
55.329228,137.993683,227.235486
55.645281,137.729043,227.446831
55.677442,137.595124,227.446358
56.333278,137.343784,227.427176
56.397819,137.474915,227.421831
56.566605,137.003333,227.575035
56.743145,137.109586,227.712405
56.982952,137.150508,227.586790
57.245826,137.154148,227.465809
57.554711,136.635306,227.498099
57.789952,136.010995,227.664696
59.309866,136.554847,227.565238
59.674062,135.590135,227.444048
60.336282,134.934806,227.579047
61.094582,134.265702,227.675441
62.793908,134.880958,227.962070
62.833515,134.768587,227.981985
63.092940,134.638346,227.868510
63.181079,134.370229,228.040481
63.480599,134.433079,228.130138
63.491845,134.281895,228.097110
63.890354,134.202411,227.920529
64.347680,134.211718,228.049399
64.954471,134.365516,228.044220
65.230220,134.078073,228.037580
65.455968,134.259020,227.939388
65.674099,134.412788,227.850057
65.892200,134.563930,227.757550
65.900283,134.581993,227.756801
66.313800,134.417912,227.856118
67.597368,134.847985,228.168969
67.594559,134.782910,228.126559
67.931546,134.591982,228.288684
68.117642,134.138150,228.177539
68.241633,133.843172,228.266866
68.234016,133.825163,228.264881
69.066555,133.464958,228.266118
69.664877,133.233372,228.046978
69.728561,132.941023,227.981853
70.466058,132.134292,228.068161
70.802041,132.144258,227.999141
70.852404,132.015469,227.928889
71.410307,131.956772,228.150328
71.586528,131.670704,228.083718
72.093291,131.296388,228.016504
73.332120,131.389415,228.527424
73.699901,131.528504,228.682029
74.206514,130.910230,228.418793
74.194584,130.870553,228.407467
74.806263,130.613049,228.582772
75.116538,130.478381,228.512742
75.278222,130.007187,228.458265
75.467674,129.598641,228.413866
76.077149,129.839020,228.909755
77.040948,129.313958,229.524310
77.260437,128.946870,229.645508
77.480782,128.573679,229.761934
78.728099,128.377245,230.011238
79.162780,128.122095,229.847196
79.583970,128.003940,230.018920
79.548724,127.881339,229.993264
79.674889,127.408903,230.081221
80.329500,127.165783,229.794579
80.759935,126.817369,229.621686
81.112136,126.688417,229.544125
81.112752,126.687647,229.543997
81.434937,126.836598,229.572696
81.974725,126.829947,229.368544
81.980157,126.837178,229.366051
83.328198,126.221985,229.585630
83.669306,126.224220,229.539515
84.013602,125.972780,229.680374
84.725619,125.792182,230.642457
84.731452,125.778317,230.668076
84.998842,125.279595,230.560500
84.995401,125.280796,230.589750
85.429324,124.464107,230.959522
85.945848,124.524041,231.051600
86.241330,123.855047,230.884407
86.534757,123.661865,230.988864
86.508215,123.609567,231.005213
87.066091,123.549805,231.215603
87.063036,123.530443,231.228765
87.062650,123.528574,231.230329
87.776457,123.304855,231.598565
88.462662,122.804138,231.909166
89.675718,122.491702,231.818978
89.845622,122.556746,231.714572
89.915240,122.609440,231.746118
89.916488,122.609400,231.746953
91.207387,122.047137,232.450120
91.207933,122.046720,232.450337
91.517752,122.152675,232.681404
91.517841,122.151060,232.681296
93.440245,121.393696,232.146610
93.440727,121.393152,232.146669
93.871605,120.824073,232.435171
94.597637,120.085372,232.555998
95.501717,118.972839,232.323222
95.837815,118.306848,232.374969
95.838285,118.306415,232.375110
96.702604,118.373433,232.537488
97.005912,118.338701,232.914768
97.735423,117.887796,232.760783
97.852787,117.564565,232.857297
98.225591,117.633433,232.595440
98.226158,117.633202,232.595498
98.224082,117.625944,232.598525
98.678176,116.664489,232.433310
99.283904,116.510075,232.300527
99.287830,116.518159,232.298635
100.290018,116.656921,232.468226
100.290746,116.657130,232.468154
100.878936,116.417949,232.602204
101.184779,116.746705,232.456142
102.251989,116.890315,232.731185
102.252730,116.890525,232.731117
103.535093,116.836002,232.806735
103.779957,116.978319,232.889780
105.155954,117.206545,232.562883
105.337960,117.241535,232.479447
105.944172,116.562447,232.386471
106.865813,115.632897,232.521016
106.968108,115.738919,232.531863
108.290204,116.171632,232.291936
108.917616,115.332521,232.176836
109.721271,114.532498,232.496848
109.712002,114.163831,232.437984
111.002415,114.687931,232.284231
111.309788,114.848576,232.721638
111.685154,115.148612,232.863415
111.770081,114.927206,232.818032
112.408710,114.149497,232.695282
113.065086,113.680496,232.492305
113.258200,113.839778,232.431730
114.289595,113.907150,232.196382
114.296022,113.920491,232.200655
114.513672,113.992647,232.525398
114.522294,114.015474,232.528902
114.534198,114.043299,232.528330
114.863105,113.452227,232.362964
115.068481,113.585929,232.306986
116.186691,114.042322,231.783651
116.206097,114.079447,231.785442
117.501330,113.087944,231.550811
117.578121,113.088536,231.694258
117.592702,113.035535,231.657122
117.586083,113.011433,231.651740
117.574918,112.976098,231.642576
117.925784,112.369043,231.504467
118.955452,111.934283,231.682935
118.923124,111.864337,231.673395
118.935533,111.828882,231.628126
119.549641,110.571395,231.713879
119.800081,110.214570,231.539458
120.187126,110.513069,231.368884
120.548084,110.300796,231.731374
120.733821,109.799814,231.508013
121.116520,109.485718,231.454212
121.258786,109.443790,231.398800
121.892118,109.089730,231.558401
122.689946,107.997845,231.626185
123.285337,106.750768,231.346890
124.653543,105.052190,231.226133
125.336764,104.116410,231.077276
126.027297,104.235940,231.136286
126.020610,104.184179,231.167314
126.414132,104.306051,230.975490
127.261120,103.704423,230.773242
127.277455,103.717486,230.770998
127.938530,103.782153,230.811423
128.645150,103.755915,230.910206
128.845628,103.613653,230.496584
129.105777,103.369333,230.331896
129.047042,102.941377,230.247126
129.571979,102.399794,230.068300
130.904133,101.653573,229.407648
130.902758,101.651022,229.408727
130.880960,101.625021,229.408412
131.069725,101.089169,229.373202
131.030062,101.004359,229.393392
132.585398,99.290151,229.036572
132.518228,98.971767,228.986967
133.580712,97.657789,228.980076
133.637644,96.859970,229.069988
134.360361,96.956994,228.641845
135.383943,96.784859,228.130664
136.091212,95.663616,227.986388
136.170027,95.601770,227.952043
136.504083,95.476336,228.021724
136.505266,95.476777,228.016901
137.207196,95.086911,227.743660
137.951007,94.662423,227.569846
137.890251,94.486090,227.623531
138.667315,93.742283,227.630810
138.666315,93.740104,227.635653
139.237476,93.262963,227.923452
139.387764,92.875261,228.027688
139.336439,92.754773,228.035412
140.525059,91.834534,228.056255
141.255460,91.420228,228.142942
141.622647,91.636270,228.050323
142.173801,90.643083,228.452770
142.390233,90.643906,228.386875
142.526420,90.226409,228.517835
142.781555,89.415930,228.406742
143.286101,88.974563,228.062922
143.286013,88.973592,228.063042
143.318486,88.522683,227.638953
143.287237,88.466212,227.669177
143.280337,88.447782,227.679590
143.849576,87.564832,227.640915
144.456504,87.129539,227.815027
144.580951,86.284009,227.719250
145.334419,85.236149,227.508167
145.458026,84.515958,226.977464
145.643203,84.594348,227.133179
146.407353,83.779701,226.971981
147.397272,81.933684,226.963343
148.182423,80.859015,226.570808
148.182356,80.858131,226.570856
148.744410,81.034222,226.720913
149.480269,79.818015,226.788117
149.411183,79.460660,226.710957
149.607773,79.321154,226.860655
150.325947,78.722850,226.986053
150.315034,78.665219,227.029557
150.319405,78.431192,226.637001
150.458602,78.178912,226.525765
151.332022,78.184216,226.076180
151.837327,77.112155,225.753087
152.781800,76.841239,225.627476
152.794841,76.844199,225.615926
152.808812,76.855486,225.608016
153.423417,76.230968,225.542304
153.810776,75.812096,225.442271
153.814843,75.510125,225.560923
153.815892,75.510094,225.559760
153.910312,75.543785,225.517524
153.786067,75.002600,225.404113
153.785454,74.998618,225.413352
153.780987,74.990440,225.411154
153.771891,74.970127,225.418330
153.773303,74.951843,225.416527
153.806690,74.934778,225.464525
153.933291,75.008745,225.399625
154.397034,74.775159,225.564195
154.386779,74.750459,225.574526
154.724099,74.386559,225.735577
154.904388,74.343926,225.874300
155.019824,74.467190,225.832376
156.057200,74.992802,225.611665
156.425572,75.414304,225.556058
156.875740,74.955728,225.346496
156.883873,74.975814,225.337647
158.072527,74.283612,225.088636
158.381341,74.125349,224.746551
158.391630,74.144031,224.738956
158.934546,74.172396,225.126699
159.362428,73.997189,225.102210
159.457609,74.007960,225.078712
159.550065,74.090652,225.055620
159.977806,73.804054,224.937434
159.978397,73.804366,224.937365
160.155337,73.938505,224.892633
160.251257,73.992586,224.852282
160.252511,73.991142,224.856976
160.253092,73.991405,224.856997
160.547924,74.336142,224.841968
160.543606,74.319459,224.763610
160.531313,73.629424,224.643676
161.000418,73.491823,225.078016
161.095382,73.550247,225.062529
162.012001,73.405223,224.441551
162.012549,73.405514,224.441330
162.038293,73.466924,224.415664
162.061294,73.470786,224.428907
162.258559,73.658908,224.436595
162.410976,73.286683,224.548084
162.655392,73.268268,224.517576
162.684498,73.072170,224.599000
163.845243,72.905929,224.108977
164.097581,72.731239,223.978289
164.666189,72.414709,224.063354
164.746829,72.354709,224.127180
164.747390,72.354882,224.127168
165.228343,72.704847,223.922155
165.228937,72.705073,223.922128
165.693970,72.560298,223.700450
166.667145,71.848480,223.926300
166.720313,71.827767,223.884428
166.625250,70.994818,223.891151
166.680962,71.050626,223.898561
166.916920,71.347382,223.912834
167.239935,71.019975,223.880093
167.241419,71.020656,223.882913
168.297224,71.544514,223.449388
168.393474,71.682085,223.446905
168.484839,71.702111,223.403156
168.485579,71.702672,223.402706
168.871027,71.483650,223.064025
169.917115,70.995452,222.585282
169.843027,70.859695,222.648587
169.944170,70.830810,222.662201
169.729995,69.879443,222.443744
169.737959,69.896447,222.425402
169.929805,70.046382,221.899081
170.294917,70.422023,221.667313
170.941847,70.533247,221.649660
171.005916,70.584968,221.612933
171.046853,70.629970,221.632076
171.017385,70.514230,221.667497
171.432576,70.763470,221.645632
171.883879,70.680098,221.722177
171.847527,70.607971,221.738820
171.851564,70.610562,221.749477
172.025303,70.387607,221.897627
172.309893,69.476895,222.064282
172.487187,69.446929,221.995774
172.912710,69.857525,221.891668
172.918143,69.761366,221.848575
172.933216,69.781922,221.852716
172.994596,69.826270,221.830942
173.006405,69.825083,221.874180
174.000211,69.638351,222.315015
174.331207,69.261627,222.303118
174.733731,68.352598,222.044415
174.825212,68.093010,222.077528
174.965805,68.003332,222.182483
174.892106,67.861051,222.221592
174.849214,67.789631,222.239039
174.848431,67.787853,222.238777
175.190729,67.464397,222.396500
175.158668,67.413809,222.381029
174.864194,66.469363,222.291143
174.835130,66.414318,222.221840
174.834325,66.406636,222.237334
174.807592,66.067363,221.916415
174.775437,66.014173,221.942563
174.964928,65.599102,221.952942
175.406385,65.187260,221.808251
176.142156,64.677362,221.550627
177.110306,64.151129,221.402046
177.274323,64.046095,221.206264
177.274171,64.045052,221.206334
177.274019,64.044011,221.206402
177.761496,64.262143,221.327546
177.741744,64.191739,221.379118
178.314623,63.262446,221.489282
178.372077,63.037133,221.535650
178.368592,62.968509,221.574091
178.429694,62.884226,221.526856
178.484883,62.716851,221.417303
179.209204,61.987358,221.397075
179.704653,61.463915,221.216156
179.704395,61.462454,221.216641
179.627656,61.358434,221.182448
180.502901,59.998710,220.779078
180.836909,59.433485,220.673572
180.837949,59.303099,220.809708
181.029448,58.277524,220.618107
181.361854,57.937428,220.723499
181.662740,57.565602,220.952699
182.054884,57.304346,220.821697
182.878372,57.062893,220.175997
183.277400,56.845178,219.778069
183.367339,56.736071,219.795924
183.641542,56.522736,219.902821
183.613459,56.271687,219.482490
183.651141,56.127782,219.569631
184.293805,56.177800,219.589845
185.183286,55.731672,219.182923
185.775793,55.914447,218.714458
186.202292,55.745179,218.962780
186.576500,56.012923,218.518658
186.786917,55.866625,218.416227
187.022430,55.886823,218.507623
186.905666,55.574845,218.224606
186.826892,55.461977,218.094840
187.470846,55.064575,217.871615
187.471471,55.064578,217.871543
187.360026,54.855210,217.784086
187.767088,54.558228,217.794004
188.326314,54.640501,217.478148
188.715178,54.779991,217.160008
189.037524,54.651062,217.060566
189.038190,54.651339,217.060404
189.157651,54.598700,217.055901
189.335077,54.597822,217.079311
189.335727,54.598011,217.079251
189.336376,54.598200,217.079192
189.990768,54.786188,216.927402
190.569052,54.534476,216.865339
190.794873,54.675900,216.409090
191.263824,54.360698,216.712402
191.627318,54.100795,216.576394
192.051548,53.886037,216.369220
192.171084,53.526613,216.411481
192.178539,53.552754,216.392864
192.649291,53.810000,216.121510
193.057025,53.941624,215.905680
194.116790,54.108322,216.405325
194.570472,53.785985,216.139949
195.176894,54.006455,216.566810
195.177682,54.006617,216.567122
195.422202,53.941274,216.654135
195.423374,53.941842,216.656227
195.573752,53.814147,216.755938
196.063455,53.545182,216.485633
196.093679,53.527344,216.525061
196.723452,52.992090,216.517413
196.942418,52.787214,216.416213
197.277334,52.727444,216.497245
197.617301,53.042926,216.352783
197.946388,52.798862,216.328158
198.023971,52.887465,216.243788
198.484198,51.801383,215.828895
198.570953,51.790372,215.811847
198.570552,51.788725,215.811162
198.904517,51.333976,215.602797
198.715856,50.940289,215.480796
198.788876,50.916786,215.414568
198.815110,50.872687,215.447355
198.947973,50.972053,215.368610
199.066834,50.867732,215.457101
199.067190,50.837880,215.479988
199.067664,50.837148,215.480236
199.680072,50.995610,215.435164
199.680562,50.994901,215.435414
199.681054,50.994193,215.435666
199.565965,50.703003,214.974780
199.642380,50.679802,215.038612
199.694901,50.672267,214.986157
199.801983,50.616821,214.948649
199.819385,50.564748,214.978231
199.819231,50.551984,214.981187
200.236503,50.234465,214.493708
200.379611,49.996383,214.476172
200.491591,49.810637,214.498909
201.094177,49.208450,214.189687
201.142151,49.186287,214.147385
201.222419,49.106360,214.213020
201.222378,48.906284,214.158517
201.543354,48.895886,213.934898
201.822010,49.081766,213.749838
201.716472,48.933792,213.564969
202.738752,49.140459,213.343161
202.807612,49.286305,213.216133
202.608116,48.797578,213.234682
202.686098,48.835840,213.199114
203.328663,49.042942,212.830110
203.466459,49.046401,212.828935
204.136464,49.269831,212.441143
204.137311,49.270061,212.441147
204.393333,49.516899,212.161752
204.389829,49.536509,212.145020
204.508578,49.475810,211.901114
204.566172,49.460267,211.960780
204.980161,49.554537,211.725791
205.374492,48.951497,211.446148
205.902624,48.864893,211.200684
206.165592,48.752499,210.885621
206.928067,48.705850,210.237313
207.783616,48.785328,210.446246
208.091125,48.604043,209.934032
208.408039,48.380238,209.648543
208.417183,48.375591,209.657264
208.430178,48.226616,209.403690
208.433121,48.234693,209.375362
208.533515,48.283864,209.228443
208.876402,48.426618,209.412062
208.889270,48.467186,209.378977
209.039255,48.222543,209.346104
209.582529,48.062293,208.504717
209.632029,48.057639,208.394867
209.728086,48.024234,208.154874
210.110588,48.018318,207.835774
210.399504,48.112700,207.681970
210.787155,48.160488,207.336925
210.789227,48.143485,207.339220
211.121207,48.005204,206.904802
211.274025,47.917548,206.619398
211.389607,47.674028,206.428759
210.992020,46.644728,206.163326
210.963892,46.555106,206.142533
211.627971,46.076553,205.419675
211.836506,45.766060,204.722097
211.797776,45.809990,204.671011
211.875572,46.012447,204.478319
212.828103,46.831155,203.500585
212.984085,46.792016,202.870416
213.262518,46.458654,202.345688
213.252831,46.469160,202.333005
213.184524,45.466388,201.801310
212.954056,45.344002,201.693984
212.940543,45.358333,201.676420
212.926438,45.373304,201.658480
212.710204,45.136565,201.440813
212.814520,45.132683,201.363441
212.782169,45.215977,201.250595
213.378021,45.273068,200.642707
213.377754,45.273227,200.641788
213.434284,45.287527,200.593916
213.569126,44.919172,200.032300
213.947181,45.085340,199.709086
214.025399,45.140782,199.599077
214.295904,45.013489,199.129000
214.261709,45.157981,198.870286
214.279690,45.109662,198.826816
214.520060,45.005855,198.384339
214.557150,44.964318,198.321964
214.983377,44.732653,197.601857
215.103343,44.645682,197.132653
215.122116,44.791443,196.989203
215.367585,44.975516,196.818558
215.390462,44.987117,196.791829
215.598915,45.248411,196.347951
215.715020,45.150898,196.035666
216.273162,44.947566,194.827358
215.804948,44.753418,194.027589
215.757988,44.804834,193.957105
216.142534,44.474816,193.127308
216.206898,44.455148,193.040524
216.260561,44.587656,192.871859
216.123593,44.434740,192.693568
216.176332,44.391680,192.331440
216.175981,44.391876,192.330645
216.411306,43.707560,191.511517
216.589109,43.703727,190.874968
216.588928,43.703895,190.874224
216.391580,43.544945,190.429029
216.443283,43.732870,189.780725
216.272696,43.108912,189.615520
216.241289,43.084983,189.578907
216.372966,42.690445,189.163085
216.338348,42.726488,189.118357
216.567132,42.172718,188.192322
216.646421,42.161371,187.987437
216.691279,42.143138,187.887318
216.797443,42.040393,187.602767
217.029898,41.430703,186.603460
217.299316,41.629439,186.241166
217.477454,41.447549,186.070603
217.251724,41.312597,185.949979
217.257123,41.125703,185.486551
217.373883,41.104874,185.276777
217.596895,41.025240,183.934008
217.523098,41.118399,183.783176
217.700049,41.175723,183.549203
217.699793,41.147682,183.444423
217.842566,41.084030,183.163565
217.562292,40.891253,182.539421
217.654823,40.804130,182.481101
217.713363,40.860568,182.441283
217.868263,40.690453,181.710109
218.135271,40.536652,181.375043
218.349936,40.529295,181.031137
218.594308,39.953625,180.947846
218.614873,40.039963,180.904425
218.624326,40.020009,180.678194
219.223261,40.048600,180.442671
219.933384,39.527866,178.649452
220.228526,39.390375,178.126693
220.104951,39.135798,177.865870
220.098133,39.109736,177.480248
220.560768,39.195132,177.166689
220.612935,39.154540,176.546075
220.718171,39.198031,176.413873
220.673272,39.051183,176.047265
220.824779,38.867386,175.020775
220.439302,37.972126,173.370803
220.448345,37.969668,173.369594
220.430726,37.971985,173.359771
220.587004,37.748642,172.838287
220.550477,37.733864,172.797137
220.402099,37.847138,172.495529
219.921916,37.344418,171.737550
220.123354,37.138676,171.345773
220.123078,37.138292,171.345223
220.260513,37.033882,171.017959
220.278045,37.096978,170.975111
220.283245,37.091279,170.971142
220.267494,37.056874,170.972235
220.459553,36.925588,170.574191
220.439644,36.977275,170.523967
220.444733,36.978354,170.517966
220.530855,36.884376,170.453889
220.388050,36.939643,170.047990
220.229383,36.945934,169.808254
220.109601,37.066283,169.531083
220.139174,37.308789,169.077247
220.146823,37.311478,169.070067
219.974621,36.550134,168.723982
219.712031,35.927544,168.271554
219.627628,35.833050,168.181821
219.506970,35.643746,167.851391
219.320823,35.272361,167.415060
219.125989,35.338475,166.952166
219.194567,35.191708,165.806536
219.194620,35.191181,165.806190
219.354831,35.076684,165.429607
219.354886,35.076156,165.429260
219.816603,33.649188,164.451546
220.198706,32.525374,163.536025
220.347707,32.461355,163.344377
220.663196,32.313275,163.320060
220.877637,32.150190,162.860543
221.094662,31.906999,162.260868
221.272734,31.839285,161.738785
221.110671,32.008395,161.330919
220.947998,32.124245,160.942624
221.193349,31.916261,160.404429
221.146294,31.777998,160.415699
221.540192,31.895814,160.180949
221.891174,31.661964,159.377250
221.893336,31.661951,159.374981
221.974315,31.678257,159.160863
221.810451,31.374416,158.666808
221.688596,31.485665,158.287455
221.655167,31.550112,158.167165
221.766096,31.409780,157.967476
221.573319,31.244944,157.169586
221.298220,29.892628,156.606379
221.307764,29.883946,156.609238
221.580020,30.020811,156.035357
221.460694,29.782173,155.883540
221.540044,29.668045,155.470944
221.717796,29.517123,155.090711
221.721494,29.513687,155.091493
221.752173,29.463130,155.082130
221.833776,29.284260,154.631053
221.852281,29.093500,154.360876
221.687218,28.868918,153.517806
221.684047,28.871640,153.515900
221.683766,28.871858,153.515254
221.820173,29.026213,152.979890
222.061135,28.888018,152.292965
221.946998,28.849985,151.182301
221.742219,28.568356,150.866387
221.585852,28.701844,150.407071
221.521061,28.762687,149.749329
221.333206,28.720237,149.612772
221.332830,28.720230,149.612244
220.920707,28.572743,149.262756
220.847739,27.461495,148.691873
220.508652,27.321427,147.922625
220.462706,27.080662,147.833543
220.203234,26.956373,147.211192
219.747124,26.800782,146.353883
219.498163,26.734259,146.171334
219.495092,26.690537,146.073257
219.699087,27.068971,144.773177
219.676010,27.087184,144.755387
219.574598,27.163694,144.585649
219.867757,26.974182,144.054464
219.823842,26.982608,144.022350
219.912318,26.891487,143.941957
220.036728,26.900342,143.652414
220.002449,26.925024,143.494521
219.964903,26.929883,143.170790
220.075005,26.976443,142.780594
219.984303,26.906167,142.722606
220.455791,27.016884,141.744118
220.172591,26.647118,141.306627
220.614066,26.623669,140.723639
221.311321,26.780140,140.268193
221.319612,26.782487,140.247972
221.274214,26.764008,140.252303
221.273800,26.763109,140.251343
221.275328,26.763619,140.249856
221.463363,26.928898,139.607444
221.471476,26.929672,139.605354
220.890226,26.608967,138.746442
220.991162,26.461188,138.089495
221.133527,26.338135,137.821190
221.135317,26.338339,137.820289
221.117726,26.098512,137.808734
220.995694,25.839582,137.685628
220.792798,25.836482,137.541772
220.600397,25.186462,136.836593
220.582732,25.179160,136.837178
220.398998,25.109976,136.771724
220.177718,24.792748,136.084479
219.371418,24.471120,135.122505
219.359030,24.468057,135.122945
219.235452,24.009693,135.128951
219.063973,22.959495,134.583523
219.063915,22.954387,134.584350
218.988660,22.832620,134.494485
219.166026,22.711977,134.097339
219.170962,22.712221,134.096443
219.605313,22.837540,133.359507
219.466484,22.914881,132.992995
219.486144,23.001581,132.619975
219.604505,22.719991,131.783479
219.577702,22.709071,131.787232
219.739909,22.553524,131.242744
219.242031,22.496777,130.557210
219.224497,22.498495,130.555296
219.084563,22.469772,130.534143
218.854309,21.901102,129.687880
219.072204,21.981845,129.539726
219.144778,21.789229,129.014712
219.533812,21.551148,128.902591
219.382244,21.476691,127.887590
219.470903,21.245879,127.372975
219.540723,21.212157,127.336877
219.693152,21.068276,126.807449
219.779390,21.015792,126.776372
220.172765,20.708277,125.902331
219.972658,20.511275,125.059920
219.448145,20.310254,123.986084
219.798536,20.354917,123.780300
219.795458,20.357238,123.778490
219.768402,20.431293,123.674277
219.834601,20.478316,123.336494
219.828549,20.373754,122.826966
219.825696,20.375993,122.824658
219.248251,19.943222,121.717250
219.231461,19.950894,121.713687
219.039251,20.021954,120.957172
219.150875,19.562197,120.309950
219.342113,18.871055,119.241410
219.336046,18.861289,119.243321
219.336322,18.860968,119.242972
219.206370,18.894991,119.142462
219.491173,18.642393,118.172853
219.480703,18.637074,118.172669
219.481388,18.636416,118.172504
219.701933,18.520398,117.613642
219.700062,18.518894,117.613455
219.657333,18.660702,116.775009
219.118907,17.772793,115.395650
219.037711,17.804716,114.083099
219.042413,17.792372,114.082469
218.916260,17.760449,114.064223
218.951773,17.882840,113.298211
219.102269,17.978112,112.879958
219.362019,17.780961,111.964886
219.466683,17.741097,111.859829
219.349508,17.251080,111.740941
219.152195,17.222567,111.520788
219.159937,17.224484,111.519028
219.069835,17.106974,111.070319
219.002996,16.790954,110.866448
218.716227,16.681713,109.084699
218.826015,16.689714,108.995289
218.998265,16.567603,108.411533
219.015838,16.519498,107.489108
218.809113,16.395227,106.916701
218.809771,16.392937,106.915377
218.741778,15.959188,106.532989
218.759122,15.959148,106.527074
218.828336,15.889566,105.845308
218.836460,15.518915,104.867213
218.822559,15.518612,104.866330
218.712455,15.398403,104.446002
218.595110,15.378419,104.340541
219.016095,15.349450,103.677950
219.064381,15.342113,103.675301
219.086249,15.312567,102.888094
218.905086,15.249829,102.777933
218.906966,15.250127,102.777591
218.927066,15.252863,102.776404
219.205167,15.143141,102.208416
219.189116,15.134921,102.200538
219.381423,15.072936,101.966304
219.454233,15.045718,101.942842
219.435206,15.161156,101.309642
219.645550,15.050338,100.285728
219.669407,15.056527,100.283971
219.803486,15.106548,100.196162
219.803673,15.106505,100.195808
219.903827,15.104700,100.178111
220.068176,15.155550,99.716601
220.264322,15.049161,99.202905
220.268597,15.059025,99.186472
220.234077,14.924797,98.142869
220.182783,14.944686,98.119632
219.549767,14.833295,97.778396
219.668544,14.712454,97.224209
219.668511,14.712481,97.223743
219.808823,14.774750,97.016131
219.808787,14.774781,97.015669
219.808674,14.774791,97.015289
219.612565,14.888682,96.018868
219.612452,14.888691,96.018485
219.806677,14.784532,95.455693
219.394691,14.687044,94.829012
219.599328,14.593961,94.273978
219.599392,14.593990,94.273578
219.767216,14.534068,94.051537
219.810945,13.967622,92.455765
219.942845,13.893801,91.885572
219.943335,13.894163,91.885099
219.960294,13.887510,91.883715
220.086935,13.953679,91.710627
220.072171,13.961704,91.694115
220.453478,13.985900,91.423939
220.370405,14.092904,90.668670
220.368481,14.093758,90.667855
220.339265,14.080591,90.658269
220.360616,14.064133,90.647603
220.496224,14.323064,89.491320
220.639519,14.258376,89.280861
220.644578,14.256367,89.280564
220.815451,14.435361,88.056289
220.786135,14.424206,87.714168
220.582777,14.487585,87.469225
220.628471,14.271079,86.971616
220.727984,14.305476,86.893345
220.670296,14.329710,86.855025
220.767949,14.446570,85.823491
220.663881,14.490297,85.763434
220.602930,14.431160,85.671027
220.605469,14.424757,85.668825
220.594569,14.429296,85.667036
220.303470,14.373633,85.156212
220.202365,14.350521,85.087611
219.434071,14.080893,83.931301
219.508751,13.972741,83.442639
219.511746,13.968297,83.441811
219.591379,13.934799,83.232582
219.579232,13.939411,83.232639
219.877202,13.795382,82.643032
219.765500,13.804316,82.435704
219.768683,13.791793,82.400056
219.511329,13.464326,82.202509
219.490561,13.467610,82.200869
219.577542,13.432799,82.142556
219.672137,13.394645,82.054433
219.110186,13.282390,81.756816
218.908674,13.383230,80.760003
218.876822,13.394710,80.753615
218.262880,13.290711,80.260047
218.259187,13.290351,80.259926
218.209302,13.271509,79.059831
218.323946,13.532976,78.726518
218.683962,13.545953,78.102582
218.620703,13.575540,78.041013
218.646368,13.602218,78.029965
218.440494,12.828361,77.773703
218.408469,12.895075,77.556419
218.586409,12.814929,77.096055
218.586784,12.814928,77.095643
218.469143,12.581431,76.980051
218.347396,12.489735,76.739088
218.261698,12.519366,76.674505
218.469143,12.418798,76.221091
218.469452,12.418806,76.220685
218.684337,12.316292,75.772658
218.586563,12.383181,75.480862
219.018050,12.522020,75.138698
219.279961,12.551461,74.991059
219.360808,12.340675,73.877164
219.142766,12.513123,72.594773
219.162330,12.527729,72.579521
219.320813,12.469057,72.332621
219.279809,12.483586,72.314040
218.889984,12.514335,71.240756
219.107660,12.418178,70.824537
219.169157,12.785567,70.467866
219.444683,12.658540,69.988501
219.523390,12.702886,69.930552
219.784364,12.638794,69.440416
219.762377,12.558676,69.022897
219.978153,12.203989,68.800071
219.940173,12.156259,68.672475
219.978087,12.132177,68.635005
219.959192,12.126194,68.624428
219.737075,12.187193,67.636891
219.753371,12.244995,67.528738
219.860075,11.917349,66.678936
219.793251,11.947386,65.699075
219.783797,11.945497,65.698003
219.772574,11.941818,65.692388
220.017573,11.905390,64.285288
220.113207,11.674583,63.218562
219.374184,11.621313,62.718919
220.065546,11.616958,62.185612
220.109201,11.603724,62.170608
220.170633,11.469661,61.658097
220.516300,11.004727,60.135408
220.795840,10.909229,59.766031
221.080627,10.240476,58.340265
221.572217,9.936545,57.338269
221.760733,10.082108,57.034649
222.175862,9.963986,56.473752
222.179861,9.963768,56.474465
222.203490,9.943199,56.034248
222.239650,9.878385,55.732835
222.450613,9.817916,55.436329
222.327596,10.006872,54.587516
222.395673,9.998810,53.564943
222.532988,9.963534,53.418596
222.688333,9.988927,52.920246
222.458012,9.869292,52.414527
222.679415,9.836605,52.205386
222.671132,9.840352,52.200596
222.884345,9.783499,52.017425
222.904442,9.788325,52.018912
222.904732,9.788267,52.018532
223.055894,9.782672,51.829143
223.189922,9.741097,51.639750
223.193111,9.740153,51.640003
223.310063,9.704016,51.457173
223.670498,9.714078,50.920500
223.694388,9.716350,50.910540
223.897031,9.825093,49.892956
223.910961,9.885767,49.191094
224.109961,9.822093,48.960945
224.311594,9.753608,48.676726
224.294114,9.713911,47.879435
224.685906,9.896241,47.061052
224.656015,9.905009,46.719329
224.932521,9.833117,46.320064
224.855273,9.744216,45.932849
224.956937,9.711298,45.786937
224.529209,9.675035,44.909832
224.527173,9.675698,44.909137
224.861068,9.589947,44.287552
224.441803,9.525877,43.244419
224.614873,9.471339,43.019008
224.610511,9.473378,43.017575
224.596635,9.477751,42.985367
224.784742,9.774188,42.191001
224.784764,9.774240,42.190489
224.801752,9.820980,42.158628
224.787440,9.819805,42.152612
225.147400,9.864223,41.665485
225.421107,9.904825,41.394188
225.520756,9.872391,41.279981
225.336300,9.937637,40.867037
224.975063,9.866430,40.694769
224.976567,9.679453,40.500411
224.883546,9.650728,40.078529
224.959519,9.635531,39.967142
225.173415,9.673961,39.642701
224.835090,9.626064,39.032768
225.424187,9.718121,38.345893
225.474159,9.727002,38.119022
225.257495,9.650152,37.793617
225.479457,9.435717,37.394523
225.671413,9.439749,37.245500
225.837376,9.384536,37.047397
225.978991,9.343226,36.872185
225.711619,9.205367,36.099603
225.343948,8.858186,35.152644
225.411817,8.838782,35.073994
225.382130,8.777759,34.277104
225.714621,8.680693,33.918687
225.682326,8.691564,33.899468
225.915823,8.702116,33.640868
225.916875,8.691085,33.636493
225.919365,8.692401,33.635889
225.919472,8.692382,33.635292
225.957196,8.662757,33.556499
226.067398,8.703891,33.232333
226.010998,8.765212,32.300235
226.235364,8.824611,32.063445
226.221769,8.828790,32.058372
226.189021,8.838494,31.958404
226.295966,8.777183,31.830482
226.168670,8.828226,31.516270
226.151439,8.817426,31.512585
226.296975,8.752516,31.297802
226.294236,8.762939,31.289504
226.430786,8.729032,31.041674
226.518133,8.734777,30.958874
226.518478,8.734672,30.958272
226.518599,8.736110,30.957526
226.649929,8.788026,30.692271
226.017977,8.681777,30.313934
226.062967,8.755984,30.073907
226.190743,8.748433,29.941331
226.032194,8.695438,29.451040
226.174805,8.652722,29.334140
226.254359,8.627476,29.253591
226.547089,8.535346,28.948648
226.547679,8.535220,28.947899
226.759837,8.359979,28.523526
226.864034,8.344764,28.429013
226.898416,8.334660,28.394209
226.964687,8.315136,28.327278
226.935889,8.240413,28.161601
226.967321,8.231763,28.130026
227.131313,8.206739,27.634721
226.844761,8.276337,27.120400
226.444235,8.210843,26.914090
226.782561,8.300130,26.572351
227.207493,8.295481,26.187496
227.538609,8.650468,25.838929
227.766940,8.583251,25.634010
227.887482,8.545587,25.527531
228.049051,8.495913,25.386279
228.134105,8.638855,25.220646
228.327393,8.578876,25.049916
228.721002,8.520977,24.428232
228.665043,8.587067,24.146212
228.938900,8.545285,23.671364
228.646528,8.441211,23.475126
228.828465,8.539103,23.070060
228.885101,8.520648,23.019577
228.896636,8.537907,22.752212
228.793811,8.592854,22.445382
228.853743,8.573225,22.384356
228.890765,8.561109,22.345725
229.016611,8.539472,22.247215
228.994434,8.547548,22.184676
229.079188,8.537496,22.118297
228.822014,8.480028,21.971249
228.787704,8.494338,21.681918
228.845522,8.459469,21.594837
228.860311,8.439321,21.550780
228.925086,8.401932,21.438819
229.013772,8.370558,21.346799
229.315484,8.364354,21.182297
229.170207,8.415214,20.960461
229.201481,8.444238,20.701878
228.651111,8.414632,20.534411
228.225405,8.401067,20.190326
227.653951,8.357892,20.072007
227.476181,8.431286,19.775074
227.407509,8.446558,19.808354
227.322738,8.434902,19.838088
227.128394,8.495855,19.531845
227.003940,8.349833,19.400163
226.971147,8.359238,19.422566
226.124636,8.434253,18.975653
226.007768,8.495797,18.603681
225.865624,8.518001,18.687271
226.060148,8.584068,18.450745
225.394961,8.564168,18.193570
225.337368,8.551086,18.197790
225.153615,8.602640,18.027238
224.978695,8.543342,17.977778
225.111632,8.544246,17.826794
225.018280,8.566604,17.843363
224.286378,8.588407,17.613131
224.223733,8.655157,17.358337
224.183280,8.659045,17.366340
223.896769,8.628017,17.302803
223.884563,8.638884,17.316658
223.774289,8.749447,17.203121
223.642683,8.786308,17.275574
223.586665,8.801965,17.306336
223.499522,8.827811,17.357131
223.342835,8.877158,17.434706
223.280776,8.894484,17.468707
223.053001,8.868850,17.417896
223.049270,8.872137,17.423805
222.915385,8.806044,17.394064
222.715360,8.768403,17.374347
222.677627,8.778572,17.394469
222.564084,8.769924,17.310872
222.463780,8.779852,17.311221
222.382445,8.792828,17.354311
221.815111,8.745255,17.292647
221.822605,8.866017,16.883875
221.733266,8.850911,16.929220
221.641661,8.875251,16.975719
221.568539,9.123956,16.904075
221.568031,9.124011,16.904121
221.425842,9.134259,16.977253
221.462731,9.190751,16.907039
221.047063,9.177292,16.695145
220.703029,9.142138,16.671008
220.605723,9.065021,16.420536
220.453468,9.103948,16.339351
220.367220,9.140753,16.139536
220.131239,9.203397,16.250068
220.065919,9.272133,16.060784
220.095421,9.349252,15.876222
219.607197,9.281071,15.584807
219.591256,9.382013,15.214286
219.565679,9.503886,15.209554
219.564278,9.504651,15.210707
219.562917,9.505004,15.210067
219.443831,9.515595,15.076543
219.372378,9.538689,15.107477
219.371298,9.537871,15.106272
219.297442,9.558371,15.138676
219.282181,9.552619,15.116970
219.281772,9.552669,15.116973
219.148306,9.598835,15.071974
219.026995,9.606412,15.076038
219.003867,9.618462,15.064069
218.844466,9.660632,14.986912
218.679867,9.705424,15.053873
218.490190,9.756420,15.057803
218.262473,9.744210,15.154856
218.175218,9.767752,15.191318
217.891046,9.835125,15.240183
217.234379,9.868761,15.122311
216.961549,9.914589,14.922257
216.508213,9.901775,15.075705
216.431021,10.033936,14.589468
216.527387,10.138656,14.359535
216.527025,10.138973,14.359804
216.326406,10.194362,14.435650
216.017698,10.168648,14.553175
216.025933,10.427637,14.335181
216.024942,10.427539,14.333824
216.024105,10.429499,14.336430
215.752545,10.396188,14.284408
215.731609,10.386266,14.270696
215.620103,10.416438,14.311963
215.438876,10.815874,14.036770
215.208091,10.880652,14.118693
214.907199,10.855180,14.143910
214.907838,10.860453,14.008372
214.808713,10.939035,13.653755
214.687894,10.979424,13.694778
214.745863,11.138934,13.649389
214.908084,11.400591,13.564925
214.907818,11.400778,13.564694
214.923451,11.571420,13.396749
214.794315,11.609653,13.441046
214.794065,11.609695,13.440995
214.647746,11.703712,13.455087
214.377821,11.781073,13.512954
214.192964,11.838946,13.517651
213.872103,11.935501,13.438549
213.533147,11.860195,13.429874
213.512012,11.874669,13.440610
213.272728,11.934045,13.240536
213.142853,11.975963,13.286858
213.353525,12.504812,13.138111
213.209983,12.550345,13.185755
213.087159,12.799260,13.222570
213.086909,12.799353,13.222562
212.645447,12.855388,13.372357
212.679580,13.046234,13.342796
212.681646,13.049100,13.345624
212.529111,13.099088,13.396140
212.374274,13.107971,13.447157
212.374022,13.108021,13.447102
212.215591,13.053994,13.386660
212.273472,13.234929,13.344942
212.118191,13.287602,13.342776
211.770275,13.406175,13.124421
211.611945,13.459982,13.175302
211.581028,13.584270,13.177845
211.580806,13.584419,13.177867
211.501646,14.058145,13.407808
211.501450,14.058274,13.407828
211.649872,14.661446,13.521764
211.600516,14.618748,13.416428
211.433998,14.680322,13.472183
211.343887,14.840945,13.393975
211.159109,15.417141,13.318190
211.158931,15.417271,13.318205
210.893698,15.356133,13.265252
210.543593,15.491221,13.380290
210.543386,15.491342,13.380294
210.468055,15.699974,13.201216
210.473090,15.707491,13.207442
210.420808,15.998162,13.208403
210.398455,16.158549,13.266636
210.431087,16.225812,12.946530
210.212839,16.169569,12.901547
209.750591,16.250595,12.723968
209.111050,16.370420,12.617872
209.014092,16.589834,12.626797
208.765132,16.714417,12.719420
208.660137,16.688362,12.699564
208.494454,17.005853,12.616553
208.686414,17.195792,12.555934
208.507752,17.164697,12.375398
208.506719,17.181478,12.393141
208.462300,17.208079,12.306440
208.332116,17.502675,12.438619
208.177561,17.783480,12.272281
208.176919,17.783490,12.272244
207.811306,17.909720,12.223069
207.477150,17.835060,12.282512
207.332408,17.974902,12.276213
206.811994,17.975310,12.182393
206.685637,17.949751,12.177918
206.445459,18.109046,12.106588
206.351566,18.217425,11.922789
206.088665,18.183260,11.871819
206.083778,18.178750,11.868919
206.082521,18.178442,11.868763
206.076698,18.175022,11.871818
206.149873,18.504005,11.832962
206.146735,18.501601,11.831557
206.034859,18.466276,11.810243
205.197452,18.462962,11.485691
205.060132,18.440648,11.504477
205.286887,19.192664,11.415169
205.198994,19.191872,11.431666
205.137660,19.510163,11.373135
205.030880,19.487816,11.360029
204.927677,19.489602,11.374232
204.931587,19.551100,11.331222
204.931433,20.067297,11.071854
204.913407,20.439599,10.988915
204.581323,20.580477,10.935860
204.154724,20.660105,10.873375
204.040405,20.627175,10.859686
203.987741,20.626455,10.852793
203.931558,20.612833,10.845720
203.372118,20.842614,10.801155
202.872367,20.906303,10.636080
202.571082,21.099165,10.574397
202.549137,21.089922,10.581723
202.587885,21.150995,10.505918
202.519887,21.145720,10.509510
202.427065,21.155553,10.446776
202.397744,21.510807,10.548649
201.743388,21.846023,10.402321
201.510470,22.007116,10.300519
201.669179,22.356204,10.271657
201.859561,22.483825,10.187901
201.920051,22.502686,10.193656
202.183053,22.872804,10.106773
202.272290,22.914209,10.116190
202.763156,23.078254,9.989570
202.723420,23.161116,10.014084
202.818752,23.330672,9.954986
202.856904,23.341866,9.960157
202.893953,23.370005,9.944875
202.949351,23.385952,9.951379
202.965881,23.515256,9.879605
203.078361,23.553382,9.891739
203.114559,23.744421,9.805245
203.159123,24.400232,9.369196
203.742910,24.574484,9.076927
203.744435,24.575126,9.076946
203.511309,24.661077,9.044860
203.613216,24.666342,9.027824
203.720158,24.698210,9.039291
203.732179,24.808187,9.019915
203.820553,24.820521,8.999512
204.310642,24.988269,8.750306
204.442709,25.017128,8.727272
204.443446,25.017928,8.727258
204.426883,25.138497,8.708857
204.535016,25.506898,8.666768
204.535767,25.507426,8.666802
204.327226,25.663299,8.600279
204.277604,26.332555,8.519032
204.364244,26.630858,8.697172
204.551017,26.687403,8.707421
204.740724,26.890522,8.824490
205.020237,26.968431,8.762362
205.144697,27.029992,8.772147
205.125067,27.065285,8.766899
205.415041,27.667290,8.943725
205.335899,28.086331,8.795776
205.367246,28.096158,8.612213
205.238397,28.522586,8.525397
205.423855,28.775461,8.749110
205.381731,28.774508,8.715875
205.855296,29.341940,8.769169
205.960794,29.408020,8.712335
205.961151,29.408386,8.712368
206.098494,29.729167,8.465392
206.247216,29.774798,8.478367
206.348298,29.821558,8.491664
206.349607,29.833755,8.469281
206.500401,29.886604,8.411664
206.457558,30.230975,8.363588
206.633145,30.282721,8.359843
206.805480,30.685859,8.358195
206.937331,30.734281,8.350419
206.945682,30.732413,8.354010
206.961058,31.051334,8.514150
206.861270,31.026153,8.503019
207.005199,31.023669,8.431145
207.005287,31.024001,8.431226
207.095819,31.444121,8.563025
207.277390,31.828356,8.852071
207.216370,31.776890,8.862291
207.215884,31.777568,8.862221
207.210617,31.782252,8.841277
207.434744,32.103764,8.793153
207.250971,32.428490,8.850799
207.155376,32.520436,8.939195
207.422220,32.906232,8.681182
207.467836,33.258663,8.667761
207.468090,33.258945,8.666551
207.489581,33.255833,8.675260
207.467694,33.267889,8.633268
207.315489,33.304617,8.616904
207.569106,33.851500,8.549614
207.733655,34.347505,8.487137
208.246131,35.532990,8.658450
208.247890,35.977967,8.629307
208.241488,35.982013,8.611045
208.136349,36.148508,8.645319
208.179357,36.155896,8.637420
208.165863,36.162031,8.623002
208.205354,36.172544,8.615766
208.205542,36.172926,8.615772
208.143853,36.199169,8.596492
208.023381,36.421429,8.461038
208.646270,37.047227,8.280383
208.890039,37.438537,8.211929
208.890240,37.438946,8.211912
208.888605,37.448194,8.198410
208.888805,37.448602,8.198394
208.765761,37.675426,8.016292
208.842394,37.954868,7.967998
209.031605,38.310033,7.916446
209.102040,38.877637,7.852511
209.226865,39.089307,7.884152
208.933348,39.346470,7.840788
208.946523,39.348947,7.838017
208.935062,39.359616,7.846259
208.945495,39.364393,7.850349
208.956167,39.365826,7.848537
209.173055,39.847542,7.799700
209.172375,39.854788,7.782135
209.274088,40.158406,8.071876
209.492668,40.784616,8.100221
209.761355,41.076268,7.975333
209.949602,41.337370,7.939232
210.275476,42.370936,8.216738
209.949135,42.785292,8.286682
210.192342,42.953831,8.283321
210.049113,43.563045,8.273722
209.718646,44.512976,8.280844
209.724752,44.516918,8.279753
209.674066,44.550659,8.265195
209.654870,44.548665,8.269044
208.978400,45.230062,8.403048
208.758594,45.450668,8.449242
208.375410,45.902346,8.397983
208.521456,46.292216,8.289206
208.518891,46.937472,8.286143
209.171229,47.185594,8.359258
208.507805,47.705714,8.505037
208.284584,47.957710,8.559641
208.284083,47.958021,8.559728
208.283583,47.958333,8.559815
208.069340,48.220879,8.482759
207.870330,48.151533,8.516249
207.869831,48.151846,8.516335
207.482824,48.624726,8.817454
207.040790,49.633586,8.775072
206.805010,49.898059,8.832184
206.899426,50.709913,8.839015
206.942217,50.720844,8.831979
206.901992,50.723295,8.839495
206.902161,50.723656,8.839582
206.858312,50.730321,8.847766
206.801508,51.683979,8.857449
206.925546,52.481305,8.777535
206.903217,52.496466,8.790430
206.885054,52.507177,8.787171
206.980012,52.904816,8.892531
206.900341,52.941132,8.891865
206.822375,52.979682,8.879550
206.809573,52.987847,8.876971
206.787017,53.009803,8.872922
206.731139,53.012539,8.883303
206.731068,53.024750,8.882828
207.611512,53.559672,8.753484
207.683202,53.861232,8.760132
207.747049,53.894581,8.766833
207.702751,53.912926,8.773413
207.625235,54.216168,8.830185
207.346306,55.855173,8.877425
207.122401,56.099479,8.884960
207.226100,56.559907,8.770014
207.608952,57.952544,8.759443
208.090446,58.594631,8.838936
208.129555,59.759691,8.807817
207.671366,60.406468,8.927978
207.413936,60.648609,8.980672
207.322450,61.333682,8.955475
207.081499,61.670627,9.018161
207.088043,62.640910,9.020658
207.195351,62.726284,9.115124
206.894276,63.544727,9.283767
206.886408,63.545348,9.286636
207.127311,64.191231,9.212585
207.057686,64.666762,9.264730
207.052893,64.670942,9.246503
207.147296,64.774210,9.219286
207.383248,65.686481,9.146186
207.037102,66.092990,9.201709
207.585690,66.810350,9.208878
207.587173,66.810742,9.209082
207.526092,66.879278,9.202565
207.757238,67.118599,9.183411
207.896459,67.513499,9.214901
208.084170,67.568697,9.218569
208.152444,67.715895,9.175312
207.905259,68.084658,9.238985
207.909215,68.084847,9.238144
208.279543,68.802044,9.356542
208.016447,69.032836,9.417794
207.524055,69.898784,9.415152
207.758371,71.125316,9.369680
208.399700,71.489266,9.236314
208.288747,71.988383,9.491712
208.282786,71.989797,9.494310
208.450393,72.024747,9.513166
208.301098,72.804141,10.017325
208.447740,73.420868,9.955915
208.371852,73.476858,9.985902
209.032935,73.865171,10.043421
208.951317,74.650978,10.174051
208.757375,74.711245,10.286494
208.456084,75.229921,10.337450
208.465982,75.231248,10.338429
208.833101,75.639368,10.403417
208.856398,75.640040,10.408444
208.899214,75.641111,10.417743
208.519185,76.143273,10.604315
208.788413,77.204659,10.602801
209.066887,78.250537,10.521807
209.130145,78.291179,10.507442
209.126186,78.429305,10.544162
208.997359,78.573214,10.851609
208.843788,79.313887,10.780715
209.093281,79.775679,10.863275
209.422839,80.375983,11.124266
209.214425,80.798906,10.884466
209.203989,80.801173,10.882139
209.204086,80.801587,10.882104
209.197701,80.803907,10.892731
209.620474,81.493225,10.802632
209.614821,81.495039,10.810315
209.077424,82.024086,10.851441
208.705448,81.888339,10.839387
208.705785,81.888732,10.839632
208.743960,81.911689,10.831476
209.326872,83.306842,10.933048
209.325874,83.307474,10.935418
209.206100,84.103826,11.410353
209.871488,85.042936,11.158468
210.317767,85.998096,11.268203
210.499359,86.206988,11.348745
210.670474,86.335164,11.280547
210.703214,86.336282,11.273522
210.811124,86.344702,11.282712
210.797337,86.419777,11.342444
210.811928,86.419042,11.332767
211.174224,87.397114,11.274493
211.013041,87.602052,11.151614
211.178835,88.574194,11.147986
211.241648,88.660741,11.066564
211.609156,89.156630,11.054197
211.912574,90.054938,11.137916
211.600753,90.520045,11.169001
211.428837,90.648342,11.213369
212.003989,91.143596,11.230416
211.950155,91.238602,11.196043
212.202303,93.238892,11.537193
212.482362,93.950888,11.470019
212.489272,93.955819,11.468189
212.756178,94.110441,11.507355
212.776617,94.113312,11.504818
212.617261,94.411063,11.412176
212.312592,94.858652,11.485737
210.948407,94.853962,11.574675
210.937241,94.853480,11.572575
211.454254,95.381804,11.657686
211.133929,95.827056,11.733800
211.429344,96.831312,11.935087
210.544862,97.083513,11.996474
210.355302,97.500968,12.085624
210.354749,97.501295,12.085711
210.339827,97.500341,12.089689
210.305236,97.497768,12.099735
210.622394,98.401345,12.017985
210.622037,98.401702,12.018020
210.401299,98.836452,12.089322
210.520751,99.696851,12.095481
210.256810,99.872836,12.026846
210.508462,100.207168,12.007628
210.482181,100.213149,12.014736
210.587539,100.302012,11.986107
210.562175,101.257712,11.916664
209.938020,100.999438,11.856351
209.942700,101.001991,11.857184
209.926511,101.011841,11.857618
209.926445,101.012229,11.857648
209.847575,102.381065,11.848643
210.139159,102.928381,11.921412
210.191937,102.936625,11.907398
209.850616,103.383623,11.977914
209.847289,103.383565,11.977262
208.979858,104.018436,12.150410
208.147859,103.818048,12.123931
208.475427,104.718834,12.047767
208.480303,104.720772,12.048569
208.483710,104.721700,12.049264
208.577835,104.750782,12.074516
208.586090,105.062725,12.065138
209.163906,106.381606,12.194307
209.344567,106.624393,12.142993
209.407650,106.653856,12.126255
209.341190,107.020300,12.148976
209.365105,107.996453,12.285662
209.345397,108.315359,12.236515
209.346464,108.315900,12.236292
210.189055,108.890251,12.312594
210.517324,109.779928,12.284962
209.450475,109.839069,12.295581
209.127876,110.192363,12.362686
209.349924,111.091695,12.315035
209.248491,111.146712,12.335687
209.293771,111.160295,12.323593
209.199997,111.884670,12.300705
209.313351,111.980489,12.270599
209.301810,111.980886,12.273817
209.301870,111.981782,12.274003
209.268512,112.375065,12.361381
209.175028,112.690645,12.265592
209.210351,112.699856,12.256251
209.398007,113.031987,12.579761
209.381576,113.041006,12.574945
209.325279,114.450516,12.912738
209.460241,114.593822,12.875285
209.273970,115.129130,13.536373
209.273949,115.129523,13.536709
209.102599,115.281741,13.600692
209.125680,115.288533,13.593458
209.125538,115.289320,13.593171
208.904269,116.105076,13.592841
208.643534,117.591904,14.132537
208.703290,117.619177,14.133420
208.835160,118.739030,14.106205
209.056145,119.322796,14.033191
209.018728,119.324850,14.022920
209.045867,119.334263,14.019291
208.855808,120.112598,14.155822
208.403634,120.971816,14.174804
208.828513,121.824907,14.388784
208.728838,122.163934,14.354959
208.760569,122.342025,14.410451
208.980218,122.708906,14.341260
209.225621,123.205079,14.361023
208.443483,123.149272,14.212203
208.449580,123.152393,14.207797
207.706089,123.451271,14.192664
208.505860,124.240154,14.315116
208.592374,126.327433,14.963476
208.728633,126.457656,14.922366
208.320749,126.844100,15.026224
208.807495,127.292738,14.942574
208.590440,127.621837,15.063747
208.458619,127.715288,15.110485
209.171181,129.118985,15.483985
207.981297,129.719702,15.594404
207.850707,130.348001,15.604194
207.901253,130.450575,15.597831
208.439378,131.294840,16.472080
208.236348,131.714189,16.906016
208.271716,132.181573,17.462305
208.227974,132.783015,17.973519
208.241311,132.784838,17.973815
208.084268,133.089180,18.047133
208.104510,133.098249,18.091279
208.103295,133.098246,18.094155
208.027417,133.177408,18.098541
208.011310,133.953854,18.031890
208.269846,134.553609,17.950918
208.270004,134.554105,17.951090
208.335952,135.490331,17.998133
208.494967,135.903050,17.912068
208.070231,135.999316,18.177619
208.037693,136.000564,18.183786
207.741446,136.347418,18.300892
207.922889,136.605199,18.476917
207.980787,137.028736,18.394646
208.125277,137.892389,18.488586
208.158656,137.897621,18.505983
207.868157,138.594440,18.443563
207.934222,138.725399,18.460923
208.115723,138.957514,18.645814
208.210469,139.199165,18.584697
208.210513,139.200375,18.585119
208.159913,139.643362,18.711089
207.890194,139.931218,18.779746
207.847452,140.107569,18.807423
207.854413,140.109973,18.805499
208.087603,140.640998,19.146579
208.256270,141.250638,18.997555
208.258483,141.252000,18.994186
207.838838,141.856656,19.105666
207.698770,141.988192,19.061173
207.571733,142.834300,19.053431
207.591850,142.858772,19.054076
207.271260,143.207315,18.873823
207.263221,143.208039,18.876256
206.853300,143.749411,18.628839
206.859121,143.759045,18.608828
206.861008,143.768889,18.577528
206.714764,144.101461,18.585340
206.497326,144.268681,18.663401
206.510632,144.271380,18.672419
206.240332,145.919343,19.153975
206.253606,147.479069,19.283108
206.207718,147.496384,19.315148
206.183173,147.546335,19.285485
206.233281,147.559582,19.337846
206.389894,148.705523,19.480710
206.361737,149.402582,19.689124
206.891626,150.787390,19.538176
206.601501,151.158834,19.474487
206.611390,151.355769,19.460129
206.617645,151.380249,19.441688
206.616963,151.380717,19.441763
206.115888,152.006992,19.399156
206.115483,152.007491,19.399117
206.062680,152.019594,19.381531
205.967507,152.181661,19.301900
205.954350,152.182448,19.292228
205.831362,152.834667,19.247404
205.373286,153.243741,19.351569
205.198068,153.439356,19.383338
205.176124,153.435607,19.391617
205.030478,154.167522,19.409012
204.915214,154.664918,19.609155
205.514950,155.764745,20.258256
205.005406,156.078061,20.396809
205.204757,156.237609,20.428789
204.933441,156.754579,20.350697
205.046865,157.174099,20.410297
204.756698,157.555859,20.518350
204.910181,158.376590,20.536715
205.224465,158.853239,20.413846
205.263475,159.408549,20.145361
205.170398,159.581648,20.047756
205.385755,159.902882,20.417045
205.388914,159.903907,20.417950
204.786070,160.649003,20.784497
204.779838,160.648393,20.787092
204.722575,161.127099,20.854222
204.722804,161.127815,20.854147
204.467103,161.353791,20.927442
204.465877,161.356338,20.927543
204.556427,161.645823,20.861793
204.641569,162.794564,20.968928
204.479023,162.945945,20.979530
204.739766,163.278161,20.937845
204.736025,163.281814,20.938645
204.699698,164.032051,20.881915
204.582882,164.167631,20.903335
204.655385,164.251746,20.873503
204.589340,164.582087,20.802649
204.598820,164.640734,20.811104
204.746057,164.888545,21.000862
204.757656,164.892052,20.996217
204.358877,166.115532,21.116086
204.352498,166.115138,21.118935
204.058318,166.393188,21.198666
203.857678,167.115135,21.103476
203.997196,167.344890,21.045492
204.047538,167.389185,21.023061
204.111026,167.384306,21.091831
203.682067,167.929295,21.242729
203.650415,167.925033,21.254958
203.773912,168.135601,21.205196
203.646930,168.175596,21.257028
203.639207,168.174482,21.260649
203.387867,168.469881,21.551450
203.170623,168.892794,21.809714
202.971189,169.303480,21.711129
202.961591,169.649128,21.846426
203.093748,169.963348,21.897662
203.089814,170.206772,21.838659
202.927976,170.549419,22.312736
202.952408,171.483987,22.582650
202.781099,172.204848,23.217177
202.848435,172.228956,23.233133
202.566016,172.670089,23.564173
202.610182,172.876172,23.505961
202.654446,173.143527,23.931492
202.589855,173.484233,24.149228
202.524978,173.790611,24.167958
202.852409,174.252805,24.054768
202.684424,174.390041,24.117387
202.647988,174.643846,24.114708
202.739834,174.783072,24.073601
202.569103,174.906243,23.999602
202.601290,174.924481,23.984470
202.648211,175.105990,23.927552
202.681141,175.607756,24.629795
202.638416,175.602913,24.651666
202.712062,175.916640,24.633378
202.794408,176.037112,24.595962
202.614787,176.353864,24.537906
202.474030,176.335275,24.669083
202.418231,176.342991,24.736878
202.386900,176.528476,25.254338
202.539244,176.901651,25.402191
202.321185,177.230121,25.731637
202.357547,177.315014,25.710234
202.091756,177.503599,25.748360
202.090851,177.507674,25.742354
201.790123,177.707479,25.850460
201.762046,178.012978,25.641575
201.717098,178.268159,25.623735
201.152149,178.690546,25.772761
201.143613,178.684919,25.777125
201.045549,178.765889,25.797350
201.117704,178.958567,25.923965
200.640144,179.257698,25.899823
200.632742,179.590952,26.175390
200.365060,180.201691,26.450730
200.286179,180.512203,26.601523
199.092998,181.361355,27.400783
199.180003,181.751726,27.324990
199.031243,182.171852,27.274559
199.047476,182.878625,27.750163
199.053051,182.920339,27.722816
198.719932,183.424580,27.700319
198.718059,183.425721,27.697632
198.585082,183.428353,27.739070
197.654729,184.430973,27.875405
197.686592,184.648989,28.020415
197.685668,184.898474,27.894116
197.596983,184.953956,27.856541
197.157363,185.435052,28.292656
197.200886,185.487378,28.271952
196.881787,185.739306,28.524972
196.850177,185.710447,28.406649
196.786421,185.841129,28.370274
196.833495,186.220861,28.475453
196.815242,186.245712,28.467302
196.920664,186.544843,28.566814
196.375764,187.600831,28.820939
196.412799,187.892321,29.106312
196.305908,188.143182,29.136444
196.384144,188.272679,29.246689
196.039906,188.840429,29.460135
195.878290,188.806777,29.406965
194.877227,189.474086,29.117219
194.384670,189.827903,28.980013
194.091259,189.863505,29.104732
193.901989,189.812885,29.136387
193.686792,190.045210,29.259414
193.675871,190.048294,29.239349
193.568606,190.083228,29.226606
193.556926,190.086170,29.224964
192.876811,190.631946,29.436011
192.813600,190.587868,29.367109
191.963635,191.051737,29.491410
191.688597,191.318215,29.476764
191.110454,191.899069,29.251151
190.828904,191.908158,29.513306
190.746532,191.868013,29.520874
190.550014,191.688285,29.447582
190.177949,191.920247,29.246139
189.953072,191.887051,29.550631
189.741033,191.919232,29.917548
189.608427,191.881872,29.960272
189.268575,191.873635,30.065176
189.119740,191.817886,30.130545
188.716789,191.835456,30.024019
188.217046,191.858438,29.798432
188.108257,191.833106,29.868465
188.082346,191.768408,29.869460
187.845677,191.544691,29.728440
187.763678,191.481386,29.530545
187.689160,191.425898,29.530321
187.517961,191.334506,29.577030
187.340081,191.322585,29.617929
187.254349,191.302223,29.627588
187.046333,191.118759,29.627266
187.046833,191.126907,29.670992
186.944211,191.160561,29.649932
186.943051,191.160114,29.649449
186.772367,191.142318,29.716918
186.686110,191.061736,29.752987
186.337048,191.140950,29.856162
186.155477,190.978188,29.762579
186.049174,190.861477,29.743154
185.485767,191.155471,29.674695
185.223519,191.456759,29.553903
184.713837,191.694217,29.321861
184.527105,191.625208,29.401704
184.134641,191.550280,29.445041
183.910603,191.437367,29.422818
183.715856,191.360068,28.943775
183.395869,191.551243,28.721225
182.896523,191.708247,28.815004
182.475087,191.835449,28.910138
182.049758,191.799579,29.388126
181.593758,191.685086,29.526051
181.592991,191.684633,29.526619
180.808998,191.608395,30.225119
180.798896,191.596767,30.267851
180.235496,191.418407,30.613689
180.091456,191.573147,30.649711
179.357562,191.373910,30.693249
179.094761,191.327647,30.796204
178.810722,191.337123,31.168157
178.543427,191.539066,31.326354
178.356606,191.748242,31.326908
178.324700,191.796778,31.294648
178.324208,191.803789,31.297720
177.620046,191.950176,31.302078
177.599091,191.991281,31.287153
177.502427,192.100937,31.439541
177.321533,192.047612,31.311083
177.246049,192.146355,31.336988
176.990947,192.029223,31.283073
176.615152,191.709796,31.376939
176.521867,191.715722,31.331618
175.943599,191.181712,31.221871
175.847748,191.345900,31.244779
175.253587,191.496922,31.323574
175.240808,191.490659,31.328324
174.783204,191.498168,31.449669
174.569430,191.351593,31.509639
174.467005,191.339010,31.674169
174.196783,191.252714,31.554463
173.596966,190.753835,31.425613
172.835615,190.381979,31.263885
172.268690,190.188467,31.163165
172.082219,190.122288,31.226342
171.450457,189.894659,31.141239
170.396176,189.992243,31.009130
169.856421,189.690160,31.036638
169.865919,189.651234,31.058869
169.293999,189.196364,31.696380
169.283294,189.197495,31.698551
169.200382,189.009167,31.787514
169.157032,189.034835,31.816220
169.086064,189.082308,31.825245
168.745007,188.616055,32.039416
168.746222,188.521666,32.112777
167.602649,187.963847,31.937418
167.029598,187.239521,32.148517
166.815777,187.013333,32.331200
165.688742,186.325050,32.218635
165.687637,186.324802,32.217237
165.668191,186.347973,32.217850
165.667345,186.347354,32.218222
165.065291,186.226257,32.147199
164.940185,186.321691,32.102609
164.879044,186.273705,32.143090
164.619297,186.307552,32.281825
164.177322,185.640808,32.169246
163.437233,185.352236,32.153465
162.503123,184.936636,32.513453
161.648213,183.947682,32.470192
160.829822,182.823421,32.561266
160.197947,182.381605,32.466107
159.838917,181.634816,32.124408
159.597266,181.424812,32.049866
158.786769,180.486822,32.132126
158.818521,180.324009,32.208282
158.493926,180.046317,32.308738
158.384846,179.895242,32.087033
158.022672,179.606718,32.211580
157.242272,178.729558,32.008434
157.075407,178.791979,32.110515
156.576759,178.062209,31.984308
156.445212,178.074137,31.873291
156.323673,177.959716,31.964231
156.323028,177.958955,31.964498
155.443978,177.687302,32.191293
154.963167,177.388432,31.988949
154.339297,176.709987,31.903067
154.278156,176.781203,31.890186
153.915473,176.417997,31.774345
153.888845,176.441370,31.765686
153.888417,176.440576,31.765023
153.357468,175.922215,31.686495
152.474678,175.387657,31.897864
152.452460,175.421638,31.877236
152.019307,175.299978,31.517720
151.541653,175.323415,31.104859
151.130657,175.015009,30.978375
150.487179,174.925739,30.621388
150.144797,174.368274,30.493033
149.959096,174.509251,30.511391
149.824325,174.286291,30.279314
149.250023,174.247433,30.160532
148.257516,173.716485,29.812923
148.087125,173.482314,29.891677
147.910209,173.361175,30.136300
147.908993,173.360553,30.139923
147.746822,173.297744,30.396818
147.746265,173.297267,30.396304
147.734358,173.309854,30.371572
146.856993,173.017942,30.315984
147.173032,173.453696,30.277060
146.961903,173.254184,30.382210
146.548257,172.763244,30.380778
146.548929,172.761405,30.378040
146.471094,172.838422,30.281823
145.888400,172.095119,30.033020
145.809563,172.106039,29.848160
145.751827,171.787342,29.384836
145.189408,171.680605,29.271848
144.697945,170.830602,29.278116
144.086714,170.304129,29.058284
143.329781,169.581581,28.599523
142.528665,168.991078,28.988454
142.481595,169.024716,29.035374
141.723684,168.231462,29.118355
141.696617,168.238687,29.142170
141.696026,168.238146,29.142249
141.261349,168.203543,29.026810
140.556238,168.413956,28.950109
140.187848,167.999795,28.889673
140.033528,168.207409,29.005239
138.768980,167.607323,28.318360
138.329836,167.707776,28.303700
137.378108,167.251764,28.127645
136.233781,166.533048,28.307393
135.528978,165.395221,28.686552
135.528595,165.394197,28.687048
135.304037,165.042525,28.573434
134.838433,164.941926,28.440002
134.343939,164.959472,28.273111
133.698487,164.821013,28.271346
132.528173,163.955604,27.971393
132.058584,163.961744,28.002883
131.474362,163.698160,27.876388
129.834154,162.496491,27.614367
129.480501,162.603039,27.469306
128.585538,161.578604,27.961508
128.024802,161.534350,27.750264
126.814475,160.929922,27.396096
125.560467,160.027097,27.334576
124.121674,158.057940,27.278618
123.438350,157.604061,27.311402
123.440264,157.599633,27.312354
123.402153,157.665919,27.318512
123.401826,157.664945,27.318160
122.622497,156.961730,27.550267
122.554416,157.006228,27.506603
121.754589,156.144611,27.320644
120.848021,155.833466,27.566678
119.052101,154.938608,27.402466
118.001863,153.452680,27.695865
117.963488,153.489711,27.649296
117.920739,153.543298,27.632647
117.746599,152.943328,27.632983
117.078924,152.332735,27.179287
116.387273,152.327313,27.273268
114.645441,151.266814,27.173832
114.119633,151.111985,27.052524
114.119179,151.111216,27.053162
113.538394,150.637198,27.606289
113.417029,150.512743,27.721517
113.047430,150.537110,27.803706
113.001562,150.595650,27.789670
112.901954,150.268188,27.721089
112.904460,150.246373,27.695816
112.503189,149.712911,27.727115
112.004633,149.227903,27.521247
111.184528,149.206172,27.511627
111.163398,149.231969,27.455183
110.936044,148.836409,27.292230
110.237040,147.628370,27.281372
109.549087,147.081182,27.319929
109.548668,147.080505,27.319736
108.899787,145.988584,27.260492
107.926915,145.237157,26.992069
107.928708,145.227700,26.956047
107.930106,145.225267,26.953401
107.922009,145.229763,26.943219
107.386833,144.312763,26.881984
106.805472,143.528471,26.854660
105.087827,142.519463,26.964684
105.088304,142.581572,26.947516
104.708703,142.180554,26.573018
103.405468,141.152503,26.842436
103.408561,141.148045,26.850604
102.420574,139.735851,26.932946
101.665999,138.554222,26.689534
101.669223,138.549559,26.688634
101.503880,138.063800,26.941186
101.361584,137.526034,26.919833
101.128274,137.047322,27.056723
98.972917,136.056515,26.934553
99.020845,135.951459,26.909345
98.868835,135.261733,26.761476
97.847941,134.289559,26.938148
97.644986,133.770046,26.826567
96.526230,132.684649,26.810983
96.453568,132.692234,26.765631
95.565984,132.001647,26.305891
95.480104,132.029079,26.260075
94.463626,130.462093,26.369558
93.931713,130.367548,26.223330
93.929767,130.368407,26.223999
93.929197,130.367649,26.223971
93.261346,130.095296,26.319301
92.689149,129.536618,26.106499
92.615856,129.578267,26.152806
92.587551,129.606118,26.157485
92.109171,129.298164,26.284145
91.702344,129.390448,26.181845
91.218474,128.848615,26.127280
90.936093,128.051353,25.890085
90.904394,128.152387,26.014870
90.866937,128.168183,26.045531
90.115427,127.690197,26.018404
89.941290,127.162199,25.926839
89.422018,126.889215,25.973775
89.334459,126.888006,26.029118
88.934233,126.611252,26.208876
87.928118,126.158186,26.003875
86.953595,125.083212,26.022255
86.721238,125.000971,26.090706
86.459814,125.115211,26.167662
86.266725,124.564595,26.196031
85.812837,124.069960,26.015683
85.719098,123.663008,26.032768
84.627233,122.304532,25.844325
84.195476,122.194159,25.714776
84.140031,122.202401,25.675089
83.486358,121.282800,25.725019
83.069084,120.834845,25.867195
82.040316,119.536851,25.435072
81.830546,119.748866,25.519509
81.158234,119.080246,25.327558
80.941999,118.697211,25.309461
80.299177,118.019328,25.105595
80.297533,118.018879,25.101571
80.071844,117.539814,25.337002
79.368527,117.092420,25.348485
79.319679,117.222825,25.277512
79.243380,117.273883,25.331328
78.849753,116.859228,25.052062
78.624183,116.558576,25.150953
78.617603,116.600316,25.157158
77.863330,115.486121,25.198669
77.704463,115.231625,24.959214
77.705014,115.229395,24.962738
77.693767,115.264966,24.975479
76.760633,114.542647,25.233436
76.438929,114.580802,25.452544
76.024138,114.598314,25.275767
75.787692,113.819620,25.265535
75.795124,113.871854,25.277224
75.794370,113.871085,25.277415
75.775974,113.867251,25.260469
74.931363,113.387532,25.566963
74.856943,113.356803,25.496181
72.827625,111.714506,25.825751
71.579316,111.308994,25.644772
70.532069,110.916964,26.038871
70.531321,110.916393,26.039798
70.249196,111.013248,25.915418
70.206426,110.679292,26.054281
69.548015,110.460527,26.016834
69.334790,110.118231,26.125636
68.452466,109.662101,26.102124
67.902303,109.639613,26.225228
67.183017,108.956015,26.231694
67.005650,108.558992,26.333888
67.004383,108.555777,26.325004
66.856818,108.243759,26.427911
66.855857,108.243382,26.427977
66.738250,108.025383,26.512676
66.179571,107.780995,26.268067
66.029145,107.168162,26.291205
65.877279,106.981179,26.005923
65.876452,106.980336,26.005870
65.787468,106.935445,26.027455
64.907193,105.953744,25.984008
64.377070,105.205965,25.994530
62.992748,104.022304,26.360662
62.675975,103.727690,26.391945
62.675957,103.725376,26.397256
62.202534,103.870213,26.302824
62.030815,103.843547,26.406605
60.992229,102.949085,25.982375
60.814987,102.307231,26.093989
60.814258,102.305690,26.090438
60.744355,102.152876,26.195117
60.743659,102.151366,26.194871
60.347908,101.699592,26.186961
60.347845,101.695904,26.183513
59.783426,101.328294,26.305100
59.367498,100.485501,26.288683
59.101263,100.157502,26.170823
58.411671,99.319351,26.172978
57.904566,99.335969,26.488807
57.007661,99.283214,26.218244
56.940949,99.292452,26.122421
56.198748,98.946173,25.689406
54.928243,98.160263,26.034248
54.062300,97.580238,25.919391
54.081348,97.448867,25.988881
54.041876,97.236492,25.834318
53.786921,96.980922,25.750193
53.651859,96.747402,25.864338
53.263090,96.376155,25.946596
52.889725,96.071718,25.870103
52.240123,95.567138,25.655285
51.744182,95.000796,25.837159
51.647117,94.844862,25.872978
51.576051,94.727515,25.924381
51.481801,94.481051,25.875822
51.335406,94.575511,25.817132
51.199377,94.331407,25.905784
51.120280,94.244434,25.941571
51.041660,93.881106,25.908657
50.982190,93.641278,25.949561
50.217928,92.989301,26.001979
50.178844,92.940863,26.042642
49.615808,92.360516,26.275217
49.296544,92.245054,26.344442
47.486811,92.012796,26.496350
47.113495,91.574785,26.736096
46.665142,91.420344,26.866050
46.163255,91.063578,26.669600
45.645075,90.826321,26.888566
45.211601,90.542938,27.180352
44.898551,90.465744,27.141183
44.699121,90.048980,27.199182
44.349438,89.674827,27.486548
44.268928,89.405795,27.524660
44.137259,89.053592,27.500444
43.869279,88.742447,27.923851
43.606238,88.568163,27.894918
43.104331,87.976552,27.668421
42.502587,87.419042,27.933478
42.174282,87.147645,27.785264
41.732450,86.649621,27.737661
40.765873,86.321185,27.775230
40.287035,86.179354,27.811873
40.157917,85.917118,27.792936
39.778563,85.883577,27.843529
39.732627,86.091651,27.836895
39.180752,86.422756,27.764053
38.782829,86.827766,27.671903
38.399197,87.220356,27.561901
37.648131,87.835391,27.538465
37.681985,87.972158,27.543671
37.698303,88.106886,27.626941
37.494519,88.431048,27.597019
37.540054,88.697361,27.645418
37.616409,88.902213,27.629101
37.665025,89.055160,27.583103
37.758144,89.335453,27.565910
37.750387,89.492600,27.430286
37.367642,89.620402,27.472605
37.174613,90.037198,27.427971
37.204399,90.163284,27.404494
37.314912,90.509243,27.417132
37.206062,90.578219,27.404648
37.140605,90.922192,27.398648
36.864930,91.072720,27.444665
36.555175,91.498484,27.637284
36.212532,91.791990,27.515887
36.166095,92.613420,27.440002
35.776891,92.888183,27.255285
35.510052,93.242968,27.362832
35.451533,93.366790,27.289961
35.496400,93.709042,27.290268
35.488361,93.861336,27.343289
35.408501,94.009235,27.259338
35.428702,94.144980,27.178150
35.370290,94.415100,27.045029
35.264572,94.507737,26.958042
35.013051,94.702214,27.220000
34.883457,94.876844,27.180581
34.883058,94.895307,27.214414
34.891949,95.039976,27.225837
34.892669,95.043395,27.225779
34.896541,95.238278,27.130334
34.742566,95.494030,27.036088
34.757825,95.560078,27.051878
34.657115,95.689183,26.929605
34.210806,95.975477,27.132450
33.786296,96.477810,27.136885
33.732574,96.530692,27.208253
33.551281,96.965970,26.873193
32.950384,97.726038,26.715956
32.730556,97.800207,26.645163
32.570214,97.908966,26.975799
32.476152,98.213642,27.033920
32.474165,98.626303,26.923479
32.392151,99.121436,26.992150
31.828361,99.767246,27.383452
31.935993,99.957446,27.388155
31.801615,100.208062,27.332483
31.421002,100.798103,27.462554
31.506900,101.037212,27.419817
31.563059,101.503561,27.519163
31.716044,101.958504,27.604234
31.730420,102.517668,27.433819
31.649338,102.909303,27.262835
31.674991,103.036517,27.123130
31.680792,103.313694,27.132397
31.786592,103.583609,27.086302
31.661599,104.213229,27.388578
31.512926,104.604834,27.214663
31.513240,104.606956,27.213420
31.055031,105.843273,27.992060
30.587871,105.908121,28.165358
30.561442,106.246755,28.115383
30.501332,106.583345,28.112897
30.340994,107.219840,28.036606
29.883417,107.373923,27.996328
29.895284,107.547905,27.857249
29.862387,107.768542,27.823928
29.537108,108.016192,28.051159
29.752955,108.444976,28.089144
29.319439,108.578948,27.987687
29.142017,108.560798,28.010187
29.013091,109.375638,28.315361
29.149632,109.810336,28.293392
29.145242,109.811043,28.297330
29.097755,110.100664,28.225617
28.832182,110.952235,28.551057
28.614655,111.492392,29.411695
28.479507,111.667722,29.448069
28.314115,112.218664,29.537890
28.362158,113.580505,29.685008
28.259971,114.197902,29.687166
27.988605,114.286161,29.501856
27.609789,115.260640,29.540531
27.271841,115.588163,29.556757
27.176844,116.081545,29.676226
27.023280,116.027388,29.700568
27.085871,117.024932,29.746029
26.943011,118.687449,29.569082
26.976330,118.735909,29.535712
26.888241,119.462143,29.723035
26.746225,119.649151,29.981246
26.613547,119.945412,29.846627
26.140552,120.394513,29.777031
26.207910,120.693944,29.690353
25.880186,121.355582,29.823230
25.898131,121.569639,29.686528
25.879736,121.972774,29.773413
25.721611,122.448370,29.524210
25.672791,123.477757,29.544148
25.510502,124.781975,28.990730
25.637858,125.280342,29.110769
25.418929,125.552795,28.960845
25.289097,126.210506,29.089282
25.283838,126.341741,29.084440
25.140012,126.921432,29.127831
25.221735,127.335908,29.220523
25.304233,127.704391,29.313609
25.189608,127.913237,29.195652
25.194658,127.915493,29.201554
25.184853,127.914203,29.239865
25.049845,128.162979,29.090139
25.044611,129.097717,29.141310
24.993468,129.755404,29.881641
24.799790,130.075915,30.072448
24.738250,130.725561,29.983695
24.549395,131.410071,29.743206
24.333927,131.858366,29.447324
24.352907,131.874023,29.484746
24.273131,132.172681,29.660544
24.090515,132.476428,29.542366
23.738979,133.135079,29.707799
23.239436,133.560744,30.093801
22.833408,134.866087,29.688162
22.703883,135.103512,29.583056
22.401592,136.042657,29.416652
22.382585,136.515696,29.208369
22.376156,136.513445,29.184511
22.246117,136.732890,29.046026
22.315142,137.218124,28.976395
21.938119,137.328687,28.616487
21.938377,137.346695,28.528386
22.061393,138.127886,28.422939
22.145470,138.589669,28.483507
22.145043,139.169890,28.580585
21.773112,139.998749,28.412393
21.641199,141.025631,28.488595
21.511262,141.277404,28.352245
21.422774,141.612301,28.513433
21.390015,142.519978,28.539757
21.401544,142.525507,28.555228
21.398163,142.835341,28.434956
21.445151,142.971773,28.387303
20.976815,143.865063,28.220167
20.764227,144.211904,28.042405
20.734978,145.007324,28.449152
20.471195,145.488057,28.905163
20.590588,145.771567,28.767322
20.404093,146.634364,28.106984
20.606792,148.271304,28.103697
20.501970,148.498037,28.473422
20.509295,149.957965,28.840999
20.387620,150.952962,28.778911
20.368259,151.458178,29.129536
20.577617,152.741631,29.305362
20.584597,152.747058,29.315188
20.231036,154.495900,29.388919
20.195095,154.516106,29.336624
20.219612,155.051346,29.269179
20.208333,155.055879,29.251584
20.148120,155.727015,29.392723
19.898077,156.680903,29.642604
19.747672,157.018271,29.386406
19.645240,157.327023,29.243837
19.574846,158.572841,29.094023
19.307940,159.758688,29.233197
19.218601,160.337597,29.246902
19.212412,160.356371,29.212055
19.117367,160.443668,29.386534
19.073674,160.990685,29.296652
19.122513,161.647131,29.310966
19.127198,161.653409,29.294303
18.986824,161.969472,29.098529
18.535300,163.256907,28.931940
18.470710,163.272518,28.892314
18.177674,163.929790,29.175080
18.165544,163.928914,29.184492
18.090067,164.312489,28.910022
17.760278,164.904811,28.901346
17.562389,165.242396,28.862449
17.445174,165.498645,29.253948
17.347647,165.815947,29.116922
16.752946,166.209615,29.901367
16.723600,166.240207,29.937522
16.496704,166.848825,30.003648
16.382866,167.154682,29.819470
16.285470,167.918614,29.778193
16.250653,167.932105,29.836371
16.325394,168.172228,29.892038
16.238661,168.367869,29.791766
16.215996,168.380095,29.755635
16.160185,168.659738,30.325161
16.066602,168.946290,30.783408
16.010724,169.288840,30.701381
15.942855,169.902800,30.304279
15.913373,170.603983,30.264556
15.806276,171.018388,30.245245
15.879926,171.543654,30.383966
15.945497,171.782545,30.416268
15.845913,171.972501,30.566412
15.827673,172.012921,30.566492
15.500794,172.684339,30.848191
15.502445,172.700113,30.852243
15.534226,173.631432,30.658339
15.296601,173.450838,30.801443
15.326743,173.511348,30.861916
15.471787,174.485862,31.187009
15.311691,175.104802,32.457032
15.216312,175.356131,32.272737
15.217527,175.479828,32.234916
15.246641,175.978338,32.070351
15.281050,176.060016,32.131679
15.320029,176.286575,32.191816
15.489118,176.582658,32.068395
15.555007,177.012490,31.674689
15.480968,177.751867,31.195753
15.089426,178.535800,31.261906
15.181956,178.948360,31.307954
15.084903,179.244437,31.218289
15.009409,179.546678,31.080178
14.832397,180.125030,30.746253
14.714770,180.162802,30.789018
14.227008,180.956476,31.622231
14.197978,181.018944,31.563916
14.114218,181.294881,31.711032
13.971921,181.649113,32.113493
13.745814,182.371692,31.886689
13.630867,182.634253,31.946921
13.548362,182.939112,31.801516
13.468446,183.532143,32.196404
13.381556,184.288400,32.391568
13.394364,184.294325,32.373969
13.357002,184.815941,32.527777
13.305513,185.845422,32.486138
13.235584,186.301325,32.340518
13.170161,186.593167,32.186314
12.989804,186.679419,32.398569
13.051186,187.193326,32.320035
13.053471,187.342893,32.398581
13.053420,187.343603,32.398529
13.056064,187.751214,32.383593
13.013428,188.100952,32.204179
13.158338,188.584486,32.571089
13.305012,188.841529,32.542902
13.238200,190.328093,32.363137
13.441221,192.209629,32.429241
13.300986,192.763477,32.258538
13.478006,193.015680,32.103225
13.635492,193.603423,31.604801
13.693227,193.622598,31.604973
13.629817,194.180338,31.295796
13.697685,195.080420,31.477754
13.771043,195.940651,31.651120
13.763169,196.397985,32.018158
13.790903,197.035904,31.977281
13.825783,197.040707,31.967424
13.795403,197.301582,31.760440
13.856166,198.086288,31.962781
13.854247,198.087978,31.969734
13.782064,198.243201,31.998216
13.857482,198.908865,32.160304
13.726447,199.396171,31.860264
13.996506,200.892318,31.639123
13.951425,201.480294,31.394269
13.839120,201.722687,31.240074
13.824801,201.912747,30.991813
14.246134,202.375759,30.705892
14.218628,202.527319,30.659090
14.223722,203.184100,30.681472
13.964261,204.357180,30.807035
14.279256,205.028288,31.258686
14.157353,205.436044,30.996422
14.404353,206.069634,30.561302
14.268922,207.656280,30.972484
14.257457,208.582334,30.953090
14.392188,208.717390,30.928223
14.318219,209.096775,30.663835
14.215448,209.926324,30.707562
14.020604,210.165962,30.661643
13.984870,210.288384,30.702329
13.947141,210.668564,30.492982
13.927979,210.710531,30.428290
13.916065,211.537130,29.778031
13.779538,212.080484,29.378603
13.777535,212.080206,29.372362
13.773736,212.501195,29.579059
13.634522,212.916147,29.272303
13.585218,213.896722,29.104593
13.487726,214.193754,28.888865
13.361496,215.236066,29.337956
13.352404,217.171271,29.067262
13.288564,218.277081,28.785223
13.240965,218.405783,28.678088
13.301746,218.747110,28.396400
13.264242,219.125666,28.099745
13.296134,219.391772,28.487116
13.146155,219.679181,28.639851
13.172602,219.763997,28.427618
13.159025,219.778142,28.399416
13.292972,220.908020,28.709499
13.235002,220.926622,28.737574
13.221767,221.219712,29.088499
13.037466,221.771100,29.402680
12.725114,222.332576,29.328431
12.616992,222.702781,29.578729
12.629276,222.827232,29.474622
12.713600,223.787679,29.503186
12.657741,224.466944,29.305922
12.623917,224.543183,29.243952
12.414807,224.594551,29.298426
12.412421,224.628838,29.265775
12.341050,224.839636,29.054402
12.315864,225.138285,29.179658
12.266078,225.263107,29.056333
12.245110,225.341372,29.039166
12.225307,225.574556,28.912345
12.299989,226.144612,29.053536
12.363914,226.312565,28.986153
12.408178,226.547550,28.992951
12.356622,226.655308,28.863389
12.480384,227.035928,29.025685
12.498008,227.284780,28.799927
12.440990,227.976016,28.755160
12.364480,228.284425,28.784653
12.181125,228.709491,29.323392
12.427221,229.006728,29.073211
12.404553,229.608066,28.815985
12.469133,230.060515,28.710458
12.393978,230.255673,28.480807
12.303687,230.749716,28.261912
12.277664,231.005975,28.423549
12.479299,231.310712,28.732541
12.482207,231.360896,28.672286
12.689763,231.491034,28.510701
12.691974,231.533779,28.457343
12.774410,231.891784,28.482919
12.879937,232.370776,28.298412
12.885648,232.481511,28.270619
12.930095,232.705849,28.068617
12.958864,233.007024,27.934661
13.107643,233.132555,27.817049
13.319355,233.268822,27.647338
13.162728,233.436846,27.679950
13.158949,233.674079,27.748415
12.918817,233.829426,27.840992
12.869411,233.887761,27.770396
12.959110,234.150364,28.656703
12.982523,234.103506,28.734430
13.000526,234.192620,28.872397
13.018587,234.172307,29.008768
13.086694,234.197442,29.182024
13.174477,234.559142,29.463109
13.204087,234.750594,29.639064
13.126724,234.819624,30.210147
13.204198,235.207664,30.364423
13.208227,235.178161,30.409281
13.171087,235.148337,30.517710
13.280118,235.169948,30.620131
13.264056,235.220396,30.777401
13.490339,235.264513,31.186060
13.418617,235.296611,31.457127
13.509347,235.413056,31.714077
13.718432,235.403256,31.924566
13.763058,235.556538,32.111399
13.824507,235.547800,32.262870
14.045154,235.522923,32.685863
14.042096,235.538572,32.868270
14.008800,235.608065,33.233594
14.060672,235.539187,33.356173
14.000947,235.517367,33.454569
14.099751,235.834137,33.610654
14.246854,236.529888,33.726035
14.234670,236.503164,33.875215
14.247124,236.486788,33.906159
14.246957,236.486810,33.907107
14.242979,236.498829,34.178071
14.225465,236.527529,34.458468
14.090826,236.657697,34.827285
14.144141,236.979526,35.056701
14.076081,236.993226,35.188627
14.174309,236.927532,35.515527
14.225587,237.146638,35.310178
14.296512,237.177410,35.550204
14.422784,237.466377,35.793198
14.524116,237.392332,35.971103
14.574853,237.527408,36.171180
14.552623,237.763308,36.574871
14.588495,237.806632,36.638866
14.517312,238.053112,36.935168
14.529472,238.040607,37.238620
14.526128,238.039060,37.240839
14.586675,238.325348,37.274005
14.621390,238.565929,37.744811
14.709484,238.585985,38.210397
14.705792,238.590771,38.517797
14.704735,238.590300,38.518984
14.728370,238.562571,38.585897
14.727581,238.563783,38.586992
14.823663,238.854661,38.531441
14.818899,238.808163,38.885512
14.963597,239.091959,39.203327
15.084360,239.734684,39.456703
15.050807,239.733148,39.782201
14.984862,239.864444,40.003281
14.945325,239.844874,40.175051
15.240467,240.064230,40.620446
15.141660,240.020214,40.677683
15.155922,239.889741,40.989613
15.178765,240.263255,40.852906
15.262017,240.853355,41.153045
15.260529,240.846007,41.690211
15.240983,240.969192,42.080658
15.100272,241.095394,42.384775
15.029752,241.131962,42.534400
15.188319,241.385685,42.914105
15.223387,241.463522,43.137661
15.260777,241.477762,43.245012
15.274592,241.521541,43.369259
15.370248,241.972626,43.972313
15.299725,242.079261,44.037037
15.233938,242.051360,44.228528
15.127256,242.045735,44.400141
15.046540,242.015150,44.951661
15.017076,242.040936,45.084800
14.989503,242.012417,45.335647
14.983680,242.010019,45.338699
14.866597,242.065018,45.469639
14.862872,242.066107,45.470967
14.774991,242.054532,45.549895
14.620073,242.054497,45.569249
14.711152,242.378131,45.563286
14.728090,242.412802,45.839796
14.645971,242.484038,45.945388
14.684767,242.723955,46.181677
14.711211,243.024444,46.473880
14.684085,243.019628,46.489214
14.602322,243.113691,46.415375
14.649991,243.305530,46.588681
14.685254,243.394262,46.595661
14.696081,243.394817,46.730645
14.702998,243.407524,46.772287
14.764798,243.471325,46.822689
14.643761,243.557760,47.115226
14.748200,243.782538,47.421219
14.804232,243.966491,47.679957
14.590741,244.098682,47.893570
14.603326,244.147709,47.908138
14.598538,244.147203,47.983198
14.597540,244.155185,48.043514
14.622356,244.232441,48.089541
14.622766,244.241182,48.142082
14.462291,244.207879,48.272060
14.431146,244.216076,48.308877
14.367342,244.380091,48.389955
