1000
3
6.881121,214.398891,19.359290
7.143798,213.876930,19.233545
7.739402,214.219148,18.781556
8.045189,214.632504,18.582792
8.096781,214.927130,18.618340
8.253974,215.236716,18.502399
8.335861,215.486766,18.490825
8.464316,215.767805,18.467233
8.502934,216.481858,18.601345
8.457774,217.086804,18.398145
8.722353,217.596579,18.108405
8.929676,218.309009,17.898075
9.015463,218.918932,17.958595
9.281900,219.501146,18.115028
9.377268,219.939593,18.135863
9.776316,220.490834,18.368357
10.093957,221.348523,18.718179
10.286664,221.858947,18.787217
10.145533,222.102696,18.917815
10.141420,222.389062,18.919968
10.218525,223.030273,18.991283
10.294221,223.920778,19.336360
10.377504,224.617414,19.455892
10.512697,225.153325,19.441972
10.529252,225.575297,19.430271
10.496742,225.759867,19.299773
10.485148,226.227227,19.626448
10.577993,227.151974,19.948389
10.720083,226.803158,20.654400
10.797457,226.615574,20.932859
10.791321,226.383516,21.088195
10.825615,226.561337,21.424441
11.038067,226.197564,21.777064
11.153575,226.090027,22.318579
11.172673,225.811076,23.238265
11.623579,225.536427,23.700094
11.907378,225.692278,24.252983
12.365332,225.588769,24.862183
12.671141,225.112146,25.748548
12.824551,224.435017,26.333353
12.776578,224.438157,27.844728
12.877066,224.858723,28.329387
13.193503,224.910367,28.852258
13.442702,224.989140,29.263767
13.705418,224.946818,30.411968
13.771909,224.514611,31.049440
14.254894,224.509572,32.438992
14.656636,224.882823,33.733616
14.970592,224.907370,34.258449
15.290736,225.090563,35.214530
15.349904,224.813317,35.822014
15.582583,224.531684,36.335331
15.507691,224.430571,37.180448
16.450562,224.247447,37.851788
16.680470,224.583379,39.276224
16.795829,224.443872,39.477244
16.944636,225.042042,40.823478
17.766498,225.478082,41.763719
17.744861,225.233954,42.052724
18.041296,225.949673,42.475957
18.721333,225.709292,44.456377
18.718039,226.187429,45.357180
19.261200,226.277324,46.017431
20.218620,226.667844,47.582944
20.473159,226.597160,47.991818
20.656027,226.245600,48.779671
20.804761,226.397365,49.457844
20.982709,226.148237,49.696456
21.728730,226.019714,50.716176
22.083733,225.840366,51.153273
22.173076,225.573250,51.898120
22.224471,225.502533,52.280148
22.573212,225.825461,52.770647
23.321814,226.017996,54.281435
23.525206,226.164133,55.250498
24.225573,226.622329,56.156351
24.751681,226.807002,57.060377
25.510746,226.108055,58.372367
25.570777,225.879455,58.782894
26.786919,226.027664,60.002822
26.985477,225.757464,60.388752
26.925673,225.692807,60.543522
27.685100,226.000015,61.406123
28.842741,225.992836,61.344421
29.251178,226.396758,62.079097
30.307931,226.055863,62.477656
30.607982,226.123995,62.733614
31.492051,225.182239,63.584902
31.990499,225.050188,63.902794
32.529319,224.398061,64.035835
33.688390,224.161931,64.879724
34.414493,224.406925,65.552074
34.907503,223.931330,66.044217
36.574559,223.853296,67.273780
37.260206,223.562911,67.588016
38.125988,224.243626,68.221570
39.266998,224.559527,68.321160
40.408255,224.653361,67.976267
40.970371,224.244592,68.143199
41.897505,223.475236,68.523494
43.519356,223.167514,68.405868
44.828874,222.970494,68.752085
46.335934,222.949674,68.723926
47.611074,222.482069,67.838361
49.350685,222.010593,67.344122
50.259754,221.379312,67.532704
51.416642,221.378128,67.946038
52.003910,221.010202,67.760185
53.114722,220.499441,68.319077
54.571341,220.514275,68.609525
55.007192,220.150227,67.948584
56.137278,220.826224,67.976299
57.854234,220.872878,67.768574
59.986403,220.916718,66.789554
61.178148,220.780681,67.481364
63.631588,220.887371,67.004014
65.259241,220.281936,66.129552
65.806953,220.522355,66.430389
67.087463,220.136544,66.114922
67.597386,220.290167,65.303003
70.759364,220.747127,64.717970
71.677000,220.270655,64.119591
72.526360,220.656743,64.397512
74.722134,220.829899,63.396246
75.526753,221.259151,63.085614
77.536953,221.938593,63.204730
79.282817,221.713677,62.128451
81.237803,222.418024,62.204745
82.516075,222.693884,62.028395
85.543490,223.729490,62.860099
86.870788,223.386036,62.708982
87.859796,222.934200,62.620020
89.760133,222.673341,61.977530
91.512315,222.731239,61.282623
94.179880,222.676985,60.598078
94.787117,222.626225,60.548964
95.720280,222.415133,60.959725
99.303164,222.626314,59.061354
101.359283,222.058601,59.221978
104.953719,222.056808,57.450340
106.241934,221.934222,57.276253
106.728991,222.052041,57.246282
106.739779,222.031763,57.217657
109.505620,222.524091,56.286953
111.422392,223.195832,55.376572
113.302012,224.065412,55.569612
115.429568,223.657510,54.890203
116.645187,223.781685,54.506245
117.616690,223.395000,54.346647
120.630095,222.466126,52.810329
122.615471,222.575763,52.304048
123.870085,222.390771,52.874327
124.728956,222.378955,53.431223
126.345551,222.610299,53.379805
127.690074,222.316839,53.408413
129.709706,222.225391,52.775434
130.066621,222.480343,52.614591
132.823942,223.130426,51.868160
134.781591,222.760631,51.332651
136.278821,222.894917,51.263662
136.628046,222.621725,50.874857
138.141548,223.078592,50.528096
138.377896,223.081076,50.533417
141.462851,223.126279,50.280553
142.245222,223.278783,50.231054
144.076237,223.385592,50.070084
146.141798,222.914960,48.900529
148.037477,222.492246,48.824708
148.971479,222.012628,47.709538
151.047435,221.374271,47.702625
151.145185,221.271972,47.754730
152.000217,221.166378,48.462624
153.139220,220.828704,47.566271
154.233363,220.901968,47.337772
155.801421,220.639179,47.083417
156.644053,220.308457,46.913807
156.925772,220.092335,47.102784
158.103641,219.911620,46.395448
159.886494,219.568176,45.131795
161.200429,219.984677,44.867862
162.388185,220.125925,44.841503
163.064165,220.011472,44.956073
163.537951,220.169175,45.092285
164.760838,219.737832,44.742762
164.894437,219.198542,45.110717
166.467461,218.818469,44.846367
167.335486,218.891612,44.628616
168.325845,218.215850,44.853923
168.609649,218.125024,44.903846
170.382558,217.277411,45.215182
170.759635,216.999321,44.865128
171.478148,216.418866,43.338898
172.268241,216.413329,43.388278
173.045557,216.441767,43.399020
173.566092,216.135008,43.269776
174.248651,215.889551,43.109915
174.360627,215.655482,43.140241
175.173318,215.487320,42.933481
177.237959,214.582950,41.705799
178.288398,214.681068,41.923732
179.663138,214.009131,40.975064
181.159754,213.728016,40.370331
182.024687,213.312289,39.848443
182.659619,212.938969,39.724927
183.660706,212.656988,39.923226
184.719723,212.704383,39.042587
186.312719,212.113176,39.585235
187.042084,211.594297,40.259072
187.532756,211.514703,40.431511
187.959913,211.445874,39.550273
187.893799,210.886199,38.407093
189.153110,210.207766,37.422717
189.529766,209.555052,36.566874
190.200222,208.865471,36.124591
190.920186,208.664778,35.676697
191.374875,207.992664,35.426099
192.700189,206.792428,34.755311
193.109501,206.565217,34.228525
193.878722,206.038984,33.952932
195.328663,205.100295,33.569014
195.638455,204.776205,33.749962
196.795853,203.869182,33.698685
196.792641,203.860426,33.482667
197.066329,203.671118,33.372021
197.752994,203.024465,33.019325
198.285179,202.401085,32.905498
198.954374,202.018279,32.662711
199.146632,201.810693,32.787743
199.314459,201.859438,32.663738
200.120444,201.319912,31.580486
200.205594,201.417890,31.520435
200.451842,201.388008,31.503717
200.591245,201.306090,31.253105
200.719167,201.423519,31.198518
200.802146,201.516985,31.143087
201.573203,201.514961,30.213566
202.609158,201.119028,30.368806
202.248332,200.106871,30.783732
202.367002,199.083184,30.975955
202.423462,198.819196,31.011455
203.287472,197.971853,31.147667
204.304409,197.033242,30.661026
205.078351,195.755017,30.467419
205.507315,194.351803,30.117328
205.752420,193.862219,30.213657
205.994994,193.439311,30.108543
205.828774,191.750636,29.336323
206.328614,190.953828,29.420861
206.544389,190.757437,29.361011
206.889230,190.075137,29.303257
206.857924,189.655720,29.520475
206.867571,188.674695,29.779844
206.805030,187.711862,29.941369
206.798193,186.911172,29.884117
206.666773,185.961756,30.223693
206.577627,185.235608,30.485321
206.382046,184.852027,30.608622
206.338962,184.801624,30.523181
206.738001,184.493031,30.026609
205.969659,182.863831,29.719687
205.320103,181.793445,29.543051
204.709967,180.620278,29.620913
204.673368,179.701026,29.385917
204.755846,178.988679,29.201557
204.152305,177.399581,29.030639
203.571452,176.653381,28.963452
203.226951,175.404764,28.675117
202.337139,174.203843,28.513398
201.842790,172.834308,28.201771
201.704366,171.611664,27.275992
201.506804,170.554337,26.844978
200.667954,168.462710,26.676237
199.384114,166.758066,25.799420
199.661631,166.358777,25.558306
198.054771,163.917123,25.725633
197.544566,162.683641,25.701573
197.452670,161.941549,25.601137
197.602560,161.178919,25.360038
197.804809,160.032250,25.282556
198.136666,158.718243,24.733128
197.907219,157.996087,24.889411
198.326543,157.431549,24.468567
198.446798,156.766642,24.295940
198.432079,156.736127,24.169597
196.985657,155.472343,23.995303
196.358638,154.139849,23.934851
196.313637,153.522996,23.808850
195.409982,151.881081,23.167902
194.878368,151.721882,23.427531
194.023801,151.211195,23.411958
191.787823,149.309956,23.087944
191.659536,148.290936,23.046971
191.063815,147.996511,23.068963
187.997440,145.272751,22.530694
187.393318,144.596383,22.570636
186.820560,143.786170,21.970683
186.208655,143.112682,22.308426
185.753768,142.311826,22.496674
185.463081,141.024816,22.363845
184.022586,139.610265,22.284408
183.229813,138.619154,22.226596
182.453131,138.358834,22.555334
182.313028,138.311671,22.539048
182.046940,137.729884,22.468276
181.447715,137.145579,22.372689
180.814622,135.265185,22.401225
179.828527,134.803634,22.452364
179.256671,134.397813,22.362611
177.915722,133.291465,21.544109
176.962674,132.371588,21.721815
175.422927,131.792555,21.112869
173.311437,130.090508,19.852391
172.123080,128.821137,18.879961
171.546352,128.851727,18.471194
171.546325,128.304360,18.248771
171.601039,128.294428,18.198709
170.664849,127.775036,18.200319
168.752708,126.660617,18.602371
167.454744,124.552323,18.461544
165.766357,123.279181,18.294668
164.048519,122.455109,17.790006
162.965894,122.108440,17.601309
161.700820,119.986062,17.829731
160.535994,119.117091,17.431798
159.376403,117.969653,17.530016
158.188058,116.888409,17.634146
156.528734,114.436166,17.500251
154.244185,111.862518,16.615406
153.743207,110.956003,16.272542
151.375740,108.565542,16.269459
151.320319,108.508455,16.241297
151.362116,108.340986,16.257351
150.464093,107.136786,16.437907
149.657449,105.499565,16.253326
148.876423,104.167761,15.954399
147.100434,102.801929,16.149321
146.652228,102.273497,16.234723
146.007640,102.150919,16.231245
144.858652,101.069410,16.147883
144.192450,100.465692,16.208869
142.834585,99.515519,16.007721
141.984527,98.429366,15.901568
140.623106,97.332666,15.741901
139.046493,96.003711,15.607610
137.480551,93.493728,15.679602
136.455864,92.830710,15.554042
134.868360,90.467295,15.579421
134.431794,88.918171,15.237682
132.949182,87.051310,14.682640
131.467943,85.020094,14.526494
128.869279,83.393874,14.880642
127.543962,81.556124,14.750120
127.142888,80.236238,14.702657
125.960722,78.650801,15.012725
124.581638,77.007402,14.796146
123.361518,75.909618,14.833338
122.557341,74.595972,15.005287
121.311505,72.998554,14.947323
121.090142,72.617252,14.691345
120.311159,71.697735,14.857502
119.932946,70.176616,14.735120
118.877603,68.836358,14.891870
118.796621,67.652727,14.625679
116.916201,64.950518,14.603593
114.986420,63.830046,14.813343
113.061561,62.769997,15.090639
111.472556,61.028699,14.955239
110.660837,59.664318,15.019058
110.259443,58.541957,14.905185
108.799590,56.460922,15.076986
107.676863,55.059534,15.169662
106.558216,53.202594,15.783873
105.409638,51.953626,15.733594
104.889382,51.101997,15.760027
103.934952,49.352598,15.824073
103.282531,48.061326,15.708329
102.198777,46.966776,15.915133
101.174784,45.405895,16.001142
100.285808,44.601936,16.207761
98.533828,44.027005,15.993760
96.215425,42.527946,15.694780
95.155045,41.548254,15.878695
93.735632,40.036564,16.082070
92.743032,39.373277,16.131307
91.982392,38.846399,16.491400
91.069265,38.356118,16.582554
90.244479,37.079558,16.750820
89.568167,36.629622,16.853513
88.954540,35.726363,16.959008
88.114680,34.583647,16.617005
87.438764,33.812370,17.089721
86.906919,33.558316,17.243509
86.586880,33.049082,17.025765
86.140251,32.533090,17.155854
85.765340,32.261574,17.190196
85.164689,31.791093,17.446643
84.505601,31.498761,17.639985
83.845910,30.450334,17.994464
85.285732,29.996036,17.754551
86.375671,29.788247,17.386913
87.106878,29.683937,17.338558
88.139230,29.583617,17.237887
89.387747,29.318248,17.307281
89.910617,29.162869,17.051050
90.889375,28.759092,16.816313
91.447310,28.712009,16.729295
92.040595,28.552374,16.773557
92.816450,28.631499,16.689147
93.302261,28.674584,16.624367
93.839248,28.675396,16.669799
94.747791,28.545270,16.534202
95.598911,28.021507,16.408073
96.893891,27.683757,16.225058
97.543471,27.272835,16.378530
98.643673,26.808548,16.281311
100.094558,26.066758,15.712003
102.112306,25.126154,15.764674
102.308809,24.925877,15.684951
103.723674,24.411134,15.802790
104.111528,24.477078,15.850208
105.402471,23.600464,15.491015
107.359868,23.341296,15.457007
109.208814,23.202574,15.523044
109.793599,22.920037,15.316595
110.976120,22.634273,15.272504
112.159532,22.545411,15.148722
112.830344,22.231905,15.065892
115.219739,21.745961,15.070586
116.176550,21.492950,15.138522
116.605536,21.210416,15.082032
118.165352,20.800954,15.121164
120.438696,20.577155,15.026012
121.480789,20.546861,15.130937
122.150928,20.760831,15.143677
123.229417,20.654837,15.231103
123.266896,20.653636,15.256409
123.650983,20.728640,15.139076
125.337315,20.422205,15.428215
125.592332,20.468209,15.449111
125.825388,20.549627,15.407711
126.749222,20.076322,15.481543
127.901575,20.142557,15.521986
128.386682,20.321912,15.259408
128.854234,20.440097,15.057863
129.455911,20.537292,15.151968
131.283297,20.624689,15.295192
132.481922,20.731222,15.469107
133.896599,20.764498,15.306730
134.647431,20.297929,15.174260
135.394268,19.841660,15.195612
136.205017,19.537754,15.070329
138.405189,20.013338,15.047366
139.704609,19.926140,14.484203
142.205280,19.578237,14.594307
144.654959,19.236109,14.193708
145.318356,19.135864,14.157831
147.384459,19.578150,13.666777
148.263548,19.459861,13.661469
149.513840,19.519183,13.690649
150.674876,19.435586,13.789116
152.325884,19.513355,13.700301
153.282870,19.195518,13.755042
155.011182,18.739608,13.665526
155.322627,18.807812,13.256039
156.512286,18.794602,13.286918
157.443211,18.931973,13.201351
157.490496,18.973812,13.116679
158.725727,18.667623,13.134256
158.655904,18.462445,12.974614
159.080870,18.682779,13.026079
160.173988,18.346390,12.951834
161.355423,18.395394,12.565564
161.764626,17.707145,12.408017
163.479965,17.557592,12.561920
165.660916,17.525855,12.648626
168.226714,17.634687,12.311722
169.333733,17.544779,12.577992
169.887677,17.333913,12.765785
171.315468,17.300856,12.816501
176.169425,16.640109,12.434115
178.002215,16.772509,12.036790
179.904754,16.833900,12.159508
180.572385,16.633771,12.268061
182.422862,16.448258,12.384974
182.867814,16.500723,12.324053
183.687698,16.556758,12.209915
185.334519,15.889692,12.133235
185.470175,15.830284,12.109436
188.155972,15.464864,12.031096
189.140209,15.034222,11.943068
189.597095,14.787956,11.911684
189.670592,14.756113,11.920213
190.294332,14.632140,12.367032
190.911749,14.508128,12.362178
193.837733,14.611508,12.962444
194.112283,14.486135,12.919813
194.855978,14.520997,12.991696
196.569572,14.129880,12.954801
197.305807,14.063644,13.061413
197.900254,13.872363,12.935864
199.798736,14.253675,12.600259
200.506732,14.314283,12.539644
201.622191,14.108508,12.336817
202.012347,14.060782,12.244877
203.941206,14.216405,12.092693
205.359266,14.021325,12.289776
206.677208,13.699681,12.315867
208.477329,13.983923,12.294081
209.117353,13.749033,12.410995
210.017830,13.716629,12.425618
210.640465,13.664581,12.637548
211.579441,13.167065,12.831205
214.353797,13.451265,12.896475
215.041576,13.400938,13.409198
215.513482,13.136654,13.643558
217.040412,13.206113,13.610744
218.067248,13.461137,13.713108
218.400099,13.364770,13.661359
219.317359,13.068765,13.781367
220.089269,13.076173,13.910812
220.853387,13.200831,13.994077
221.543648,13.529753,14.128944
222.116915,13.766417,14.608838
223.983864,13.793307,15.023442
225.442207,13.815182,15.221821
225.631026,13.702631,15.349274
225.411719,13.571391,15.800101
225.781721,13.733398,15.794783
225.998932,13.792237,15.921283
226.355343,13.822926,15.908402
228.687935,13.724782,16.334054
229.372332,13.752070,16.279287
230.114413,13.822616,16.242324
231.699096,13.708743,16.200698
231.962224,13.703516,16.139165
232.104912,13.696122,16.206641
232.650662,13.653594,16.056539
233.344573,13.694313,16.025752
233.970276,13.721157,15.946241
234.914925,13.864930,16.155924
235.231422,13.598973,16.279815
235.556821,13.357165,16.345261
235.540972,13.331726,16.979902
236.044321,13.417770,17.514737
235.990882,13.291877,18.212953
236.150146,13.265853,18.772216
236.224216,13.303859,19.238381
236.250131,13.361187,19.910001
236.474074,13.348533,20.935353
236.792917,13.391376,21.423600
236.700065,13.424513,21.832076
236.623467,13.414069,22.107829
237.378357,13.594472,22.943213
237.431375,13.635660,23.102120
237.618013,13.655340,24.242484
238.391553,13.842074,24.823272
238.421725,13.883397,25.705288
238.431854,14.006947,25.852553
238.724042,14.215411,26.657986
239.124651,14.231496,27.282176
239.096544,14.130477,27.672611
239.805910,14.314716,28.003597
240.340646,14.210509,28.473707
240.426765,14.189460,28.776472
240.361998,14.269094,28.907334
240.519034,14.420530,29.368276
240.702893,14.632704,30.319043
240.240550,14.913006,31.249162
240.554790,15.090571,32.151816
240.691501,14.864434,33.030515
240.759157,15.193989,33.287864
240.406300,15.184529,34.023719
240.426187,15.167894,34.324734
240.466016,15.150143,34.429119
240.343839,15.190705,34.673057
240.200910,15.335441,35.005693
240.650387,15.279692,35.729156
240.525368,15.429192,36.096377
240.334863,15.407525,36.615131
240.252414,15.201313,38.374495
240.194548,15.228233,39.347224
240.142402,15.265957,39.530668
239.908205,15.212575,40.972155
240.002141,15.378960,42.254637
239.911067,15.366643,42.655622
240.089389,15.199675,44.114976
239.625793,15.362934,46.401061
239.723047,15.274627,46.884336
239.520084,15.640846,47.814012
239.452224,15.800503,48.241284
238.860976,15.694132,48.738539
238.938990,15.915720,49.197980
239.113423,15.895049,49.633056
239.019131,15.985454,49.864681
238.915806,16.173772,51.297031
238.776181,16.827336,52.513104
238.962511,16.986884,53.345919
238.204468,17.018149,54.972200
238.156182,17.042100,55.836893
237.852565,17.076322,55.986952
237.725426,16.875881,57.185211
237.957695,17.041374,58.095163
237.641017,17.120767,58.773778
237.813582,17.083909,59.641362
237.635115,17.472306,61.104147
237.527645,17.204041,62.810255
237.433455,17.153666,62.992158
237.052863,16.997616,63.426727
236.894400,17.130408,64.876444
236.893061,17.130508,65.432950
236.713815,17.221651,66.335329
236.566194,17.471936,68.233032
236.505667,17.562024,71.005400
236.363984,18.147664,72.782083
236.335657,18.049522,73.709884
236.328710,18.045181,73.718513
236.090807,18.095224,75.162252
235.760949,17.831687,76.375863
235.654272,18.083531,78.287923
235.186400,17.761673,81.219126
234.303544,17.471080,82.911875
233.217547,17.632426,85.589980
232.791921,18.033293,87.454478
232.875714,19.199458,90.144228
232.671604,19.219792,91.414818
232.008971,19.189644,92.244372
231.046312,19.100591,93.505777
231.047687,19.284009,94.364113
230.860610,19.426257,95.054792
230.775363,19.409476,96.860802
230.523651,19.243350,97.999799
230.378741,19.326280,99.399789
230.583631,19.136869,100.496944
230.115570,19.256369,102.693323
229.767303,19.023980,103.842079
229.380270,19.117501,104.589275
229.199181,18.710909,106.860625
229.152334,18.840747,107.244616
229.264888,19.700200,108.588485
229.000614,19.808485,109.474151
229.080078,19.674582,111.619931
228.247779,19.803195,112.923215
228.048588,19.928528,113.435450
227.935377,19.940308,114.940830
227.522565,20.214102,115.965820
227.270018,20.334030,116.591225
227.017583,20.628744,117.707466
226.561591,20.517963,119.624820
226.658381,20.570021,121.588680
225.164934,20.788361,124.323191
224.781511,21.096757,125.751433
224.568500,21.467501,128.648353
224.261437,21.594512,129.513173
224.243939,21.513023,130.291904
224.180019,22.586782,131.407209
223.689603,22.810493,131.615664
223.412451,22.864691,131.832416
223.462212,23.177530,132.628551
222.762489,24.083420,135.730733
222.691926,24.093058,137.759243
222.199743,24.166793,139.385149
222.088499,24.297895,139.700880
222.037078,24.177071,139.890389
221.914227,24.650700,140.804617
222.135471,25.941846,142.551783
221.606241,27.260684,145.884508
221.640839,27.751571,146.862643
220.940365,28.674578,148.269042
220.733579,28.968827,151.029851
220.375422,29.391090,152.607883
219.022734,30.355547,153.856611
219.092766,30.279723,154.894011
219.352955,30.345279,155.273451
219.409267,30.610817,156.136365
219.006101,30.781867,158.180452
219.298192,31.053556,158.446454
219.719974,31.502427,159.095954
219.479674,33.113055,161.723096
219.435230,33.193918,162.402456
219.292476,33.753001,163.405961
218.575256,34.268781,163.976821
218.625394,35.218485,165.761522
218.244480,35.328765,166.338678
217.719781,35.735614,167.377412
218.079786,36.179954,168.347638
217.875389,36.666466,169.503429
217.621346,36.554290,170.492026
217.605763,36.682976,170.988117
217.613274,37.131254,173.229078
216.429442,38.059533,175.947590
216.275435,37.931271,177.168606
216.394721,38.831312,178.054290
215.931295,38.739391,178.927221
215.212595,39.192532,180.655325
215.474333,38.911950,181.205101
215.082600,39.114649,181.429098
214.176999,39.068001,182.463304
213.879157,38.923388,183.561800
213.450057,38.939662,184.850421
213.537649,39.439979,186.150214
213.493616,39.227345,186.573344
212.786973,40.319114,187.351875
211.917280,40.425465,187.971729
212.190940,41.416133,188.492987
211.995793,42.397220,189.838453
211.863050,43.378914,190.742462
211.795338,43.847381,191.656057
211.782804,43.925845,192.586286
212.060933,44.434166,194.161680
211.093639,44.704098,194.302118
210.899115,45.997709,195.407013
210.643301,46.311840,196.924815
210.357061,46.370930,197.735428
209.778331,46.726504,198.781506
209.588074,47.007008,199.263195
209.288516,47.735869,199.756900
208.901503,47.876548,200.728461
208.700073,48.033477,201.311904
208.767602,48.258262,201.810268
207.670197,49.091970,203.499457
207.891784,49.125304,203.811015
207.202415,49.449081,205.352510
205.530155,49.369575,206.383560
205.337388,49.540803,206.421081
204.970738,50.492627,207.034496
204.486229,50.531569,207.896505
203.394884,50.296071,207.838337
203.508807,51.383594,208.813052
203.411795,51.456355,208.906716
202.787172,51.962530,210.100769
201.916495,52.552337,210.372156
201.158304,53.040847,210.753512
200.764320,52.970857,211.124116
200.119769,53.205623,211.529165
199.790170,53.468848,211.979063
199.293802,53.892883,212.112279
198.687828,53.972325,213.057816
197.994173,54.003823,214.332270
196.654553,53.780695,215.212961
195.798013,54.041574,215.347808
195.066491,54.230914,215.483103
194.204605,54.850724,215.436996
193.509630,55.636510,215.756045
192.806062,55.827854,215.573261
192.257273,55.564010,215.652585
191.532044,56.282604,215.836464
191.414282,56.572603,215.993282
190.731114,57.337851,216.123344
188.962973,57.079069,216.857265
187.785835,57.135347,217.301530
187.077780,56.568760,217.462586
186.323851,56.320914,217.869796
186.249189,56.466769,217.915376
184.922309,56.814355,218.164817
183.419524,57.309444,218.721712
181.885616,57.152832,219.344680
179.746394,56.401702,219.783545
179.062887,56.367166,220.090071
178.036388,55.596760,220.199138
177.122764,55.318203,219.936952
176.130103,55.784624,220.421705
175.663495,55.284836,220.563833
175.041112,54.739732,220.542338
174.882335,54.794671,220.835564
173.719966,54.438727,220.838672
173.264125,55.012194,221.595508
172.124901,54.984104,222.199977
171.223291,54.296242,222.034996
170.253438,54.152528,222.547154
169.745549,53.884079,222.610643
168.154225,53.522294,222.964213
165.933805,54.352603,223.185713
164.893038,54.625671,223.301759
163.678886,54.569454,223.124268
162.401770,54.215552,222.996511
160.989952,54.693223,223.893617
159.851712,54.272754,224.610003
158.075894,53.694384,225.479698
156.914809,53.225077,225.331555
156.249276,53.040215,225.256660
154.639337,52.663798,225.482904
154.271181,52.700145,225.255633
154.082118,52.796421,225.165806
153.913851,52.669975,225.365113
151.730192,51.384217,225.059134
150.217012,50.605684,225.489776
149.519467,50.277296,225.694152
147.977503,49.111987,226.266005
143.993102,48.351486,226.938133
142.002971,46.745728,226.927434
139.839978,45.232371,226.712813
139.314884,44.979151,226.818963
136.406316,44.395557,226.072717
134.443602,43.700991,226.887124
132.869688,43.264068,226.889464
132.224590,43.019368,226.548072
130.588988,42.699210,226.211014
129.612212,42.404042,225.792135
128.836387,42.526228,226.182852
126.179849,41.963351,225.231185
124.496788,41.592020,225.128160
123.840006,41.230165,224.365598
121.868650,40.762081,224.875008
120.086312,40.340806,224.772069
116.820110,38.813896,224.019784
115.237937,38.370243,224.012232
114.104777,38.036817,223.447039
110.174666,37.714307,222.062987
108.021272,36.275537,221.389415
107.179640,36.165508,221.606103
105.506366,35.536658,221.863677
103.243828,35.148480,221.771298
102.665987,35.080223,221.454364
102.008919,34.830217,221.373597
99.725875,33.961628,220.903320
97.740778,33.212442,221.142232
96.515363,32.768159,221.699915
95.617351,32.396606,221.521331
94.611991,32.338306,222.207853
93.600143,32.017552,222.712050
91.915731,31.466382,222.360495
90.531952,31.072540,222.354532
90.061427,31.224180,222.756942
89.074261,31.150266,223.310761
87.565213,31.371880,222.969051
86.303853,31.197525,222.895751
85.684859,30.952561,222.693907
85.271675,30.732103,222.364828
83.854689,30.667161,221.551334
83.097662,30.219082,221.721779
81.575255,30.481927,221.784575
80.155400,29.814877,221.919840
78.195455,29.432381,221.873446
76.389493,27.981395,222.533800
74.778212,27.387677,222.495910
73.291307,26.686487,221.999852
71.278632,25.522062,221.778306
69.948340,25.165027,221.568883
68.742331,24.822018,221.280238
66.140107,24.325807,221.058481
64.433499,24.074305,220.659143
61.577991,23.074635,220.353700
60.085901,22.675155,220.715439
59.769430,22.565698,220.958994
59.219337,21.647309,220.825774
58.190745,21.435811,220.365546
56.885584,20.882813,220.234952
55.081422,20.211588,220.336355
54.240095,20.265845,220.355675
51.468722,19.627198,220.305513
51.023657,19.825372,220.636308
50.428541,19.550310,220.835909
49.247786,19.595167,220.679623
47.845903,19.771830,220.499902
46.228679,19.382860,221.225703
44.784712,19.473171,220.870767
43.279833,19.416669,220.812531
42.715240,19.300540,220.530204
41.866591,19.223446,220.755373
41.180814,19.443466,220.801031
40.510565,19.921128,220.807561
39.843098,20.050780,220.761601
38.868172,19.724494,220.590330
38.122745,19.677608,220.455014
36.452346,19.477057,220.461189
35.292754,19.317326,220.016145
34.492277,18.525947,220.090122
33.741016,18.253235,220.256631
32.813805,17.897298,220.236384
31.020132,17.715017,220.228599
30.714101,17.737861,220.001122
30.267092,17.757859,219.720308
29.927282,17.620845,219.315524
29.297335,17.323298,219.534366
28.743152,17.254271,219.274855
27.876851,17.588916,218.944923
27.559370,17.173283,219.056910
27.084540,17.115368,218.971531
26.169213,17.219386,218.491761
25.303003,17.529091,218.858794
24.418401,17.925174,219.090661
24.127692,17.876151,219.113561
23.851038,17.807916,219.361686
22.673780,17.589508,219.657874
21.754047,17.697734,219.976062
20.749075,18.104371,220.552164
20.128847,18.946825,220.639858
19.620977,19.752593,221.106540
19.217097,19.416001,221.329372
18.714826,20.435382,221.573258
18.417952,20.684860,221.981358
17.749156,21.729663,222.694739
17.698913,22.345161,222.589648
17.311567,23.086912,222.390376
17.444652,23.395890,222.053246
17.644863,24.513725,222.419939
17.406268,25.497183,221.658460
17.104100,25.989844,221.018822
17.236991,26.644281,220.807831
17.099211,26.961080,220.480674
16.867951,27.746664,220.432337
16.476516,28.032944,220.008907
15.878397,28.219252,219.464425
15.811403,28.256305,219.625958
15.859537,29.755930,219.363378
15.772202,30.043048,219.246499
15.736230,30.952538,219.207718
15.791025,32.627127,218.832170
15.775686,33.249413,219.086064
16.023620,35.357484,219.301341
16.028813,36.942148,219.792226
16.012960,37.758661,219.699815
16.087412,39.586944,220.277564
15.985415,40.401040,220.375736
16.065141,41.007354,220.537441
15.880000,42.052459,220.754616
15.606000,43.228601,220.993989
15.480937,44.539006,221.005715
15.100299,47.753397,221.628747
15.206595,48.698030,222.021492
15.085356,50.574773,221.636199
15.010935,52.022264,221.458986
15.268593,53.363747,221.737316
15.670664,54.742186,221.422497
15.856776,56.525899,221.669089
15.765545,57.567935,221.766325
15.760581,58.578896,222.157141
15.637865,60.091058,221.977281
15.707604,61.658897,222.238254
15.824064,62.186085,222.913944
15.874594,64.277379,223.708028
15.914572,64.594548,224.069610
16.047908,66.023487,224.169365
15.695662,66.757245,224.592973
16.018334,68.130802,224.976883
16.600816,70.695534,224.376876
17.273286,73.143263,224.409922
17.283435,74.294997,224.094300
17.200513,75.410402,224.285314
17.249448,76.286179,224.566683
17.099042,77.806727,225.042336
17.358028,79.771948,225.027068
17.263780,81.939810,224.534803
17.194452,81.953285,224.486597
17.339953,82.724360,224.204925
17.299930,84.474973,223.776298
17.167835,86.291044,223.712206
17.116105,87.001539,223.633780
17.130767,88.109305,223.019311
16.924805,88.576834,223.061406
17.357175,89.971787,223.506037
17.921863,91.475741,223.427256
18.620831,93.806880,224.016405
18.201666,96.673272,224.865798
18.194434,98.756113,225.227887
18.396045,99.835376,224.678479
18.557589,101.829286,225.284008
18.736675,102.882126,226.259146
18.642680,103.339567,226.475228
18.577884,104.100248,226.829590
19.205166,105.210382,227.175355
19.214899,107.420983,227.461620
19.259211,107.541095,227.585385
19.443669,108.683954,227.687421
20.018787,111.065513,227.987320
20.232937,112.578642,228.627683
20.590833,115.003252,229.384037
20.602968,117.562052,229.422667
20.704549,119.283810,229.893026
20.837181,120.845121,229.526759
20.905940,121.372171,229.407236
20.761784,122.758985,229.189271
21.244833,124.699917,230.144755
21.385243,125.387487,230.408216
21.290889,126.341195,230.860810
21.419464,127.847378,231.595625
21.652939,128.834743,232.272602
21.326111,129.253545,232.512603
21.457189,130.713277,232.195935
21.564076,131.857263,232.585153
21.428428,132.523006,232.584303
21.685879,134.012763,232.908532
22.016971,134.645576,233.055861
22.247878,136.001353,232.981912
22.481343,136.990117,232.912452
22.362448,137.876135,232.725431
22.555885,138.974714,232.658548
22.738366,140.240761,233.055100
22.579205,141.061055,233.157618
22.337495,141.637931,233.082601
22.517546,142.097869,233.103696
22.461406,143.184943,233.354884
22.368370,143.725219,233.323040
22.017962,144.225292,233.199882
22.079789,144.766585,233.685038
22.196968,145.347458,234.237979
22.303292,146.093010,234.370234
21.834590,145.068286,234.189265
21.198907,143.655055,234.006185
20.995369,142.798348,234.299590
