3000
3
6.626185,228.622705,20.396212
6.734549,228.341845,20.296498
6.741088,228.269800,20.338590
6.827546,227.803745,20.215354
6.825370,227.570424,20.225996
6.920781,227.470758,20.192085
6.987835,227.403823,20.161546
7.003331,227.288815,20.239231
6.997192,227.161185,20.237090
6.965288,226.769194,20.183271
7.049897,226.674737,20.067643
7.080205,226.437497,20.022884
7.097048,226.373669,20.060938
7.137993,226.159921,19.997834
7.147779,226.082954,20.047843
7.151927,226.006768,20.071398
7.186280,225.977167,20.082522
7.193469,225.726268,20.098850
7.215058,225.499680,20.156030
7.197762,225.371302,20.212394
7.233665,225.307495,20.255426
7.351560,225.095505,20.317284
7.412755,224.980313,20.300187
7.552272,224.653669,20.343316
7.752095,224.596288,20.350039
7.971481,224.584501,20.302515
8.029857,224.458442,20.226625
8.057083,224.381348,20.207963
8.407985,224.602212,19.943686
8.502006,224.541309,19.918339
8.600419,224.283242,19.795862
8.719478,224.239920,19.789048
8.903828,224.127564,19.769627
8.902816,224.125365,19.771145
8.899160,223.877889,19.770184
8.885851,223.782996,19.749333
8.932913,223.451724,19.724923
8.951567,223.221185,19.777030
8.980974,223.078647,19.760537
9.306086,223.001663,19.708968
9.291667,222.755953,19.694746
9.474151,222.531783,19.729677
9.582317,222.410345,19.783452
9.651311,222.051246,19.896401
9.753705,222.047408,20.260288
9.915089,221.791058,20.198802
10.005229,221.690650,20.255515
10.009306,221.592091,20.265216
10.099270,221.315936,20.153828
10.164657,220.986912,20.299006
10.160806,220.755412,20.263183
10.160728,220.753062,20.263187
10.156237,220.529548,20.278351
10.203772,220.390788,20.332203
10.312052,220.266461,20.409826
10.307243,220.211584,20.400207
10.365331,219.976847,20.414059
10.377542,219.937663,20.385027
10.318576,219.937036,20.626812
10.351963,219.695739,20.691064
10.395857,219.485069,20.741570
10.415704,219.357797,20.787725
10.509055,219.145584,20.833485
10.476546,218.770707,20.887401
10.436831,218.585906,21.199780
10.577004,218.545444,21.304103
10.588014,218.429182,21.270220
10.747867,218.221661,21.390018
10.783783,217.952980,21.397752
10.800334,218.049028,21.437536
10.838684,218.123244,21.494979
10.985609,218.170236,21.394746
10.995165,218.235748,21.414533
11.104772,218.343685,21.394778
11.112816,218.380067,21.406703
11.279654,218.491365,21.353422
11.257432,218.526142,21.401586
11.221689,218.688086,21.820246
11.111217,218.713905,22.276142
11.120722,218.802210,22.308959
11.078977,218.872044,22.656029
11.062706,218.853909,22.658506
11.067182,218.879702,22.669424
10.965053,218.799041,23.098165
10.989953,218.887470,23.174371
11.087624,219.118221,23.935544
11.032776,219.181411,24.385723
11.035591,219.304670,24.421938
11.317949,219.167030,25.089086
11.362199,219.351070,25.196524
11.426266,219.224520,25.417746
11.434874,219.333108,25.499990
11.398761,219.315376,25.620626
11.425413,219.329818,25.710540
11.572552,219.063042,26.023560
11.685199,218.842860,26.100964
11.830925,218.723402,26.206901
11.848524,218.886533,26.338997
12.029844,218.992294,26.337475
12.097484,219.107371,26.540404
12.071155,219.080393,26.611417
12.238188,219.270949,26.940572
12.161559,219.665032,28.077155
12.230354,219.821226,28.240705
12.312357,219.898260,28.470647
12.361594,219.953468,28.580714
12.381802,219.818552,28.671085
12.407189,219.830849,28.764570
12.488935,220.002011,28.821308
12.548160,220.293202,29.488306
12.470381,220.388029,29.642632
12.539937,220.435408,29.768772
12.594032,220.302401,30.168117
12.631944,220.438334,30.269864
12.836138,220.399159,30.487324
12.972575,220.333413,30.587092
13.216931,220.302163,30.744717
13.148787,220.447842,30.954657
13.163558,220.410138,31.123836
13.300725,220.417753,31.443356
13.496769,220.432750,31.605436
13.484599,220.261901,31.771491
13.481606,220.442625,31.885495
13.522849,220.550375,32.261185
13.738059,220.533451,32.331339
13.810713,220.730047,32.821267
13.781666,220.760912,32.883837
13.635768,220.480571,33.179530
13.678257,220.474516,33.375776
13.640253,220.312130,33.726585
13.582686,220.036259,34.425815
13.724861,220.035680,34.442376
14.083832,220.155865,34.819156
14.431671,220.086046,34.672136
14.550613,220.286717,34.785484
14.747471,220.107408,34.827704
14.940434,220.496856,35.589493
14.959030,220.425016,35.821079
14.901606,220.588365,36.144892
14.961476,220.473170,36.121978
15.012881,220.364401,36.242240
15.125139,220.315589,36.610729
15.366336,220.842227,36.878078
15.483072,220.954447,36.938821
15.548264,220.833071,36.948224
15.681285,220.955295,37.399981
15.604226,221.083293,38.009417
15.604253,221.083507,38.010050
15.864079,221.012606,38.035158
15.846677,221.172740,38.669675
15.751940,221.194539,38.993769
15.763296,221.187077,38.993381
15.976929,221.445224,39.217110
16.084227,221.299099,39.328371
16.114324,221.339802,39.692189
16.306929,221.404099,40.075320
16.371533,221.353084,40.385274
16.351495,221.354458,40.409270
16.375975,221.230063,40.774850
16.409724,221.176601,41.148182
16.458939,221.058846,41.091246
16.585349,220.670797,41.452212
16.859704,220.732894,41.372786
16.827702,221.000619,41.490237
16.787083,220.874313,41.763195
16.749636,220.891505,41.846908
16.832825,221.059800,42.334744
17.067635,221.340078,43.097299
17.213118,221.340151,43.067917
17.239916,221.182678,43.546938
17.233945,221.166965,43.555643
17.229059,221.120797,43.983466
17.446168,221.204778,44.114104
17.522833,221.359678,44.137054
17.444275,221.449341,44.573656
17.524725,221.344512,44.712866
17.930048,220.998497,45.225146
17.913929,221.018252,45.237966
17.964716,220.780769,45.485766
18.309772,220.773377,45.937585
18.352258,220.817734,46.228348
18.351255,220.819550,46.229842
18.316410,221.287433,46.744040
18.492166,221.011717,47.040088
18.644212,221.107441,47.334668
18.711736,220.967160,47.559420
18.984466,220.876864,47.709266
19.144194,220.893074,48.292348
19.385036,220.725497,48.685813
19.565133,220.977218,48.966021
19.809028,221.361255,49.095856
20.855046,221.455901,49.390001
21.499813,221.682157,49.920587
21.753614,221.867004,49.756826
21.796338,221.754383,49.772463
22.063600,222.163345,50.260640
22.438190,222.264595,50.871538
22.524310,222.653261,50.958530
22.495789,222.753543,51.027174
22.767910,222.966258,51.134503
22.766701,222.969322,51.136063
22.871068,222.845500,51.274002
23.292160,222.755310,51.814614
23.266235,222.617531,52.164898
23.383293,222.660148,52.360531
23.719052,222.422938,53.071535
23.927703,222.175593,53.459498
24.066118,222.308730,53.480615
24.066078,222.309064,53.481926
24.309471,222.367255,54.017387
24.309371,222.367666,54.018740
24.273446,222.401551,54.157975
24.463988,222.443224,54.181761
24.444010,222.504723,54.281642
24.511584,222.724078,54.606354
24.596323,222.621659,54.859423
24.875267,222.570104,55.027787
25.014730,222.422641,55.177599
25.155353,222.797202,55.455064
25.284219,222.650138,55.715670
25.391248,222.502238,55.894196
25.543710,222.871808,56.127081
25.815969,222.775414,56.195106
25.806561,222.779431,56.233243
26.211342,223.062619,56.363585
26.183870,222.992150,56.628981
26.297543,222.873274,56.646816
26.304321,222.855232,56.680645
26.275174,222.858675,56.869183
26.467535,223.159155,56.995742
27.060165,223.563226,57.516552
27.075116,223.544233,57.521422
27.800704,223.677656,58.094311
28.136104,223.543063,58.192672
28.131626,223.557833,58.226843
28.365194,223.741133,58.431016
28.671034,223.763042,58.925834
28.821278,223.762170,58.831699
29.337241,223.378285,58.891976
29.994488,223.557200,58.739738
30.312364,223.493374,58.452500
30.472895,223.924751,58.576786
30.953945,224.189936,58.301313
31.346920,224.295682,58.483544
32.019292,224.250848,58.508740
32.445777,223.883041,58.749805
32.779672,223.918323,58.479649
33.293021,223.570716,58.610435
33.528572,223.384500,58.647860
33.919827,223.371961,58.544246
34.295898,223.547389,58.474295
34.690667,223.650592,58.821968
34.723854,223.637942,58.722940
34.911867,223.483952,58.472381
35.009778,223.478577,58.375128
36.077138,223.450692,58.633222
36.150621,223.503078,58.543271
36.175649,223.486327,58.512152
36.822665,223.623719,58.431346
37.079902,223.943068,58.242520
37.349508,223.728524,57.890269
37.474333,223.706067,57.800232
38.402546,223.844677,57.774742
38.551533,223.789970,57.922467
39.074512,223.500866,58.687849
39.298692,223.449624,58.878049
39.510837,223.711880,58.794811
39.551476,223.679131,58.718778
40.520437,223.810145,58.309443
41.204219,223.674920,57.831420
41.477880,223.502113,57.519512
42.689309,223.334433,58.168780
43.014596,223.298652,58.269684
43.015287,223.291787,58.259712
43.122886,223.216753,58.036639
43.178337,223.176385,57.973110
43.448027,223.018698,58.093645
44.079644,222.859556,58.538803
44.464605,222.619732,58.010646
44.755342,222.404175,57.980584
44.721074,222.273893,57.992586
44.672539,222.124833,57.967653
45.406219,222.131240,58.156010
45.853526,222.644920,58.185764
46.333741,222.299909,58.287641
46.462306,222.228947,58.227295
46.531794,222.186569,58.234054
46.663490,222.113293,58.175767
48.124641,222.054823,57.987293
49.489065,222.219087,57.607218
49.525287,222.176643,57.598693
50.198129,221.817503,56.759868
50.455911,221.643685,56.877006
50.692195,221.665651,56.417632
50.908774,221.523008,56.190004
50.909403,221.522762,56.189074
50.919819,221.547198,56.146781
52.089845,221.338656,56.387051
52.380895,221.195925,56.595001
53.433471,221.466231,56.196846
53.445266,221.495199,56.192077
54.140187,221.078949,56.492888
54.997157,221.063811,56.751662
55.088606,221.105024,56.606997
55.385900,221.158569,56.202069
55.305567,220.952429,56.159343
56.187763,220.768783,55.797510
56.188597,220.767646,55.797233
56.677103,220.879379,55.884249
57.903639,221.339584,56.053311
57.903958,221.343191,56.052074
58.070391,221.530478,55.886926
58.123032,221.538204,55.880227
58.407438,221.735360,55.496360
58.462456,221.660938,55.528719
58.546468,221.738699,55.400167
60.401445,222.445858,55.548477
60.557648,222.361702,55.400033
61.033162,222.180097,54.943155
61.505912,221.923002,54.919653
62.291170,221.922961,54.949012
62.976069,222.206420,55.250670
64.480219,222.271489,55.410457
64.480876,222.276235,55.418920
65.754129,223.017745,55.560289
66.064623,222.841237,55.731794
66.428086,223.439468,55.954185
67.177902,223.349908,56.570038
69.425349,222.424480,56.417834
70.151544,222.213772,56.187084
71.715692,222.161326,56.009388
71.745046,222.178489,55.943933
71.745825,222.161883,55.937596
71.797142,222.188883,56.010183
71.814528,222.238087,55.940863
72.033544,221.677736,55.520003
72.959284,221.445707,55.219380
73.602018,222.022538,55.326834
73.912994,221.825616,55.511232
74.142545,221.941386,55.498883
75.130685,222.247207,55.409168
75.670890,222.195211,55.448402
75.671600,222.195239,55.448328
75.917138,222.089640,55.236672
76.552106,221.806413,55.230361
76.648602,221.845673,55.085540
77.009802,221.676897,55.058229
78.061865,221.870007,55.139777
79.627696,222.005427,55.282982
79.803436,221.868975,55.212284
80.028569,221.990904,55.211684
80.904580,221.620862,54.798556
81.533723,221.340616,54.530554
81.547356,221.308544,54.529319
81.907457,221.781584,54.753718
82.616124,222.098412,54.824605
82.626655,222.070241,54.807438
83.857476,221.785220,54.707105
84.453209,222.080013,54.573979
84.454396,222.081292,54.576287
84.463134,222.111476,54.591550
85.364479,221.923338,54.833878
85.806950,221.709792,54.107032
86.361742,221.594617,54.096292
86.982184,221.664330,54.659276
88.054629,221.406488,53.890825
88.050065,221.421068,53.857587
89.520708,221.984915,53.483476
90.304608,222.006007,53.154808
90.842628,222.551457,53.635486
91.868343,222.709582,52.928322
91.869089,222.733152,52.911796
92.334679,222.881850,53.512455
92.844057,222.789433,53.778901
94.127819,223.096539,53.561216
96.050197,222.930378,52.375698
96.516271,223.356541,52.292975
96.680594,223.457006,52.530160
96.942804,223.357708,52.422406
96.969741,223.369427,52.442352
97.602631,223.129739,51.856123
98.729184,222.547860,50.596684
98.992894,222.415938,50.147915
99.015740,222.442073,50.191284
99.700475,222.631179,50.026161
100.097849,223.134602,50.219413
102.010181,222.923513,49.004149
102.298635,223.267704,49.230699
103.739419,223.187345,49.406161
104.082683,222.721530,49.324776
104.086395,222.717474,49.331055
105.182484,223.073709,49.225397
105.952423,222.862290,48.761878
106.627463,222.529636,49.105157
106.628287,222.529573,49.105455
106.636745,222.513856,49.100857
107.718613,222.711067,49.358647
108.537621,222.760194,49.195503
109.138038,223.190794,49.484264
110.135214,222.821422,49.257661
111.548086,222.929597,48.586643
113.083305,222.495434,47.793509
113.580396,222.322978,47.306169
115.257480,222.243925,47.056402
115.906419,222.214940,47.020981
116.463979,222.425008,46.958767
116.467363,222.401041,46.936855
116.468417,222.400517,46.936449
116.800514,222.347387,46.809224
117.198991,221.711484,46.637315
117.736906,221.541751,46.094376
117.736801,221.548013,46.076115
117.791756,221.504188,46.136088
119.996146,221.855419,45.420903
121.001955,221.984348,44.975394
121.003957,222.019601,44.920220
121.114783,222.019507,44.915899
121.165974,222.084586,44.792226
121.203960,222.056815,44.829704
121.253695,222.033496,44.629552
121.912877,222.269422,44.240567
122.341165,221.975528,44.029981
122.345960,221.958279,44.002561
122.680428,222.082907,43.805784
123.490986,221.939349,43.880419
123.742526,221.816813,43.694251
123.744319,221.814399,43.697102
124.813030,221.598574,43.445922
125.862910,222.011502,43.743641
125.905201,222.044364,43.698274
126.235692,222.171595,43.345891
126.237588,222.169402,43.340776
126.241599,222.165517,43.351992
126.250282,222.158433,43.344646
127.599631,222.072845,43.431330
127.634662,222.028464,43.475384
128.086931,221.906161,42.929947
128.824276,221.662895,42.602159
128.930679,221.736076,42.492275
129.401054,221.867315,42.478658
130.077255,221.490683,42.411107
131.163086,222.065904,42.034627
131.785355,221.876146,42.139563
133.290426,222.333823,41.811046
133.984494,222.398660,41.688307
134.956041,222.610471,41.843096
135.638558,222.400263,41.858144
135.639489,222.402784,41.861772
136.284464,222.506785,42.271639
137.391787,222.792323,42.804338
137.774146,222.623527,42.304561
138.070966,222.388508,42.471970
138.701104,222.424657,42.283747
138.803085,222.309066,42.211269
140.509340,223.127576,42.228327
140.263408,222.481136,42.056167
141.104014,222.165643,41.452396
141.322109,222.408174,41.547982
142.027899,222.486024,41.598576
142.394214,222.338483,41.780610
142.740568,222.506978,41.607881
142.936818,222.322686,41.392174
142.951016,222.322477,41.381145
143.889027,222.794379,41.351972
143.949792,222.773756,41.332695
144.145197,223.062998,41.007761
144.464203,222.872329,41.163754
145.110612,222.939033,41.523257
145.564889,222.805306,41.595973
146.187511,222.740838,41.566394
146.640884,222.642051,41.807222
146.950545,222.441856,41.965246
146.975638,222.418751,41.988556
148.092521,222.185149,42.046333
148.890953,221.242415,42.485910
149.134819,221.325617,42.727774
149.323525,221.452117,42.638638
150.675976,221.415986,42.735309
150.681260,221.427755,42.720284
150.981811,221.238898,42.851085
151.587689,221.056170,42.823118
151.871091,220.874417,42.935521
151.871747,220.874454,42.935430
152.200001,220.866891,42.694198
152.200704,220.867266,42.694620
153.308948,220.741083,42.486715
153.679483,220.879844,42.999473
154.309932,221.139589,42.893721
154.324732,221.123946,42.919984
155.926498,220.783061,42.116555
155.950241,220.180789,42.074571
155.950025,220.177113,42.079016
156.049108,220.197390,42.270422
156.017868,219.812683,42.435044
156.018415,219.812162,42.435558
156.117430,219.763030,42.098940
156.120287,219.759969,42.054420
156.407851,219.495133,42.305919
156.406073,219.446075,42.347745
156.418229,219.454245,42.388547
156.419423,219.455753,42.393853
156.662751,219.234059,42.243118
157.159870,219.039669,42.521638
157.196232,219.034246,42.532681
157.196938,219.034324,42.533457
157.304031,219.117285,42.438400
157.304745,219.117381,42.439167
157.719254,219.241439,42.362894
158.957525,219.060702,42.719138
159.596217,218.687186,42.867580
160.745506,218.016430,42.489587
160.745062,218.015990,42.477656
161.638175,217.974881,42.587854
162.646758,217.774712,42.592000
162.993658,217.553348,42.233860
163.146754,217.669269,42.128654
163.147405,217.669549,42.127899
163.148055,217.669827,42.127153
163.868978,217.570917,41.859137
164.247890,217.547129,42.046208
165.460240,217.001524,41.682543
165.692466,217.124765,41.860693
166.421033,217.105138,41.879846
166.423626,217.103181,41.885205
166.756449,216.982119,42.037514
167.081132,217.129906,41.891615
167.194883,217.243199,41.760925
167.919421,216.958238,40.687475
168.265631,217.065797,40.914212
168.711034,216.949633,40.762483
168.731418,216.937458,40.758534
169.950251,216.975596,40.495347
169.979152,216.956478,40.496867
170.758539,217.134057,40.573164
170.889078,217.050176,40.624501
171.255128,217.085133,40.502173
171.997864,217.079539,40.487302
172.531018,216.956525,40.478317
173.251942,216.755466,40.300986
173.354038,216.627520,40.351648
173.402459,216.514622,40.060815
173.766965,216.357446,40.015559
173.900769,216.174057,39.726971
174.108500,215.956586,39.060078
174.472576,215.958836,38.803258
174.494015,215.979020,38.832850
174.750729,216.131563,38.691028
174.746072,216.122511,38.668165
175.227906,216.227897,38.711000
176.121281,215.549093,38.332964
176.518473,215.494123,38.120326
176.945409,215.345075,38.322157
176.957960,215.357327,38.340343
177.138991,215.348565,38.385536
177.141412,215.340110,38.393266
177.451597,215.340050,38.326301
177.473049,215.342099,38.360317
177.458227,215.316551,38.302266
177.458896,215.316612,38.301838
177.481417,215.318317,38.344611
177.692709,215.406245,38.187492
177.875507,215.254574,38.315323
178.345800,214.885306,37.978686
178.616286,214.753943,37.697374
178.613999,214.750805,37.692050
179.282946,214.608250,37.289918
179.436822,214.514368,36.853766
179.867248,214.192425,36.912477
179.983569,214.086035,36.944816
179.994221,214.064711,36.963397
180.758393,213.480170,36.528285
180.747360,213.469610,36.504550
181.044834,213.094006,35.505728
181.219761,213.195179,35.421441
181.220778,213.199997,35.416322
181.416530,213.138377,35.835956
181.937105,212.869953,35.459137
182.012171,212.719306,35.499935
181.996591,212.694757,35.471423
182.353431,212.533448,35.845302
182.718603,212.291213,36.003556
183.302972,211.842979,35.895117
183.303515,211.841134,35.894777
183.348797,211.558035,35.757870
183.675251,211.687150,35.599088
184.074611,211.479487,35.477463
185.118655,210.881652,35.596826
185.086365,210.786000,35.435628
185.175359,210.662323,35.400583
185.305104,210.744497,35.336218
185.554028,210.722230,35.165154
185.798616,210.553813,35.153516
185.763720,210.405916,34.886428
186.090085,210.480718,34.749986
186.322981,210.446878,34.771785
186.457788,210.264802,34.654217
187.484016,210.290531,34.808650
187.864691,210.329946,34.715819
188.292773,210.069772,34.484568
188.509862,209.729817,34.651464
188.645608,209.669227,34.689286
189.222344,209.343924,34.600244
189.412366,209.276641,34.479903
189.568404,209.165753,34.544578
190.008971,208.718615,34.409907
190.095615,208.780093,34.364698
190.179947,208.646300,33.917128
190.569605,208.307245,33.670761
190.624364,208.263138,33.805838
190.647892,208.290894,33.791324
190.761893,208.379136,33.797938
191.419425,208.580060,33.840719
191.488302,208.509542,33.938192
191.441357,208.420301,33.829639
191.536017,208.299650,34.009348
191.592317,208.319018,34.050467
192.202501,207.704469,33.980848
192.290504,207.712837,33.943856
193.013721,206.964580,33.973281
193.127379,207.044594,33.945249
193.612955,206.729716,33.800938
193.709389,206.732818,33.813814
193.767399,206.736123,33.835900
193.963344,206.488219,33.791729
194.379564,206.313763,33.899527
195.198140,205.285262,34.226097
195.404609,204.857160,34.136255
195.718033,204.428470,33.789938
195.815943,204.290870,33.819581
195.921783,204.144011,33.520866
196.104113,203.714534,33.031590
196.105551,203.720068,33.003926
196.129332,203.686882,33.014870
196.541234,203.128851,33.203425
196.551730,203.131578,33.178797
196.951099,202.739811,33.292706
197.096273,202.668085,33.280439
197.070283,202.646332,33.182956
197.852439,201.474552,32.970408
198.155247,200.902428,32.345819
198.360315,200.689977,32.268115
198.712776,200.248107,32.325107
198.707419,200.241781,32.303621
199.423048,200.610491,31.338762
199.497998,200.510196,31.251732
199.846331,200.114673,30.874763
199.316607,199.507367,30.665566
199.149561,199.233501,29.978802
199.106598,198.887038,29.656367
199.054002,198.388236,29.301150
199.152380,198.374941,29.311979
199.730453,197.815428,29.331776
199.716353,197.801264,29.329362
199.832718,197.561746,29.348339
199.938555,197.166789,29.219523
199.991168,197.079690,28.582114
200.344550,196.690431,28.504067
200.313892,196.669403,28.489598
200.292507,196.641882,28.501568
200.269498,196.613845,28.514960
200.247140,196.614753,28.459836
200.326170,195.980487,28.268366
200.619313,195.701174,28.163901
199.958437,195.167234,28.057904
199.954061,195.161102,28.066331
200.089901,194.989674,27.985563
200.338674,194.699282,28.144630
199.593020,194.058289,28.311403
199.762155,193.594059,28.068653
199.672714,193.576847,28.069882
199.823542,193.042492,28.068052
200.112785,192.780046,27.988311
200.112563,192.710399,27.988250
200.186415,192.565187,27.968021
200.150202,192.536276,27.937435
200.138208,192.084537,28.285959
200.043932,191.990569,27.929004
200.016915,191.787836,28.018001
200.041175,191.532546,27.963818
200.087950,191.312562,28.080534
199.899861,191.085140,28.156598
199.937371,190.921585,28.190447
200.111957,190.816713,28.320752
200.111786,190.815862,28.320883
200.088081,190.805210,28.326350
200.293079,190.756354,28.449575
200.281584,190.586134,28.474627
200.304530,190.411780,28.528487
200.250898,190.153390,28.534202
200.156079,190.119933,28.554649
200.152224,189.957079,28.502262
200.152363,189.956293,28.502252
200.265023,189.872297,28.622808
200.288902,189.739631,28.581068
200.583749,189.567153,28.224071
200.664225,189.448310,28.068181
200.679628,189.444614,28.067445
200.747342,189.307165,28.038341
201.036747,188.930134,28.181965
201.362710,188.578115,28.049808
201.214255,188.422129,27.905025
201.003941,187.890801,28.110887
200.956167,187.397647,28.071399
200.935716,187.388689,28.071926
200.954147,187.379301,28.095927
200.820674,187.253139,28.152576
200.735210,187.022634,28.250968
200.615559,186.876730,28.310730
200.661317,186.719496,28.363503
200.662853,186.703617,28.413056
200.662444,186.702954,28.413135
200.658953,186.668299,28.354151
200.841314,186.486220,28.267159
200.684930,186.296129,28.178397
200.215720,185.976080,28.356331
200.068938,185.501956,28.237146
200.205139,185.387607,28.168906
199.707730,184.734263,28.123663
199.802284,184.423094,28.290231
199.743420,184.363552,28.285290
199.614383,183.906869,28.492842
199.993740,183.485180,28.355228
199.930874,183.289457,28.240291
199.973889,183.191517,28.200772
199.816327,182.818751,28.034108
199.602757,182.555981,27.485775
199.475533,182.369115,27.535882
199.360599,181.777638,27.379424
199.241093,181.682642,27.436408
199.156099,181.223476,27.219089
199.231103,181.136100,27.179140
199.396255,180.581122,27.419112
199.396576,180.580460,27.419185
199.318510,180.181847,27.279196
199.099180,179.640845,27.275680
199.137800,179.598049,27.238331
198.973440,179.383119,27.317114
199.203133,179.077506,27.472462
199.265360,178.980793,27.419348
199.412771,178.592785,27.489076
199.442520,178.207531,27.644741
199.126241,177.926035,27.725912
199.146339,177.910803,27.681595
198.968422,177.675796,27.769651
198.960001,177.677910,27.761589
198.601680,177.247253,27.555216
197.809218,176.714287,27.380128
197.938264,176.617845,27.294193
198.070743,176.414016,27.466255
197.978271,176.382461,27.442582
197.774350,175.912424,27.250223
197.844303,175.402003,27.200849
197.731421,175.293077,27.101807
197.876959,175.082879,27.034640
197.862896,175.086168,27.014989
197.725527,174.713415,26.980018
198.026077,174.391176,26.782938
198.203147,174.293632,26.827998
198.223967,174.078215,26.448838
198.199989,173.869587,26.337168
197.722757,173.089061,26.684895
197.703029,173.039529,26.590463
197.237792,171.974250,26.152332
197.115230,171.685270,25.907272
197.202487,171.517760,25.854519
197.191223,171.166663,25.667058
197.093783,170.735735,25.710033
197.077305,170.513786,25.793337
196.505679,170.190765,25.653876
196.537240,169.560171,25.649491
196.246837,169.337953,25.532386
196.186549,169.333798,25.558160
196.023138,168.948883,25.480001
195.947342,168.952735,25.407728
195.800309,168.432663,25.060189
195.794361,167.941143,25.012516
195.615681,167.688973,24.777091
195.444566,167.308337,24.909163
195.483616,167.274246,24.905012
195.448710,167.248364,24.867367
195.449328,167.247481,24.867187
195.832957,166.596377,24.931163
195.954076,166.268634,24.982313
195.461292,165.393748,24.717565
194.925213,164.392652,24.509893
194.959403,163.637856,24.145882
195.064467,162.915590,23.984090
195.183762,162.827154,23.937042
195.086897,162.342765,24.098760
195.099034,162.336798,24.102331
195.231192,162.172731,24.201782
195.354572,161.871525,24.121522
194.134579,161.283196,24.087252
194.283338,160.800173,24.202234
194.243937,160.743548,24.099876
193.951325,160.489767,24.297861
193.048728,159.679574,24.265465
192.590308,159.298775,24.079689
192.645738,158.847889,24.046862
192.900981,158.615085,24.000533
192.074010,157.664011,23.873153
192.084230,157.630892,23.854866
192.041097,157.647356,23.838315
192.093897,157.157741,23.802971
192.084712,157.141550,23.813365
191.885770,156.884038,23.703937
190.902437,155.483823,23.855303
190.873514,155.452156,23.849154
190.519783,155.311485,23.457324
189.987948,154.551435,23.467948
190.117270,154.234000,22.961647
189.597095,153.628018,22.286937
189.880761,153.598939,22.438374
189.278884,153.029677,22.340084
188.816611,152.460480,22.315264
188.837867,151.931229,22.192926
188.652332,151.906921,22.254586
188.641431,151.199861,21.989983
188.802790,150.999988,22.042790
188.117182,150.777582,21.924190
188.043694,150.795594,21.915714
188.053296,150.787192,21.912167
187.434494,150.297869,21.821928
187.522374,150.231217,21.807634
187.220859,149.809927,21.771390
187.042265,149.740132,21.834784
187.107930,149.710036,21.812611
187.216259,149.577593,21.799541
186.968536,148.576215,21.807035
186.475459,148.533988,21.713836
186.504912,148.513819,21.722863
186.471760,148.534078,21.733133
186.279985,148.589474,21.678950
185.783039,147.626961,21.564578
185.770897,147.213008,21.461411
185.603019,146.886278,21.570225
184.711004,145.969800,21.496362
184.665930,145.992482,21.510076
183.879503,145.511727,21.333424
183.823763,145.476616,21.384815
183.429585,144.879194,21.045115
183.409696,144.889243,21.038410
183.340218,144.844714,21.085589
183.282165,144.876157,21.102158
183.064431,143.889084,21.100834
182.750864,143.761982,21.466345
181.356789,142.095938,21.070378
179.713070,140.573213,20.934945
179.407816,139.907403,19.996111
179.448322,139.901203,19.987798
179.459174,139.890181,19.980819
179.190649,139.345262,19.995259
179.198145,139.332073,19.978322
179.219807,139.314368,19.967931
179.201367,139.316678,19.941271
178.886118,138.683965,20.011788
178.467010,138.449723,19.856890
178.550843,137.904946,19.748413
178.426038,137.758065,19.747198
178.351863,137.427584,19.664517
178.436228,137.430273,19.654744
178.299925,137.165473,19.722911
178.299365,137.164853,19.723058
178.128415,136.599625,19.791685
177.311355,135.871224,19.597729
176.885820,135.305818,19.473374
176.884846,135.305800,19.472878
176.353101,134.418371,19.532787
176.445622,134.445526,19.531247
176.609756,134.340390,19.515047
176.615133,134.336004,19.519526
176.572512,134.228193,19.660728
176.532623,133.933827,19.771441
176.621722,133.881994,19.763602
176.807983,133.369877,19.849939
176.648394,133.130658,19.936792
175.910547,132.088585,19.710289
175.893372,132.089688,19.652925
175.397863,131.851585,19.823007
175.485747,131.855714,19.808333
175.479141,131.859199,19.806611
175.471049,131.863601,19.804503
175.249803,131.891977,19.792797
175.021966,131.840350,19.882060
175.105553,131.738470,19.874146
175.105018,131.738232,19.874175
174.970500,131.649380,19.811250
174.983317,131.643556,19.807183
174.506355,130.976094,19.924804
174.539669,130.997068,19.945527
174.526791,131.020908,19.919924
173.698995,129.518443,20.242135
173.820867,129.506683,20.211892
173.821681,129.504655,20.207216
173.822048,129.503366,20.207810
172.565809,127.891360,19.431306
172.102191,127.646530,19.502132
171.307024,127.423310,19.706931
171.304074,127.425683,19.707075
171.302680,127.426548,19.709485
170.916183,126.713047,19.812205
170.915565,126.712824,19.812266
170.252591,126.032309,19.686357
169.540832,125.614261,19.864017
169.005386,125.336246,19.774037
167.809175,124.043403,19.739076
167.316792,123.372335,19.864672
166.655703,123.133329,19.997915
166.413580,123.159010,20.058489
166.335121,123.188900,20.033489
166.340590,123.177895,20.041995
165.781117,122.463701,19.842977
165.121101,122.073804,19.424262
164.660504,122.028723,19.374752
164.009361,121.333783,19.541543
163.013931,120.372236,19.570313
162.338086,119.374389,19.599601
162.095506,119.174135,19.411090
162.097589,119.170806,19.409787
161.040917,117.689134,19.402287
160.560812,117.476438,19.308680
159.709979,117.273665,19.013256
159.692769,117.287674,19.008075
159.711023,117.278656,19.005164
159.464409,117.311350,19.051242
158.665864,116.535521,18.906683
158.665033,116.535561,18.906325
158.057736,116.379454,18.777394
158.056943,116.379731,18.776010
156.960906,115.448520,18.555838
156.859075,115.214445,18.768821
157.058045,115.099693,18.826039
156.766145,115.146347,18.767088
156.045799,114.040006,18.765388
155.730130,114.034394,18.705321
155.379828,113.395409,18.967341
155.028631,113.196564,18.953940
155.039417,113.185073,18.958348
154.951693,113.057978,18.515540
155.000984,112.966615,18.483566
153.805377,111.558223,18.486864
153.617271,111.202134,18.248375
153.207728,110.583022,18.422110
153.213820,110.573132,18.429659
152.589696,110.419647,18.321612
151.760623,109.820161,18.507822
151.782917,109.670450,18.383586
151.284619,109.697988,18.312196
150.949940,109.150059,18.403250
150.941693,109.110099,18.388379
150.868689,109.078218,18.349971
150.321389,108.438623,18.321584
149.765085,107.076531,18.314003
148.425163,105.743051,18.244945
148.215811,104.789760,18.184925
148.341126,104.622448,18.174071
147.795366,104.098857,18.048819
147.727083,103.505974,17.935198
147.624599,102.864979,18.077144
147.488645,102.854165,18.204989
147.505903,102.835718,18.212287
146.936112,101.841691,17.203233
144.957889,99.597042,15.789481
145.158281,99.410333,15.800140
144.847105,99.331388,15.745202
144.440434,98.889587,15.766812
144.437052,98.890868,15.767742
144.353438,98.838736,15.667989
144.245365,98.834493,15.790180
143.217442,98.054181,15.555349
143.216438,98.054143,15.556237
143.210808,98.057330,15.558290
142.771248,97.198751,15.643594
141.992637,96.435888,15.687170
141.598026,95.739445,15.754732
141.860957,95.468968,15.616966
141.860578,95.468489,15.617013
142.004665,95.263019,15.585026
142.097677,94.964968,15.470575
141.300347,94.462324,15.380248
141.302939,94.455659,15.385475
141.362590,93.914709,15.222824
141.258941,93.952603,15.351354
141.348195,93.799647,15.381970
141.290356,93.457327,15.448196
141.192759,92.974362,15.356843
140.498410,92.171432,15.456687
140.498070,92.170932,15.456683
140.503803,92.165630,15.454128
140.414908,92.185233,15.552999
140.474743,91.688218,15.422337
140.461400,91.198830,15.543452
139.749014,90.226450,15.463219
139.925249,89.976192,15.440497
139.143359,89.773448,15.350993
139.141544,89.774064,15.350854
138.405075,89.435431,15.331763
137.326331,88.775725,15.286200
137.503846,88.367948,15.230496
137.524294,88.326265,15.199792
137.523487,88.326098,15.199932
137.526479,88.226396,15.169789
136.825932,87.511710,14.759260
135.902794,86.621035,14.593705
134.583610,85.599508,14.549719
134.483029,85.287332,14.615830
134.626051,85.048655,14.565434
133.745076,83.429193,13.952766
133.373173,82.681603,13.996499
131.564294,81.188967,14.254077
131.418270,80.695055,14.082204
130.724119,79.761188,14.011223
130.257823,79.602279,13.952236
129.804088,79.143082,13.901934
129.653783,79.133884,13.893312
129.720740,78.608777,13.862216
128.797178,78.078550,14.192347
128.478288,77.473935,14.255687
128.469574,77.354290,14.281980
128.084453,76.935530,14.547345
127.552091,76.815585,14.608762
127.667172,76.165636,14.537275
126.448937,75.683651,14.538355
125.866497,75.525931,14.603191
125.866039,75.525304,14.603374
125.348635,75.069723,14.565620
124.886507,74.763772,14.494087
124.892106,74.754767,14.494884
124.726212,74.658791,14.487012
124.168487,74.154743,14.560846
123.357823,73.578086,14.782279
123.343364,73.424965,14.819223
123.368258,73.298791,14.911356
123.360895,72.612417,14.899930
123.880224,72.092372,14.775384
123.647196,71.740041,14.706011
123.658857,71.727605,14.710536
123.663267,70.875966,14.711485
123.331998,70.533841,15.018007
123.228292,70.513432,14.986823
122.617829,70.183124,15.056957
122.855394,69.886810,14.995674
122.877898,68.867045,15.013567
122.819380,68.854138,15.043380
122.651749,68.871974,15.109606
122.951338,68.544639,15.068297
122.951050,68.544080,15.068271
122.969686,67.946006,14.944110
122.859801,67.932483,14.964094
123.047533,67.517540,15.147499
123.044974,67.500197,15.134055
122.186252,66.675927,15.243777
122.185021,66.675904,15.247537
121.296367,65.651077,15.032881
119.684370,65.161318,14.979934
119.338094,64.815467,14.805685
119.214765,64.856356,14.790337
119.109658,64.838162,14.754087
118.660338,64.670523,14.695468
118.659814,64.670140,14.695245
118.133865,64.284140,14.758519
118.046308,63.850233,14.747686
118.349585,63.044292,14.204375
118.349044,63.039230,14.199413
117.813120,62.873905,14.141727
117.842081,62.835469,14.072099
117.665417,62.694403,14.122264
117.178686,62.276465,14.188159
116.989308,61.943385,14.044370
116.062206,61.062307,14.136839
116.049368,61.071252,14.147781
114.395097,60.419828,14.390886
113.531197,59.647803,14.417631
113.053921,58.893747,14.532967
112.849562,58.951112,14.521385
112.522982,58.499318,14.607184
109.583789,56.549372,14.866057
109.255896,56.365884,14.806641
109.520098,55.812684,14.630626
108.576391,55.397124,14.942004
108.521887,54.752045,14.876234
107.946023,54.124094,14.835214
107.727748,53.938027,15.275919
107.727417,53.877537,15.350383
107.972991,53.627825,15.294937
107.412199,53.009625,15.130176
106.874380,52.651032,14.983814
106.941625,52.523147,15.011237
106.689407,52.325102,14.955820
106.506910,51.692724,14.883462
106.355715,51.491598,14.828797
106.358622,51.486545,14.835407
106.305897,51.528539,14.825323
105.517672,51.014962,15.377252
105.366009,49.986839,15.462363
104.628465,49.802491,15.454504
103.732431,49.502116,15.373883
103.207877,49.388765,15.476612
102.916534,49.346079,15.449066
102.915255,49.346071,15.449665
102.425880,49.001569,15.668794
101.946496,48.331797,15.507196
101.246022,47.366347,15.326873
101.191905,47.129882,15.104471
101.225848,47.078336,15.110890
101.054198,46.934907,15.067764
100.400036,46.867752,14.960656
100.035692,46.559633,14.902360
99.601372,46.513451,15.104766
99.233837,46.196093,15.002644
98.776998,46.065202,15.057333
98.580481,46.050629,15.028179
98.088103,45.598724,14.894035
98.081617,45.603620,14.892582
97.815576,44.654948,15.175681
97.652725,44.060677,15.038700
96.875903,43.767339,14.935455
96.703772,43.651336,15.033424
96.641490,43.494216,15.289520
96.833694,43.132094,15.571271
96.577844,42.844251,15.868838
96.334926,42.474133,15.862115
96.118817,42.384135,15.828648
95.694711,42.208028,15.762501
95.374552,41.852715,15.972111
95.216103,41.313429,16.062389
94.332725,40.854867,16.135063
93.868694,40.578570,16.428883
93.323894,39.894606,16.638515
92.923635,39.400894,16.626259
92.419496,39.202153,16.655388
92.224331,38.867378,16.693272
91.734436,38.326858,16.648797
91.851629,38.068879,16.691467
91.850155,38.068085,16.691682
91.732857,37.550050,16.692493
91.120134,36.989684,16.756366
91.118441,36.989002,16.756635
90.628344,36.735039,17.015547
90.353551,36.756538,16.964912
90.157165,36.742124,16.930924
89.848301,36.478899,17.008315
89.236223,36.231790,17.096590
88.354849,35.725449,17.170932
87.976522,35.223180,17.287322
88.005018,35.035102,17.377086
87.868524,34.777292,17.547531
87.179244,34.377775,17.598848
87.182895,34.273801,17.481047
86.891904,34.171682,17.448789
86.749769,34.181417,17.472308
86.555236,34.057633,17.455825
86.602625,33.909416,17.531030
86.332679,33.882207,17.532081
86.301256,33.884577,17.523418
85.964922,33.766922,17.780404
85.849146,33.565653,17.796064
85.699439,33.560570,17.811410
85.375715,33.391021,17.905852
85.187587,33.355879,17.932529
84.819330,33.058242,17.854085
84.543977,33.001575,17.866399
84.315696,32.764935,17.992616
83.815529,32.441503,17.984579
83.626702,32.409112,18.056151
83.442523,32.343963,18.100920
83.257551,32.302091,18.125841
83.011243,32.225033,18.149265
82.734140,31.922780,18.166136
82.554884,31.828667,18.182945
82.375349,31.834156,18.168600
82.268319,31.502155,18.257166
82.087883,31.269122,18.593060
81.925106,31.230959,18.661352
81.658156,30.902596,18.692275
81.426032,30.847311,18.707825
81.473755,30.647133,18.621479
81.138853,30.237473,18.657008
81.157482,30.054464,18.821794
81.251271,29.735140,18.873815
81.206689,29.625108,18.883566
80.987255,29.137703,18.887172
81.479491,28.641531,18.882524
81.946253,28.467460,18.774312
82.247575,28.426953,18.784005
82.370102,28.197647,18.831401
82.779712,28.053003,18.751867
83.035441,27.981623,18.784443
83.329097,27.719055,18.800915
83.688489,27.701614,18.777884
83.971846,27.668749,18.740359
84.745298,27.393077,18.670485
85.387942,27.229723,18.510155
85.347966,27.046235,18.519263
85.391057,27.063155,18.475935
85.758693,26.949752,18.353503
86.057492,27.018734,18.300282
86.670487,26.756847,18.136784
86.681551,26.420378,17.847046
87.050554,26.078105,17.550725
87.457934,26.006155,17.539509
87.835812,25.987100,17.547715
87.898526,26.003723,17.559307
88.208987,25.942095,17.516505
88.688908,25.847367,17.529472
89.012498,25.807000,17.574141
89.034652,25.769359,17.570924
89.053736,25.633007,17.727369
89.523163,25.350342,17.930606
89.712793,25.380854,17.858202
89.903370,25.307137,17.817881
90.396083,25.117431,17.887990
90.596874,24.845666,18.156569
90.910909,24.871681,18.140380
91.427551,24.883560,18.110711
91.431781,24.882025,18.117216
91.681535,24.961735,18.162823
91.683465,24.961924,18.162492
91.827514,25.019695,18.037300
92.420904,24.975226,17.898102
92.676964,24.311593,17.750886
92.980258,23.974996,17.788970
93.509580,23.706522,17.654332
93.755128,23.427183,17.672900
93.769653,23.346726,17.827333
94.356137,23.060487,17.797052
94.506767,22.966031,17.846598
94.891246,22.862014,17.845181
95.125514,22.764777,17.931682
95.216559,22.785613,17.959188
95.389110,22.861503,18.003359
95.547324,22.885360,18.092850
95.922093,22.921317,18.128441
96.085113,22.923439,18.158209
96.274052,22.427212,17.860073
97.107900,22.070384,17.898588
97.280114,21.945465,18.070469
98.458401,21.716406,18.339151
98.811139,21.678953,18.194147
98.959723,21.486600,18.244416
100.016770,21.262145,18.360511
100.368312,21.084091,18.233888
100.370183,21.077431,18.257057
100.716964,20.895880,18.298306
100.763552,20.829785,18.361020
101.695354,20.489591,18.380717
101.698009,20.473120,18.391751
101.661332,20.318150,18.410071
102.616494,19.983455,18.129541
102.843126,20.007820,18.161430
103.097680,20.027329,18.162421
103.984919,19.972989,18.173436
104.145963,19.859218,18.095673
104.539167,19.728986,17.931237
104.985694,19.742474,17.817651
105.516698,19.868499,17.729750
105.324116,19.612142,17.585083
105.821354,19.667658,17.713962
106.715391,19.458674,17.523436
107.071140,19.420874,17.573643
107.516983,19.166162,17.671635
107.710494,19.170778,17.582018
108.699016,19.212322,17.657338
109.013654,19.123592,17.518597
109.612569,19.043826,17.123585
110.151293,19.126023,17.227253
110.419625,19.173556,17.223896
111.346014,18.980825,17.119471
111.693969,18.823078,17.053611
112.308630,18.879693,16.897028
113.181716,19.014462,16.602259
113.183043,19.010548,16.599686
113.251233,19.040562,16.625602
114.645786,18.801200,16.709158
115.150013,18.743263,16.545496
115.339967,18.627189,16.585099
115.299029,18.493462,16.566509
115.304874,18.501373,16.573546
115.305951,18.499859,16.571193
115.810084,18.474788,16.630545
116.490624,18.452055,16.620414
116.591325,18.483511,16.511106
116.583058,18.455942,16.525675
116.589109,18.466465,16.537879
117.036051,18.256541,16.683485
117.349150,18.280638,16.684472
117.719578,18.349424,16.749765
117.722670,18.342179,16.744394
118.307803,18.241652,16.723562
119.014658,17.865362,16.919736
119.784100,17.551496,16.818994
119.792256,17.560024,16.836514
120.554220,17.784160,16.874792
120.926621,17.620854,16.786934
121.280158,17.477733,16.722069
121.287894,17.489008,16.744334
121.645785,17.612639,16.680672
121.646648,17.612767,16.680517
121.653774,17.626378,16.702909
122.018201,17.463920,16.614455
122.411146,17.521285,16.487197
122.814021,17.586005,16.532160
123.189390,17.328201,16.624459
123.858188,17.254736,16.711370
124.774892,17.099801,16.661913
124.775711,17.099968,16.661907
125.045990,17.028021,16.871959
125.073319,16.998594,16.853958
125.073923,16.997302,16.855901
125.068803,16.995393,16.855380
125.346665,16.803345,16.936507
126.015091,16.752022,16.922642
126.468646,16.804905,16.969802
126.469771,16.808837,16.969770
126.798425,16.892870,16.998027
127.136344,16.970470,16.949837
127.303656,17.093136,16.871541
127.561344,17.176425,16.923698
128.773300,16.962029,16.847488
128.774731,16.964032,16.837303
128.775538,16.964000,16.837084
130.253177,16.739939,16.701003
130.660170,16.889167,16.418919
130.927106,16.905825,16.503220
130.927846,16.905787,16.502999
131.919663,16.876794,16.636179
132.477724,16.608721,16.626841
132.917503,16.529194,16.768859
132.918191,16.527315,16.768947
132.953164,16.488714,16.740239
133.046247,16.191762,16.502392
133.125566,16.147829,16.458478
133.821965,16.042971,16.103584
134.676203,15.966296,16.223451
134.711901,15.801777,16.214127
134.731912,15.822634,16.234124
134.732653,15.823306,16.234779
134.775766,15.785149,16.294306
135.220075,16.067661,16.227271
136.284125,16.167955,16.375741
136.732375,15.890912,16.417260
136.754847,15.943559,16.577775
136.755762,15.938202,16.572640
136.791511,15.965687,16.535087
136.872254,15.847361,16.623114
137.276933,16.085205,16.533810
137.277674,16.085396,16.533559
137.531582,16.056530,16.470137
137.532293,16.054611,16.467729
138.268914,16.004538,16.522909
138.685547,15.887995,16.457450
138.700899,15.877392,16.445603
139.933884,15.655427,16.188437
139.936521,15.653636,16.202404
139.937434,15.654203,16.202757
139.973543,15.655729,16.276621
142.358947,15.492813,16.039924
142.354619,15.468561,16.079923
143.327514,15.801174,16.042647
143.343396,15.816913,16.020747
144.282244,16.009642,15.682223
145.896162,16.214625,15.221868
147.191655,16.210161,15.265036
147.197029,16.209662,15.264876
147.589958,16.041367,15.195454
147.590639,16.042727,15.196697
148.491674,16.075335,15.252119
150.205147,16.092132,15.299693
150.720469,16.202636,14.994349
150.891638,16.199318,14.989457
150.911835,16.215302,15.009226
151.175128,16.321639,14.654065
151.942811,16.484567,14.699493
152.722972,16.386154,14.774675
153.080677,16.604004,14.712113
153.541278,16.505857,14.675929
153.547027,16.526985,14.665639
153.547997,16.530178,14.668244
153.599105,16.514075,14.614284
154.354935,16.476399,14.607496
154.561550,16.347922,14.827141
154.644738,16.343073,14.843526
155.092112,16.235458,14.766091
155.236121,16.256852,14.754423
155.239519,16.264849,14.753882
156.103199,16.033753,14.606029
156.897367,16.357633,14.605173
157.347320,16.229294,14.580418
158.374269,16.073429,14.529299
159.636284,15.989719,14.489528
159.621847,15.549573,14.745374
160.025320,15.444696,14.665833
160.038890,15.434025,14.648931
160.039459,15.434127,14.648737
160.337567,15.375518,14.528429
161.019772,15.155640,14.591474
161.098007,15.188564,14.659826
161.876531,15.172735,14.077374
161.885896,15.186674,14.088741
163.099198,15.220292,14.010034
163.136073,15.256756,14.032890
163.139101,15.263416,14.018210
163.139638,15.263405,14.018185
163.187828,15.220929,13.999248
163.188568,15.220113,14.003500
164.030705,15.042468,14.018089
164.510042,14.962163,13.994666
164.510194,14.962048,13.994695
164.510293,14.961956,13.994676
164.599225,14.768233,13.600854
165.241817,14.637177,13.283717
165.242368,14.637196,13.283654
165.349864,14.655570,13.255910
165.572318,14.736016,13.222901
165.572868,14.736045,13.222839
166.321264,14.592267,13.591844
166.321829,14.592277,13.591828
167.025139,14.629623,13.661732
167.040359,14.615744,13.648790
167.502552,14.529414,13.573157
167.830739,14.576303,13.564402
168.749032,14.480477,13.536600
169.300758,14.573814,13.502947
169.847839,14.662596,13.182446
170.591910,14.731589,13.334254
171.089445,14.880974,13.238934
172.492466,14.784338,13.182796
172.903055,14.584893,13.381475
172.930089,14.571667,13.454896
172.931249,14.574529,13.452781
173.991184,14.974949,13.149767
174.495906,15.062231,13.022161
174.496470,15.062458,13.022003
175.619085,14.819792,12.634216
175.619672,14.819977,12.634071
176.109512,14.740404,12.657255
176.785505,14.829436,12.728496
176.786563,14.826636,12.731793
178.268471,14.999830,12.793343
179.802198,14.938552,12.837636
182.210550,14.948569,12.842537
182.590285,15.052412,13.068865
182.777240,14.452539,13.101857
182.778144,14.450385,13.097721
182.822389,14.472638,13.013804
182.822913,14.472106,13.013088
184.545164,14.395871,12.954347
185.529252,14.430133,13.030993
186.239788,14.283239,12.889262
187.086081,14.329376,13.007230
187.105770,14.256344,12.986324
187.195119,14.249276,13.079074
188.201027,14.166334,13.122581
189.547262,13.819692,13.254456
190.206634,13.726993,13.116033
191.812563,13.571271,13.046001
192.405935,13.394089,12.893178
192.446810,13.366829,12.866795
192.928684,13.289967,12.642526
192.934078,13.296081,12.623105
193.006603,13.312114,12.615844
193.106242,13.348213,12.656872
193.133565,13.311697,12.816941
193.134472,13.313315,12.818514
193.134984,13.313379,12.818589
193.269301,13.249129,13.048469
193.251820,13.093733,13.088448
193.306483,13.064461,13.050841
193.293325,13.068538,13.063192
193.309478,12.973660,13.045034
194.686746,13.126216,13.215262
194.997625,13.137193,13.128002
194.996907,13.130980,13.140308
195.000303,13.124108,13.132366
195.010089,13.099281,13.146241
195.572460,13.273921,13.032935
195.574421,13.263715,13.022966
195.574917,13.263643,13.022912
195.578988,13.271920,13.031041
195.682464,13.233773,12.994031
195.782341,13.201131,13.130954
196.071524,13.117938,13.089400
195.927951,12.918439,13.163786
196.436694,12.808451,13.047758
196.335797,12.617241,13.125551
196.447660,12.593673,13.287849
196.651707,12.488347,13.376590
198.448909,12.523648,13.487170
198.686177,12.471433,13.428909
198.943781,12.413271,13.439880
199.116335,12.431096,13.429932
199.469361,12.500243,13.321349
199.735501,12.546934,13.330044
200.704671,12.536901,13.529622
200.966659,12.560328,13.428344
201.209736,12.585602,13.444938
202.023561,12.601473,13.740782
202.243811,12.590949,13.672360
202.263831,12.609822,13.657231
202.572894,12.629534,13.694518
202.783506,12.636567,13.643718
203.349159,12.641355,14.031155
203.350298,12.645046,14.036688
203.893112,12.654895,13.872983
204.755847,12.753316,13.818273
204.941605,12.707044,13.763587
205.125315,12.660660,13.711231
205.506370,12.678343,13.609417
205.943876,12.703806,13.653497
206.789956,12.732048,13.715601
207.002781,12.670469,13.648318
207.175301,12.624130,13.597982
207.578216,12.884034,13.468182
207.666021,12.893495,13.575346
207.982308,12.984062,13.679790
208.804549,12.961884,13.500198
209.565974,13.013338,13.559935
210.203352,12.890387,13.838245
210.211054,12.885896,13.842795
210.702905,13.174717,13.892116
211.644205,13.473610,14.134129
212.015561,13.488604,14.158497
212.016441,13.491399,14.155257
212.257988,13.550011,14.223890
213.100059,13.687809,14.339383
213.100414,13.696602,14.336778
213.507323,13.781326,14.139192
213.793796,13.820194,14.127476
214.041473,13.700919,14.193239
214.042280,13.695726,14.194824
215.016329,13.714758,14.195681
215.020838,13.723482,14.199265
215.178524,13.638130,14.300427
215.448099,13.534014,14.229727
215.315016,13.472860,14.391094
216.083663,13.350179,14.342114
216.606748,13.277889,14.445687
216.911845,13.351182,14.541736
216.896556,13.253408,14.733652
217.000918,13.218081,14.693564
217.320933,13.388594,14.569036
217.552685,13.266357,14.951943
217.652270,13.231050,14.911619
217.652557,13.233526,14.914435
217.988076,13.330340,15.037090
218.156035,13.222609,15.110387
218.131088,13.213797,15.143502
219.271411,13.155534,15.242248
219.368671,13.097072,15.221849
219.553461,13.100521,15.141280
219.636377,13.066807,15.115734
219.575425,13.080576,15.311035
219.754269,13.231057,15.232847
219.754871,13.231003,15.232696
220.818602,13.323661,15.441731
220.874229,13.296699,15.409986
220.821169,13.218748,15.473916
220.821769,13.218687,15.473754
221.142991,13.124178,15.498846
221.264900,13.169197,15.457587
221.926048,13.312069,15.572021
222.094253,13.246384,15.559669
222.161923,13.219140,15.527269
222.193608,13.238657,15.555409
222.559956,13.522408,15.622337
222.626386,13.478397,15.608866
223.118830,13.574909,15.523499
223.242967,13.678345,15.587351
223.414526,13.601451,15.499248
223.540833,13.645184,15.434441
223.885317,13.566492,15.812319
224.064214,13.564582,15.994109
224.186878,13.536574,15.950208
224.747013,13.489343,16.091137
224.808698,13.624242,16.065987
225.127103,13.959050,16.250372
225.315065,13.884687,16.483557
225.359700,13.864117,16.458902
225.669298,13.956734,16.331249
225.955567,13.917046,16.568874
226.031510,13.834506,16.746965
226.033415,13.874779,16.951895
226.389218,13.943453,17.243391
226.513791,13.997768,17.167775
227.167281,13.874191,17.419261
227.951471,13.895594,17.511489
227.985004,13.876801,17.489214
228.020531,13.828329,17.689127
228.350391,13.733761,17.614827
228.538088,13.601670,17.956575
228.607022,13.594324,17.905780
228.839971,13.575929,17.693347
228.929811,13.566334,17.632585
229.165491,13.408732,17.800965
229.290747,13.336727,17.708170
229.519864,13.365640,17.766323
229.587600,13.328098,17.716993
229.737129,13.250668,17.613504
230.146316,13.364799,17.652108
230.185487,13.342562,17.622659
230.407807,13.236220,17.694677
230.670707,13.309267,17.553732
231.961915,13.292964,17.837834
232.824555,13.243499,18.148296
232.959422,13.165059,18.366546
233.164475,13.018456,18.668158
233.242467,13.044149,18.638959
233.365445,13.175594,18.668165
233.485853,13.201936,18.567511
233.515794,13.205014,18.540953
233.735956,13.237281,18.473594
234.487198,13.255894,18.546039
234.488686,13.259289,18.634572
234.940585,13.136563,19.021086
234.991423,13.129443,18.975705
235.035528,13.102693,18.934478
235.709377,13.000554,19.148039
235.864596,13.158008,19.200285
235.909729,13.186785,19.167155
235.947505,13.166270,19.134338
235.985341,13.159695,19.096548
236.116794,13.134508,19.112707
236.543101,13.179012,19.320921
236.613426,13.092524,19.419682
236.871086,13.113870,19.490877
236.992105,13.318163,19.859432
236.970703,13.338209,19.902833
237.064629,13.315895,20.140407
237.054137,13.333343,20.187163
237.043002,13.418884,20.202449
237.511323,13.528402,20.431071
237.488729,13.583299,20.462269
237.453057,13.547450,20.518178
237.603341,13.483039,20.756298
237.577478,13.560737,21.123206
237.800800,13.638355,21.231573
237.877488,13.553272,21.474426
237.814339,13.573357,21.581673
237.808903,13.564951,21.588717
237.800747,13.549228,21.625369
237.970167,13.554084,22.184267
237.938240,13.539135,22.239700
238.017453,13.471398,22.389960
238.628326,13.527992,22.680430
238.681873,13.543314,23.002524
238.730567,13.492178,23.123609
238.752151,13.479933,23.190516
238.737071,13.491494,23.210638
238.643645,13.566033,23.348044
238.595553,13.568118,23.420020
238.550397,13.604241,23.479454
238.562450,13.707035,23.714953
238.668470,13.823888,23.951022
238.673909,13.774569,24.069400
238.754720,13.623995,24.698068
238.719746,13.652417,24.751332
238.870303,13.815306,25.154780
238.773458,13.878343,25.301849
238.755393,13.897122,25.337326
238.425189,13.811091,25.651590
238.370500,13.820603,25.735214
238.340543,13.735022,25.832368
238.251042,13.715264,26.051433
238.220892,13.641126,26.098240
238.238858,13.614415,26.131828
238.202076,13.618972,26.193560
238.489341,13.656512,26.981709
238.283519,13.611984,27.300122
238.205957,13.616294,27.397298
238.141266,13.667448,27.488272
238.095471,13.615900,27.562555
238.244148,13.752853,28.057509
238.242184,13.829301,28.141358
238.403426,14.146366,28.963810
238.399311,14.149676,28.964332
238.396019,14.216225,29.114766
238.443901,14.288640,29.196617
238.407164,14.592806,29.564835
238.355600,14.647769,29.680267
238.489019,14.690902,29.911720
238.488463,14.690462,29.912447
238.467568,14.702411,29.939347
238.467257,14.702394,29.940002
238.433577,14.634450,30.074184
238.400768,14.662711,30.133550
238.400487,14.662705,30.134180
238.377153,14.683032,30.165791
238.423057,14.631442,30.718112
238.170439,14.703964,31.192941
238.319525,14.604656,31.578957
237.994029,14.530668,31.812075
238.088550,15.058178,32.133624
238.214017,14.977104,32.578913
238.213773,14.977100,32.579545
238.145537,15.016986,32.627110
238.106125,15.050696,32.702721
238.180416,14.988999,33.009430
238.220034,14.957141,33.218365
238.153975,14.904938,33.329928
239.036373,15.072676,33.800970
238.996480,15.109302,33.884309
238.955677,15.146566,33.969546
238.847706,15.153984,34.218180
238.860223,15.156550,34.225120
238.774839,15.234352,34.402938
238.773680,15.235366,34.428289
238.773564,15.235402,34.428835
238.690099,15.098726,34.602612
238.975814,15.080835,35.266396
239.354661,15.230883,35.640224
240.075790,15.337326,36.312571
240.008007,15.341125,36.511114
240.007950,15.341304,36.511624
240.007893,15.341484,36.512134
240.039596,15.399013,36.533546
239.852155,15.715517,36.935527
239.805875,15.760621,37.044649
239.772303,15.806453,37.162090
239.772515,15.807653,37.162544
239.761514,15.614659,38.024284
240.065440,15.642354,38.285903
240.083207,15.623612,38.296126
239.838270,15.503982,38.981143
239.841251,15.577610,39.476631
239.863835,15.580238,39.928836
239.869593,15.574132,39.929435
239.885410,15.557676,39.938761
239.881371,15.537994,39.940688
239.829164,15.588910,40.071804
239.829185,15.588827,40.072349
239.627556,15.311057,40.466412
239.551342,15.095970,40.621568
239.443062,15.197903,40.895582
239.736236,15.276495,41.167935
239.633649,15.159668,41.554305
240.651592,15.366055,41.986979
240.725114,15.294347,42.218379
240.674954,15.346372,42.369632
240.689311,15.336356,42.740298
240.793365,15.402359,43.231771
240.738394,15.462190,43.389010
240.749299,15.442903,44.103951
240.809609,15.643287,44.740950
240.749572,15.706953,44.906165
240.214214,15.841077,45.333987
240.153017,15.859534,45.507279
240.092112,15.920620,45.679991
240.101469,15.963251,45.714024
240.044172,16.023180,45.778626
239.997189,16.072054,45.836118
240.000105,16.088288,45.836571
240.002093,16.145772,46.053691
239.876511,16.274550,46.365750
239.879500,16.287586,46.366650
239.693591,16.379483,46.844464
239.695093,16.385228,46.845225
239.626159,16.470315,47.039542
239.339946,16.466520,48.102606
239.427305,16.313793,48.755704
239.343645,16.145552,48.951630
239.359327,16.113296,48.975685
239.184677,16.138747,49.240321
239.184467,16.138485,49.240773
239.320242,16.026761,50.798153
239.231773,16.018140,51.043544
239.241496,16.097770,51.287506
239.060915,16.153067,51.788400
239.101653,16.123826,52.075462
239.099354,16.110472,52.896311
238.964357,16.083892,53.579023
239.407412,16.158460,53.746997
239.416197,16.159958,53.751474
239.279101,16.044003,54.142651
239.279013,16.043910,54.143081
239.200144,16.109619,54.402151
239.094124,15.996147,54.700253
239.110607,16.014259,54.773036
238.845499,15.794939,55.766613
238.623009,15.717699,56.415548
238.622920,15.717661,56.415993
238.614941,15.791306,56.468578
239.018991,16.094397,56.828006
238.920225,16.034523,57.091010
238.648458,16.136704,57.335128
238.611330,16.054256,57.774375
238.640086,16.026123,57.827712
238.579105,15.965778,58.139577
238.525552,16.064389,58.425486
238.527157,16.062728,58.426048
238.527300,16.062493,58.426559
238.639482,15.959246,58.852527
238.860297,16.016967,58.957252
238.439773,15.910151,59.319165
238.386750,16.077945,59.934099
238.268388,16.174256,60.245183
238.179324,16.253109,60.541429
238.048572,16.055808,61.471088
237.897734,15.998398,61.648995
237.550056,16.499352,62.575922
237.540023,16.360300,62.949829
237.492665,16.746311,63.521741
237.284498,16.926247,64.198106
237.080131,16.877613,65.016214
236.728774,17.014471,65.867437
236.708588,17.026994,65.874938
236.234421,17.018046,66.214935
236.206047,16.914349,66.832508
236.045983,17.412001,67.611553
235.912812,17.383131,67.793843
235.937716,17.384124,67.943904
235.933896,17.388424,67.943427
235.957126,17.374652,67.973711
236.265882,18.039293,69.309881
236.416027,17.862540,70.220607
236.398380,17.881245,70.245658
236.488539,17.857766,71.097508
236.433295,17.996195,72.100725
236.409818,18.094089,72.644062
236.403651,18.088349,72.664599
236.191020,17.933032,73.190198
236.191005,17.932921,73.190716
236.191296,17.932517,73.191278
236.224105,18.031559,73.603213
236.018301,18.284671,74.387379
235.873739,18.215814,74.494002
235.873445,18.216060,74.494434
235.481012,18.235468,75.047309
235.027564,18.141600,75.457457
235.135370,18.228199,76.024135
235.135161,18.228512,76.024765
234.892099,18.183056,76.356925
234.890748,18.180508,76.357181
234.664515,18.151793,77.511954
234.619998,17.938345,77.948075
234.376592,17.868155,78.220448
234.357525,17.851840,78.248132
234.233616,17.977446,78.671871
234.282936,17.795206,79.358374
234.266446,17.774203,79.370411
234.150539,17.871421,79.780295
233.664584,18.459656,81.335896
233.390842,18.329394,82.095165
233.330792,18.132406,82.194637
233.388801,18.278364,82.280429
233.280740,18.269522,82.834483
233.264453,18.282932,82.835685
233.031091,18.227826,83.708294
233.030894,18.227868,83.708783
232.799450,18.435871,84.460274
232.559060,18.363259,85.270849
232.411740,18.318177,85.453493
232.361725,18.358582,85.482795
232.372652,18.333075,85.577080
232.373242,18.339070,85.578887
232.373087,18.339047,85.579376
232.508093,18.225632,86.449270
232.372909,18.546080,87.266448
232.222812,18.270830,87.670552
232.209452,18.221729,87.673437
232.181350,18.113021,88.066523
232.181177,18.113018,88.067002
232.022634,18.023443,88.543401
231.914388,18.092278,89.017303
231.931917,18.074059,89.037348
231.783592,18.062375,89.349593
231.848004,18.006285,89.511592
231.951643,17.914206,89.989460
232.087566,17.801766,90.875275
232.056542,17.675339,91.257098
232.088871,17.676548,91.270316
232.108373,17.721301,91.275652
232.111270,17.718955,91.276295
232.199587,17.753499,91.733145
232.139983,17.803461,91.790109
231.979558,17.916267,92.600823
231.897858,17.975840,93.092477
231.895469,17.974695,93.102228
231.895328,17.974729,93.102775
231.692096,17.976097,94.149931
231.548551,18.080441,94.606475
231.426643,17.963890,94.759617
231.451099,17.945030,94.790145
231.371366,18.002802,95.309101
231.645932,18.015952,96.651481
231.649072,18.156597,97.042310
230.881289,18.201983,98.243581
231.098298,18.300792,98.599820
231.099672,18.300763,98.600769
230.970100,18.248784,99.120968
231.017396,19.026583,99.933696
231.014394,19.046465,100.043501
231.012004,19.052015,100.042798
230.848471,19.198855,100.595962
230.911898,19.118420,101.447712
230.936732,19.173292,101.461873
230.705317,19.288400,102.081988
230.517095,19.474659,102.769691
230.515389,19.473816,102.770334
230.427532,19.585860,103.766656
229.813352,19.851696,105.180142
229.675897,19.976653,105.767032
229.509437,19.733831,106.360920
229.226734,19.983593,107.567105
228.875517,19.992258,108.490497
228.785915,19.953350,108.563671
228.632967,20.084624,109.174203
228.573694,20.076116,109.175850
228.406598,20.024211,110.043669
228.255236,20.167861,110.667274
228.103271,20.359608,110.927934
228.049928,20.132625,111.289001
228.008701,20.126421,111.301817
227.523171,20.188056,113.139806
227.487185,20.226334,113.162517
227.492839,20.224265,113.165686
227.559689,21.597643,114.320092
227.518501,21.579500,114.326964
227.472209,21.585318,114.328393
227.169089,21.694378,116.247843
227.168932,21.694224,116.248667
226.825544,21.960817,117.388523
226.546412,21.860515,117.492564
226.655619,22.331925,117.558411
226.340158,22.673008,119.081460
226.131239,22.817625,119.569262
226.079384,24.072860,120.757772
226.067945,24.085623,120.756619
226.132925,24.026930,120.865962
226.011525,24.180765,121.368479
225.817699,23.902119,122.032965
225.284237,24.166699,123.026735
225.023106,24.366277,123.703038
225.044680,24.364156,123.712609
224.855184,24.365560,124.127841
224.845784,24.362964,124.126998
224.607503,24.482012,124.823901
224.540598,24.475369,124.855632
224.168432,24.752571,126.048580
224.219268,24.754859,126.281667
224.455615,25.078578,127.496528
224.227853,25.372514,128.674595
224.197684,25.407286,128.694095
224.041355,25.108078,129.423260
224.036435,25.071658,129.436121
224.040263,25.090382,129.458438
224.145251,24.999664,129.737301
224.178758,25.057443,129.726217
224.170413,25.109292,129.774102
224.186453,25.107778,129.782665
223.874145,24.977703,130.877356
223.857214,25.036613,130.938424
224.014746,25.638377,131.718679
224.229209,25.710471,131.869281
224.143434,26.677315,133.277387
223.992448,26.875857,134.090631
223.855715,27.003411,134.371083
223.852838,27.000189,134.374031
223.881634,26.877627,134.515320
223.725847,26.989959,134.963188
223.593352,27.120838,135.417457
223.302396,27.407083,136.095371
222.539174,27.438834,136.963233
222.410244,27.800763,137.852464
222.467655,27.789642,138.139827
222.465872,27.809384,138.139354
222.466815,27.810521,138.139504
222.550726,27.993986,138.225090
222.570046,28.003402,138.224233
222.748148,28.611699,138.928526
222.532483,28.793054,139.524364
222.523894,29.166313,139.652147
222.523166,29.173593,139.650783
222.762131,30.014133,140.360296
222.772823,30.027280,140.363125
222.777533,30.042443,140.361491
222.609131,31.282084,141.026167
222.610327,31.281620,141.026998
222.725382,31.460320,141.438008
222.498538,31.358354,142.428726
222.637500,31.452442,143.081995
222.728112,31.496932,143.208989
222.822146,31.568207,143.286318
222.818077,31.567532,143.288156
222.291467,32.011856,144.731154
222.291770,32.012050,144.731722
222.504216,32.113708,145.311382
222.570129,32.064588,146.237028
222.392660,31.908920,146.736099
221.817753,31.849800,148.426723
221.883915,31.856992,148.446227
221.862648,31.964466,148.550658
221.656185,31.814765,149.290859
221.733542,31.801341,149.364708
221.367316,32.056388,150.438933
221.143270,32.222019,151.191728
221.096457,32.268318,151.200466
221.091619,32.271020,151.199417
220.572580,32.819552,153.100587
220.791789,32.798268,153.496752
220.757239,33.189370,154.782019
220.605250,33.423401,155.346532
220.605205,33.915945,155.886277
220.836168,34.127168,155.994238
220.986212,34.686462,156.514415
220.798794,34.873396,157.000969
220.210857,35.320233,158.263847
220.201104,35.402282,158.268792
220.079754,35.301413,158.530580
219.917057,35.196319,159.125116
219.833487,35.091507,159.925552
219.797648,35.096974,159.949752
219.796497,35.100408,159.948989
219.931140,35.740553,160.128790
219.913800,35.760250,160.123752
219.926625,35.828176,160.788949
219.614346,36.450821,160.882267
219.558640,36.643754,161.333961
219.715118,37.272391,161.767996
219.837483,37.738550,161.926989
219.744965,37.738634,163.014269
219.737752,37.843920,163.195685
219.708254,37.872177,163.196587
219.272369,37.734361,163.659462
219.350972,38.173336,164.620420
219.674603,38.669311,165.124351
219.738862,38.778950,165.182347
219.785138,38.986671,165.348746
219.576530,39.051010,165.832922
219.592299,39.092900,165.826670
219.378371,39.073018,166.017338
219.263039,39.523656,166.821168
218.680214,39.553888,167.364337
218.478266,39.749965,167.798018
218.854409,40.435527,168.916911
218.845625,40.432195,168.926180
218.782648,40.418522,168.974531
218.788722,40.437299,168.969281
218.926758,41.324044,169.927495
219.053332,41.473748,170.227598
219.060070,41.490713,170.785126
219.495316,42.084334,171.733482
219.176752,42.561378,172.761599
219.225936,42.420675,173.069968
219.332856,42.275447,173.349584
219.291268,42.276054,173.426018
218.764842,42.252442,173.439801
218.657774,42.371581,173.703995
218.662733,42.343573,173.720639
219.043080,42.892683,174.462455
218.896566,42.961921,175.263241
218.887488,42.830507,175.906832
218.909387,42.602894,176.283327
218.801594,42.383009,176.729745
218.693692,42.503234,176.794969
218.696397,42.499905,176.797251
218.623294,42.291495,177.024471
217.743943,43.416776,177.235694
217.468994,43.454412,177.252755
217.574521,43.336196,177.470053
217.725365,43.420854,178.039627
217.514641,44.232715,178.233866
216.516767,44.126993,178.499675
216.356619,44.300916,178.631875
216.455105,44.181642,178.838833
216.405424,44.270532,178.839661
216.221781,43.971273,179.483497
216.135006,44.067858,179.689824
216.120454,44.071370,179.691623
216.224799,43.954647,179.888829
216.374565,43.839810,180.517909
216.467408,43.726905,180.710580
216.043361,43.871402,181.103219
215.941449,44.002453,181.202155
215.847901,43.807252,181.595562
215.776041,43.915777,182.113914
215.521569,43.916490,182.557244
215.302515,44.029085,183.182582
215.288646,43.946632,183.230966
215.220661,43.811920,183.424090
215.434312,44.703676,183.765243
215.160353,44.702631,184.265086
215.125542,44.567105,184.583922
214.672961,44.486746,185.377876
214.851793,45.269897,185.670472
214.874933,45.384266,185.922555
214.674010,45.214064,186.569051
214.406304,45.233585,187.218681
214.336417,45.305930,187.416648
214.360907,45.471099,187.475096
214.337398,45.255216,187.840751
214.478738,46.161868,188.152244
214.460965,46.175628,188.159992
214.344599,46.298607,188.373084
214.245907,46.510652,188.821050
214.077652,46.696964,189.531755
214.056967,46.720879,189.518534
214.047362,46.730801,189.512134
214.047509,46.731229,189.512703
214.006625,46.815577,189.720004
213.992800,46.811564,189.731836
213.441613,47.518268,190.222720
213.062448,47.983678,191.179749
212.975287,48.069061,191.367496
212.149309,48.287178,191.197655
212.188665,48.263726,191.267480
212.272499,48.480999,191.487032
212.242513,48.502514,191.708496
212.151674,48.589668,191.906134
212.063272,48.627971,191.977158
212.132247,48.626600,192.120906
211.762848,48.930558,192.782695
211.730348,48.777966,193.086481
211.901629,48.949212,193.241418
211.945133,48.869937,193.343862
211.717348,49.141019,193.835164
211.528507,49.415078,194.041419
211.276809,49.636017,194.435611
211.258477,49.709593,194.475376
210.695740,50.930427,195.578825
210.737429,50.882508,195.635348
210.877477,50.950653,196.322923
210.877796,50.950527,196.323785
210.774826,50.904410,196.562256
210.775166,50.904231,196.563153
210.807525,50.843729,196.704047
210.807911,50.843484,196.705001
210.850304,50.760703,197.478612
210.590523,50.805092,197.963203
210.602049,50.951388,197.971899
210.511952,51.069510,198.099937
210.457735,51.074326,198.154379
209.804529,50.992064,199.173364
209.869426,50.971268,199.245765
209.724260,51.816470,200.030322
209.885622,51.856322,200.198841
209.642515,52.624185,200.625421
209.617826,52.439615,201.077460
209.835513,52.623068,201.549512
209.836519,52.862078,201.890743
209.386987,53.439383,202.942013
209.253458,53.331986,203.309445
209.058148,53.532023,203.608990
208.471003,53.459964,203.971553
208.181988,53.223096,204.309564
208.082236,53.049894,204.423653
207.782379,52.822300,204.749203
207.498475,52.596793,205.098562
207.520836,52.423405,205.268458
207.362893,52.700169,205.702893
207.363765,52.796069,205.826364
207.308578,52.672469,206.015555
207.361419,52.636843,206.071455
206.715203,53.113914,206.743438
206.080856,52.982238,206.398876
206.078162,52.978191,206.444586
206.097964,52.967041,206.473106
206.116294,52.930009,206.543188
206.044475,53.449456,207.200121
206.096710,53.667040,207.612150
206.255432,54.019752,207.810752
206.040091,54.377828,208.073059
205.771034,54.531783,208.497361
205.321448,54.638605,208.767404
205.161700,55.065072,208.880601
205.206161,55.086053,208.914760
204.920642,54.789965,209.393478
204.726099,54.994062,209.355698
204.408139,54.980270,209.637522
204.353354,55.513820,210.659431
204.109120,55.775445,211.057551
203.998274,55.495373,211.333595
203.461034,55.370699,211.623087
203.451213,55.373169,211.615666
203.302388,55.474847,211.652711
203.286108,55.452846,211.728031
203.050736,55.789147,211.790569
202.837040,55.602539,211.994357
202.731796,55.814899,212.073640
202.297811,55.615646,212.403939
202.230962,55.583928,212.418853
202.069834,55.382074,212.614903
202.070915,55.379471,212.619073
201.776861,55.588850,213.039635
201.187805,55.570783,213.767337
201.037831,55.714524,213.758812
200.668839,55.809589,213.975306
200.755649,56.233847,214.019165
200.796371,56.378650,214.019796
200.473926,56.512402,214.172285
200.345115,56.727401,214.112467
199.965803,57.122652,214.202357
199.434942,57.532828,213.867065
199.348482,57.416095,213.972507
199.216586,57.738282,214.171141
199.111885,57.966633,214.266501
198.664573,57.898940,214.310724
198.712411,58.023656,214.339867
198.641017,57.971983,214.472294
198.361168,58.081667,214.923888
198.360818,58.082997,214.923804
198.314226,58.163375,214.862176
197.962439,58.587034,215.049951
197.918748,58.630285,215.059697
197.683627,59.524034,215.357100
197.683465,59.525567,215.357154
197.617614,59.495065,215.334096
197.468148,59.505341,215.552649
197.295420,59.496841,215.520752
196.956050,59.871609,215.823274
196.902335,59.928692,215.795929
196.737607,60.092438,215.956434
196.470013,60.381646,216.320028
196.442556,60.481279,216.397273
196.314957,60.672496,216.277778
195.962459,60.853830,216.616982
195.966078,60.857708,216.620783
195.817437,60.838710,216.645614
195.813199,60.835488,216.643327
195.418840,61.096214,216.944321
195.107561,60.899214,217.037333
195.027953,61.158086,217.176414
194.603491,61.385596,217.498201
194.379778,61.512544,217.736785
194.385422,61.533845,217.755027
194.392365,61.545730,217.761475
193.985858,61.550988,217.867353
193.834969,61.727306,217.767420
193.280585,61.654985,217.444453
192.982065,61.868143,217.430288
192.224544,62.737456,217.775841
191.581710,62.540500,217.940416
190.802018,62.918547,218.240530
190.014856,62.621417,218.459164
189.945530,62.750340,218.397673
189.661468,62.446992,218.545474
189.620067,62.418391,218.561798
189.367572,62.737353,218.342353
188.749210,62.517389,218.326724
188.697227,62.439763,218.314079
188.589667,62.438886,218.446122
188.551883,62.374016,218.406502
188.473406,62.487703,218.339216
188.460446,62.626964,218.370814
188.386369,62.608483,218.473455
188.314958,62.546798,218.473877
188.256971,62.506274,218.482769
188.047479,62.412892,218.482361
187.981759,62.658574,218.564130
187.535856,63.301022,218.772309
187.171449,63.483342,218.874167
186.876244,63.377079,219.088474
186.779470,63.178069,219.081146
186.763363,63.210321,219.108686
186.350601,63.448230,219.438477
186.357245,63.452003,219.472168
186.360248,63.477359,219.479142
186.360948,63.483661,219.482254
186.069619,63.659828,219.421243
184.919799,64.174106,219.732400
184.032669,63.693605,219.765290
183.534675,63.348134,219.988209
183.367420,63.419589,220.192019
182.790981,63.424674,220.113579
182.137480,63.844499,220.246487
181.046943,63.164604,220.961921
180.612771,63.679290,221.219950
180.555135,63.629658,221.275748
179.923387,63.703177,221.396765
179.372019,63.596996,222.015510
178.880659,63.153991,222.169754
178.787785,63.005400,222.205111
178.486812,62.484088,222.273343
178.037810,62.427430,222.051755
177.702237,61.795599,222.271719
176.769153,61.247573,223.007693
176.768707,61.246539,223.007828
176.768261,61.245507,223.007964
176.448308,61.421712,223.232549
175.591907,61.551650,222.971879
175.407105,61.654503,222.987911
174.673858,61.670974,223.318947
174.677143,61.604984,223.358595
174.583506,61.534495,223.398427
174.440198,61.331309,223.368087
174.172206,61.368948,223.514170
174.075492,61.366564,223.516968
173.488597,61.193068,223.742699
173.104470,61.296584,223.664817
172.678280,61.392761,223.572949
172.042314,60.586373,224.429167
171.708364,60.399935,224.599121
171.191425,60.354639,224.404467
170.221057,59.638772,224.116800
170.220034,59.636389,224.114237
169.935080,59.476442,223.820353
169.858014,59.136179,223.781494
169.204761,58.817416,224.072552
168.514674,58.208519,224.046287
168.509060,58.208047,224.046803
168.399701,58.154642,224.046201
167.636405,57.800958,223.754508
166.809176,57.684150,224.267568
166.807446,57.834966,224.676533
166.708043,57.825177,224.606904
166.308952,58.041216,224.691410
166.263470,58.308925,225.204940
165.861766,57.879014,225.320807
165.751286,57.806627,225.363835
165.182777,57.954349,225.159053
164.641561,58.153381,224.923018
164.466193,58.288418,224.953525
164.464385,58.291009,224.950184
164.006121,58.337880,225.157358
163.646908,58.032186,225.242313
162.782296,58.289979,225.652593
162.621602,57.947355,225.616454
161.676368,58.228774,225.926857
161.678574,58.228099,225.957670
161.081629,58.387863,225.862303
160.779757,58.080996,225.771861
160.779772,58.082320,225.776845
160.775280,58.096742,225.781982
160.774602,58.097498,225.782238
159.497528,57.899641,226.081254
159.092573,58.085195,226.348725
158.978911,58.282231,226.415961
158.125197,58.151094,226.346328
158.118262,58.023542,226.317400
158.115405,57.873665,226.273963
157.842540,57.811288,226.372835
157.836500,57.671446,226.330843
157.609787,57.430201,226.442659
157.251989,57.261478,226.574518
157.255741,57.245200,226.582125
156.925942,57.009587,226.663742
156.507916,56.690034,226.821438
156.513557,56.697712,226.849303
156.353458,56.706951,226.954422
154.879141,56.124043,226.606966
154.553880,55.808058,226.458117
154.470884,55.588276,226.575182
153.556526,55.102305,226.540183
151.962785,54.725639,226.256129
151.958502,54.732257,226.257416
151.726370,54.839977,226.376388
150.967110,54.735586,226.526832
149.995341,54.662919,226.310968
149.995784,54.660466,226.310370
149.149860,53.844758,226.694261
149.158008,53.780339,226.671825
148.624446,53.872093,226.491792
148.616377,53.888160,226.482860
147.545944,53.462685,225.751985
146.114649,52.924355,224.937452
145.167191,52.036296,224.911514
144.496713,51.880789,225.125721
144.405487,51.749593,225.179275
144.386575,51.669519,225.128145
143.222704,50.729527,225.265083
143.225562,50.719990,225.264023
141.768395,49.487404,224.845662
141.628678,49.608519,224.758016
141.493142,49.335086,224.915345
141.327703,49.224533,224.978024
141.143536,49.037923,225.085715
138.721354,48.554875,224.911201
138.117576,48.326374,224.919296
137.555466,48.575006,224.934937
137.366347,48.444968,225.025485
136.953425,48.942594,225.154298
135.834081,48.511103,225.105193
135.531628,48.399821,224.941519
134.059262,47.880554,224.966125
133.614351,47.700439,225.152420
132.951585,47.368278,225.386609
132.641427,47.023288,225.191127
132.518347,46.958765,225.259624
131.666784,46.876843,224.771626
131.463162,47.129805,224.734719
130.364163,46.567282,225.178246
130.222007,46.442253,224.959441
130.196755,46.492208,224.926755
129.007749,46.230177,225.210007
128.245889,46.129182,225.381826
127.067811,46.058878,225.054155
126.752858,46.045875,225.338421
126.156872,45.825267,225.230374
125.833071,45.727272,225.328384
125.834092,45.718307,225.333723
124.629600,45.040886,225.345651
124.002594,44.850753,225.317078
123.745934,44.679173,225.158044
123.165208,44.455476,224.964289
122.859512,44.253386,225.110564
122.859984,44.248873,225.113217
122.123406,44.504619,224.746989
121.993694,44.354374,224.762517
121.693554,44.418056,224.114423
120.521389,43.926231,223.304422
120.518183,43.938214,223.294676
120.304701,43.796159,223.071161
119.716980,43.499377,222.529924
119.513756,42.663638,222.405226
119.077339,42.876473,222.219942
119.076380,42.872663,222.227227
119.049713,42.858219,222.236044
118.648753,42.571950,222.384728
117.901206,42.296590,222.631110
116.734652,41.922347,223.111154
116.730606,41.877679,223.068494
116.310037,41.678799,223.258882
115.764013,41.551296,223.121358
114.600441,41.438051,222.826479
114.592371,41.407269,222.799173
114.070628,41.453316,222.551982
114.064773,41.456130,222.529864
113.488667,41.650480,222.324783
113.468068,41.679032,222.339307
113.256743,41.713288,222.228988
112.117183,41.530005,222.144353
111.092705,41.118509,222.551616
110.532882,40.950675,222.745884
110.532857,40.945748,222.757737
110.329313,40.854823,222.643709
109.690295,40.574014,222.837401
109.593776,40.651612,223.110841
108.882337,40.352662,223.359500
108.047727,39.465071,223.360548
107.274210,39.580608,223.052708
106.709152,39.321175,223.076221
106.328458,39.407476,223.134411
105.913689,39.374962,222.844373
105.397971,39.175217,223.023771
105.391587,39.190527,223.011089
104.776691,39.245853,223.228395
104.775875,39.246115,223.228593
103.543699,38.712361,222.542433
103.050369,38.728599,222.593383
102.095987,37.612902,222.246327
101.744891,37.428153,222.230267
101.174485,37.121634,222.407143
100.627484,37.201794,222.412152
98.498387,35.913456,222.738130
98.000930,35.853976,223.199127
96.948027,35.451699,223.210650
96.362245,35.415176,223.306548
96.359970,35.389049,223.330014
96.304101,35.436888,223.350019
96.054455,35.390872,223.499081
96.053899,35.390450,223.499770
95.602862,35.186896,223.581521
95.048978,35.164904,223.824059
94.628714,34.848856,223.611122
93.821483,34.687783,223.668291
93.836102,34.604518,223.606268
93.823921,34.547043,223.556001
93.445492,34.381583,223.566915
92.140988,33.236587,223.710019
92.060340,33.308275,223.634284
91.903434,33.361516,223.659631
91.496658,33.199134,223.106993
91.493353,33.213743,223.090481
91.495489,33.209711,223.080325
91.384630,33.123550,223.138533
91.119186,33.110243,222.829533
90.692033,33.044656,222.416451
90.674902,33.054373,222.456961
89.733133,32.602353,221.993215
89.737053,32.595399,221.973865
89.463921,32.514247,221.777591
88.394382,32.430655,221.110298
87.666667,32.213937,221.094795
87.175058,31.935639,220.638758
85.859165,31.524172,220.641192
85.838351,31.476500,220.691555
85.679279,30.953413,220.793558
85.681212,30.948539,220.782967
85.675986,30.952894,220.788040
85.533711,30.870113,220.692908
85.054163,31.047519,220.631763
83.802021,30.137360,220.178673
83.124658,30.053409,220.366473
82.453147,30.019415,220.733169
82.065398,29.973482,220.786888
80.966893,29.487682,220.228279
80.286512,29.550252,219.796746
79.594103,29.251487,220.029608
78.797399,29.129149,220.051262
78.416108,28.923408,220.268270
78.211554,28.850630,220.359389
77.751099,28.640764,220.362945
77.334510,28.416909,220.628909
76.693185,28.130894,220.629299
76.227871,27.873221,220.703565
76.207895,27.899220,220.665883
75.934257,27.837907,220.626019
75.106251,27.583346,220.557949
74.612970,27.540580,220.352019
74.430728,27.426900,220.474102
74.434327,27.414209,220.490023
73.802867,27.341300,220.636919
73.775487,27.283736,220.726251
73.155834,26.741325,221.051075
72.749640,26.831416,220.950936
72.748275,26.832086,220.950440
72.036831,26.512568,220.874003
71.152308,26.246808,220.859755
70.788660,26.190042,220.993751
69.508559,25.657116,221.589118
69.235415,25.538144,221.719562
68.656429,25.478416,222.002152
68.051282,25.532494,222.091272
68.049960,25.530118,222.097568
67.095311,25.363640,222.053253
66.748392,25.390379,221.717060
65.899510,24.579771,221.645135
65.325840,24.425575,221.572702
64.958699,24.160962,221.783093
64.226496,23.349407,221.690136
63.705397,23.434031,221.975430
63.086257,23.450597,221.949129
62.850936,23.414418,221.742588
62.562852,23.514688,221.895091
62.369597,23.612813,221.831365
62.120330,23.526512,221.940131
61.489993,23.229326,221.488686
61.085854,23.113084,221.672110
60.855541,23.035054,221.706735
60.250077,23.166192,221.394297
59.989382,23.021293,221.232797
59.836288,22.923372,221.320468
59.015955,22.655376,221.783017
58.238938,22.642397,221.542648
57.455914,21.961897,221.496632
57.440645,21.978446,221.471179
57.038412,21.849847,221.670257
56.796938,21.871575,221.372915
56.581039,22.128129,221.548346
55.732488,21.840358,221.956105
55.254534,21.588247,221.870244
54.567730,21.342304,221.742358
54.557750,21.348254,221.732662
54.001714,21.102580,221.718043
53.815994,20.985117,221.829403
53.337470,21.323803,221.719935
52.996421,21.407810,221.192212
52.816450,21.498550,221.234186
52.065783,21.371752,221.272630
52.045987,21.397807,221.232290
51.339278,20.973544,220.650025
51.338653,20.972837,220.648785
51.073588,21.090538,220.740115
50.811051,21.053672,220.405610
50.120663,21.366128,220.352982
49.964815,21.266538,220.427971
48.735590,21.588654,220.525282
48.183069,21.626859,220.362990
47.910891,21.641539,220.184610
47.394880,21.604051,220.148591
46.813178,21.172774,220.043499
46.548026,21.066538,220.031460
46.402938,20.995924,220.142834
46.129644,20.858859,220.272550
45.998415,20.812772,220.230499
44.876613,20.562768,220.207746
43.535403,20.586928,220.358460
42.524265,20.493735,219.809076
42.283136,20.498302,219.665843
41.531669,20.697584,219.771687
41.170867,20.659395,219.574332
41.021202,20.664140,219.405482
41.019417,20.658321,219.422228
40.830655,20.733333,219.562727
40.453269,20.529668,219.643025
40.256721,20.546342,219.592986
39.983770,20.797383,219.605892
39.859846,20.762430,219.674364
39.859065,20.762209,219.674311
39.750097,20.699850,219.776431
39.037623,20.614305,219.895885
38.326350,19.973367,219.835582
38.107495,19.900154,219.996732
37.717483,19.929512,219.674587
37.333000,19.874037,219.603010
36.167816,19.873204,219.757955
36.055629,19.795500,219.805066
35.931804,19.790547,219.755708
35.464168,19.661367,219.456151
35.064759,19.614051,219.158305
34.986145,19.569169,219.197580
34.598555,19.630019,219.028195
34.424138,19.510007,219.124547
34.120897,19.343957,219.100792
34.091022,19.414598,219.153812
33.938153,19.369500,218.980498
33.895866,19.345349,218.915160
33.647389,19.293059,218.909174
33.202442,19.082710,218.989827
32.993947,18.961290,219.043177
32.696322,18.939618,218.782520
32.369969,19.152415,219.018500
32.293599,19.093447,219.130157
32.274612,19.117776,219.091501
31.969411,19.112319,219.144614
31.594884,18.959854,219.122066
31.443280,18.859957,219.184778
31.186794,18.791973,219.197292
31.089184,18.715192,219.305605
31.085834,18.718259,219.329215
30.836831,18.710631,219.312062
30.319612,18.851020,219.198330
30.266413,18.817414,219.255388
29.923833,18.810364,218.980654
29.585266,18.924616,219.008356
29.317495,18.856181,219.169871
29.097923,19.203947,218.902126
28.536128,18.662753,218.851188
28.316777,18.683714,218.894680
28.185691,18.666573,218.587044
28.045749,18.573274,218.628965
27.722493,18.172303,218.872349
27.388811,17.856190,218.739085
27.265915,17.828160,218.614965
27.210541,17.803950,218.595033
27.031482,17.771747,218.676767
26.899443,17.685468,218.738380
26.536385,17.769984,218.705956
26.234934,17.701167,218.646370
25.756965,17.360632,218.610915
25.221587,17.831531,218.590612
25.037539,17.907766,218.542944
24.981661,17.949124,218.436518
24.650543,18.082966,218.415257
24.349227,18.643789,218.562091
24.175404,18.633856,218.788158
23.837566,18.903678,218.850518
23.786258,19.331794,219.053172
23.685455,19.246883,219.221733
23.701703,19.252796,219.286205
23.392601,19.531726,219.502997
23.299557,19.972906,219.641598
23.236308,19.959718,219.630210
22.793944,20.238868,219.827502
22.585706,20.128573,219.977361
22.123531,20.478191,220.069412
22.103065,20.446966,220.247969
21.783267,20.435406,220.233628
21.354389,20.954919,220.523862
21.102584,21.147043,220.621675
20.773749,21.022448,220.652546
20.521274,21.364113,220.973641
20.452776,21.341759,221.078299
20.404335,21.414638,221.281646
20.378120,21.402485,221.393417
20.208788,21.534716,221.536441
20.050614,21.616812,221.838349
19.915294,21.899404,221.990637
19.497563,21.851518,222.084113
19.424471,21.779569,222.189548
19.279076,22.031230,222.230643
19.106743,22.115459,222.391670
19.092346,22.085360,222.492005
18.801854,22.327678,222.866440
18.757189,22.329027,222.850680
18.720381,22.309411,222.909930
18.498966,22.436452,222.795596
18.486867,22.495386,223.105196
18.481979,22.490275,223.193734
18.480619,22.508021,223.512184
18.461385,22.493066,223.697916
18.429998,22.738350,223.666470
18.385533,23.228212,223.728397
18.400513,23.309340,223.731077
18.467537,23.380362,223.889262
18.404257,23.531477,223.757194
18.440418,23.613914,223.943956
18.397064,23.665593,223.791600
17.809328,23.878555,223.426175
17.609030,24.159317,223.378772
17.493949,24.358309,223.208271
17.544196,24.448702,223.232768
17.498047,24.575185,223.213672
17.523224,24.661591,223.137349
17.289643,24.899167,223.202667
17.107749,25.346319,223.250604
17.104456,25.492091,223.233627
17.118351,25.591892,223.129379
16.984452,25.825752,222.897826
16.936236,25.866481,222.865190
16.883222,26.372695,222.786067
16.975416,26.783956,222.827608
16.841325,26.991091,222.775299
16.564595,27.364296,222.879975
16.530545,27.438668,222.727897
16.423912,27.789917,222.831114
16.537312,28.396728,222.884997
16.510126,28.599024,222.747554
16.326139,28.869026,222.818550
16.022345,29.716539,222.978597
16.024719,30.553213,222.910412
16.088913,30.675600,222.781621
16.258476,31.708600,223.096832
16.338287,31.850468,222.945117
16.662490,32.493005,223.117513
16.459855,33.070038,222.953334
16.560062,33.268001,222.908922
16.507190,33.449611,222.924787
16.520149,33.614401,222.993270
16.541454,34.265485,223.261223
16.661908,34.712675,223.280926
16.738005,34.880270,223.156708
16.720237,34.973506,223.076770
16.719011,35.560018,223.178801
16.839017,35.789172,223.239491
16.803992,36.146377,222.775678
16.876676,36.350526,222.592283
16.829824,36.427857,222.605615
16.716945,36.868169,222.662779
16.493004,37.145717,222.557302
16.398074,37.168149,222.481630
16.307295,37.601067,222.411805
16.009700,38.195684,222.525913
15.807826,39.441757,222.654943
15.931423,39.676372,222.422896
15.878321,40.612574,222.519747
15.810428,41.332465,222.503412
15.928786,41.794496,222.407281
16.081610,42.030924,222.348224
15.926175,42.350807,222.169506
15.757489,42.585749,222.066425
15.570217,43.582913,221.926076
15.695212,43.900399,221.870848
15.777804,44.202175,221.688286
15.807255,44.301432,221.626072
15.586960,45.572401,222.551537
15.603362,45.582985,222.573764
15.836374,45.855093,222.730312
15.811653,46.588127,222.739053
15.863851,46.819449,222.639519
15.740631,47.076496,222.519221
15.687568,47.134677,222.614994
15.695680,47.141052,222.592455
15.671154,47.171534,222.613042
15.599344,47.959156,222.939857
15.481596,48.435011,223.071237
15.524831,48.560442,222.987776
15.575471,49.011275,222.838944
15.865580,50.115836,223.069232
15.918651,50.413512,222.970533
15.954422,50.486609,223.214902
15.782168,50.836695,223.202444
16.426464,51.753855,223.244933
16.229221,52.794090,223.340870
16.347546,53.381329,223.439117
16.347691,53.382146,223.439305
16.280674,54.193382,223.536207
16.286667,54.197534,223.525050
16.286721,54.198331,223.525368
16.065586,54.341743,223.478862
16.060417,54.346753,223.484391
16.134815,54.830936,223.655724
16.095978,55.057764,223.521270
15.592476,56.335481,224.025114
15.599738,56.338310,224.021733
15.727090,57.295863,223.619106
15.784141,57.812041,223.310678
15.702852,57.985074,223.160320
15.633998,58.164213,223.029359
15.653995,58.956734,223.036393
15.781101,59.401275,223.095780
15.688392,59.833978,223.139276
15.935761,60.210975,223.285149
16.000563,60.440831,223.250227
15.986378,60.462472,223.147273
15.910323,61.065313,223.550764
16.153007,61.914909,223.612296
15.905546,61.936470,223.538208
16.028057,62.359270,223.763975
15.990982,62.409786,223.769163
15.981695,62.983306,224.071252
16.174524,63.885250,224.068597
16.221540,64.010152,224.281900
16.444857,64.667320,224.333307
16.253092,64.501739,224.546497
16.252825,64.502389,224.546907
16.170794,64.742391,224.644770
16.261344,65.351588,225.152645
16.264139,65.363645,225.184551
16.267162,65.364801,225.180515
16.487229,66.926004,225.432336
16.488521,66.947199,225.348445
16.412128,67.520417,225.100203
16.551901,68.095072,225.529027
16.550764,68.098011,225.521118
16.389364,69.125987,225.396720
16.341290,69.502697,225.456019
16.406979,69.802963,225.351740
16.365295,69.896096,225.238749
16.371640,70.324144,225.173515
16.531474,71.597550,225.976440
16.494861,71.694404,226.045576
16.248411,71.990734,226.194095
16.273720,72.284770,226.065335
15.860217,73.004813,225.591042
15.807521,73.128393,225.449822
15.675519,73.694641,225.215783
15.855066,74.377001,224.998508
16.094558,75.310498,224.616738
15.972579,76.198191,224.204277
15.992509,77.659277,224.227692
16.420282,79.158872,223.854323
16.506163,79.517580,224.001956
16.490985,79.528377,224.021132
16.570249,80.973581,223.951351
16.554697,80.974813,223.936059
16.518566,81.714391,223.647589
16.443790,81.981498,223.771212
16.389998,81.989621,223.785468
16.352498,81.959086,223.795100
16.336857,82.573759,223.867655
16.346448,82.583053,223.851621
16.356812,82.587221,223.832180
16.367639,83.166325,223.795756
16.427350,83.743830,223.808001
16.429655,83.749905,223.830135
16.237894,84.599590,224.444825
16.095927,84.582867,224.395530
16.160413,84.981444,224.288880
16.002179,85.578767,224.114900
16.082365,86.027298,224.016813
16.003193,86.563747,224.120346
15.936846,86.763949,223.937442
15.924883,86.770902,223.936068
16.398235,88.691923,224.018934
16.342874,88.850960,223.992751
16.301835,90.667163,224.058051
16.303490,90.683977,224.105592
16.050275,91.358490,224.065272
15.927118,92.816148,224.106517
16.300983,93.782498,225.165392
16.235485,93.819498,225.208689
16.232166,93.828240,225.268784
16.493080,95.111423,225.193963
16.677940,95.527134,225.143763
16.563552,95.711451,225.254520
16.522564,96.096303,225.480744
16.206412,96.371583,225.335064
16.116013,96.716068,225.877148
16.289408,97.521923,226.185310
16.289186,97.522608,226.186820
16.282687,97.526033,226.191335
16.283559,97.527152,226.188806
16.284123,97.528186,226.187069
16.365578,97.933654,226.158727
16.362150,97.935333,226.164736
16.471762,98.589155,226.229145
16.503533,98.673042,226.174069
16.710974,100.260439,225.911320
16.867394,101.046387,226.247345
16.792771,101.616342,226.173550
16.735096,102.086594,226.259021
17.131579,103.972019,227.545704
17.381641,104.253439,227.621408
17.404312,104.327591,227.569519
17.402098,104.729705,227.383175
17.770144,105.110111,227.252086
17.790830,105.121547,227.244395
18.000356,105.973465,227.286890
18.242349,106.463668,227.377681
18.366851,106.906457,227.220012
18.366675,106.907315,227.219810
18.243055,107.567417,227.391042
18.328726,108.176765,227.561420
18.413872,108.593206,227.394525
18.388056,108.567589,227.371257
18.549344,109.790348,227.697273
18.658341,110.112681,227.788864
18.543697,111.101166,227.869475
18.484597,111.539118,227.751409
18.758454,112.756322,227.757843
18.551445,113.341594,228.181453
18.563572,113.756047,228.125149
19.182930,115.423460,229.043831
19.352848,117.322557,229.219876
19.294082,117.377819,229.299732
19.321223,117.554558,229.257286
19.486686,118.299516,228.969863
19.518685,118.728536,228.934654
19.470212,119.040722,228.997443
19.613267,119.572421,229.131484
19.699260,119.706336,229.174018
19.859316,120.265861,229.014724
19.808451,120.590683,229.079789
20.067875,121.605372,229.090428
20.251874,122.091809,229.367897
20.181192,122.046627,229.359242
20.046027,123.461624,229.700093
20.033767,124.047434,229.582304
19.948219,124.107293,229.691747
19.845937,124.425603,229.699376
19.995968,125.092266,229.760338
20.328915,125.783023,229.636764
20.329280,125.784445,229.636656
20.573255,126.349722,229.755517
20.536881,127.032004,229.894717
20.529642,127.315733,229.879666
20.633337,128.189975,230.596590
20.518383,128.386237,230.639237
20.611296,128.881560,230.830917
20.536288,129.450719,230.959582
20.666041,129.547037,231.002885
20.718138,130.000277,231.265891
20.754026,130.606802,231.264384
20.754289,130.608236,231.265098
20.764914,130.603174,231.347378
21.004545,130.819618,231.388793
20.750112,131.027362,231.426250
20.844042,131.328889,232.154668
21.021199,131.671314,232.414285
21.050490,131.798619,232.416861
21.051310,131.800256,232.416910
21.060444,132.451105,232.284812
21.295713,132.731666,232.387209
21.270204,133.417331,232.329777
21.503646,133.721141,232.415016
21.736385,134.508794,232.413412
21.844636,134.598929,232.443280
21.951608,134.820388,232.329156
21.955517,134.821780,232.330418
22.008110,135.254903,232.337498
21.901937,135.406115,232.362353
21.936896,135.665746,232.303748
21.945064,135.737057,232.267060
22.120606,135.984450,232.342587
22.013098,136.261946,232.226867
22.082719,136.458540,232.238718
22.066222,136.596734,232.237983
22.230819,136.897299,232.307095
22.323687,137.360458,232.170363
22.296340,137.511577,232.250699
22.260442,137.769257,232.263500
22.481128,138.425903,232.071267
22.402248,138.865977,232.076992
22.359399,139.101135,232.123050
22.390665,139.436351,232.193351
22.402437,139.818201,232.374144
22.339200,140.164029,232.551036
22.406488,140.394589,232.593203
22.433163,140.600341,232.689787
22.334787,141.092205,232.481799
22.165055,141.340601,232.764542
22.062468,141.570559,232.799217
22.032926,141.737429,232.790129
21.971395,141.796221,232.780424
21.994571,142.003294,232.802513
22.041794,142.200641,232.756066
22.019555,142.701128,232.969475
21.871441,142.902417,232.963959
21.901682,143.247101,233.019779
21.977652,143.456876,233.034602
22.040536,143.550383,233.057213
22.022245,143.718562,233.023596
22.040482,143.812263,233.076059
22.111639,143.986740,233.417752
22.121475,144.275115,233.499700
22.082554,144.909447,233.822024
21.848540,145.058346,233.772013
21.816794,145.183884,233.765103
21.624011,145.297760,233.660730
21.523881,145.492553,233.688277
21.455255,145.598226,233.695584
21.281598,145.881467,233.591178
21.123354,145.533815,233.557337
21.034659,145.295150,233.525656
20.835780,144.747053,233.389616
20.780485,144.562859,233.420684
20.659760,144.417073,233.274848
20.597208,144.385035,233.236770
20.616271,144.300181,233.239575
20.596280,144.278923,233.241846
20.581869,144.134145,233.431715
20.303804,143.940507,233.308038
20.270055,143.702601,233.286066
20.148966,143.468935,233.293601
19.956932,143.144989,233.282698
19.910098,142.999422,233.262775
19.802913,142.790191,233.249985
19.682478,142.693130,233.203926
19.518193,142.312487,233.138348
19.541306,142.083539,233.146308
19.350478,141.496560,233.020696
19.387127,141.304548,233.048708
19.285403,141.159734,233.153480
19.315132,140.929977,233.364545
19.142454,140.728774,233.397018
19.040128,140.541060,233.325286
18.970310,140.261920,233.319883
18.780563,139.864251,233.254384
18.670622,139.688000,233.247621
18.668787,139.684007,233.249251
