1000
3
21.597771,147.795671,233.114154
21.714184,148.276488,233.124299
22.128893,149.222195,233.276333
22.333430,149.737345,233.272203
23.552276,151.488581,233.777850
23.392078,150.742735,233.648051
23.272365,150.231172,233.288338
23.092853,149.638293,233.199563
23.068188,149.267285,233.112415
23.090620,148.795658,232.726716
23.170215,148.046601,232.102400
22.934083,146.613501,232.209966
22.856798,146.305894,232.171543
22.653961,145.587237,231.966759
22.602646,144.393647,231.968870
22.286645,143.198081,231.436758
22.306305,142.381185,231.267351
21.930896,141.522264,231.449258
21.901780,139.978410,231.524981
21.631591,139.224018,231.513459
21.465377,137.687139,231.899647
21.411133,137.074120,231.938169
21.303287,136.930254,231.732828
21.128353,136.181026,231.896932
20.687127,135.371286,231.602977
20.586830,134.249488,231.500185
20.480207,133.144127,231.448919
20.263760,131.645919,231.401762
20.143110,130.034231,231.594176
20.227276,128.113011,231.151955
20.279901,127.298649,231.106650
20.140250,126.494445,231.097617
19.839495,123.848815,230.285550
19.886859,122.508077,229.920414
19.975757,120.384305,229.822067
19.945549,119.296258,229.100489
19.890536,117.781511,228.905583
19.521074,116.494408,228.592947
19.343648,115.350513,227.934421
19.482177,114.451835,227.410518
19.212000,112.680608,228.056526
18.860327,111.082338,227.675630
18.389592,109.840348,227.592506
18.367000,109.535687,227.778148
18.219603,108.549457,227.251582
18.247780,107.151855,227.746830
18.392435,104.149414,227.057295
18.030978,101.265091,226.741772
16.950540,97.959132,225.935549
16.903930,97.014519,226.029874
17.067618,96.150236,225.862961
16.732360,94.174977,225.821815
16.834205,92.468239,224.604881
16.760265,91.233336,224.011138
16.249515,89.559845,223.793164
16.283684,87.213322,223.667354
16.051481,86.172677,223.222847
16.078552,85.681246,223.036239
16.103755,83.717476,223.208599
16.321906,83.144790,223.189457
16.270646,81.419221,223.282018
16.481936,80.354536,223.219624
16.200751,78.922904,223.620383
16.182814,77.408210,223.757332
15.883108,75.638364,223.426471
15.565832,74.833522,223.592502
15.475055,74.183144,223.768252
15.595319,73.049772,223.726766
15.247471,71.292104,223.915524
15.043331,70.420662,224.315460
15.225686,68.682016,224.575707
15.175272,67.615682,224.070137
15.130429,66.305222,224.204258
15.390780,65.158185,224.057562
15.325376,64.259101,223.543620
15.313215,63.474963,222.787698
15.307620,62.366968,222.812672
14.717010,60.632728,222.652922
13.903127,58.145864,223.285477
13.360455,55.810526,222.973947
13.068576,55.277162,222.867684
13.336274,52.444369,222.667430
13.625164,49.944854,222.534892
13.781464,49.379922,222.274703
13.892920,48.746129,222.274451
13.994598,47.009681,221.723706
13.927722,45.132665,221.590443
14.139501,44.073081,221.479761
13.641380,42.068450,220.572191
13.825386,40.700344,220.516331
13.540138,39.706256,220.286082
12.915575,37.480788,219.995710
13.280163,35.827132,220.457224
12.915970,34.603629,220.023984
12.927781,33.979308,219.896368
13.201858,33.220964,219.842201
13.231193,32.835502,220.383569
13.265495,32.317612,220.816772
13.257015,32.208640,220.879444
13.383692,30.917405,221.243004
13.738831,30.086145,221.300074
13.927365,29.581696,221.753492
13.988389,29.154054,221.941297
14.407853,28.033789,222.465061
14.747190,27.390343,222.471624
15.112534,26.927717,222.810422
15.168025,26.406264,223.106531
15.227949,26.067880,223.279185
15.476491,25.340700,223.267584
16.012698,24.161093,223.453060
16.177588,23.769690,223.666251
16.545584,22.685531,223.588022
17.022647,22.683466,223.294583
17.486796,21.772501,222.665075
18.607862,20.470249,222.085761
19.376689,20.206328,221.599669
19.470316,20.294138,221.222637
20.232887,19.979068,220.547804
21.071060,19.508122,220.154552
21.591870,19.175374,219.974424
21.659156,19.211236,219.560929
21.902901,19.222336,219.109588
22.139614,19.213340,218.544027
22.582427,18.539147,218.170536
23.292335,18.881186,218.380989
23.603792,18.817857,218.059620
24.045087,18.667752,217.930619
24.488556,18.795811,217.846989
25.013400,18.912651,217.247776
25.420871,18.931602,217.753366
26.642457,18.920075,217.352216
27.874393,18.846553,217.484898
28.765052,19.188562,217.207272
29.117256,19.293917,217.409747
31.127739,20.691874,217.632097
31.672624,20.849299,217.897927
32.748080,21.177615,218.232834
33.519936,20.896209,218.259910
34.162337,20.941419,218.392434
34.921632,20.495964,219.197888
35.516154,20.047936,219.877121
36.259276,20.082243,220.306930
37.658950,19.944561,219.890001
38.391972,20.148053,219.962775
39.227867,20.597222,220.249045
39.374288,20.225812,220.161242
39.576541,20.051298,220.086062
40.126736,20.099887,220.364966
41.660336,20.608851,221.065638
41.780255,20.475144,221.027896
42.878771,20.425878,221.053874
43.777189,20.419155,220.448278
44.704941,20.362213,220.887666
45.346604,20.437952,220.873648
46.163515,20.826262,221.486857
46.608810,20.950306,221.446287
47.965178,20.867642,221.774648
48.204343,21.034423,221.520378
49.595713,21.292929,221.286024
50.796590,21.245977,220.997509
52.123521,21.397183,221.022248
54.021839,21.795661,220.185299
55.939427,22.453236,220.511341
57.675104,23.512588,220.685320
58.635450,23.678913,220.479029
58.879428,23.796411,220.400325
60.006808,24.432926,220.639330
61.194494,24.950752,220.368531
63.058058,25.781702,221.172597
63.733652,26.222446,220.957774
64.225232,26.261390,220.706617
65.855190,26.601706,220.435415
66.915299,26.858334,221.463629
68.953047,27.594382,221.960256
69.901553,27.995397,221.751375
71.371079,27.896195,221.878007
72.645302,28.331830,222.405933
74.052684,28.462960,223.025643
75.614787,29.025487,222.725808
78.338231,28.844481,222.949627
81.047243,28.365624,223.261025
84.124594,29.776104,223.034023
85.391987,30.298005,222.792595
86.952572,31.126847,222.833783
88.464166,31.688587,221.990282
89.226446,31.803624,221.716110
90.624096,32.498938,221.966540
92.524340,33.548493,222.041357
93.882152,33.864674,221.815747
94.892115,34.242002,221.885364
96.200358,34.431929,222.250429
97.890088,34.560131,222.662949
97.951132,34.614074,222.583700
98.867232,34.706454,222.429919
99.724188,34.803288,223.610020
102.432453,35.107564,224.615261
103.153948,35.438054,224.851030
105.076169,36.377635,225.023459
105.383466,36.580763,224.836211
106.937671,37.149655,224.987556
107.883517,37.527471,225.549718
109.531802,37.734339,226.484924
111.347326,38.201685,226.641845
113.727430,38.609547,226.634306
114.794812,38.390650,226.769781
116.300174,38.918785,227.611141
116.981568,38.672567,227.408043
118.349365,39.103284,227.727797
119.853695,39.108045,227.881899
122.629153,39.871614,228.541852
123.794180,40.416887,228.786199
126.437496,41.505175,228.952518
131.272080,42.191217,229.908996
133.246775,42.679158,229.211872
133.720896,42.638974,229.388034
135.801817,43.363963,230.193310
136.927794,43.528971,229.887154
137.582832,43.147537,230.083807
141.790224,44.355499,229.423742
142.400961,44.848443,229.226305
144.317705,45.228047,229.105555
145.565497,45.891163,228.827532
146.025224,45.997678,228.843382
147.930602,46.462370,228.007187
148.687207,47.361208,227.814409
150.393291,49.574673,227.465814
151.579567,49.625855,227.256826
153.124858,48.836760,226.959831
154.760793,49.285874,227.077903
155.956204,50.633588,226.947839
157.180588,50.487324,226.733138
158.130870,50.337147,226.549684
160.384026,50.875116,225.491825
160.971387,50.210436,225.242391
162.688196,51.091834,225.301064
163.183840,51.170690,225.021279
164.769618,51.852154,224.742566
165.811096,52.304152,225.265243
166.524243,52.397982,224.871290
167.552289,52.227880,224.818772
169.070996,53.582378,224.838540
169.696198,53.475280,225.148510
171.268993,53.062653,225.003161
172.297424,53.410306,224.513583
172.678747,53.454132,224.547822
173.156176,53.865800,224.489536
173.860347,54.125260,224.294412
175.606482,53.507303,223.237100
175.913184,53.697276,223.314006
177.019808,53.692854,223.359681
177.752987,53.686629,222.890201
178.540134,54.025105,222.856814
179.250456,53.531666,222.677562
180.208869,53.534609,222.334430
180.892640,52.919556,221.833535
182.084966,53.110545,221.884867
182.692305,53.910815,221.633498
183.494689,52.462076,221.286877
184.657819,52.796811,220.978514
185.124025,53.454023,220.650836
185.884223,53.060017,219.556663
186.767671,53.628494,219.437599
188.086026,53.577433,218.620028
189.381847,54.143364,218.561033
189.838655,54.046670,218.818381
191.074206,54.044539,219.441379
191.295525,53.980935,219.327845
192.511191,54.601015,218.541131
193.450637,53.923338,218.085851
194.113886,54.080008,217.719442
194.918809,53.695883,217.412106
196.336051,53.670864,216.902361
197.047932,53.811547,216.681316
197.908536,53.654946,217.062835
198.459170,54.148090,216.644429
198.695201,54.442333,216.453449
198.990670,54.607295,216.256552
199.257264,54.663492,216.100939
200.204532,54.858903,215.622438
201.805321,54.312940,215.536885
203.152585,54.535257,214.879470
203.748118,54.514470,213.963902
204.442304,54.331709,213.101734
204.726594,53.942224,212.859237
205.450079,53.622897,212.830177
206.073002,52.424253,211.919128
206.457357,51.912225,211.407328
206.452845,51.742290,211.196456
207.111648,51.134208,210.059244
207.527438,50.136317,209.293561
208.286550,50.086035,209.429899
209.053416,49.655926,208.764671
209.200568,49.635860,208.191339
209.447538,49.538321,207.623227
209.743631,49.823191,206.976774
210.121325,50.136532,206.084485
210.564236,49.753872,205.669318
211.078219,49.890764,204.989982
211.821329,49.882419,203.298937
212.104562,49.484144,202.632307
211.853582,48.953534,201.164984
211.875826,48.762084,200.175900
212.263265,47.830002,199.369256
212.015463,47.866505,198.612657
213.130803,47.608998,197.252223
213.704916,47.369213,196.090718
213.723352,46.993233,195.717100
214.313964,46.882354,195.404867
214.556969,46.499733,194.379173
214.362194,45.990431,193.561039
214.722924,45.127957,192.317730
214.604160,44.965018,192.164048
214.457112,44.762465,191.471505
214.869568,44.379335,190.707743
215.081270,44.470110,189.814759
214.610375,44.654882,188.693050
215.249672,44.711940,186.630045
215.768740,44.490094,184.631625
215.740017,44.663807,183.099522
216.412330,44.431702,181.482870
217.087246,44.749285,180.557394
218.024375,44.588829,179.337504
218.873814,43.967820,178.339912
218.942979,43.117697,177.186605
220.096606,42.716544,176.054250
219.767188,43.048535,174.723216
219.952232,42.025222,173.186616
219.986143,41.991500,173.167063
220.270846,41.908510,171.370854
220.708710,41.211891,170.100164
220.896088,40.328790,169.582781
220.769949,40.281433,168.812546
220.284167,39.092470,167.437666
220.036879,38.655916,166.949339
219.708154,38.602830,165.867814
219.684946,36.753750,164.903542
219.501664,35.247076,164.020269
219.766141,34.771754,162.211660
220.141120,34.576301,162.172961
220.148587,34.316325,162.120410
219.990240,33.676992,161.886705
219.505739,33.246598,160.246386
219.908004,33.485651,158.663688
220.463010,32.170136,156.866049
220.263935,31.435021,155.073533
220.934751,30.931369,153.293134
220.940210,30.917717,153.292661
220.544498,30.764846,152.776077
220.393578,30.409049,151.821624
219.807700,28.825343,150.545386
220.407164,28.936941,148.421536
220.854483,28.580005,147.536355
221.095073,28.542254,147.017809
220.428160,28.112511,144.592081
220.666645,27.831042,143.268066
220.936752,28.107072,142.869815
221.135569,27.828454,142.421306
221.145198,27.727417,142.221567
222.078612,27.846475,140.187363
222.026498,27.813822,139.788987
222.525091,27.557940,138.733228
222.566346,27.435812,138.091560
222.742273,27.333497,136.604615
223.368566,26.733386,135.332450
223.390136,26.525570,135.282322
223.231802,25.731994,134.899169
223.283824,25.659525,134.824087
223.253957,25.609603,134.241355
223.652324,25.250336,132.912632
223.874555,24.645530,131.521758
224.407788,24.204480,130.171824
225.011217,22.786212,126.237164
225.427234,22.923339,125.003491
225.821924,23.567833,123.562269
226.146072,23.347844,122.356760
225.921326,22.545202,120.896367
226.052141,22.288166,119.724201
226.077888,22.467054,118.763843
226.648002,22.199062,117.219810
227.393786,22.137428,115.040218
228.218171,22.159568,114.079766
228.275806,21.955290,111.485316
228.575839,20.889119,109.053085
229.642776,21.270225,107.558115
230.260541,20.728359,106.238222
230.108403,20.286106,104.566374
230.275376,20.248530,104.397768
230.562475,20.021799,103.334163
230.642943,19.958179,102.612179
231.231322,20.140964,100.546363
231.880864,20.821752,97.388250
231.766734,20.759738,96.957329
232.500768,21.119682,94.281465
232.388072,21.110712,92.862328
232.453166,21.110234,92.791046
232.253370,19.910473,91.585179
232.478620,19.754392,90.956297
232.528207,19.692477,90.294813
232.796784,19.569328,86.253919
232.941536,19.535987,85.001356
233.159097,19.180187,84.348489
232.936571,19.049317,83.892466
232.972648,18.986233,83.573476
233.091680,19.570542,82.271995
233.251561,19.592890,82.091047
233.657383,19.995864,80.115432
233.845120,19.843468,79.112591
234.007586,19.684822,78.641476
234.328639,19.574318,77.393099
234.227494,20.071950,76.121438
234.487762,19.841225,75.013190
234.498652,19.847923,73.482782
234.432875,19.930748,73.358228
234.497170,19.826438,71.688029
234.736367,19.786011,70.890559
235.076795,19.766715,70.353076
235.187369,19.415856,69.119763
235.493808,19.237953,67.358222
235.708693,18.865926,66.287405
235.609108,18.962842,65.220000
235.620640,18.932794,64.089041
235.428006,19.238780,61.308841
235.401799,19.095649,60.942914
235.515862,19.099047,60.655214
235.479374,18.984542,60.325755
235.523987,18.044906,58.976844
235.960403,18.170178,58.535337
236.580112,18.364011,56.759966
236.390901,17.881713,55.058594
236.565048,17.898390,54.604105
236.532734,17.489509,51.977594
236.592126,17.525070,49.910699
236.577084,17.827930,48.948707
236.694925,17.975300,48.748897
236.772545,18.009090,48.143530
236.803353,18.020593,47.198644
236.825937,18.103592,45.838052
237.745233,18.125787,45.026180
237.944118,18.012521,44.442094
237.904083,18.426463,43.444477
238.829222,19.140344,42.053424
239.192806,18.940194,41.205579
239.550640,19.637954,40.222646
239.629407,19.720531,40.047585
239.253762,19.567602,39.683532
239.164462,19.718418,39.219475
239.857459,19.797428,38.341686
239.850788,20.253547,37.969131
239.195999,20.430183,37.285703
239.459230,20.326473,36.687267
239.262132,20.042393,35.562623
238.688747,19.730453,34.392709
239.287868,19.168887,33.371746
239.261690,19.009876,32.938466
239.474861,19.002156,31.930569
238.617146,18.839067,30.737862
238.342808,18.556430,30.038045
238.200926,17.935888,29.233344
238.536066,17.717250,28.513110
238.329579,17.500042,27.856862
238.484744,17.365893,27.288060
237.938320,16.761836,26.266266
237.361923,16.427425,25.734795
237.736731,16.083621,24.940907
237.994235,15.871076,24.097797
237.219774,15.796117,23.398418
237.320661,15.668987,22.961180
237.247692,15.605940,22.595062
237.402497,15.532417,22.374241
237.307639,15.571354,21.742325
237.384300,15.388633,21.594472
237.336174,15.474284,21.214057
237.360190,15.700712,20.681514
237.480767,15.976252,20.367972
237.496513,15.882092,19.559178
237.152122,15.822982,18.471898
237.295679,15.859279,18.050121
237.217398,16.133216,17.269653
236.589494,16.212742,17.239251
236.535995,16.423605,17.282241
235.815718,16.575120,16.834409
235.600517,16.648390,16.849578
235.405623,16.935087,16.591070
235.315812,17.102750,16.670347
235.207788,17.198444,16.546359
235.062882,17.328700,16.665251
234.922449,17.562815,16.363190
234.180749,17.719217,16.101027
234.016029,17.877708,16.116632
233.710750,18.109947,15.852989
233.639552,18.327271,15.784752
233.622891,18.750913,15.268308
233.257176,18.795003,14.996230
232.261259,18.656810,14.817702
232.098016,18.872227,14.899735
232.172645,18.964283,14.014914
231.985937,19.211244,13.636862
231.281575,19.200774,13.578221
231.131988,19.279410,13.291659
230.512433,19.637337,12.910117
230.464636,19.744702,12.891784
230.377564,20.004490,12.817547
229.573415,19.996000,12.793873
227.836256,19.671712,12.639943
227.456143,19.673920,12.769969
227.138013,19.489199,12.716003
224.773747,19.537545,11.820889
224.532767,19.439778,11.840125
223.804029,19.310423,11.858047
223.180108,19.260962,12.190638
222.418608,19.336379,12.127121
221.684481,19.199406,11.805886
219.668547,19.117056,11.571628
219.047114,19.160927,11.491406
218.149416,18.849809,11.086642
216.736459,18.740407,10.672029
216.149932,18.826629,10.256287
216.066361,19.440502,10.067539
215.676627,19.423657,10.164229
214.511092,19.356610,10.088753
213.779297,19.453331,10.114538
212.713637,19.388160,10.162527
212.617523,19.625534,10.138014
211.321228,19.336824,10.154866
210.611588,19.559934,10.137032
209.987872,19.704919,10.268636
209.385782,19.375311,10.345290
207.603797,19.330725,10.529847
205.252900,19.079811,10.578112
204.408573,18.972695,10.372889
203.604087,18.913613,10.252144
202.460878,19.132979,10.318433
200.916341,19.111238,10.607543
199.625224,19.008021,10.869427
198.965273,19.063382,10.883715
197.832926,19.268083,10.751156
197.513065,19.005968,10.707087
195.572526,19.101538,10.857936
194.984180,18.898379,10.745473
193.628996,19.239458,10.894167
192.545881,19.314326,10.689355
191.505569,19.752553,10.689543
189.570652,20.040798,10.646836
188.993143,19.761646,10.749066
187.976381,19.845424,10.706397
186.613166,19.963973,10.920956
185.306430,20.236767,10.596455
183.694369,20.774819,10.581572
183.022856,20.931787,10.657633
182.587832,21.118497,10.610807
181.862744,21.243520,10.744120
180.260321,21.189376,10.833166
178.385809,21.307279,10.936005
177.020571,20.999961,10.874241
174.393489,20.596793,10.709298
173.892386,20.724297,10.831204
171.350115,20.820154,11.003010
168.862316,20.687418,11.006647
167.137779,20.562384,11.356830
166.063302,20.569294,11.727007
165.643311,20.476022,11.660908
163.358830,20.013588,11.610536
161.656267,19.888746,11.695650
159.575711,19.734675,12.259320
158.906278,19.911097,12.087038
158.458450,20.027681,12.147708
157.288144,20.017262,12.493019
156.874662,19.844258,13.168701
156.176613,19.607644,13.111278
155.964874,19.557341,13.101546
154.956161,19.728905,13.196809
153.229431,19.722453,13.393491
152.736523,19.595324,13.398004
151.750774,19.634655,13.367438
150.652020,19.622402,13.323862
149.425324,19.809467,13.407013
147.049757,19.926236,13.626724
145.659180,20.229899,13.703632
142.006835,20.151003,14.244685
138.706058,20.206523,14.537772
137.694465,20.314208,14.634221
136.501902,20.097850,14.583691
133.972351,20.816680,14.675818
132.966120,21.474107,14.692297
131.525205,21.504101,14.768573
131.053163,21.722097,14.836370
129.368464,21.969793,14.987001
128.579057,22.127613,15.119530
126.895485,21.779196,15.395987
125.718365,21.854470,15.026983
124.990272,21.487494,15.043399
123.981586,21.507666,14.824530
123.898314,21.570183,14.906417
123.098593,21.393187,15.069170
122.400936,21.575163,15.210870
121.457417,21.640505,15.230364
120.974929,21.677213,15.500154
120.207685,21.441794,15.511915
119.745488,21.422645,15.399982
118.822674,21.310088,15.294758
118.440533,21.593820,15.364746
116.839400,22.387128,15.621344
114.599443,22.502465,15.674368
113.334835,22.495022,15.942133
111.960875,23.042552,15.941158
110.400844,23.581418,15.960057
107.721792,23.744870,16.101540
107.442601,24.119355,15.932469
106.236464,25.056301,16.264153
105.984649,25.331631,16.167630
104.523833,26.223239,16.164984
103.598335,25.985642,16.356774
102.331232,26.385757,16.124129
101.775988,26.634400,16.356456
99.778082,27.697764,17.022799
98.750525,28.011886,17.119671
98.283248,28.112771,16.742499
97.041496,28.829026,16.596198
95.841977,29.070166,16.518613
95.022421,29.146368,16.936987
94.167323,29.023519,17.179778
93.568535,29.044717,17.315841
92.419351,29.707072,17.653891
91.798136,29.815521,17.539372
90.855651,29.828803,17.784243
89.763017,29.978135,17.909127
89.159281,30.408326,17.832251
88.514817,30.576046,17.953360
87.620154,30.955937,17.933497
86.969860,31.593968,17.832222
85.764265,31.890964,18.166608
85.255394,32.750370,18.170660
84.301404,32.987491,18.289796
83.395105,33.744131,18.252373
82.552069,33.779061,18.293828
81.727362,34.230978,18.642099
80.995928,34.458620,18.808728
81.332831,35.880534,19.023293
81.898980,36.372885,18.882091
82.703774,36.719051,18.794530
83.227398,37.436089,18.521459
83.686487,38.855050,18.640319
84.272271,40.308821,18.789212
85.436008,41.157543,18.498103
86.089378,41.604461,18.392727
86.780330,42.350543,18.507378
87.826777,43.638261,17.991756
87.892255,44.235535,17.954189
88.138901,45.278741,17.809265
88.269887,46.230857,17.966474
89.921585,47.225045,17.850226
90.886578,48.929179,18.056616
91.769625,49.492372,17.869984
93.363081,52.197048,17.826126
94.633652,53.188917,17.868591
95.488088,54.532016,17.641775
95.816003,55.443802,17.617885
96.916268,57.103967,17.404385
98.685759,58.628924,17.323960
98.870811,58.718867,17.382696
100.233436,60.158684,17.676914
100.678092,60.409266,17.775546
101.193427,61.002832,17.453852
102.343170,62.182054,17.075224
103.873381,64.164437,16.914744
105.002873,65.886278,17.314834
107.010581,66.931973,16.974290
108.656545,69.128156,17.419532
110.213267,70.176108,17.208767
110.549473,71.767028,17.678341
111.626819,73.160292,17.983097
112.262871,73.663658,18.040543
112.409166,73.752993,17.928320
112.978742,74.885236,17.811218
113.827926,76.562423,17.981521
115.088536,77.878776,17.905948
116.932086,80.119308,18.029320
117.495441,81.944334,18.346005
117.613814,82.937191,18.431524
117.384307,83.372250,18.462938
117.723945,84.331775,18.782586
118.924994,86.907557,19.245608
119.940951,88.333813,19.040803
121.179260,90.410579,18.807016
122.192257,91.298293,18.984247
122.532102,92.184602,18.958583
124.407094,93.758627,18.502361
127.033801,96.773821,18.688092
128.177474,98.168449,18.968678
130.944420,100.332018,19.057797
131.427719,101.200365,19.054225
133.592551,102.767930,19.092839
134.178307,103.411891,19.088785
136.053523,105.096648,18.882650
136.931483,106.463755,18.652304
137.635493,106.840136,18.945563
137.941604,106.869100,18.808473
138.827610,107.793778,19.273831
140.412040,109.098943,19.328341
141.698208,109.807024,19.871942
143.125549,111.702150,20.683199
143.685521,111.899248,20.554819
144.023144,112.281757,20.500340
145.919117,114.035762,20.838049
146.984683,114.949622,20.789576
148.609602,116.638163,20.925311
151.217615,118.008780,21.498708
151.129519,118.113720,21.558446
153.178928,119.676497,21.414652
154.491323,120.963447,21.744663
156.007495,123.189925,22.481234
156.593731,124.399404,22.456468
157.290462,125.377223,22.506799
158.377950,126.847363,22.542366
159.413147,127.272129,22.715412
161.061949,128.970014,23.590968
161.613017,129.667997,23.453743
162.994082,131.459752,23.631109
163.695766,132.139357,23.462790
163.942364,132.287466,23.637938
164.801965,132.958916,23.686583
165.875325,135.453854,23.493525
167.434172,136.609496,23.262610
168.445468,137.106142,23.318398
169.577004,138.237238,23.550832
170.609237,138.527081,23.202066
170.820984,139.806809,22.985939
170.807038,141.498696,22.496966
171.312578,141.711419,22.940304
172.931826,142.388299,23.002556
174.186927,144.302402,24.143293
174.824773,144.671234,24.301445
174.953666,144.815958,24.262055
177.256351,148.155201,24.527290
179.270440,150.459035,25.230901
179.802210,151.500175,25.939000
180.802982,152.833909,25.346017
182.706525,155.036743,25.344861
183.611732,155.483676,25.361332
186.650806,159.365509,26.585238
187.686699,160.386564,26.549697
188.084977,160.994291,26.756725
189.226941,163.770296,27.030099
190.128137,165.365886,27.078923
191.034444,167.564417,27.193156
191.154557,167.984179,26.989549
191.514814,168.586519,26.798150
190.892728,168.948411,27.164597
191.867040,170.589205,27.315157
191.800194,170.972234,27.830483
192.118260,172.128712,28.044910
193.345950,173.846927,28.469836
193.909694,175.156288,28.833794
193.964225,175.839874,28.799888
193.862852,176.461997,28.586039
193.946860,177.619568,29.215277
194.049189,177.990942,29.003508
194.659275,178.653393,28.731038
195.100469,179.078257,28.734072
195.993958,180.937572,28.917570
196.246295,181.632409,28.726948
197.140466,182.744742,28.476868
196.602326,183.360378,28.635494
196.940810,184.583487,29.629403
198.094245,186.273441,29.767999
198.993536,187.386370,29.577883
198.994475,187.779198,29.800616
199.141389,188.450400,30.464909
199.197074,189.224350,30.352919
199.249022,189.473095,30.192349
199.056533,190.150145,30.209916
199.198306,190.577374,30.330737
199.041373,191.547962,30.449229
199.209140,191.729046,30.363520
199.427476,192.219384,30.552376
199.332466,192.536561,30.627429
199.041152,192.923628,30.694639
199.581133,194.034048,30.741232
199.846249,194.449950,30.767873
199.574464,195.292780,30.675738
199.084659,196.086784,30.827806
198.655653,196.867392,30.682602
198.775791,197.286408,30.665117
198.577447,197.842939,30.383197
198.216573,198.229027,30.338477
198.159253,198.553281,30.257638
198.005937,198.798592,30.215937
198.042096,198.870557,30.208255
197.908656,199.350445,30.452120
197.815922,199.876066,30.526571
197.875735,200.651546,31.252709
197.544800,201.366804,31.854281
197.518687,201.866112,31.778313
197.445691,202.526314,31.817558
196.975201,203.907468,33.037436
196.359560,205.903980,33.371173
195.593919,206.363532,33.467004
195.300761,207.060823,34.106223
193.117604,208.163610,35.438594
191.768536,208.706213,36.376531
191.020692,209.109938,36.800425
189.968600,209.908045,36.676375
189.545430,210.236318,36.783567
188.436027,210.887198,37.862508
187.434140,211.475884,37.767348
187.197675,211.424786,37.793536
186.193415,212.111774,38.025945
185.831663,212.717740,37.993020
185.168865,212.628080,37.970354
184.061144,213.006815,38.040782
183.808768,213.150569,37.909410
183.426359,213.496126,38.293870
182.429717,214.291092,39.347208
181.914413,214.267541,39.311689
181.337619,214.524425,39.920472
180.980174,214.878207,39.849102
179.956675,215.306361,39.449961
179.679825,215.517451,39.394680
177.427022,216.051620,38.571169
176.159584,216.318406,38.489073
175.189087,216.166714,38.867177
173.866198,216.886026,39.992451
172.785517,216.825675,40.281839
171.878125,216.758222,40.629912
171.187576,216.905428,40.748596
169.417607,217.710840,40.608175
168.911275,217.442980,40.907319
168.088092,217.693560,41.668265
166.972398,218.254994,42.213690
165.438868,218.725283,42.321946
164.587796,219.065133,42.805717
163.244708,218.964560,43.269067
162.752035,218.838159,43.896048
161.376758,219.066432,43.571577
159.556813,218.905579,43.510439
159.223074,218.881021,43.838432
158.331322,219.259331,44.220410
157.786419,219.606068,44.235899
155.628324,219.910994,45.154016
154.906978,219.869246,44.969502
152.102619,220.292442,44.113896
151.461970,220.414682,43.730571
149.713653,220.663037,43.593696
148.794389,220.851126,43.809884
148.650688,220.812315,43.762813
147.131603,220.894984,44.021206
145.660784,221.385352,43.835721
145.821323,221.912495,43.946463
144.635318,221.654716,43.964622
143.652582,222.067027,43.731985
143.603093,222.138544,43.741003
143.384653,221.985591,43.605997
141.354248,222.970692,44.019542
140.464373,222.915135,43.518114
137.810107,222.978266,44.770975
135.907947,223.250289,44.180868
132.329174,223.347526,44.778060
131.132118,223.395139,43.989686
128.473285,223.627549,44.031985
125.463701,223.105134,44.073049
124.207087,223.521158,44.018709
122.615336,223.429590,44.359356
120.864420,223.731047,46.359672
120.680648,223.599814,46.407169
119.061582,223.515252,46.509286
118.662095,223.281352,46.579449
116.636139,224.057979,46.069742
115.561541,223.845957,46.072969
113.909534,224.291402,46.838972
113.380004,224.236353,47.349822
110.418793,224.105217,47.362848
108.455411,223.716684,47.554555
107.349341,224.042495,48.503876
105.858213,224.371544,49.031306
104.616485,224.327471,49.826163
101.566271,224.322677,50.397981
99.165467,224.789454,50.010055
98.218172,224.309153,49.346672
97.173262,224.412835,49.564967
95.004969,223.881884,49.632867
93.435836,223.624589,49.351692
90.685096,223.830239,50.183659
88.618308,223.506947,50.602556
86.772069,223.244137,49.966672
84.314618,223.626780,51.548977
84.088865,223.559545,51.290315
82.139826,223.312993,50.939904
80.393018,223.058406,51.024227
79.657505,222.818298,50.728971
77.759904,223.635039,51.561643
76.053979,224.097566,51.291886
73.796793,223.519635,52.321788
73.804498,223.797069,52.234479
71.668723,224.500798,52.003925
69.783515,224.546223,51.529132
68.191087,224.879366,50.897920
66.785390,225.599337,50.206666
64.421068,225.432454,50.859043
61.437874,225.696206,51.315709
59.726524,226.005749,52.278186
58.500109,226.037947,52.606456
57.963087,226.282296,52.646118
56.740335,226.660769,52.465527
55.642743,226.725893,53.159400
53.591145,226.335483,53.818538
52.861342,225.513173,53.993116
51.943672,224.892694,53.503510
50.399948,224.803737,53.054739
47.845275,224.940763,54.391171
45.379691,225.181618,54.087880
43.822771,225.528850,54.132197
43.008534,225.674970,54.086925
41.305000,226.846317,54.197384
40.299000,227.560160,53.609378
38.943775,228.115362,53.368669
36.860617,228.394693,53.172384
35.696712,228.708408,53.246140
35.427753,228.764833,53.499652
34.250701,228.661802,53.516135
33.223134,228.785031,53.580452
32.282585,228.869676,53.209940
31.106158,229.032365,52.453527
30.287237,229.405868,53.135026
29.523508,229.646310,53.873604
29.028851,229.631406,53.347621
28.156067,229.851892,52.401252
26.522767,229.744414,51.398498
26.186014,229.438307,50.831534
24.835682,229.208248,50.386296
24.345972,229.520463,50.488095
24.245493,229.531627,49.812905
23.445660,229.010365,48.529144
23.267917,228.914851,48.276773
22.883012,228.874366,48.190936
22.426575,229.094656,47.728286
21.731776,229.362296,46.506307
21.371022,229.259624,46.296608
20.531313,229.047137,44.823860
19.793125,228.851266,44.424982
19.682291,228.811958,44.025441
19.552802,228.332673,43.468234
19.463035,228.086274,42.859579
18.954099,228.162132,42.230197
18.564665,227.890980,40.615562
18.137832,227.836940,39.730565
17.817275,227.874323,39.278831
17.500382,227.634596,38.716792
17.211716,227.575156,38.146323
17.038736,227.561036,37.223341
16.703510,227.623328,36.770796
16.532253,227.577460,36.214747
15.962753,227.293125,35.952025
15.572808,226.949135,34.610965
15.385569,227.470877,33.994534
15.053387,227.633492,33.291288
14.691442,227.963365,32.901701
14.233932,227.872582,31.975750
13.914834,227.823989,31.767474
13.685837,227.906660,30.553386
13.282103,228.500758,30.220223
12.612911,227.950761,29.740941
12.377362,228.235405,29.227939
11.924929,227.957622,29.033493
11.678042,228.086830,27.858501
11.609040,227.737485,27.427816
11.546567,227.344464,27.031091
11.383842,227.180336,25.732768
11.027890,227.120084,25.443382
10.629446,227.518684,25.053129
10.206078,227.822162,24.311378
10.226773,227.913660,23.837626
10.251737,227.773085,23.348667
10.169329,227.604840,22.202317
10.073919,227.376412,21.265549
10.001263,226.537806,21.197659
9.910533,226.027485,20.923806
9.805464,225.830974,20.938249
9.768371,224.867129,20.534008
9.619024,224.665736,20.593910
9.625835,223.911145,20.657728
9.461461,223.137302,20.757760
9.222734,222.419521,21.009807
8.972495,222.057036,21.253990
8.538944,221.394792,21.578460
8.003415,220.931185,21.845864
7.808589,220.451665,22.129691
7.856648,219.916340,22.253983
7.475298,219.272615,22.681345
7.300721,218.452538,22.562989
7.041657,218.125841,22.555907
7.042740,217.971520,22.511100
7.069516,217.597922,22.526839
7.059561,217.206536,22.469616
7.004855,216.684449,22.504379
7.011754,216.220131,22.710621
6.922918,215.641243,22.992142
6.936536,215.266675,22.993867
6.867671,214.805403,22.883196
6.612621,214.427828,22.892069
6.416393,215.041473,23.143307
