1000
3
5.684959,225.342623,19.343217
5.657663,225.522914,19.267488
6.043934,225.709949,19.066220
6.156952,225.959014,18.802417
6.348686,226.465136,18.433646
6.546774,225.978868,18.619209
6.697449,225.728234,18.652961
6.806862,225.458723,18.644415
6.927196,225.116598,18.799010
6.980087,224.624290,18.840853
7.148497,224.173271,18.804619
7.329869,223.858907,18.920021
7.776234,223.556199,19.243203
7.878668,223.182591,19.289519
7.850362,222.335670,19.348243
8.191665,222.020428,19.413486
8.211364,221.596817,19.464832
8.385545,220.856622,19.828797
8.714394,220.483275,19.919306
8.820673,220.142431,19.923239
8.843350,219.892560,19.969436
9.114679,219.439218,19.890304
9.106907,219.216177,20.019015
9.178708,218.225869,21.116422
9.455815,218.413377,21.273539
9.667448,218.729545,22.240200
9.730045,218.756577,22.483599
9.543784,219.159283,23.810357
9.596805,219.540026,24.484138
9.686890,220.106123,25.148508
9.920167,220.390781,25.686653
10.523706,220.002195,26.435974
10.705970,219.938487,26.667442
11.011286,219.819865,27.569506
11.017616,220.395579,29.117613
11.164078,221.099801,29.779881
11.451527,220.809418,30.897747
11.790857,221.075325,31.332527
11.849086,220.876812,31.496071
11.924862,220.481600,32.313918
12.160817,220.576256,32.786082
12.228981,220.738284,33.734558
12.473711,221.118014,34.019825
13.062353,220.638550,34.413218
13.560930,220.496850,35.677728
13.995960,220.505002,36.307336
14.329831,220.618417,37.050480
14.239895,220.557839,37.630365
14.155583,220.421783,38.868341
14.188040,220.394441,39.126126
14.849741,219.616262,39.421404
14.895533,219.634403,40.030032
15.735832,219.518881,40.539753
15.753949,219.380202,40.664738
15.989903,219.162660,41.209991
16.225147,219.452081,41.834634
16.646462,218.686905,42.727465
16.585811,218.807143,43.458942
17.021170,218.737967,43.703562
17.223603,218.469819,44.380392
17.295319,218.202187,44.476745
17.475933,218.067657,44.558964
17.972672,217.755572,44.998374
18.482750,218.290022,45.567140
19.099965,217.511659,46.082569
19.507357,217.266838,47.005470
19.860087,217.364789,48.116967
20.025372,217.390615,48.714417
20.178258,217.137395,48.920107
20.240056,216.622862,49.444515
20.359189,216.731642,49.666442
20.805390,216.098459,50.295927
21.003537,216.381830,50.964325
21.746018,215.294655,51.993363
22.450892,215.650562,52.808167
22.895277,215.650364,53.281740
23.803573,215.959421,54.125347
24.543814,215.546982,53.644266
25.349295,215.655451,53.207029
25.793117,215.287332,53.342802
26.311605,215.172773,53.184604
27.193567,214.999874,52.911064
27.393004,214.866533,52.926516
27.988129,214.768294,52.439165
28.639879,214.929110,52.653386
29.922935,214.900384,51.976745
30.764931,214.137504,51.669167
32.317847,213.814615,52.205047
33.688147,212.942551,52.039697
34.512605,212.176842,51.456488
35.272023,211.885692,50.811403
36.786886,211.627892,51.925666
37.821355,211.187975,52.524932
38.229864,211.169751,52.449702
38.984765,210.898302,52.371242
40.080791,211.376451,52.127474
40.967550,211.313336,52.077303
41.952271,211.202073,52.315530
42.783075,210.462712,52.431336
43.687280,210.504504,52.547802
44.633712,210.341262,52.551751
47.011168,210.643074,53.294644
49.028239,211.532509,53.051626
49.845543,211.339023,52.960558
52.299499,212.202854,52.587033
54.636068,212.786753,51.824330
55.820195,212.944395,51.953712
57.732632,213.259039,52.022452
60.361107,213.696203,52.784909
61.737093,213.981970,52.146836
62.659617,214.209703,52.840440
64.153268,213.905142,52.348461
65.052241,213.484432,51.686485
65.845143,213.492383,50.855360
67.454634,214.435956,51.306951
67.870973,214.208212,51.478259
69.328485,214.082257,51.857998
72.008210,214.248754,52.198934
72.694079,214.016426,51.904326
76.081213,214.511876,52.069552
77.806382,214.282125,51.632192
79.080960,214.063241,50.456579
83.242396,214.460649,50.270991
84.411240,215.239423,49.978873
85.840613,215.604828,50.936894
87.350399,215.217752,50.132478
89.583390,214.682743,49.169840
91.214257,214.653592,49.048098
92.447026,214.103448,48.519948
95.271067,214.589488,47.533482
97.001530,214.208825,45.622233
97.936639,214.468312,46.394362
98.660773,215.079558,46.628790
99.860292,215.125884,46.541318
101.548308,215.836159,47.109303
103.399832,215.742137,47.188869
104.767994,215.963355,46.472239
106.417720,216.513618,47.034124
107.813865,216.478200,46.734963
109.508075,217.307175,46.282368
111.845494,217.672903,45.935438
113.030626,217.596846,45.505702
113.758488,217.344044,44.884910
115.353050,217.211036,45.558916
115.598989,217.232043,46.422768
116.890754,217.826418,47.120712
118.574915,217.966418,46.753093
122.188264,218.135120,47.465625
123.675640,218.687822,47.348898
125.996476,218.231212,49.192959
127.217760,219.012792,48.866450
128.186617,219.257655,48.599030
130.406535,219.401267,47.326873
131.342980,219.568970,47.341626
132.672883,219.980726,47.474882
132.722477,219.980368,47.380961
133.806935,220.251456,47.795995
134.930871,219.880208,47.524590
136.379998,219.857448,46.624413
137.210165,219.935924,46.697350
137.398231,220.049455,46.920673
139.777934,220.847759,47.062158
140.188197,220.636688,47.030204
140.576609,220.568004,46.332902
143.717404,221.855326,45.842333
144.009391,221.970199,45.732051
145.350951,222.020776,45.681115
145.400419,221.945681,45.522536
146.231244,222.275362,45.591148
146.949997,222.833025,45.245345
148.530481,222.774651,44.606672
149.930355,222.564702,44.654435
151.069012,222.429258,44.854797
153.070539,222.191896,46.125833
155.214578,222.771301,45.362652
155.435280,222.698639,45.369731
155.848843,222.883100,45.785222
156.713346,223.295777,46.061177
156.931547,223.107802,46.140450
157.877650,222.970502,45.728019
158.901436,223.127574,45.367736
159.722269,223.419763,46.396427
160.681769,223.150384,46.901587
161.506344,223.166017,47.478322
163.798415,223.321303,48.029408
164.497013,223.223464,48.028690
165.969355,222.348272,47.571805
166.996590,222.832700,47.984518
167.439013,222.872738,47.706986
168.178977,222.696833,47.353256
169.144179,222.958360,48.155204
169.261081,223.092791,47.981886
169.384702,222.972846,48.168980
170.700660,222.940758,49.451379
172.660963,223.136172,50.944110
173.197970,222.965208,50.657661
173.730534,222.956184,50.503667
175.452480,222.489108,50.408166
175.954998,222.656130,50.104420
176.655218,222.992623,50.257879
177.715392,223.209622,50.867253
178.193096,223.006930,50.637259
179.503429,222.187850,50.900260
180.217860,221.891051,50.404308
181.061210,221.835182,50.676517
182.113327,221.582825,50.637883
183.395797,221.542054,50.791164
185.043514,222.040352,49.887078
185.930915,221.840380,50.239623
186.404430,221.477689,50.043847
187.113451,221.591270,50.273784
188.343694,221.687757,49.606724
190.028707,221.199417,49.038407
191.134592,221.269654,49.115025
193.627938,220.840529,49.761524
194.417217,220.544488,49.967456
194.724747,220.397286,49.830060
195.346106,220.392893,49.863563
195.750266,220.193297,50.047570
196.109830,220.423287,49.729377
196.764153,219.913973,50.400395
198.626076,218.930333,51.004895
199.945960,218.843258,51.692267
200.710487,218.973877,51.876258
200.973030,218.853752,52.694460
201.886511,218.534023,52.570051
202.670357,218.748399,52.255962
203.182942,218.635844,52.465502
204.002634,218.293150,52.652674
204.934176,218.307579,53.147589
205.269822,218.284483,53.312386
206.976052,217.637991,53.228051
207.274432,217.721393,53.121028
208.399692,217.588479,53.334842
208.843449,217.365914,53.250488
210.120388,216.990381,53.116164
211.694666,216.044611,53.566714
213.056116,215.288112,52.873813
213.115371,215.345653,52.750497
213.303232,215.141359,52.220341
214.407959,214.444380,51.185330
215.460511,213.839778,50.756497
215.934398,213.587285,49.986726
216.484429,213.262414,49.908192
216.761460,213.176875,49.742868
217.206008,212.800283,49.464564
217.844185,212.306269,49.431312
218.758710,211.325347,49.397493
219.157456,211.165929,48.869671
220.197500,211.392801,48.640137
220.858896,210.755599,48.405651
221.361077,209.786075,47.928049
221.896565,209.254336,46.989741
222.134127,208.581851,46.908614
222.531276,208.048978,47.006818
223.098982,207.166033,46.811904
223.834183,205.915255,47.093732
223.770084,205.810837,47.152632
224.147745,204.888059,46.824901
224.208534,204.541912,46.628615
224.363026,204.266429,46.555352
224.832020,203.389371,47.041199
225.112055,203.232366,46.639474
225.202683,202.490299,46.594570
225.337132,201.723002,46.638668
225.572686,200.692085,45.859937
225.878142,199.047792,45.833392
226.425374,198.017866,45.425832
226.834784,197.584701,45.045727
226.851814,197.495668,45.082098
226.497184,196.311436,44.824341
227.103030,195.488333,45.119939
227.268317,193.720277,45.015691
227.668915,192.801637,44.546252
228.070522,191.392771,43.448308
228.037639,191.365779,43.056718
228.534010,189.997223,43.015205
228.494969,189.215664,43.027892
228.643372,188.789334,43.095384
228.625951,188.458554,42.221331
228.770179,187.042475,42.661677
228.195225,185.255612,41.804466
228.164692,185.231844,41.834943
228.251473,184.346042,41.734488
228.292954,183.847111,41.453175
228.634705,181.333176,41.484211
228.607362,180.643101,41.075849
228.615757,179.777023,41.038939
229.131776,179.049466,40.568560
228.982770,178.523514,39.768688
228.822428,177.910954,39.844698
228.881137,177.136627,39.873160
228.895581,175.393273,38.735172
228.973215,174.809786,38.896248
229.035658,174.771407,38.827441
229.653387,172.641886,39.103592
229.938181,171.337952,38.737905
230.371653,171.018391,38.103064
230.579513,170.192046,37.964008
230.469681,169.661299,36.830717
230.445155,169.182397,36.642862
230.302911,168.487035,37.085671
230.548910,167.365683,36.363643
230.533614,166.753898,36.438485
230.667026,165.642898,36.291649
230.669486,164.449401,36.191932
230.745853,163.653762,35.878544
231.197222,163.181057,35.157959
231.327321,162.838874,35.245797
231.335183,160.839151,34.785110
231.294512,159.652369,34.352480
231.151714,158.192164,32.993352
230.908408,157.403562,33.279337
231.150681,155.296458,32.422622
231.137569,154.329575,32.223003
231.049935,153.821785,32.191818
231.144880,152.453383,31.451430
231.464706,152.012466,31.539860
231.504902,150.969446,31.416896
231.562203,150.381193,31.131755
232.141162,148.334116,30.751927
232.117002,148.295295,30.790400
232.513020,146.962569,30.536639
232.528077,146.479779,30.484754
233.046374,143.800098,29.556398
233.001965,142.011264,29.244999
233.668380,140.555370,29.046815
233.649808,140.031222,28.837522
234.012639,137.683415,28.401747
234.152660,136.126791,27.277352
234.155378,133.783119,26.968479
234.376766,133.000672,27.186998
234.811292,131.981117,27.001882
235.118385,130.284854,27.148513
235.387088,129.491422,27.391486
235.596290,128.324962,27.343521
235.911311,126.226959,25.266238
235.987197,124.849696,25.343399
235.829627,123.242739,25.156406
236.274866,122.842162,25.224393
236.913422,120.821342,24.759243
237.145927,120.426304,24.776675
237.162122,120.402694,24.803708
237.431224,119.871298,25.046079
237.567343,119.375558,24.841504
237.486597,118.793618,24.949564
237.061810,117.542763,24.070261
237.221573,115.003036,23.870636
237.247417,114.985528,23.842778
237.307981,113.965800,24.117110
237.566443,112.491675,24.398106
237.373516,111.438895,23.309782
237.664880,108.596264,23.307236
237.562110,107.644033,23.372335
237.902924,106.194918,24.085125
237.979566,106.029852,24.013354
237.751472,104.929940,22.489476
237.781795,104.851862,22.430376
237.757197,104.142220,22.624046
237.765949,103.204685,22.696452
238.207021,101.539252,22.559625
238.719404,100.947111,22.185504
238.734243,100.943546,22.166914
238.893749,99.702741,22.196525
239.262395,99.132755,21.929161
238.951983,95.592938,21.837312
238.983671,93.468374,22.215594
239.055427,92.911027,22.075464
238.956593,92.011273,22.027714
239.053634,88.131279,21.601588
238.885481,84.149344,21.914024
238.245292,82.600863,21.727242
238.437009,81.503118,21.773619
238.637559,80.657972,21.376556
238.812747,78.579037,21.917913
239.213644,77.826694,22.483554
239.189283,76.661850,21.254678
239.269205,75.267180,21.365777
239.313522,73.821197,21.229093
239.680321,72.360345,20.788132
239.850105,71.059776,20.494765
240.245557,69.352799,19.661565
240.500230,67.162771,19.700780
240.421875,66.782493,19.796490
240.275666,66.072093,19.915562
240.174824,64.565125,19.815964
240.245109,64.274703,19.732459
240.335000,63.918886,19.781309
240.247315,63.248141,19.900087
240.074543,61.805971,20.366312
240.358579,60.804142,20.185125
240.768911,59.595796,19.774593
241.056263,57.883549,19.469179
241.157182,57.052770,19.348446
241.147096,56.905128,19.433283
241.424869,55.792921,19.808070
242.249674,54.603384,20.396194
242.360567,53.429289,20.821548
242.363278,52.722648,20.614856
242.285854,52.257170,20.165051
242.142575,51.056970,20.091131
242.203541,48.726663,19.747377
242.282051,47.595207,19.948622
242.701607,46.216982,20.427545
242.718364,45.375555,20.328268
242.806560,45.039949,20.159979
242.808671,44.345962,20.576221
242.341187,43.686343,20.557579
242.450197,43.393586,20.469501
242.329644,42.432962,20.456884
241.884215,39.809983,20.514271
241.764896,38.242167,20.539598
241.765037,36.834759,20.807167
241.643929,35.598506,20.597386
241.374818,34.207799,20.397779
241.494907,33.299419,20.264101
241.427919,31.488430,20.758273
241.445527,30.832504,21.030143
241.438935,30.226934,20.986502
241.443503,28.488318,20.304778
241.469399,27.765374,20.489982
241.330207,26.666589,19.730609
241.271436,25.640533,19.365837
241.071973,24.989158,19.239329
240.652172,24.700762,19.146318
240.859545,24.285583,19.233303
240.996582,23.686966,18.653482
241.206418,22.956861,18.699824
241.210259,22.682308,18.510193
241.195417,22.096042,18.238522
241.412729,21.758134,18.153122
241.746723,20.720028,18.136116
241.890909,19.780367,17.690924
241.836983,19.053717,17.615461
242.029417,18.338991,17.680623
241.888218,17.722830,17.919116
242.066437,17.304747,17.937635
242.089445,16.782475,17.617971
242.263176,16.573032,17.471702
241.685319,16.583537,17.650294
241.586875,16.165838,18.057069
241.502381,15.868209,18.695975
241.409580,15.926234,18.880468
240.718699,15.912472,19.198558
240.714814,15.914273,19.636865
240.686137,15.797087,19.588455
240.449310,15.472981,19.819138
240.380622,15.495274,20.432506
240.346841,15.527875,20.971596
240.223033,15.383694,21.306498
240.253961,15.413162,21.657167
239.949158,15.379316,21.747142
239.782356,15.366543,22.018375
239.519602,15.279465,22.255201
239.296718,14.671696,22.442660
239.365472,14.399327,22.877696
239.296429,14.086796,23.279232
239.324023,14.006999,23.706633
239.152404,13.957268,23.918607
238.775670,13.218461,24.117768
238.764598,13.196548,24.429110
238.399125,12.932915,25.200517
238.174667,12.863610,25.619829
237.921187,12.866381,25.717776
237.870431,12.826344,25.984126
237.528571,12.896246,25.648550
237.015121,12.893754,25.740351
236.921040,12.953027,25.706031
236.789086,12.961173,25.587409
236.510118,12.629764,25.230212
236.411841,12.513046,25.216021
235.396596,12.769097,24.961221
234.837365,12.608913,24.808434
234.551861,12.643047,24.857381
233.569604,12.652895,24.767639
233.366718,12.635812,24.321234
232.896640,12.380417,24.610486
232.278465,12.434293,24.448944
231.944089,12.333674,24.332935
230.926855,12.225210,24.126026
229.190693,12.427191,24.091412
228.240461,12.125610,23.717341
227.406923,12.368169,23.589569
227.108252,12.329036,23.372531
225.825040,12.284409,23.282926
224.681121,12.273527,23.148482
224.063788,12.355753,22.932481
223.873061,12.114697,23.313143
222.437879,11.848708,23.570761
222.053297,11.870999,23.822491
219.603302,11.939396,23.137823
218.020027,12.190225,22.982245
217.446719,12.324943,23.570735
217.071694,12.438965,23.641613
216.652537,12.296852,23.415368
215.930834,12.299106,23.444510
215.352299,12.331308,23.542536
214.949581,12.310615,23.611422
213.703462,12.438481,23.942356
212.128022,12.502222,24.203146
211.492513,12.861231,24.205394
209.801789,13.327880,24.290741
209.251661,13.270618,24.448853
208.835909,13.316043,24.651888
208.637080,13.278228,24.666938
208.501567,13.347736,24.766079
208.033035,13.379271,24.828706
207.117268,13.302732,24.858820
204.928486,13.437039,24.448206
203.863921,13.374678,24.485309
201.123904,13.160651,24.275850
198.769691,13.148390,24.434889
197.596252,13.091831,23.963547
196.829209,13.171652,23.589595
195.881974,13.099245,23.589488
195.585965,13.044264,23.623253
194.631495,13.484395,23.953351
194.194791,13.341423,23.920922
192.124193,13.462214,24.007893
190.964854,13.597042,23.772286
190.234383,13.434784,24.279288
188.396610,13.624864,23.978931
187.361915,13.736748,23.879542
186.816129,13.484164,24.014212
186.294641,13.896408,23.994528
185.834027,13.968784,24.160271
184.110183,13.858408,24.040558
182.688280,13.901335,24.608727
182.478994,13.928766,24.571166
180.132131,14.146581,24.588076
179.101613,14.153453,24.698416
177.430038,14.206395,24.797834
175.581771,14.382418,24.490449
174.480052,14.397482,24.202247
170.160165,14.320548,23.039841
169.696460,14.356286,22.608262
167.908887,13.934044,22.507389
165.762712,13.977587,22.860641
164.438103,13.999354,23.138170
163.287963,14.173502,23.553672
161.160619,14.516429,22.981155
158.623436,14.763074,22.665994
156.513072,14.808869,22.473767
155.995399,14.877083,22.642132
155.679269,14.900215,22.786695
153.561632,14.935251,22.464987
152.399380,15.212939,22.553621
150.928791,15.651204,22.884295
150.566069,15.714794,23.047891
148.295966,15.825286,23.458001
147.644857,15.905680,23.830371
145.803269,15.836073,23.767781
144.440001,15.963009,23.362631
144.386664,15.970484,23.478433
143.302174,16.444668,23.465629
141.579138,16.484430,23.997184
140.103472,16.377735,23.828405
139.681541,16.532163,24.038942
137.970608,16.438562,24.443529
136.285183,16.890380,24.317871
135.312809,16.889255,24.040402
134.757394,16.753268,24.100238
133.198566,16.701978,23.823266
132.572483,16.729465,23.834237
130.443195,16.518782,23.438748
129.658460,16.923617,23.553423
127.508836,16.841368,23.303591
125.195363,17.335632,22.682371
124.701162,17.171827,22.790656
123.795700,17.329216,22.916765
122.932486,17.294025,22.880700
122.599746,17.246899,22.945143
121.482739,17.317953,23.333258
120.173469,17.396013,23.361540
118.184151,17.941320,23.056814
117.306630,18.044704,23.520844
115.528923,18.006151,23.891034
115.136050,17.989544,24.316419
114.324955,17.891319,24.602689
113.766473,17.908656,24.702162
112.438899,17.756531,24.988785
111.795812,18.099613,25.617953
110.498991,18.074303,26.521608
109.324915,18.392042,26.648615
107.840413,18.391714,27.099445
107.007929,18.323562,27.840022
106.704737,18.241855,27.855007
106.285804,18.277021,27.701537
105.439401,18.087494,28.203400
103.973899,18.184680,28.704830
101.859150,18.509886,29.395081
101.461984,18.420084,29.359027
100.668061,18.342122,29.734330
99.411731,18.353037,30.410720
98.559658,18.193732,30.785330
96.580781,18.234288,31.329438
96.224083,18.150971,31.192699
95.305534,18.250269,31.532974
94.255297,18.467884,31.418612
92.581932,18.325114,32.219690
90.551228,18.159056,32.950535
89.122074,18.081591,33.299513
87.370685,17.901868,34.131190
87.068482,17.945447,34.638399
85.376663,18.312847,35.571295
84.121133,18.207906,36.047409
83.320952,18.267517,35.959040
82.260704,17.894759,36.504251
81.540955,18.011682,36.852778
80.639081,17.942174,37.388949
80.071172,18.404298,37.407554
79.637310,18.490966,38.047630
79.055145,18.588186,38.599178
78.128304,18.753886,38.897318
76.970619,19.029684,39.359108
75.141261,19.246189,40.139750
75.221578,19.459602,41.397213
75.170916,19.345753,42.633964
75.013687,19.280167,43.179724
74.800595,20.213290,45.042816
74.551860,20.361402,45.484120
74.099960,20.360336,45.987914
73.666472,20.318138,46.734634
74.134418,20.295414,47.875087
74.266818,20.193653,49.039397
74.832400,20.700980,50.305581
74.733932,20.504868,51.359047
75.299092,20.434818,51.937380
75.477655,20.312628,52.196227
76.088461,20.228808,53.295141
76.679157,20.156215,54.581168
76.820768,20.279009,55.212948
77.033618,20.151932,55.932516
77.004834,19.881788,56.615865
77.228964,19.738281,57.419661
77.860317,19.609438,58.203966
78.559852,19.562920,58.988224
79.635587,19.572011,60.688590
80.524610,19.311203,61.950525
81.263935,19.248995,63.108945
81.616314,19.333602,64.073885
82.618301,19.696886,64.817861
82.371176,19.460399,65.910069
82.779479,19.448094,66.256667
82.815837,19.203206,67.506033
84.621536,20.050619,69.884559
85.559648,20.016684,70.643024
86.756505,19.988660,71.471776
87.204030,19.940430,72.215769
87.665171,20.103948,73.089141
88.352781,20.137351,73.640247
88.953620,19.765655,75.083362
89.702505,19.761195,75.761957
91.113586,19.882902,77.575218
93.276390,20.432585,79.888517
94.741307,20.571982,80.877520
96.269644,20.210545,81.763353
97.280357,20.010086,82.201264
97.706644,19.841875,82.693393
99.283945,20.215353,85.059957
100.620764,19.741194,86.641504
102.041927,19.587495,87.633446
103.107760,19.454060,89.294897
103.682996,19.822765,90.419709
104.532556,20.018605,91.318198
105.052140,19.807759,91.478824
105.998150,19.783874,92.014254
106.687686,19.361679,93.470271
107.327331,19.496788,94.143065
108.131759,19.783382,95.916310
108.751268,19.901043,97.398472
109.593161,20.415048,99.434408
111.056477,20.999829,100.562729
112.187275,21.304350,102.554733
113.025854,21.689762,103.951226
114.145051,21.479336,104.528773
115.224063,21.174968,105.529268
115.751469,20.779831,105.942656
115.254826,20.703800,106.257173
115.987599,21.028840,107.877749
115.789607,20.903246,109.455839
115.816564,20.804129,109.885763
117.388277,20.107253,112.400249
116.764324,19.852163,113.605282
118.762449,19.894258,116.060336
119.413825,20.461856,117.187074
120.557620,21.269776,118.583201
121.911731,21.669128,120.942307
122.248435,21.804754,121.297549
124.502944,21.808555,122.944117
125.881626,21.823447,123.191302
125.744701,21.923037,124.107182
126.673258,22.268589,125.970848
127.166337,22.382762,126.659356
128.714987,23.859181,128.438947
129.447213,24.358853,129.670648
131.242290,25.174256,131.958326
132.526684,25.269544,133.309513
133.821209,25.767238,134.171374
134.905970,25.704789,135.323473
134.519244,25.494550,135.466729
135.824157,25.918920,135.980776
136.862497,25.718370,136.864754
138.072240,26.260245,137.656927
139.123604,26.614071,138.970464
141.386364,26.109653,141.138542
142.327706,26.372462,141.441235
142.519333,26.472353,141.552522
144.484191,26.057480,144.114310
145.319652,26.046786,145.211011
145.657924,26.000332,146.082443
146.102180,25.592014,148.558529
147.268867,26.066110,149.945325
148.586858,26.371686,151.387000
149.634586,26.501673,152.874371
150.255260,26.456911,153.380321
151.098338,26.208442,154.992275
153.190245,26.682745,156.316098
153.650252,26.879162,157.128340
155.026152,26.867537,158.257532
155.966543,27.051835,159.600732
156.558634,26.970450,160.122849
158.192078,26.787967,161.942746
159.166869,27.087689,162.453434
159.702073,27.509459,163.568067
159.920335,27.615551,164.657914
159.923291,27.567757,164.698642
161.045235,27.913344,165.841400
161.443346,28.160288,166.052952
162.283552,28.530725,167.593504
162.540692,28.821700,168.331204
164.504460,29.264996,170.747270
164.615569,29.204277,171.321899
165.245420,29.911330,172.816882
165.440541,29.901286,174.011957
165.951663,30.161033,174.557153
166.646138,30.428866,175.821008
167.292058,30.316011,176.857658
168.334400,30.631014,178.487388
168.501109,30.468749,178.819113
168.600992,30.436402,179.060194
169.016782,30.237725,179.402272
169.175098,30.809188,180.272908
169.003143,30.730244,182.146871
169.460376,31.308037,183.387148
169.569396,31.272272,183.579220
169.800436,31.990418,184.842750
170.091901,32.186365,186.497389
170.490596,32.444954,188.007988
169.934165,32.591766,189.041215
169.568846,32.976581,189.830574
168.615795,33.333946,191.421786
168.300869,33.406777,191.646464
168.278854,33.318445,192.555298
168.085019,33.672520,193.178706
167.997716,33.821483,194.016697
167.761113,34.024625,194.662436
167.936398,34.542328,195.319527
167.995017,34.782679,195.612841
168.048600,34.968816,196.440548
167.996309,35.308893,197.067994
168.020266,35.929947,198.480606
167.396320,35.893176,198.358838
166.651531,35.532569,198.502640
166.002922,35.537592,199.050776
165.500965,35.268011,199.279991
164.082826,35.580060,199.794988
163.151567,35.884599,200.340255
161.621993,35.244036,200.590467
161.205539,34.952208,201.078229
160.226665,34.170152,202.243511
158.824509,34.219937,202.582779
158.758199,33.972403,202.759738
157.193929,33.807353,203.502070
156.345934,33.720883,203.813141
155.650445,33.656518,203.730872
153.131406,33.940102,204.616324
152.489390,34.140895,204.794939
152.054960,34.032416,205.084408
151.468711,33.511503,205.029205
150.168848,33.462843,205.049162
149.542572,33.065270,205.906165
147.971516,33.199003,207.016010
145.765675,33.194049,207.754495
145.365318,32.767831,208.538393
143.413521,32.424726,208.453870
141.452940,32.312738,209.003276
140.606771,32.211590,208.957189
140.036592,31.968472,209.485895
137.812521,31.745683,210.344631
137.205268,31.632881,210.870355
135.791930,31.319505,211.539046
134.662527,31.389035,211.248382
134.527222,31.105919,211.675368
132.541588,30.309406,211.700894
131.419147,30.033120,212.309936
129.914023,30.251198,212.600302
129.296553,29.983264,213.739574
125.446409,29.874711,213.694789
125.155819,29.885018,213.801870
124.361702,29.760213,213.911683
120.802810,29.501048,213.955068
119.329159,29.352253,214.137744
117.464031,29.160661,214.878839
115.918091,28.610880,214.931213
113.770793,28.122430,215.072684
113.198787,28.159455,215.481460
110.952374,27.554215,215.630038
110.445816,27.679551,216.836342
108.568919,27.923182,217.145434
106.841306,27.889427,217.180677
104.575394,27.230760,217.956623
103.119746,26.892341,218.525482
102.031997,26.408891,219.174642
100.802500,26.087036,219.719241
99.985999,25.845481,220.023970
98.110193,25.621135,220.361532
96.627566,25.043856,219.809545
95.383902,24.605636,220.292019
94.647374,24.614435,220.557916
94.131280,24.431635,220.738816
92.740153,24.210105,221.536507
92.740257,24.182498,221.823395
90.377978,23.212564,222.354915
90.241614,23.160992,222.778077
89.384200,23.359754,223.738865
87.914412,23.016141,223.690114
86.394002,22.681063,223.601610
84.339086,22.787432,224.011513
83.418866,22.336884,224.820299
82.757217,22.217643,224.869839
81.718050,21.324169,224.712881
80.428396,20.881248,225.259546
79.222353,20.941654,225.703913
75.612545,20.684869,226.720301
73.969486,20.220229,227.301046
72.080172,20.142972,227.639380
69.901146,19.543487,228.192859
69.056212,19.312603,228.613249
67.335999,19.548195,228.857810
67.184113,19.661320,228.981680
65.937083,19.259318,229.144802
64.350351,19.107552,229.517244
63.200550,18.625100,229.839598
60.656705,17.937164,230.063474
60.492523,17.886475,230.124379
59.593952,17.491540,230.191375
58.447073,17.271234,230.278581
56.981998,17.031259,230.260739
55.540426,17.046788,230.740145
53.922010,16.697691,231.004514
52.005888,16.845495,231.078374
50.439752,16.568829,231.529784
50.101830,16.706787,231.642552
49.397376,16.565472,231.448380
48.868719,16.399027,231.146070
47.678000,16.396380,231.088693
47.345892,16.897327,231.350758
46.408657,16.781403,231.505551
45.037893,17.150849,231.364789
43.746756,17.099825,231.649881
43.251445,17.265586,231.359089
40.992932,17.179332,231.675287
40.043456,17.306039,231.576127
39.128090,17.303230,231.200362
37.365216,17.231451,231.586041
37.028993,17.318882,231.577146
36.564154,17.307534,231.434305
35.553187,17.255843,231.535744
35.447107,17.708297,231.536934
34.928904,17.653624,231.628336
34.649927,17.541196,231.682028
34.093291,17.718505,231.404494
33.047713,17.800991,231.343601
31.650236,17.790875,231.305472
31.204370,18.106717,232.062034
30.225823,18.661040,232.559497
30.069874,19.159776,232.973221
29.155309,19.010180,233.116188
28.439069,19.181479,233.623136
27.120094,19.911383,234.108271
26.909274,21.418254,234.410823
26.792388,21.670634,234.508936
26.579032,23.072892,234.449152
26.432368,24.205011,234.584609
26.580081,24.619174,234.864635
26.017418,25.725104,234.854426
25.875990,25.839540,234.909524
25.618839,27.327338,235.080913
25.423300,27.989837,235.277773
25.331395,28.423630,234.784418
25.272859,29.051590,234.602798
24.877217,29.693059,234.973657
24.715182,30.776914,234.765253
24.456336,31.764836,234.870914
23.813480,32.290380,234.752832
23.929061,32.818555,234.586653
23.885713,34.194856,234.591839
23.473092,34.937944,234.477257
23.872810,35.804669,233.959942
23.369003,36.080044,233.738554
23.347274,36.674147,233.492364
23.140621,37.311039,233.442686
22.861144,38.507240,233.255368
22.779963,40.347170,233.094511
22.993643,41.192051,233.545546
23.267466,42.219037,233.751746
23.207383,43.448240,233.835524
22.958820,46.650736,234.209484
22.608041,47.719758,233.980480
22.915271,48.740897,234.325963
23.103912,50.218709,234.238940
23.239280,50.428791,234.249430
23.219151,51.297737,234.443961
23.014060,53.437242,234.438935
22.487764,56.218048,234.701754
22.408557,56.682972,234.554174
22.634468,58.695150,233.950706
22.526455,60.311199,234.045054
23.462850,63.539102,233.536224
23.468400,65.348186,233.729033
23.250949,66.241524,233.704697
23.263565,66.960152,233.568495
22.697118,67.180670,233.321622
22.791626,69.470129,233.044901
22.547456,70.426345,232.993851
22.284937,71.574600,232.753356
22.279499,74.909248,232.578327
22.275315,75.781928,232.369852
22.401645,77.578618,232.255933
22.326086,77.681815,232.290550
23.048454,79.553478,232.386531
23.128842,80.030131,232.112627
23.254438,81.929635,232.056139
23.681392,83.614879,232.120013
22.783979,85.965271,231.578802
22.964963,86.512230,231.643509
22.913280,87.569533,231.663417
22.983606,89.547636,231.861600
22.989369,89.651235,231.841011
23.039428,91.297125,231.924789
22.976891,92.536787,231.932716
23.057846,93.805170,232.381033
22.955700,95.120170,232.557963
22.644154,95.701130,232.655310
22.839113,96.718504,232.536145
22.714758,97.887080,232.561744
22.968438,98.898716,232.325874
22.993458,100.299578,232.540761
22.510003,102.395359,232.826220
22.797312,106.219296,233.155195
23.755919,108.954011,233.572112
24.029725,109.790961,233.768240
23.941367,110.801214,233.554194
24.121923,112.169050,233.444871
24.402721,113.207293,234.232792
24.452191,114.251088,234.442716
24.321999,115.611741,235.021061
24.576327,117.520544,235.424158
25.019151,118.219955,235.262718
25.452313,119.605253,235.513094
25.210001,121.585875,235.728684
25.187314,122.724823,235.549019
25.454107,124.738851,235.614132
25.711564,126.341767,235.808474
26.170654,127.558488,236.202854
26.275327,129.003487,236.587659
25.984262,130.312632,236.454734
25.855456,130.704356,236.394953
26.323435,132.506938,236.677667
26.291009,133.818398,237.187628
25.954078,135.057532,237.254763
26.344322,135.817413,237.429914
26.735505,136.406827,237.624017
26.642662,137.161886,237.444832
26.773580,138.012932,237.477077
27.309677,139.211287,237.347106
27.294068,139.893499,237.562760
27.819720,141.048779,237.804571
27.641937,142.370831,237.759080
28.114851,143.482802,238.154226
27.657749,144.355777,238.312974
27.871680,144.813472,238.373066
27.708750,145.843395,238.331670
27.912709,146.848500,238.503964
28.014415,148.223360,238.844242
28.106887,149.035394,239.335750
28.146940,149.647229,239.583116
28.014198,150.053505,239.580110
28.117095,150.554566,240.347662
28.281689,151.393250,240.561903
28.362160,151.883580,241.095010
28.510974,152.607721,241.139187
27.753430,151.422473,241.217151
26.835440,150.528612,241.257109
26.481167,150.033222,241.183493
26.419639,149.497555,241.196904
26.068321,148.978408,241.292880
25.968536,148.474160,241.336682
25.691411,148.180521,241.289886
