2000
3
19.695405,141.293057,232.228170
19.794005,141.585902,232.245055
19.835435,141.785144,232.291179
20.003131,141.991242,232.212597
20.203830,142.594910,232.318164
20.351603,142.923063,232.369543
20.477099,143.240433,232.387664
20.855997,143.849412,232.611778
20.959806,144.211458,232.642168
21.494158,144.802490,232.574010
21.445457,144.452857,232.471267
21.393545,144.059865,232.173222
21.402162,143.735976,232.166562
21.322831,143.463117,232.130098
21.185411,143.146781,232.091256
21.193484,142.881123,232.068319
21.154286,142.670396,232.044197
21.261410,142.087860,232.108058
21.250228,142.004198,232.095720
21.240735,141.879123,231.740056
21.240341,141.592641,231.597822
21.183160,140.945266,231.262644
21.024875,140.452109,231.248427
21.163454,140.136551,231.307256
21.136204,140.009045,231.341328
21.101767,139.796561,231.241381
21.131989,139.637757,231.212186
21.339233,139.218345,231.222938
21.223182,138.594296,231.165516
21.131389,137.947540,230.936843
21.077980,137.219416,230.787825
21.118110,136.819196,230.742760
21.001376,136.531684,230.596675
21.055453,136.110035,230.313815
21.035708,135.918020,230.354187
21.137041,135.781585,230.318743
20.969824,135.510413,230.272479
20.839260,134.987143,230.305372
20.693362,134.053181,230.405396
20.534382,133.775621,230.476529
20.631438,133.564210,230.533375
20.519088,132.745332,230.360124
20.497109,132.511314,230.326408
20.446914,132.108266,230.359992
20.351923,131.474744,230.374598
20.414048,131.235379,230.304930
20.367971,131.169961,230.339253
20.338063,130.818020,230.354619
20.337646,130.814405,230.354505
20.246615,130.712940,230.283021
20.369785,130.402033,230.403116
20.369178,130.398493,230.403299
20.099284,129.803923,230.254888
20.078653,129.373417,230.035160
20.217683,128.733228,229.948564
20.099097,127.971360,229.967442
20.032695,126.737176,229.946955
19.992309,126.320820,229.996581
19.876033,125.713995,229.974606
19.885812,125.167403,230.228662
19.763432,123.268670,229.469565
20.182343,122.779932,229.467691
20.332241,122.121268,229.454088
20.419094,121.516280,229.213791
20.704683,121.238281,229.149062
20.361796,119.588262,229.177451
19.906930,118.531225,228.942741
19.610279,117.959263,228.805688
19.425680,116.847616,228.699085
18.965375,115.669445,228.565569
19.199150,114.413288,228.474928
19.127021,113.631253,228.438912
18.974368,112.255452,228.196994
19.131683,111.673478,227.828788
19.034345,110.412657,228.260037
19.129290,109.441844,228.158563
18.586018,107.855165,227.733230
18.446081,106.619026,227.665007
17.887206,105.503981,227.373687
17.729654,104.698212,227.444352
17.727216,104.261215,227.309850
17.749073,104.265114,227.305128
17.513825,103.459593,226.941083
17.558924,102.463998,227.138104
17.477683,101.409139,227.421263
17.458511,100.857713,227.665278
17.239987,99.178191,227.905868
17.002570,98.219131,227.811333
17.095181,98.172434,227.825046
17.017086,97.816577,227.627917
17.032061,97.082498,226.344264
16.973636,96.595699,226.567869
16.892302,96.247151,226.082743
16.565738,95.121651,226.021479
16.519216,95.043692,225.857468
16.540855,94.225814,225.364139
16.604167,93.996573,225.286272
16.110200,92.725896,224.896398
16.046300,90.833875,224.534884
16.085158,90.455705,224.306235
16.409217,88.931018,223.831853
16.492256,87.460084,224.175180
16.502954,87.457132,224.183802
17.102297,86.035819,223.911692
17.345124,86.213216,223.703669
17.249335,85.814090,223.831798
17.434323,85.481379,223.975493
17.323749,85.071262,224.157376
17.581492,84.423387,223.617610
17.633740,83.880796,223.798884
17.387510,82.889860,223.901371
17.301976,82.513310,224.042129
17.244853,81.702513,223.336479
17.215020,81.347139,223.504535
17.311504,80.640858,223.406930
17.236242,80.260918,223.487336
17.179383,79.183064,223.594066
17.273870,77.505186,224.047037
17.361629,77.129266,224.229729
17.171296,76.381716,224.370693
17.083079,75.844970,224.610477
17.118750,75.781316,224.607170
16.873078,74.816693,224.795596
16.920716,72.989240,225.138012
17.012691,72.021055,225.602176
16.954939,71.265782,225.798333
17.043152,70.943933,225.659410
16.884279,69.391684,225.880896
16.890886,69.384456,225.940510
16.623769,68.495412,225.796228
16.438084,66.753544,225.135215
16.300449,66.125299,225.191929
16.555737,65.603454,225.152446
16.646427,65.376617,225.007301
16.798871,64.956542,224.536854
16.807153,64.874165,224.592098
16.606605,63.968775,224.558914
16.850738,63.291373,224.550632
16.998011,62.502557,224.320217
17.036451,62.216410,224.326111
16.927539,61.800134,224.223735
16.733970,61.116417,224.278909
16.923370,60.374469,224.368206
16.922362,60.372738,224.368523
16.802696,59.757268,223.895173
16.678896,58.924663,223.821322
16.546832,58.480807,223.518378
16.546614,58.479219,223.517448
17.013414,56.638531,223.430167
17.237498,56.154136,223.243099
17.223263,55.932267,223.364809
17.329896,55.972662,223.386689
17.220729,54.565348,223.377870
17.055349,54.046230,223.512974
16.799902,52.927981,223.233885
16.717162,52.519928,223.252968
16.588109,52.244128,223.313037
16.498357,51.757882,223.220098
16.735703,51.952600,223.317229
16.615572,51.517665,223.467406
16.612611,49.837788,222.485003
16.753197,49.506863,222.361060
16.733105,49.348566,222.424750
16.658884,48.748418,222.426564
16.767734,47.821397,222.144520
16.615650,47.407353,222.174122
16.547655,46.134725,222.073982
16.473806,45.924784,221.889561
16.554204,45.233350,221.845832
16.683204,44.860942,221.898288
17.127454,44.622766,222.188096
17.001562,44.275192,222.059105
16.947729,43.280655,221.714525
16.801153,42.120702,221.628384
16.886818,39.837991,221.513452
16.794621,39.400871,221.385625
16.732180,39.308962,221.411509
16.767580,38.870766,220.991123
16.494218,38.193240,220.971364
16.439890,37.739080,221.295870
16.401350,37.054060,221.181503
16.730422,37.075784,221.105360
16.584218,36.121412,221.377437
16.183044,34.708795,221.168037
16.009350,34.211260,221.042740
15.909503,34.020368,220.955385
16.059931,33.229687,220.810759
16.277681,32.177830,220.969448
15.970154,31.190823,220.825131
15.994375,30.280141,220.450904
16.007224,30.063089,220.310166
15.960520,29.126007,219.770123
16.237377,28.477690,220.098691
16.379907,28.125925,220.054845
16.297650,27.665517,220.182247
16.327451,27.081192,220.171972
16.470758,26.743731,220.531359
16.475508,26.755258,220.670548
16.430392,26.687090,220.835324
16.576367,26.260396,220.773372
16.761983,26.031717,221.041710
16.756074,25.996815,221.216611
16.742934,25.745272,221.531069
16.817891,25.263293,221.477398
16.954274,25.175034,221.264677
17.082229,25.049873,221.561767
17.011256,24.944854,221.768003
17.117321,24.750675,222.198573
17.176569,24.562941,222.381624
17.170362,24.501802,222.520686
17.290021,24.299582,222.523386
17.515859,23.650482,222.721876
17.444161,23.498317,222.726147
17.577598,23.282720,222.929223
17.603289,22.860654,223.290821
17.830307,22.725270,223.561013
17.794047,22.687705,223.659353
18.116821,22.385470,224.075051
18.219232,22.321071,224.235805
18.294491,22.126046,224.303763
18.566197,21.866237,224.505534
19.002764,21.284040,224.117677
19.506866,21.234508,224.174467
19.684150,21.170682,224.050091
20.211685,21.152790,223.948671
20.935890,20.823102,223.811949
21.395785,20.819036,223.712289
21.640069,20.446471,223.467678
21.965837,20.350269,223.467815
22.598959,20.022945,223.231842
22.952493,19.921438,223.039548
23.182069,19.565367,222.969303
23.791594,19.183481,223.010270
24.048301,19.238372,222.721644
24.160090,19.261682,222.644230
24.661212,19.204582,222.492651
25.011741,19.269055,222.730468
25.434466,19.367429,222.723057
25.882143,19.310690,222.630543
26.694615,19.050683,222.414496
27.068891,18.404351,222.368086
28.361691,18.827914,222.367603
29.051019,18.803455,222.169318
29.211342,18.875650,222.099275
29.288635,18.925752,222.015011
29.765410,18.968103,222.176351
30.219851,18.902306,222.189889
30.443684,18.964272,222.178147
30.615763,18.919261,222.218636
30.766582,18.969760,222.448347
31.405318,18.811485,222.304499
31.958234,18.163599,222.048010
32.586055,18.025007,222.141415
33.395473,18.051125,222.476143
33.483439,18.053521,222.520590
33.673844,18.116783,222.453229
34.020120,18.276759,222.118134
34.327334,18.400602,222.101078
35.290306,18.409764,222.386661
35.425268,18.489410,222.306980
35.935424,18.368984,222.114093
36.268087,18.532477,221.786036
37.204287,18.515266,221.874638
37.780161,18.512625,221.882332
37.879343,18.571803,221.825301
38.417294,18.855554,221.512307
38.639449,18.903492,221.350458
39.261576,19.485893,221.251479
39.474818,19.620778,221.629503
40.678586,20.206926,222.308715
41.304209,20.049859,222.474195
41.770136,20.114268,222.716819
42.688303,20.296004,222.563767
43.569751,20.627636,222.678152
43.928781,20.811649,222.567541
44.578914,21.155328,222.954885
44.819017,21.219593,222.947384
44.954245,21.156838,222.929768
45.570455,21.535301,223.169454
46.415538,21.275186,223.469335
47.160306,21.333536,223.645667
47.174712,21.308641,223.684087
48.130131,21.640523,223.400992
49.516285,22.107153,223.098700
50.709657,23.100061,223.210124
51.450943,23.627764,223.202993
51.634676,23.702793,223.111768
52.508076,24.158188,223.164928
52.875795,24.272245,222.965220
53.042903,24.365710,222.851614
53.634818,24.219210,222.657041
54.374610,23.582810,222.669895
54.593273,23.582525,222.846017
55.178443,23.852748,222.922696
56.403013,24.293956,222.786979
57.337304,24.205465,223.095863
57.408925,24.180507,222.899576
57.651766,24.038514,222.736531
59.014127,24.794635,222.737363
59.307412,24.993099,222.804655
59.955033,25.066746,222.862082
59.956808,25.067070,222.862367
60.253310,24.766426,222.806653
60.508382,24.827873,222.808823
61.580797,24.805929,223.222804
62.024431,25.028495,222.991944
62.447557,25.233174,222.618231
63.118200,25.326033,222.332527
64.066999,26.286072,222.515963
65.135483,26.625369,223.224011
65.422005,26.755939,223.130356
65.753052,26.662839,222.914189
66.021069,26.721391,222.802899
67.027152,26.567243,222.921062
67.988799,26.558279,222.943885
68.720104,26.943830,223.140279
69.251376,27.142478,222.943959
69.948335,27.059761,223.007258
70.977271,27.951970,222.665254
71.545083,28.240151,222.410214
72.743322,28.697867,222.066498
74.166956,29.046561,222.149505
74.467655,29.125479,222.070429
74.989552,29.173623,221.928649
76.202083,29.694710,221.682217
76.406926,29.809596,221.802683
77.378600,30.000525,221.761408
78.543403,29.966569,221.606648
78.871580,30.111150,221.534299
79.974730,30.978196,222.078549
81.131587,31.043135,222.321684
81.134507,31.120213,222.321201
81.889068,31.230286,222.337596
82.605620,31.571725,222.039835
83.121012,31.617990,222.395992
84.883058,32.255700,222.530609
85.587958,32.553384,222.743284
86.061674,32.524757,222.613067
86.544014,32.417748,222.518400
86.833883,32.570286,222.356419
87.451553,32.221847,222.609903
88.046575,32.561576,222.651885
89.823972,33.133459,223.189642
90.678586,33.237564,223.910632
91.310190,33.076094,223.956090
91.964296,32.731845,224.254776
93.443256,33.134992,224.327743
93.878498,33.255133,224.872774
94.601537,33.342393,224.643134
94.640613,33.315960,224.525042
95.342501,33.536694,224.425295
95.792751,33.758492,224.951398
96.439253,34.016962,224.693215
97.398978,33.732297,224.416962
97.597384,33.830207,224.479080
98.990097,34.731394,224.533361
100.003733,35.256026,224.304944
100.475488,35.470789,224.128515
100.478010,35.500933,224.184353
101.308618,35.664486,223.861528
102.217485,36.032595,224.145624
102.399788,36.190091,224.372408
102.908548,36.283814,224.406575
103.331450,36.265459,224.248079
104.635566,36.690972,223.997022
106.214986,37.262599,224.811578
107.106513,37.194232,224.703006
107.620447,37.403272,224.529192
108.127318,37.608787,224.588424
108.659274,37.848042,224.388811
109.646089,38.031942,224.406980
110.548124,38.900809,224.376963
110.929040,38.896125,224.361044
111.290278,38.774291,224.256557
112.023549,38.843634,224.051656
112.048151,38.807394,224.055446
112.744748,38.657008,223.517613
113.134516,39.560893,223.592618
113.769471,39.770938,223.434849
115.311418,40.210577,223.387499
115.332787,40.223705,223.382578
115.335140,40.222975,223.380937
116.033047,40.484626,223.433602
116.861912,40.874615,223.992399
116.862232,40.876755,223.995376
117.547772,41.259727,224.035662
119.437549,41.662182,224.921327
120.484329,42.053882,224.524242
120.892664,42.253668,224.487144
122.479756,42.583026,224.903435
123.114326,42.924522,224.931061
124.353117,43.119926,225.847099
125.694100,43.850641,225.688778
125.740749,43.928850,225.649383
125.741129,43.936149,225.645596
127.731096,44.762533,225.883176
128.330190,45.071303,226.023513
129.201193,45.276225,226.022597
129.654751,45.524108,226.212575
131.539120,45.978215,226.495116
131.711605,46.049314,226.426181
132.707506,46.118339,226.642571
134.373107,46.028244,226.312785
136.032136,46.419036,225.587754
136.653962,46.585965,225.529501
137.538243,46.705013,225.931574
138.618223,47.903615,225.726897
139.399853,48.314200,225.645259
140.335069,49.336623,226.392577
141.129151,49.573015,226.580071
141.998342,49.995942,226.719693
144.240448,50.370883,226.623466
144.249580,50.474213,226.673863
145.665269,50.807382,227.201155
146.098000,51.645686,227.308779
148.009134,51.905546,227.509000
149.494118,52.125770,227.129273
149.737368,52.204739,227.220070
150.516658,52.488500,227.158186
150.521141,52.512132,227.144589
150.998988,52.280670,227.281700
152.964512,52.861432,227.933657
153.322962,52.595215,227.846712
153.622808,52.494040,227.537567
153.995961,52.735021,227.583745
155.503005,53.207029,228.266579
156.528374,53.852184,227.822185
156.528057,53.928379,227.584634
157.007920,54.444071,227.445997
157.112343,54.646593,227.416960
158.019137,54.827855,227.451495
158.308073,54.756668,227.269430
158.824518,55.134568,227.064120
160.322409,55.375926,227.472890
160.827097,55.588277,227.540981
160.827767,55.591241,227.541909
161.789770,54.955132,227.799305
161.933620,55.185255,227.384561
162.456339,54.998497,227.181626
162.841436,55.424206,227.027535
162.996446,55.529224,226.959451
163.454655,55.582999,226.613722
164.729555,55.196998,226.638548
165.237421,55.087928,226.818114
165.991494,54.638526,226.560038
166.331126,54.882216,226.713715
166.645184,55.109363,226.871008
166.652199,55.253595,226.892486
166.962331,55.600854,226.667921
167.769749,55.681732,226.406613
168.555891,55.140236,226.131885
169.072515,55.648036,226.061323
169.383020,55.968810,226.078419
169.676976,55.842067,225.811554
170.040263,56.182890,225.902760
170.323346,56.206079,225.918080
170.324536,56.208884,225.918094
171.319534,56.257311,226.185760
171.391796,56.276139,226.113199
171.835930,56.337326,226.057943
173.500038,57.539037,225.720139
173.888120,57.660401,225.947378
174.412715,58.207407,225.767335
174.502477,58.353931,225.695300
175.138402,58.606105,225.453775
175.368788,58.209149,225.383349
176.552483,57.777159,224.928845
176.854710,57.674064,224.830708
177.441272,57.906638,224.477125
178.021576,58.023898,224.623122
178.664862,57.596595,224.417014
179.976113,58.501314,223.802565
180.292742,58.363704,223.882099
180.448205,58.378815,223.858298
182.044680,58.181105,223.616086
182.792983,58.033627,223.360179
183.055385,57.957203,223.376357
183.353782,57.602416,223.434769
183.745504,57.645660,223.315681
184.887878,57.622078,223.349443
185.296322,57.927022,223.217772
186.232052,57.435065,222.663493
187.027239,57.358974,221.993901
187.418248,57.291513,221.707143
187.575780,57.442518,221.554954
187.716178,57.328341,221.625429
188.211124,56.705675,221.392745
189.212185,56.538636,221.465118
189.316583,56.609691,221.484319
189.884680,56.989578,221.466342
190.045746,56.955151,221.226206
190.192510,56.607845,221.183118
190.592220,56.643078,220.936946
191.128274,57.026595,220.775554
191.209940,57.066389,220.640912
191.708443,57.103470,220.778043
192.127182,57.081259,220.666301
192.713229,57.384227,220.569721
192.810374,57.479823,220.546750
193.012672,57.450903,220.640190
193.497890,57.356639,220.035618
193.891419,57.651707,219.829959
194.391443,58.098414,219.478992
195.131146,57.454466,219.184279
195.663188,57.646691,219.142558
196.800340,57.360758,218.161634
196.813548,57.374613,218.167690
197.331904,57.301010,218.038574
197.310713,57.159241,218.025770
197.432064,56.991541,218.116580
197.459327,56.924395,218.154934
197.722115,56.659210,217.652150
197.878277,56.614885,217.492671
197.948339,56.403568,217.220097
198.850751,55.993476,216.786568
198.996281,56.019940,216.588123
198.980046,55.972206,216.576863
199.028961,55.880444,216.594794
199.655870,55.385564,216.538277
199.905319,54.476861,216.314842
200.161763,54.226880,215.920921
200.235263,54.213709,215.876254
200.514611,53.662443,214.912591
200.798737,52.758818,214.671735
201.409284,52.364153,214.150482
201.743623,51.900541,213.783764
201.840609,51.473860,213.680913
202.219570,51.275227,213.449112
202.405256,51.402693,212.410936
202.270376,51.315389,212.293932
202.691916,50.985825,211.385047
202.822320,50.536231,210.784274
203.060732,50.869711,210.476013
203.040930,50.921681,210.351297
203.073540,51.002243,210.298019
203.140749,50.800670,209.628877
203.363753,50.904646,209.332109
203.335475,50.738723,208.499835
203.293116,50.771124,208.449998
203.506044,50.119417,207.945220
203.602412,49.818129,207.644159
204.514145,50.360475,205.971977
204.915557,50.019581,205.335556
205.386040,49.760215,204.827337
205.348482,49.791036,204.374166
205.366255,49.847648,204.301343
205.737937,49.777684,203.477104
205.828866,49.363546,203.035151
206.120272,49.152602,202.736803
206.084631,48.890479,202.085051
206.029890,48.943370,202.025188
206.316138,48.269772,201.571682
206.218607,47.446969,200.856204
206.532027,47.190618,200.450958
206.721017,47.037810,200.260313
207.029995,47.262583,199.605122
207.078603,47.427348,199.310012
207.117194,47.179529,198.801428
207.712956,47.438765,198.459763
208.143706,46.767871,197.683778
209.081509,46.696123,196.928717
208.960852,46.526589,196.778044
208.960342,46.526022,196.776689
208.778471,46.166970,196.683746
209.022965,45.979455,196.280450
208.924489,45.841892,195.838199
208.934821,45.856811,195.731499
209.004366,45.848167,195.640918
208.862332,45.698509,195.370170
209.361473,44.836012,194.825144
209.266252,44.928779,194.699097
209.605457,44.996368,194.225767
209.704956,45.069072,194.196167
209.844063,44.138761,193.644286
209.907827,44.074711,193.674863
210.045864,44.022446,193.442048
210.334080,44.116209,193.063309
210.974496,44.289528,191.689937
211.003808,44.237499,191.257399
211.347349,44.010563,190.400211
211.653398,43.633169,189.158723
211.562145,43.750899,188.963001
211.561993,43.750784,188.961540
211.915786,42.599611,188.082484
211.875675,42.684542,187.819125
212.007840,42.644338,187.190400
212.165915,42.570226,185.992597
212.202204,42.266632,185.733904
212.250024,42.374177,185.682942
212.225910,42.330138,185.453357
213.375917,42.315599,184.847231
213.254461,41.492609,184.236419
213.206374,41.443414,184.053185
213.616265,41.382439,183.364328
214.393955,40.164274,182.228343
214.697656,39.917591,181.916150
214.775807,40.056578,181.766941
214.700396,39.380665,181.483597
215.019201,39.699778,181.242076
215.585438,39.816783,181.031239
215.451328,40.004555,180.756196
215.437862,39.993750,180.669799
215.417200,39.892767,180.580515
214.678205,39.368585,179.215871
215.287236,38.963563,177.921485
215.232061,39.179127,177.413831
215.279451,39.332373,176.454858
215.774477,39.356493,175.682722
215.762649,39.365651,175.667763
216.048397,39.408058,174.705162
215.856823,39.265688,174.449234
216.056192,39.082220,174.144677
216.034713,38.905859,172.657171
215.888146,39.056571,172.338019
215.933695,38.140528,170.896693
215.889084,38.128252,170.514343
216.545705,38.110384,170.340151
216.775320,37.752026,169.603133
216.843081,36.975743,169.143634
216.116758,35.573778,167.704122
216.312801,35.287142,166.828119
217.276775,34.962151,164.899706
217.330491,34.993393,164.864939
217.648816,34.680935,163.895211
218.048423,34.754534,163.426189
218.482467,34.189636,161.506753
218.715670,33.602585,160.040292
218.705558,33.578305,159.935593
218.704885,33.579518,159.933092
218.903440,33.422535,159.260370
218.737680,33.548115,158.239124
218.313841,33.529093,157.582554
218.984813,33.092161,156.104393
219.099745,32.480994,155.244296
219.241924,32.410587,154.944656
219.326384,32.639337,154.343795
218.935194,32.329690,153.388267
218.942969,32.347321,153.368893
218.836532,32.187054,152.847497
219.220387,31.794536,152.024435
219.284016,31.738959,151.196959
219.570577,31.533099,150.472986
220.208003,31.756141,148.597207
220.067447,31.648513,148.506706
220.238699,30.947646,147.201776
220.254104,30.797721,147.028084
220.457415,30.644246,146.315907
220.426923,30.509207,146.230907
220.701063,30.663107,145.451307
221.237021,30.510714,144.145893
220.963498,29.716959,142.818018
221.026088,29.634601,142.735749
221.219084,29.610459,142.296068
221.467663,29.729780,141.085333
221.266724,28.910375,140.760158
221.438813,28.640841,140.106323
221.929488,28.350597,138.392938
221.951862,28.412298,138.339311
222.021074,28.485617,138.297283
222.027990,28.554822,138.082090
222.105220,28.481141,137.170610
222.224706,28.395819,137.062327
222.406142,26.942096,135.948461
222.391646,26.703303,135.798594
222.568240,26.258752,134.993222
222.815444,26.522129,134.019560
223.112690,25.996766,133.236009
223.126523,26.020173,133.224690
223.068380,25.026851,132.411988
223.091418,25.056243,132.353506
223.339979,25.285170,131.594893
223.434142,24.930809,131.349849
223.239490,25.057284,130.556651
223.425323,24.624134,129.925909
223.685191,24.211152,128.300944
223.658804,23.686935,127.142470
223.793682,23.662521,126.426195
223.819598,23.638037,126.420976
224.602532,23.572438,123.675007
225.123160,22.608122,122.479790
225.230913,22.455481,121.516408
225.598020,21.986289,120.176503
225.575118,21.165148,118.291100
225.575866,21.145226,118.275275
225.875510,20.882382,117.964300
225.893776,20.843632,117.891578
226.103481,20.681634,117.254354
226.165254,20.508032,116.248486
226.064550,20.534787,115.768429
226.273247,20.472243,114.990261
226.695603,20.109669,114.213474
226.961247,19.800622,113.492577
227.104830,19.972443,113.165233
227.183063,19.996888,113.075214
227.312039,19.757812,112.756158
227.292933,19.772368,112.734818
227.639235,19.935142,111.539105
227.676870,19.936217,111.542725
227.824692,19.847797,111.091036
228.092418,19.497348,109.967634
228.306723,19.330568,108.969923
229.019110,19.207381,107.860230
229.308883,18.960052,106.757399
229.698125,18.708701,105.383233
230.060788,18.414340,104.100516
230.214945,18.469273,103.527958
230.342733,18.401462,103.136455
230.807347,18.537801,101.232872
230.904183,18.453513,100.994170
231.000993,18.439103,100.933715
231.314560,18.642423,99.827827
231.258997,18.686948,99.703869
231.564775,18.713873,98.579198
231.572931,18.710416,98.532303
231.647034,18.702940,98.492642
231.614776,18.749918,98.348463
232.016855,18.688015,97.690866
232.219548,18.693702,97.530764
231.996194,18.580318,97.172974
231.812115,18.673724,96.327368
231.851648,18.897836,95.795693
231.920704,18.948936,95.528871
232.074600,18.812185,94.994623
232.189799,18.893709,94.480216
232.180772,18.029744,93.547483
232.401753,18.497742,91.949371
232.279664,18.523502,91.188030
232.242286,18.403037,90.087121
232.758295,18.203798,87.625500
232.699236,18.354403,87.412868
232.796276,18.426069,86.931422
233.039953,18.052772,84.838280
233.372551,17.843414,83.975625
233.502498,17.750578,83.543969
233.940397,17.637799,82.799166
234.009462,17.579768,82.670632
234.322872,17.565702,82.099129
234.451259,17.497166,81.673463
234.541381,17.264466,81.028335
234.503002,17.297230,80.967993
234.717858,17.152119,80.147668
234.857508,17.136151,79.397677
235.148184,17.070834,78.459374
235.209514,17.042655,77.965808
235.261990,17.173982,77.464568
235.386921,17.074763,77.061806
235.513699,16.828471,76.131386
235.658794,16.876364,75.937683
236.298528,17.030716,75.499749
236.196157,16.974541,75.085382
236.156828,17.013644,75.015683
236.205796,17.021326,74.310496
236.176082,17.185416,73.026422
236.113655,16.943782,71.398527
236.316168,16.776992,70.703462
236.339742,16.752097,70.632006
236.154343,16.790017,69.974281
236.274103,16.668353,69.184031
236.374407,16.604720,68.843526
236.641660,16.432646,68.095923
236.735060,16.632561,67.775959
236.625650,16.718297,67.029073
236.824813,16.710602,66.556877
236.820627,16.257434,66.111778
236.886823,16.165057,65.737461
237.185880,16.103368,65.625370
237.381621,16.110346,65.583454
237.567947,15.329855,64.532363
237.597237,15.308327,64.490728
237.789666,15.347798,63.861446
237.791418,15.333819,63.863173
237.790959,15.334468,63.861752
237.990306,15.277154,62.513174
237.780585,14.942013,61.217664
238.001322,15.018946,60.415720
238.116409,15.044297,60.156230
238.414300,15.198880,59.461277
238.688979,15.115326,58.763304
238.870682,15.228832,58.180006
238.955225,15.186771,57.889547
239.080968,15.245764,56.972926
239.290200,15.237981,55.952269
239.383347,15.178760,54.853514
239.461479,15.111709,54.627898
239.620388,15.244550,53.343924
239.702642,15.160163,53.129541
239.760096,14.863568,52.435841
239.756692,14.848872,52.423635
239.646233,14.935929,51.781746
239.577559,14.715452,50.791484
239.687650,14.629652,50.408001
239.732236,14.536298,50.137819
240.115854,14.393537,49.034188
240.170998,14.342222,48.900584
240.544247,14.336358,48.261154
240.631115,14.445467,47.818586
240.725082,14.348424,47.488689
240.697078,14.398124,47.268307
240.840547,14.461892,46.498805
240.860636,14.206718,45.781593
240.858813,14.234027,45.272733
241.114765,14.337280,44.272196
241.647159,14.051011,43.524716
241.226522,14.015915,43.325364
241.199795,14.126622,43.024202
240.982251,14.077043,42.929266
241.023705,14.036518,42.796804
240.923406,14.119912,42.308560
241.026370,14.019444,42.046263
241.015134,13.900486,41.582133
241.006157,13.909334,41.571856
240.595137,13.927359,40.985540
240.548893,14.068726,40.656178
240.648445,14.085642,40.318634
240.665178,13.905185,39.536111
241.076757,14.023721,39.088714
241.186145,13.839237,38.541551
241.213267,13.812705,38.437092
240.832767,13.702478,38.010495
240.891517,13.633910,37.816850
240.990463,13.632020,37.535748
241.007866,13.615578,37.433686
241.133286,13.600973,36.960316
240.977867,13.802941,36.560107
241.275514,14.001193,36.138977
241.270798,14.006472,36.135939
240.834752,13.982085,35.797650
240.895131,14.114385,35.744197
240.833248,14.036605,35.648740
240.862526,14.008992,35.575818
241.466676,14.043262,35.006679
241.490837,14.113594,34.845806
241.507735,14.213331,34.795310
241.330476,14.188494,34.171008
240.439306,14.028273,33.614899
240.167396,14.137892,33.311203
240.092030,14.196167,33.074465
240.141871,14.171718,32.905429
239.479826,14.057033,31.889325
239.217885,13.943464,31.603307
239.199206,13.736106,31.321884
239.028225,13.646181,31.010977
238.951290,13.196360,30.590329
238.951442,13.317460,30.138740
238.851831,12.948318,29.742514
238.801291,13.042569,29.372638
238.821836,13.026600,29.336008
238.409513,12.925819,28.946728
237.817155,12.780256,28.636899
237.754485,12.882548,27.607795
237.806846,13.066654,26.848852
237.708281,13.047822,26.196442
237.467909,12.855088,25.495570
237.368108,12.684124,25.052915
236.875018,12.630402,24.840351
237.127065,12.701674,24.441794
236.987096,12.698323,24.119071
237.032259,12.725894,24.058107
237.112039,12.873236,23.779590
237.120067,12.875952,23.711617
237.121652,12.956024,23.429691
237.188046,12.936994,23.347119
237.310637,12.933528,23.155620
237.356967,12.956569,23.080442
237.428323,12.939226,22.985310
236.908634,12.892347,22.759901
236.855366,12.873781,22.511934
236.791916,12.872159,22.035413
236.841370,12.867650,21.959172
236.651741,12.934817,21.589297
236.167137,12.900446,21.550656
235.980570,12.971660,21.505695
235.909109,12.974652,21.583263
235.831742,12.940814,21.668817
235.111012,12.770077,21.398897
234.791021,12.759900,21.401377
234.599396,12.771792,21.380642
234.106896,12.782561,21.433069
233.844932,12.766508,21.364127
233.669849,12.818141,21.366919
233.599147,12.838984,21.422264
232.741219,12.758072,21.392197
232.672822,12.739121,21.434699
232.604979,12.849921,21.161246
232.426882,12.779719,21.116074
232.443783,12.730972,21.062081
232.040153,12.818797,20.680853
231.875381,12.785979,20.785750
230.754961,12.873286,20.677758
230.561630,12.924998,20.831816
229.867364,12.902128,20.807642
229.785202,12.889679,20.809369
229.599493,12.905080,20.911237
228.858286,12.835035,20.682427
227.384874,12.771716,20.238317
227.143348,12.911334,20.098648
226.910313,12.988347,19.839656
226.691285,13.114909,19.770505
226.334865,12.942839,19.583105
226.206015,13.003933,19.669759
226.073419,13.034346,19.763990
226.027603,12.991311,19.795489
225.479012,12.954945,19.921663
225.422947,12.915317,19.798056
225.009900,12.921448,19.472244
223.893078,12.893534,19.374559
223.372700,12.901379,19.237144
223.080617,12.879207,19.046358
223.018949,12.903499,19.083191
222.954832,12.786806,19.129174
222.573197,12.892178,19.018559
222.270738,12.734827,19.005237
222.244328,12.670513,18.864708
221.386265,12.622459,18.649233
221.378928,12.615570,18.657786
221.265635,12.663158,18.649308
221.057598,12.490950,18.607955
220.766876,12.504318,18.648089
219.923867,12.630810,18.230402
218.759534,12.620883,17.757957
218.572010,12.693423,17.683516
218.233263,12.660203,17.617578
217.698713,12.634698,17.349319
217.445233,12.416847,17.047100
217.247129,12.267231,17.134386
216.162933,12.330920,17.119581
215.136056,12.596317,16.444644
214.709442,12.737342,16.164684
214.647730,12.655534,16.075654
213.841154,12.584080,16.156708
212.743505,12.545350,16.152866
212.306289,12.769163,16.220911
211.597180,12.711531,16.315289
211.461654,12.756465,16.370870
211.329449,12.752922,16.085321
211.279500,12.723084,16.049750
210.667628,12.707373,16.189925
210.371273,12.798228,16.250319
209.950376,12.773117,16.184990
209.799128,12.815629,16.240965
209.440215,12.870730,16.341796
208.717874,12.855618,16.271152
208.589618,12.773164,16.346835
208.272669,12.850027,16.457858
207.745557,12.816978,16.533840
206.127834,12.515167,16.373883
206.053918,12.397103,16.413961
205.344804,12.477845,16.664980
204.209540,12.402721,16.370337
203.604122,12.398197,16.416603
202.971525,12.329705,16.331560
203.063550,12.390794,16.100523
202.163415,12.318331,16.223852
201.520172,12.096669,16.415101
200.641757,11.910664,16.233376
199.444183,11.702531,15.875092
199.219940,11.749513,15.941644
199.262733,11.762897,15.914663
198.998338,11.772699,15.899158
198.961910,11.749788,15.965978
198.725836,11.800958,16.038267
198.723594,11.798013,16.034319
198.243345,11.896156,16.175824
197.088903,11.852058,15.985170
197.078269,11.837176,15.983044
195.900507,11.890881,15.539858
195.508711,11.870137,15.334396
195.085848,11.933538,15.597850
195.079374,11.934274,15.598905
193.014720,11.730556,15.456600
192.584152,11.838566,15.602638
192.248029,11.774975,15.700854
192.209310,11.706262,15.733664
192.117087,11.730320,15.769984
192.108021,11.758108,15.745722
191.789078,11.735940,15.706259
191.515249,11.782945,15.402619
191.228439,11.839825,15.480119
191.178856,11.885222,15.338959
191.177893,11.886121,15.337605
189.515164,11.941199,15.168846
189.103179,12.048061,15.306097
188.854078,12.303662,15.188443
188.850217,12.309158,15.175488
188.577736,12.370602,15.225983
187.871320,12.388704,15.323803
186.177647,12.609177,15.641195
185.820107,12.525084,15.725812
184.764155,12.481869,16.115221
184.524599,12.769089,15.987353
184.750919,12.915934,15.893463
184.916874,13.072248,15.809276
184.831192,13.070137,15.823728
184.450257,13.126108,15.964503
183.835170,13.404370,16.007852
182.373822,13.585710,15.879912
180.735843,13.463413,15.842156
180.062895,13.432424,16.072374
179.251020,13.489808,16.128009
178.254282,13.724847,16.225432
175.575288,13.548179,16.411693
174.602949,13.473461,16.323805
173.432836,13.410511,16.302228
172.752918,13.331965,16.215133
172.321641,13.045538,16.222763
172.303540,13.145027,16.235595
171.896757,13.109575,16.128371
171.476375,13.131237,16.092023
171.468247,13.152563,16.078101
170.884243,12.987188,16.208205
169.535951,12.882707,15.929824
168.517024,12.933745,16.139279
167.956068,12.936667,16.078308
166.384398,12.939401,16.008330
166.362507,12.923977,15.989125
165.593473,13.092333,15.854154
165.184569,13.050851,15.914862
164.686343,13.369942,15.937573
164.124007,13.257173,16.497680
163.775805,12.983029,16.569538
163.347441,12.903303,16.468309
163.346188,12.902985,16.468407
163.344939,12.902657,16.468508
163.254485,12.876940,16.441947
162.813714,12.801049,16.534254
161.443165,13.054818,16.296731
160.832519,13.210575,16.712661
159.882742,13.390704,16.565335
159.875812,13.383568,16.561361
159.338207,13.459450,16.681746
159.307752,13.428868,16.700075
158.454431,13.345253,16.628400
158.010317,13.419873,16.711134
156.900058,13.227381,16.887753
156.176830,13.213225,16.616194
155.377277,13.255223,16.794113
154.470221,13.433234,17.040992
152.720806,13.491951,17.489906
151.638391,13.845656,17.159379
151.170377,13.944780,17.251073
149.884349,14.152494,17.218618
149.881623,14.153436,17.210172
149.335948,14.165174,17.454008
148.993798,14.081072,17.836339
148.990117,14.087562,17.825144
148.950217,14.064931,17.799324
148.950127,14.067143,17.806969
148.921010,14.086589,17.737170
148.919389,14.093724,17.739048
148.677761,14.061017,17.880918
148.230416,14.399019,17.943221
146.657097,14.154781,17.956977
144.938278,14.377553,18.222387
144.117774,14.585633,18.156740
143.884901,14.545404,18.190519
143.883527,14.545390,18.190479
143.851749,14.514501,18.145609
142.904484,14.491391,18.167122
142.872671,14.504464,18.218684
142.442770,14.212871,18.317915
141.784426,14.275234,18.390060
140.918927,14.502730,18.581834
140.668269,14.459306,18.520349
139.862914,14.480020,18.544231
139.049111,14.275858,18.349514
138.112690,14.709382,18.389262
138.105955,14.717073,18.398763
137.727771,14.820542,18.471545
136.856937,15.104697,18.202705
136.853428,15.111885,18.210895
136.840511,15.105278,18.236076
136.457682,15.222232,18.297559
135.872478,15.096789,18.235790
135.418538,15.021482,18.146833
134.543553,14.990174,18.011895
133.930079,15.183736,18.094326
133.067569,15.307414,17.998441
132.827148,15.271160,17.960024
132.683898,15.152042,18.019531
129.626603,14.915029,17.862137
128.786924,14.826235,17.728663
128.242059,14.752986,17.646572
125.545129,14.982294,18.132643
125.045162,15.019119,18.411427
123.649158,15.102630,18.362767
123.407035,15.199415,18.167989
122.946578,15.301122,18.233611
122.196207,15.027182,18.202058
122.193729,15.019238,18.207517
122.192095,15.017604,18.210565
121.899723,15.118155,18.418890
121.151976,15.160090,18.286749
121.074211,15.153444,18.240303
120.777769,15.068961,18.167051
120.495291,15.158882,18.009798
119.283532,15.297175,18.015158
119.211689,15.310452,17.997984
118.555093,15.204741,18.061125
118.150534,15.356566,18.161623
117.054595,15.576986,17.925333
116.421231,15.585631,17.723338
116.004541,15.672992,17.591643
116.002763,15.671645,17.588806
115.994825,15.876070,17.228185
115.815023,15.961992,16.978337
115.233146,16.002644,16.844694
114.484087,16.105134,17.086795
114.091447,16.066944,17.049853
113.271183,15.988597,17.223444
112.436618,16.078682,17.266309
112.336071,16.048104,17.373909
112.373177,16.196670,17.379331
112.029809,16.153482,17.316954
111.304435,16.008454,17.269578
110.952010,15.962741,17.237620
110.944506,15.973333,17.217367
110.402261,15.844900,17.135782
109.337606,15.681798,17.102347
108.719651,15.996421,17.313706
108.457423,16.237314,17.317985
107.896744,16.205551,17.340115
106.990853,16.888083,17.584979
106.353367,17.138563,17.641133
105.958904,17.350365,17.328945
105.668438,17.357609,17.408108
105.412943,17.319528,17.431688
104.442208,17.205374,17.470053
103.729536,17.474543,17.549660
103.180700,17.466156,17.883617
102.320784,17.648642,17.823068
101.366861,17.576494,17.612712
101.141500,17.560335,17.599420
100.550049,17.556047,17.710372
99.512132,17.639642,17.886063
99.507198,17.635778,17.897354
99.122260,17.635198,17.795544
98.548297,17.595031,17.797650
98.202147,17.730977,17.497603
97.799182,17.881620,17.399601
97.433837,18.219715,17.097420
96.782024,18.645655,17.190899
96.787232,18.701858,17.117237
96.467863,18.673933,17.104978
96.002838,18.780173,17.092546
95.904013,18.940397,16.885426
94.920536,19.364514,16.901775
94.116713,20.180108,16.871262
93.996580,20.193635,16.803246
93.854090,20.148858,16.740911
93.188895,20.759391,16.710030
92.900737,21.009925,16.694511
92.388411,21.143881,16.666451
91.827622,21.121877,16.878532
91.263530,21.819504,17.254491
90.974645,21.765786,17.300415
90.434597,21.868804,17.029551
89.939558,22.361647,16.796642
89.486354,22.844681,16.966910
89.128320,22.797930,16.993528
88.667058,23.089509,16.939080
87.987260,23.379959,17.039128
87.553659,23.352652,16.950601
87.195943,23.788303,17.369635
86.971341,23.905918,17.403596
86.492839,23.924867,17.536700
86.234213,23.873451,17.528334
85.957679,23.797258,17.549132
85.797584,23.752895,17.609981
85.435041,23.730979,17.654752
84.921972,23.856145,17.696071
84.722346,23.780460,17.792069
84.375887,23.711264,17.781412
84.100513,23.656080,17.813998
83.237996,23.863029,18.202844
81.996115,24.373351,18.419310
81.016775,24.784865,18.530014
81.480259,26.058007,18.554662
81.312600,26.535961,18.522224
81.118515,26.930296,18.564039
81.160312,27.357530,18.431063
81.548051,27.432988,18.405956
81.787941,27.495334,18.317993
82.345837,28.241079,18.505905
82.496723,28.337977,18.442513
82.781306,28.668780,18.368944
83.180253,28.753143,18.294917
83.426034,28.819553,18.289754
83.639876,28.910393,18.251991
83.666243,28.986106,18.190431
83.907616,29.086117,18.118845
84.362701,29.412491,17.994645
84.735318,29.468568,17.974614
84.887237,29.505999,17.965996
85.097378,29.800476,17.936971
85.341282,29.876740,17.902134
86.058449,30.528490,17.910971
86.474924,30.896702,17.697476
86.725645,31.019822,17.626631
87.000445,31.339110,17.595579
87.346671,31.667153,17.420102
87.726463,32.241943,17.114544
88.286139,32.629658,16.803385
88.578047,32.785939,16.590422
88.896774,33.329907,16.686615
89.146912,33.469481,16.487988
89.409286,33.851751,16.229697
89.860025,33.987631,16.175520
90.067540,34.129380,16.188794
90.544863,34.708194,16.039265
91.111522,34.993675,15.792562
91.220873,35.106071,15.762646
91.176910,35.535327,15.720212
91.513723,36.091074,15.242006
92.321264,36.434040,15.193426
92.911785,36.801274,15.029335
93.340076,37.464366,15.115794
94.022538,37.746864,14.959888
94.498093,38.118546,14.965287
95.097488,39.036320,14.898096
96.333970,39.400761,14.881175
96.883806,40.239669,15.122294
97.006918,40.604288,15.048345
97.700161,40.854479,14.698011
98.680550,41.348343,14.538058
99.321590,41.443664,14.502915
100.150217,41.988396,13.962902
100.842101,42.398294,13.931673
101.231750,43.389693,13.952513
101.255946,43.706309,13.909359
101.781536,44.148456,13.788504
101.928411,45.046583,13.960363
102.071289,45.401476,13.879549
102.559854,45.754821,13.883417
103.322398,46.324186,13.696193
103.773293,46.737555,13.734001
103.765674,46.757807,13.823125
104.372201,47.779626,13.844356
105.050317,48.285329,13.981524
105.083353,48.512803,14.144679
105.082222,48.516084,14.145160
104.820462,49.280532,14.399089
104.904795,49.273938,14.365517
106.114661,49.779345,14.354621
106.445080,49.911677,14.413862
106.356768,50.274363,14.408671
106.698714,50.651802,14.326553
106.990452,51.119631,14.523822
107.179929,51.810798,14.538895
107.873888,52.198927,14.322240
108.222100,52.413224,14.242122
108.887334,53.163065,14.373766
109.097063,53.710929,14.422610
109.904613,54.304681,14.399729
109.880865,54.509941,14.709780
111.290717,55.357705,14.280495
111.941575,55.768705,14.325676
112.849999,56.605128,14.201327
113.406299,56.814042,13.853497
113.126349,57.357632,14.112774
113.456600,57.635100,13.780944
114.045193,57.883946,13.620822
113.955851,58.482869,13.812953
114.174611,58.742931,14.075705
114.583506,59.310970,14.140074
114.546069,59.367416,14.132611
115.045193,59.597800,14.136584
114.988545,59.974669,14.331292
115.965569,61.125560,14.839557
119.322130,63.281937,15.071451
120.354707,63.979984,14.776151
121.140928,64.337467,14.695650
121.612771,65.208575,15.020486
121.646263,66.538621,15.240087
121.949925,67.479792,15.282548
122.114598,68.124635,15.445355
122.605996,68.842765,15.664148
123.359612,69.738633,15.536478
123.496933,70.217335,15.672313
124.726905,71.621087,15.583651
125.706636,72.360605,15.798192
126.553089,74.704626,16.130705
128.383148,75.768693,16.022638
128.393221,75.764994,16.028521
129.037185,76.221875,16.120877
129.105509,76.190733,16.139185
129.888363,76.579686,16.208362
131.746461,77.655701,16.069723
131.748921,77.655844,16.069083
131.624062,77.814689,15.936126
131.967867,78.448982,16.088125
132.107075,79.548306,16.549966
132.092317,80.184751,16.713966
133.009313,81.355892,16.663991
132.964782,81.461046,16.637951
133.493022,81.684630,16.670520
133.522279,81.743290,16.700427
133.421319,82.102083,16.775392
133.361642,82.811794,16.961012
133.893405,82.894716,16.901121
134.497148,83.188906,16.760337
134.482929,83.337857,16.840730
135.342669,84.949355,16.763505
135.343474,84.950740,16.763581
135.460637,86.135318,16.613176
136.078275,86.376805,16.523797
137.276787,86.913936,16.299996
137.456519,86.971066,16.256119
137.125450,87.311359,16.443341
137.193851,87.588185,16.472989
138.767551,88.320152,16.446943
138.969796,88.791712,16.673270
139.758009,89.527124,16.701427
141.522049,91.125327,17.245280
142.027549,91.893616,17.110066
142.108676,92.205818,17.310910
142.009941,92.446638,17.377940
143.059919,93.422539,17.050226
143.986805,93.877920,16.868189
145.380654,95.227376,16.994529
146.038826,96.947512,16.849130
145.920987,97.191033,16.884409
146.028342,97.194332,16.767039
146.016401,97.759849,16.876496
146.220412,98.221907,17.132910
147.090734,98.589014,17.144897
147.562559,100.019983,16.902071
149.323859,100.897759,17.182701
149.151603,101.336766,17.134504
149.148317,101.348732,17.144296
149.353346,101.346432,17.123207
150.161708,102.192482,17.067553
151.189006,103.229096,17.079005
152.080599,104.282849,17.182480
152.791448,104.865907,17.302437
153.461701,105.835576,17.718127
154.794963,106.647310,18.618082
155.395528,107.272921,18.759682
156.025819,108.059023,18.604470
156.035173,108.123781,18.572074
155.932986,108.553848,18.744961
157.084699,109.561806,19.093018
157.104454,109.560205,19.107641
157.696950,110.437572,18.988093
158.318844,111.778288,19.469393
158.765770,111.909226,19.855264
159.223968,112.052806,19.778157
159.522496,111.990734,19.842375
159.640033,112.207258,19.887574
159.731900,113.294117,20.148285
161.030321,114.710653,19.950819
161.682572,115.444696,20.049874
162.407892,116.239920,20.202633
162.419573,116.233316,20.212075
162.473701,116.240649,20.178477
162.803635,117.174953,20.385510
162.847943,117.182327,20.415433
164.365764,118.703602,20.492495
164.827798,118.634556,20.386447
165.707083,118.777750,20.497053
166.168729,119.059578,20.392354
166.573776,119.895336,20.275369
166.926409,119.932736,20.204151
167.027635,120.547819,20.365114
168.398292,120.981477,20.158203
169.276780,122.431637,19.615972
170.773694,123.745349,19.470908
172.244266,125.980398,20.574569
172.554307,126.008414,20.497303
173.380820,127.032449,20.464683
173.377105,127.036093,20.463808
173.745161,127.160506,20.547371
174.390395,128.103084,20.665649
174.391675,128.106435,20.669270
175.356356,129.314292,20.526347
175.359758,129.313098,20.526702
176.273130,130.357500,21.488045
177.377344,131.849679,22.654698
178.027716,132.336124,22.951279
178.122586,132.531293,22.852719
178.519853,132.769398,22.942184
178.462263,132.832076,22.931349
178.570887,132.797138,22.899290
178.572182,132.797623,22.899280
178.727878,133.296512,22.959857
178.816422,133.259839,22.930392
178.824239,133.615885,23.042899
179.461498,134.220121,23.138435
181.034365,135.965830,23.337699
182.053739,137.096111,23.622808
182.310503,137.262716,23.687883
182.699932,137.496224,23.822696
182.414852,137.607508,23.865074
182.801525,137.726807,24.198982
183.439959,138.383277,24.341051
184.849415,139.312571,23.645210
184.879490,139.966638,23.887979
184.847129,140.626369,24.013579
185.130733,141.059908,24.133879
185.656380,141.827584,24.206844
185.650944,141.828932,24.299519
185.885988,142.063053,24.120565
185.916423,142.046890,24.078566
186.044876,142.192692,23.985886
186.161446,143.108181,24.222634
186.600662,143.644665,24.060758
186.614938,143.638062,24.054131
186.864477,143.962659,23.812051
187.637982,144.552536,23.841057
188.619255,145.275132,24.005748
189.587193,145.477047,24.102431
189.536737,145.501475,24.110371
189.790446,146.349178,24.081874
189.682085,146.386685,24.106985
189.662120,146.401899,24.115161
189.727320,146.410113,24.099742
190.097652,146.720132,24.227449
190.686437,147.572160,24.800808
190.650297,147.589198,24.794441
190.822809,148.261319,25.043373
190.907270,148.209414,25.051624
191.373908,149.758610,24.499888
191.361908,149.768702,24.494328
191.387638,149.752352,24.484470
192.023665,150.741391,24.137057
192.428932,151.366958,24.239714
192.589295,151.993129,24.317903
192.616930,152.071442,24.233163
193.456854,152.852959,24.135840
193.463222,152.861984,24.115629
194.351837,153.414898,24.209835
195.485347,153.840583,24.247727
195.537465,154.414933,24.371446
195.632567,154.389851,24.409683
196.116249,155.008187,24.373853
196.690043,155.524105,24.484467
196.645756,155.642851,24.498864
196.678766,155.754780,24.547162
196.780725,156.349475,24.761587
196.792396,156.410779,24.742611
196.846344,156.689761,24.896632
198.986550,158.865857,25.063351
199.308630,159.586549,25.234985
199.560133,160.119009,25.274855
200.418958,161.070396,25.623740
200.476694,161.055609,25.603501
200.953204,161.472396,25.732987
201.463396,162.316675,26.361222
202.453999,163.978749,26.447002
202.566846,164.122880,26.548571
202.563082,164.130362,26.557140
202.863767,164.531200,26.457392
202.962960,164.949555,26.651411
202.886641,165.009613,26.768680
202.894463,165.690399,26.721391
202.710233,165.962357,26.868456
203.301345,166.771470,26.772350
203.853071,167.480465,27.192267
204.065775,168.068379,27.358232
205.027236,168.669886,27.846177
205.028899,168.696068,27.815605
204.921368,168.874666,27.857402
204.559649,169.553008,27.886247
204.270595,169.890166,28.034233
204.632693,170.436144,28.164616
204.854914,170.802786,28.078873
205.326552,171.608300,28.130133
205.326147,171.609757,28.130566
205.253255,171.695471,28.118887
205.477160,172.114964,28.388000
205.505940,172.243627,28.465233
205.902163,173.150171,28.604140
205.822390,174.443995,29.368351
205.844511,175.131914,29.356565
205.885653,175.517615,29.243059
205.892367,175.949402,29.142439
205.859234,176.088165,29.275539
206.336110,176.864288,29.364210
206.123179,177.317089,29.236683
206.419653,177.783373,29.362425
207.071478,178.765382,29.608379
207.242198,179.204128,29.468249
207.264033,179.355631,29.345447
207.443972,179.761495,29.518196
207.618245,180.258529,29.780937
207.969358,180.589579,29.835699
207.525340,181.156787,30.019322
207.681150,181.460580,29.901163
207.372020,181.748121,30.328249
207.398472,181.744760,30.399698
207.519301,181.981241,30.434284
207.522963,182.900170,30.433909
207.407449,183.513835,30.456227
207.729591,184.181663,30.487127
207.724742,184.272456,30.411036
207.704727,184.278423,30.424620
207.799702,184.631762,30.565939
207.805553,184.675052,30.646654
207.788619,184.707336,30.654360
207.979349,184.853932,30.926783
208.590546,185.737194,30.985658
208.557218,186.653346,31.215747
208.605985,186.979589,31.178997
208.567646,186.991760,31.194146
208.289867,187.714054,31.200862
208.833975,188.685211,31.181143
208.978090,189.101287,30.786060
209.079054,189.321599,30.651585
209.392194,189.783732,31.053653
209.321731,189.861645,31.125523
209.375289,190.340629,30.860158
208.979965,190.852003,31.081336
208.318678,191.287222,31.897803
208.503972,191.749215,31.824245
208.230517,192.133521,31.976783
208.230397,192.132427,32.001958
209.075499,192.964403,32.126301
209.075889,192.965551,32.127347
209.107529,193.159237,32.056900
209.088825,193.158728,32.067189
209.060997,193.465248,32.088830
209.061222,193.466559,32.089085
209.036865,193.464627,32.106499
208.954082,193.863134,32.346076
208.920225,193.871976,32.326686
208.938129,194.353902,32.570882
209.022528,194.437444,32.511066
208.720161,194.934092,32.533725
208.688777,195.157193,32.430651
208.797997,195.438870,32.307521
208.924840,195.561047,32.300780
208.392084,196.299621,32.467143
208.112575,196.798140,32.927112
207.756569,197.085369,33.057986
207.683969,197.263344,33.104784
207.792345,197.526100,33.158706
207.742627,197.571441,33.094513
207.849416,198.051809,33.250250
207.502695,198.978563,32.935846
207.266441,199.559968,32.737845
207.144532,199.633454,32.821017
206.957040,199.825370,32.722509
207.263225,200.557989,33.186859
207.383785,200.930545,33.323245
206.972036,200.834936,33.697191
206.647097,201.069010,33.523398
206.443397,201.256417,33.569917
206.389518,201.527988,33.490716
205.893973,202.550008,33.794568
205.799918,202.745607,33.862714
205.697780,202.945748,33.796782
205.737519,202.988820,33.779829
205.677659,203.428033,33.738201
205.713793,204.423279,33.877060
205.640113,204.616420,33.895884
205.641352,204.618693,33.895427
205.200572,205.069621,34.145722
205.191151,205.242161,34.095489
205.016311,205.829990,34.218982
204.944413,205.994400,34.080513
204.830988,206.289564,34.128111
204.865608,206.499693,34.220049
204.903945,206.528923,34.218917
204.929670,206.554431,34.197312
204.692265,207.023958,34.425533
204.032413,207.862728,34.210396
203.905995,208.407592,34.522522
203.875518,208.636189,34.907942
203.723033,208.702969,35.223322
203.679884,208.665877,35.245198
203.307728,208.967018,35.218813
203.289082,208.955431,35.275917
203.160146,208.891029,35.356588
202.646647,209.173735,35.548373
201.554640,209.922926,35.385031
201.402150,210.113459,35.359624
201.051995,210.303979,35.771488
200.849762,210.661000,36.536046
200.198082,211.770164,36.744427
200.148439,211.727613,36.837694
198.995914,212.399906,36.938877
198.635148,212.670673,37.234688
198.636478,212.718718,37.535499
198.156134,213.273199,38.299876
197.650199,212.884705,38.798531
196.743703,212.682129,39.521006
196.313927,212.913278,39.567720
196.164529,212.941663,39.536508
195.051236,213.364409,39.870775
194.769220,213.264782,39.742785
194.445092,213.573674,39.748486
194.293355,213.498062,40.169763
194.030767,213.634137,40.032303
192.834058,213.848090,40.373914
192.832452,213.847694,40.374851
192.353619,214.181252,40.649668
192.150821,214.499959,40.542368
191.812259,214.427111,40.597256
191.810885,214.427256,40.598010
191.507692,214.788971,40.804127
191.148561,215.040784,41.014997
190.326130,215.507089,41.010500
189.599134,215.612543,41.184734
189.460813,215.703887,41.198274
188.570267,216.217331,41.327349
188.009325,216.999291,41.432153
187.399193,217.333858,42.167923
186.226790,217.971037,42.929504
185.416445,218.476840,42.755920
184.982170,218.645393,42.619653
184.490617,219.109794,42.615354
183.810713,219.521949,42.899814
183.393784,219.387926,42.710003
182.843110,219.320882,42.587214
182.808070,219.368540,42.502613
182.742748,219.396251,42.307599
182.604972,219.527689,42.257571
181.790031,220.031277,42.499810
180.998297,220.195545,43.272255
180.764492,220.203673,42.817294
180.281752,220.563441,43.045050
179.891126,220.630791,43.286867
179.741155,220.820570,43.254432
179.596568,220.892798,43.740445
179.136204,220.966943,44.031426
178.798991,220.985329,43.644342
178.431641,221.176880,43.282373
177.606246,221.351941,43.516722
177.327485,221.425858,43.470850
176.465423,221.485419,44.085215
176.057542,221.404845,44.210882
175.997818,221.458176,44.147642
174.956521,221.821066,43.752992
174.924533,221.858930,43.757416
174.153661,222.053999,44.189949
173.124202,222.629910,44.246090
172.703226,222.693118,44.012638
172.564362,222.779479,43.820475
172.302784,222.627863,43.665534
171.783050,222.905680,44.157592
170.531762,223.069973,44.390304
169.852387,223.224093,43.976150
169.569782,223.112090,43.708563
169.117287,222.857676,44.002919
167.807701,223.265330,43.672095
167.708930,223.305236,43.810592
167.217733,223.307622,43.813928
166.833444,223.358253,43.956926
166.575009,223.367825,43.899478
166.575136,223.362517,43.916546
165.642370,223.880925,44.329513
165.649107,223.894452,44.411626
165.046759,224.045325,45.036822
163.611758,224.016322,46.086167
163.588893,224.024310,46.099738
163.475924,224.068209,46.177926
162.983665,224.143417,45.976901
162.012811,224.168543,46.603282
161.925869,224.133961,46.414013
161.302316,224.029515,46.144824
160.534220,224.013046,46.111398
160.071477,223.886861,46.333939
159.795143,223.696568,46.599028
158.214609,224.056079,46.064319
157.879068,224.253659,46.213387
157.860178,224.241710,46.272149
157.840320,224.295779,46.190983
157.187659,224.256991,46.496716
156.110404,224.694650,46.562799
155.605940,224.475909,46.934755
154.921877,224.575860,46.579187
154.814799,224.618953,46.507154
154.471136,224.954556,46.377592
154.198133,225.139780,46.260058
153.957754,225.121545,46.295764
153.425920,224.956982,46.564182
153.113263,225.086219,47.229293
153.108781,225.041887,47.280025
153.029326,225.090556,47.241801
152.636926,225.013483,47.039438
152.566920,224.964829,47.171629
151.644393,224.920774,46.829071
151.345229,224.781245,47.018746
149.634785,224.544901,46.736982
149.102158,224.600668,47.217479
148.499989,224.635187,47.459655
148.498711,224.635288,47.459998
146.769537,224.830804,47.055472
145.823951,225.029091,47.402224
145.504912,225.036172,47.617588
144.705796,224.886317,48.179521
144.677543,224.855256,48.100699
143.603566,225.356005,47.702120
142.883200,225.528363,47.394666
141.771905,225.266494,47.072190
141.068424,225.145980,46.577065
140.541731,224.932826,46.447042
139.660385,225.057321,46.021436
139.286630,225.016695,46.364748
138.760342,224.348701,46.154344
137.843100,223.902862,46.169717
135.672647,223.512531,45.476644
135.044963,223.263948,45.523705
135.042057,223.256269,45.537786
134.989132,223.346632,45.696673
134.574076,223.501935,45.654512
133.149449,223.398788,45.742923
132.430806,223.129959,46.075747
131.434966,222.917310,45.698806
129.620491,222.977448,45.621268
128.055066,223.525431,45.807657
127.088867,223.503509,44.988960
126.531020,223.306003,45.203134
126.514419,223.294621,45.162374
125.356754,223.717291,45.387004
124.305398,223.462571,45.821291
123.340757,223.404432,46.040883
123.324327,223.393475,46.062280
122.955872,223.578843,46.151684
122.539649,223.390385,45.946150
122.505468,223.354508,45.979864
122.037440,223.380127,45.650330
122.029064,223.374322,45.626259
121.720265,223.362566,45.442920
120.097281,223.462039,44.618731
119.486093,223.101231,44.784540
117.637194,222.958802,45.062991
117.133458,223.162751,45.741822
115.864741,223.506498,45.888263
115.398512,223.648494,45.823621
114.435799,223.533717,46.160599
113.248571,223.696014,45.925689
111.798138,223.429098,45.934607
111.043975,223.438809,45.504659
108.992111,223.330569,45.481851
107.828536,222.630418,45.910819
106.776726,222.572422,46.366687
106.724472,222.605558,46.346193
104.929565,223.201604,46.717462
104.403875,223.025352,46.418605
104.259569,222.978606,46.225347
103.462949,223.191709,46.142353
102.744904,222.763885,45.668689
101.772775,222.090153,45.792356
101.720781,222.014619,45.820853
100.650900,222.008578,46.175506
100.124368,222.139963,45.672745
98.939797,221.174988,45.230564
98.505314,221.282915,45.488730
97.743251,221.081031,45.018662
97.207414,221.186271,44.501882
96.158161,221.206034,44.301362
96.136370,221.246338,44.308618
95.665067,220.797709,43.990333
94.503416,220.769391,44.000580
94.498904,220.782154,43.983291
94.434766,220.854533,43.996647
93.921980,220.674358,43.606068
92.953850,220.883080,43.368347
91.590873,220.286167,43.519700
89.909223,220.031493,43.101199
89.450934,219.829207,42.949160
87.826955,219.609429,42.834981
85.835777,219.172456,44.053718
85.142245,219.477701,44.112646
84.218537,219.415463,44.154548
83.405010,219.502007,43.863473
82.569352,219.125418,43.740136
82.566711,219.123871,43.739776
81.751622,218.920920,43.327803
80.884538,219.195793,43.669959
80.119436,218.960245,43.407657
79.215855,218.650552,43.111637
78.492008,218.209922,42.473567
77.338595,218.229234,41.778589
76.580516,217.974053,42.004052
75.666148,217.556721,42.220123
75.342031,217.249550,41.986698
74.339061,217.089066,42.189647
73.968262,217.252408,41.993922
72.636996,217.234500,42.015164
71.630171,216.683683,41.603500
70.101297,216.890746,40.691586
69.230501,216.680616,40.928564
69.243679,216.964636,40.743199
67.595843,217.586269,40.321545
66.326304,217.841555,39.881988
65.425422,217.898121,39.373367
64.955424,217.720032,38.982656
64.382513,217.682323,39.042348
62.994777,217.495904,39.620749
61.722192,217.670419,38.679822
61.235851,217.465109,38.215398
61.223169,217.498650,38.248911
60.186357,217.821234,38.337852
59.210475,218.139012,38.885978
59.021626,218.203147,38.971757
59.011607,218.268350,38.960691
58.098241,218.930321,38.761411
57.347212,219.069814,38.759540
56.842967,219.451227,38.438020
55.906880,219.836058,37.759162
55.502166,219.854566,37.510761
54.518130,219.372571,37.600720
53.522468,219.342916,37.274928
53.038806,219.130670,37.123192
52.119562,219.379000,36.276403
51.170180,219.179049,35.729434
50.670298,219.088044,35.421220
49.569091,219.541803,34.414741
48.987448,219.502653,33.943220
48.278016,219.525931,33.292202
46.980213,219.456799,32.983148
46.404407,218.997433,32.508539
44.800176,218.781936,32.030799
43.866303,218.883721,32.423993
42.833987,218.665492,32.298455
42.179961,218.988674,31.891000
41.719497,218.546499,31.548180
41.425689,218.395572,31.323651
41.301176,218.537569,31.217577
40.837024,218.319890,31.102643
40.172199,218.859537,31.058507
39.954622,218.720261,31.031410
39.146089,218.701619,30.273626
38.317888,219.020327,29.917006
38.063347,219.276293,29.976403
36.732448,219.354600,29.268252
36.129929,219.887796,29.165569
35.637730,220.478702,28.655237
34.985113,220.867024,28.565722
33.813754,220.934541,28.810366
32.886832,221.397942,28.703498
31.752665,220.924029,28.186652
31.409158,220.674771,27.751254
31.334451,220.812184,27.662452
31.268996,221.009747,27.625755
31.174627,221.079574,27.475484
30.736392,221.099767,26.981778
30.413456,221.268559,27.186597
29.700535,220.695306,26.563996
29.495754,220.653905,26.397133
29.290721,220.814876,26.074329
28.129234,220.559728,25.419327
27.383193,220.872547,25.490816
26.671164,220.769985,25.592548
26.297164,220.994668,25.643861
25.642848,221.006637,25.551919
25.138747,221.041545,25.456150
25.004376,220.803519,25.317227
24.716849,220.996218,25.356929
24.203055,221.016577,24.879007
23.958992,220.657633,24.645877
23.739654,220.912349,24.386967
22.353060,220.803545,23.360064
22.153830,220.679777,23.191581
21.869240,220.856222,22.829156
21.479839,221.051765,22.350619
21.144767,220.919096,22.016261
20.633005,221.139833,21.756557
20.071190,220.877641,21.293797
19.630134,221.190249,20.756469
19.518753,221.243038,20.624325
19.168283,221.147785,20.596223
18.769145,220.761540,20.282178
18.469085,220.433178,20.050940
17.985370,220.560471,19.842689
17.496977,220.313572,19.511410
17.389134,220.307050,19.383192
17.214118,220.042789,19.420356
16.796874,219.850064,19.438110
16.222387,219.555778,18.901372
16.141311,219.476382,19.193994
16.045105,219.126793,19.058207
15.993921,219.382863,19.229263
15.907713,219.489942,19.266225
15.559231,219.888905,19.465845
15.464014,220.094707,19.435590
15.380192,220.430615,19.404040
15.073251,220.669828,19.213336
15.023317,220.890162,19.160921
14.967762,221.128303,19.087835
14.593247,221.320198,19.075286
14.557323,221.499867,19.030701
14.258563,221.467195,19.105655
14.046783,221.613833,19.194954
13.605961,222.150681,19.332075
13.375858,222.326253,19.676651
13.232914,222.696071,19.838309
13.165427,222.934613,19.776559
13.097580,222.987819,19.756298
13.057916,223.103394,19.696529
12.885806,223.453738,20.197489
12.677843,223.787555,20.119027
12.731360,223.639834,20.231180
12.712794,223.532332,20.464961
12.621166,223.763318,20.987320
12.556541,223.947059,21.758538
12.532291,224.004571,22.253333
12.564896,223.923790,22.314449
12.470945,223.951168,22.621324
12.513735,223.844233,22.700069
12.536087,223.778046,22.745341
12.460962,223.720642,22.934845
12.446949,223.555719,23.255034
12.330679,223.542778,23.505079
12.328955,223.253948,23.710237
12.275013,223.036374,24.039846
12.319662,223.005112,24.248536
12.121232,222.710138,24.499198
12.071998,222.633371,24.727571
11.820685,223.020843,25.824111
11.814476,223.005691,25.894838
11.656092,222.952215,26.186469
11.486343,222.785894,26.685669
11.389603,222.763011,26.736743
11.439085,222.952793,27.616992
11.280039,222.811794,27.824635
11.231869,222.704079,27.945241
11.093567,222.797297,28.088176
11.169941,222.673426,28.258784
11.026556,222.475352,28.475415
10.989903,222.744246,28.612158
11.009432,222.686626,28.664362
10.726035,222.802141,29.062773
10.745483,222.727954,29.385897
10.563222,222.510219,29.933213
10.590101,222.907039,30.525965
10.407992,222.920273,30.583449
10.310727,222.834761,30.666797
10.400302,222.807832,30.930104
10.195329,223.203565,31.860965
10.242581,223.055794,32.005862
9.879626,223.001745,32.464714
9.779217,222.705855,32.707486
9.896042,222.668993,33.268475
9.856566,222.707785,33.520739
9.944629,222.736266,33.969074
9.912761,222.720862,33.998977
9.990718,222.977436,34.263826
10.017055,222.893105,34.354426
9.842738,222.911524,35.335919
9.802020,222.615839,35.590564
9.828428,222.261092,36.091177
9.178099,221.966511,35.978013
8.815649,222.023004,36.035909
8.830256,221.759465,36.588218
8.827309,221.870798,36.893195
8.840315,221.835969,37.198123
8.651695,221.793912,37.144782
8.650503,221.788714,37.146176
8.671120,221.538393,37.483260
8.702075,221.441690,37.593496
8.547967,221.658254,37.757312
8.588304,221.855436,38.135070
8.545322,222.009715,38.396817
8.635097,221.812225,39.266835
8.554838,221.877332,39.591257
8.193304,222.112889,40.155517
8.168754,222.420294,40.768639
8.209859,222.588375,41.191898
8.121225,222.523932,41.430951
8.150434,222.514512,41.552548
8.089268,222.885481,41.929381
7.910786,222.642419,42.254414
7.882085,222.708360,42.664690
7.764932,222.816616,43.238051
7.705756,222.727828,43.394880
7.630423,222.910607,43.654877
7.548407,222.794559,44.066200
7.537880,222.847038,44.484697
7.552294,222.908696,44.702353
7.458600,222.951607,45.237732
7.429064,222.762556,45.577212
7.378831,222.646004,45.768203
7.206973,222.779371,45.647965
6.982625,222.707459,46.353605
6.860231,222.661891,46.564983
6.797933,222.990195,46.697745
6.752088,223.149249,47.049251
6.632240,223.442711,47.251834
6.484578,223.786634,47.688313
6.261378,223.647921,47.833275
6.224535,223.539938,48.059569
6.098018,224.049900,48.555935
6.058730,224.085270,48.760036
6.090257,224.236199,49.321083
6.081599,224.274596,49.389776
5.924629,224.216744,49.714075
5.912540,224.294203,49.844013
5.910776,224.298755,49.902489
5.671242,224.288412,50.185713
5.670489,224.292364,50.227885
5.668961,224.309998,50.422067
5.672491,224.325882,50.433688
5.633747,224.245140,50.568968
5.636682,224.274447,50.651758
5.640489,224.255951,50.767435
5.637220,224.244293,50.869193
5.632282,224.271911,50.978117
5.632129,224.297176,51.123871
