2000
3
158.944038,227.953255,17.719416
159.116169,227.884222,17.965419
159.371480,227.700147,17.923088
159.601829,227.730362,17.893616
159.909329,227.712428,18.259099
160.153298,227.670758,18.437082
160.283927,227.686407,18.428669
160.348854,227.657815,18.423283
160.740329,227.526074,18.501828
160.862351,227.536841,18.654025
161.159157,227.589621,18.774823
161.426455,227.563620,18.757574
161.616279,227.562566,18.779944
161.829447,227.474928,19.035670
162.078382,227.475389,19.116776
162.256117,227.469398,19.163105
162.438157,227.421556,19.195601
162.773467,227.382928,19.398733
163.013770,227.379242,19.452211
163.724642,227.015127,19.837320
163.218736,227.081328,20.131635
162.805945,227.214709,20.185475
162.610253,227.170483,20.124301
162.184097,227.261091,20.081882
161.816417,227.106303,20.106299
161.611164,227.100064,20.104370
161.423362,227.064696,20.083213
160.777917,226.969462,20.001735
160.465468,226.968383,19.932523
160.187763,226.781187,19.814791
159.988639,226.628025,19.780918
159.470008,226.674335,19.671779
159.296186,226.413069,19.658694
159.151043,226.292252,19.722030
158.847059,226.192595,19.609678
158.292641,225.909574,19.550953
157.826898,225.405051,19.544308
157.247152,225.540312,19.477693
156.859362,225.594131,19.281286
156.658839,225.662069,19.184171
156.294531,225.732146,19.021975
156.164387,225.773649,19.095561
155.658183,225.779737,19.263042
155.390901,225.871370,19.191970
155.384078,225.946945,19.206172
155.062507,225.911783,19.461533
154.841784,225.801705,19.577043
154.461744,225.708303,19.777036
153.873516,225.720367,19.656401
153.527266,225.689022,19.685898
153.155998,225.709535,19.754601
152.783604,225.886880,19.714132
152.675121,225.869803,19.509181
152.260703,226.120554,19.100457
151.899874,226.256819,18.850408
151.653810,226.138718,18.925754
151.093948,226.292729,18.938747
150.518941,226.280504,18.920236
149.973171,226.494833,19.208886
149.284316,226.561537,19.258067
148.336325,226.963454,19.237073
147.572102,227.227361,19.327818
146.282089,226.631596,19.350986
145.462852,226.835122,18.960494
145.233432,226.765187,18.937947
144.002452,227.001002,18.857766
143.365150,227.048790,18.835753
142.738759,226.893622,18.694285
141.899380,227.055063,18.764279
141.518283,227.193432,18.787926
141.063727,227.149319,18.863230
140.745854,227.220231,18.942183
139.770557,226.631008,18.944872
139.290074,226.792184,19.099477
138.121442,226.407916,19.230816
137.021192,226.535318,19.457222
136.107922,226.232797,19.331214
135.167986,226.167114,19.117327
133.411192,226.359149,18.549685
132.007260,226.737681,18.218907
131.573574,226.780550,18.217374
129.674021,227.253981,18.322057
128.382599,226.988176,18.118704
127.768704,226.903766,18.230597
127.649265,226.780366,18.342265
126.172330,226.744412,18.277139
125.327869,226.892120,18.421867
124.550294,227.055910,18.308335
123.535102,227.359730,18.458075
122.045637,226.747175,18.062752
121.336110,226.673366,18.035624
120.531915,226.750138,18.009990
119.816819,226.263260,18.015412
118.884751,226.064984,18.217595
118.458231,225.923266,17.817908
117.264881,226.180665,17.642466
116.730413,226.334501,17.782034
115.218252,225.921587,17.555944
114.784035,226.039778,17.438766
113.397789,225.743818,17.535781
112.327002,225.649088,16.825040
111.345687,225.728465,16.724842
110.407710,225.218548,16.457172
109.082731,224.844135,16.362146
108.071352,224.826087,16.102849
107.510896,224.819624,15.943274
106.550961,224.120564,15.838594
106.032833,223.919797,16.070216
103.630517,223.900974,15.879767
103.054986,224.045411,15.888648
101.928427,223.718234,16.062527
101.414977,223.773124,15.945753
100.438736,223.450164,15.850245
100.043250,223.372864,15.920307
99.651400,223.333749,15.773055
98.573890,223.327339,15.938499
98.206859,223.220750,16.020792
97.358197,222.631061,15.839970
96.936133,222.720239,15.746383
95.709347,222.566879,15.475734
94.935322,222.424412,15.594555
94.309558,222.222363,15.526922
91.971659,222.290036,14.950732
91.370833,222.283679,14.984903
88.815054,222.185054,14.830781
88.771756,222.069440,14.830239
87.408613,222.496361,14.489040
86.946580,222.536213,14.533821
86.102122,222.723343,14.136462
85.752619,222.948510,14.115520
84.972856,222.815072,13.955724
84.490132,223.182815,13.907706
84.197111,223.263181,13.760011
83.828995,223.376709,13.752947
83.150846,223.638617,13.695984
81.916522,223.704865,13.531280
80.703207,223.849360,13.544341
78.856859,223.635083,13.748306
78.793391,223.592059,13.772973
77.683284,223.651488,13.611804
76.970088,222.874064,13.432952
76.622009,223.119378,13.498463
75.638291,223.156347,13.804125
73.641859,223.231006,13.503732
72.667022,223.461453,13.523457
70.319061,223.648502,13.334653
69.297147,223.746319,13.158707
68.955439,223.361376,13.143430
68.947956,223.370852,13.134498
67.697894,223.483995,13.306571
66.474512,223.358000,13.417536
65.549666,223.120793,12.648300
64.671157,223.133851,12.658299
64.093355,223.009000,12.747533
63.247723,223.591501,12.916054
61.770730,223.473559,12.917900
61.499174,223.631409,12.871013
59.977341,224.221179,12.931618
59.547765,224.083664,12.618010
58.740436,223.960872,12.587389
58.185125,224.319904,12.453650
57.881246,224.420772,12.485848
56.638649,225.016993,12.576250
55.840137,225.165342,12.456807
54.718053,225.390526,12.174323
54.365650,225.160045,12.103868
54.326574,225.188447,12.074738
54.104769,225.317796,12.031078
53.821603,224.926371,11.942624
53.529338,225.092228,11.770235
53.205268,224.672787,11.745943
52.519971,224.838365,11.819910
51.489567,225.045807,11.583326
51.244132,225.136279,11.620966
49.960192,225.217965,11.551748
48.694711,224.668845,11.360438
47.103746,224.128753,11.431237
45.949055,223.839818,11.694568
45.934033,223.841872,11.733459
45.534677,223.744439,11.682945
45.057980,223.267355,11.792504
44.765565,223.236379,11.999515
44.121906,223.004642,11.760935
43.473633,222.887125,11.879267
43.409119,222.687528,11.875683
42.578054,222.865354,12.000923
41.672019,222.782647,12.331310
41.248523,223.087740,12.255735
40.947620,223.176506,12.399774
40.735804,223.298998,12.606117
40.002038,223.874785,12.583643
39.860500,223.918052,12.547116
39.557805,223.801232,12.213612
39.437513,223.896024,12.175275
39.091384,224.095511,12.125391
38.514261,224.383327,12.169566
37.916059,224.140041,12.318473
37.647815,224.262979,12.228622
37.317099,224.529470,12.137050
36.263333,224.597166,12.249801
36.378864,224.722920,12.322500
35.761820,224.907517,12.510365
35.572337,225.121954,12.467312
34.335416,225.595634,12.227133
33.691016,225.728197,12.127485
32.759461,225.639107,11.823996
32.246757,225.938035,11.980587
31.775274,226.302820,11.944288
31.106178,226.512251,12.074248
30.352842,226.610031,12.243195
28.919100,227.352399,12.197330
28.650349,227.448452,12.223722
28.615425,227.490079,12.205431
28.244021,227.428462,12.339321
28.319964,227.433063,12.421270
28.257112,227.493804,12.396650
28.198022,227.545279,12.373938
28.062162,227.307334,12.319394
27.432584,227.426382,12.487906
27.213222,227.542533,12.507876
26.870663,227.132677,12.541768
26.839230,227.006303,12.709522
25.604965,227.063955,12.676445
24.880796,227.216606,12.570022
24.798753,227.305781,12.526404
24.496676,227.139744,12.331174
24.204274,227.116912,12.326541
23.867352,227.077418,12.409898
23.523541,227.274108,12.362961
23.108573,227.438051,12.129194
23.033592,227.528160,12.116156
22.853833,227.297536,12.180760
22.193225,227.270665,12.261620
21.676343,227.203215,12.317750
21.587142,227.309915,12.268600
21.459095,227.353690,12.274584
21.271412,227.517338,12.231663
21.123745,227.164612,12.451045
21.137881,227.024312,12.452604
21.183510,226.909109,12.546681
21.253125,226.809811,12.582056
21.393735,226.672863,12.687573
21.273181,226.432255,12.842646
21.131176,226.484816,13.171690
21.068579,226.103741,13.225199
20.965950,226.069456,13.281266
20.659499,225.668347,13.320246
20.395960,225.610955,13.437856
20.473713,225.357630,13.523087
20.277087,225.296862,13.942176
20.374927,225.128959,14.020117
20.356521,224.824158,14.175770
20.528844,224.419409,14.500365
20.151265,224.379319,14.792830
19.475356,224.334871,14.975138
19.498923,224.303465,14.993248
19.269534,223.715932,15.033080
18.956060,223.601649,15.229816
18.889308,223.259494,15.244737
18.911297,223.147423,15.344736
18.630271,223.013189,15.902149
18.511582,222.923468,16.155805
18.415319,222.417562,16.274273
18.527585,222.196868,16.394878
18.245437,222.163484,16.862535
18.113276,221.816433,17.076750
18.138897,221.615103,17.101032
17.564637,221.457379,17.280806
17.442934,221.442226,17.388065
17.387149,221.326231,17.432944
17.471967,220.949148,17.471068
17.437858,220.518715,17.707990
17.438948,220.329015,17.836269
17.170074,220.276796,17.917920
17.159573,219.920234,17.906757
16.945286,219.603284,18.147884
17.053975,218.991361,18.560262
16.950799,218.838278,18.656588
16.857041,218.759691,19.070803
16.894580,218.701579,19.092411
16.875922,218.604464,19.071628
16.775259,218.450201,19.119726
16.768339,218.255783,19.099006
16.206202,218.266920,19.714189
16.173378,217.990239,19.670391
16.156674,217.937316,19.650556
16.149114,217.917408,19.641838
15.976642,217.893896,19.862403
15.743624,217.384372,20.249004
15.732905,217.315226,20.235968
15.733295,217.018806,20.213862
15.710854,216.870873,20.169739
15.688471,216.795051,20.137728
15.779314,216.387491,20.216366
15.451758,216.031439,20.487277
15.322044,215.724443,20.680496
15.205041,215.559263,20.837405
15.446397,215.339783,21.261608
15.358803,215.546031,21.483943
15.265948,215.695434,21.782856
15.126397,215.554935,22.118858
15.220038,215.657457,22.395132
15.460310,215.540813,22.660538
15.456143,215.668656,22.915670
15.350259,215.878024,23.364210
15.460566,215.826179,23.788795
15.254045,216.059913,23.993996
15.206812,216.169984,24.106175
15.084080,216.204870,24.382171
15.059549,216.471258,24.617762
15.104649,216.468061,24.708751
15.122455,216.406543,25.113012
15.159809,216.353445,25.327524
15.201534,216.269486,25.397884
15.120131,216.303179,26.445875
15.531550,216.440940,27.089366
15.300446,216.296597,27.606594
15.415118,216.268780,27.832862
15.371718,216.218472,28.233954
15.377951,216.263775,28.821910
15.663543,216.173097,29.307403
15.730372,216.363411,29.413930
15.755365,216.391133,29.777880
15.850738,216.320644,29.909004
15.790680,216.355626,30.142851
16.245664,216.681351,30.973404
16.199382,216.462355,31.256021
16.249778,216.527683,31.872485
16.411091,216.475675,32.090162
16.564373,216.276784,32.467528
16.423390,216.121828,33.213228
16.289523,216.711457,33.628205
16.484807,216.467937,34.255061
16.645859,216.792238,34.747867
16.398691,216.560686,35.144317
16.478328,216.725329,35.791308
16.441162,216.731945,35.860940
16.959557,216.975319,36.281836
17.079916,216.739818,36.562983
16.881359,216.930759,37.626083
17.036000,216.655787,38.253195
17.181431,216.859519,38.566355
16.944478,216.794464,39.996655
17.636828,216.556723,40.952187
17.562490,216.422307,41.165646
17.281331,216.610748,41.988533
17.300900,216.407403,42.357732
17.383001,216.360612,42.538175
17.585855,216.741117,43.608576
17.626216,217.199717,43.939963
17.723616,216.992683,44.501918
17.914857,217.042132,44.866372
17.833496,217.095289,45.386078
17.941480,216.607001,46.018409
18.048022,216.718585,46.198873
18.173224,216.468069,46.444490
18.359695,216.429293,47.256324
18.512820,215.983550,48.235717
18.542289,215.741871,48.553252
18.674244,215.631547,48.739493
18.461387,215.341946,49.746157
18.621793,215.253887,50.031103
18.643841,215.446929,50.270283
18.738058,215.522642,50.604817
18.766820,215.681269,50.869584
18.770323,215.640601,51.666416
18.879228,215.671417,52.824707
18.675106,215.498053,53.536242
18.929137,215.884604,54.090884
18.971314,215.796029,54.475629
18.937848,216.163350,55.061292
19.320290,216.430039,56.284426
19.499296,216.338084,56.942255
19.661873,216.754590,57.398520
19.884698,216.807730,57.997166
20.025277,216.852414,58.510087
20.074935,216.865319,59.125147
20.205142,216.875121,59.266661
20.277900,216.217565,60.898210
20.364703,215.964817,61.236714
20.132396,216.180307,62.100382
20.133791,215.904482,62.760092
20.099148,215.793849,63.082071
20.225302,215.992018,63.303672
20.906096,216.356005,64.493632
21.137568,216.228456,65.253384
21.311212,216.145670,65.633787
21.460039,216.544840,66.584001
21.052294,216.295423,67.152027
21.679258,216.235940,67.916698
21.849205,216.457357,68.656607
21.968644,216.301195,68.999192
22.078175,216.060944,69.455551
22.365222,215.705837,70.147235
22.401766,215.789376,70.177408
22.556473,215.589788,70.519962
22.575773,215.736865,70.826145
22.675499,215.665001,70.968849
22.685161,215.220933,72.004554
22.836810,215.001343,72.350875
22.628312,215.345772,73.624456
23.249402,215.722516,74.353938
23.331163,215.744889,74.983222
23.414320,215.617865,75.070750
23.267255,215.668601,76.201512
23.448559,215.337895,76.744254
23.454961,215.347312,77.486567
23.685210,215.105670,77.881925
23.540211,215.040028,79.076298
24.711713,214.416398,81.949636
24.866090,214.271707,82.430261
24.925365,214.423902,83.907868
25.132572,214.302487,84.360152
25.937167,214.582653,85.701417
26.254907,214.077087,86.227397
26.403794,213.985865,86.505411
26.540731,213.709469,87.733743
26.906560,214.105858,88.465797
26.995426,214.768285,89.506935
27.066339,214.510740,89.624101
27.423565,213.902707,90.693854
27.784410,213.881732,91.442462
27.858322,213.755449,92.212771
28.053913,214.169014,92.650920
27.948029,214.059402,93.395129
28.033341,214.379442,94.447403
28.533879,213.905238,95.453470
29.173223,213.934882,96.958185
29.717666,214.584225,98.437888
30.031837,214.259149,99.265683
29.695385,214.263606,100.082220
29.944577,214.258283,101.099649
30.579878,214.400681,103.580105
30.354754,214.458777,104.338013
30.247695,214.048525,104.745283
30.458050,213.935801,105.004904
30.302714,214.114712,105.773138
30.262013,214.033612,105.806254
30.587927,214.600996,106.814024
30.571146,215.059427,107.760893
30.796164,214.975919,107.976983
30.761033,215.163102,108.277370
30.783160,215.159118,108.476804
30.854493,215.302432,108.604131
31.073929,214.790415,109.427090
31.025470,214.857471,109.779405
31.428816,214.992063,110.805865
31.675192,214.784114,111.232055
31.860233,214.594666,111.778930
32.389538,214.140475,112.541212
32.452617,214.043566,112.585291
32.680111,214.818727,114.393602
32.692505,215.213372,115.004068
32.550333,215.117620,116.361190
32.924209,214.673785,117.212757
33.150841,214.682762,118.816995
33.804851,214.935725,120.384862
34.322672,214.497945,121.725533
34.112376,214.702136,122.426991
34.800771,214.797759,123.423751
35.036921,215.095289,125.152083
35.061395,214.911702,125.568495
35.272368,214.615770,127.064533
35.369368,214.534448,127.239798
35.401722,214.481322,127.267598
35.563984,214.560610,127.906158
35.068483,214.613362,129.601595
35.266227,214.584724,131.077572
35.265298,214.627557,132.213357
36.653738,214.269257,134.022813
36.921798,213.763016,135.779766
36.913098,213.669283,135.865883
37.422447,213.792287,137.009940
37.417713,213.788140,137.016320
37.594730,213.642233,137.910882
38.877575,212.788831,139.308326
38.889931,212.548373,140.424674
38.841660,212.484983,140.821698
39.049444,212.247930,141.005218
38.972722,212.227324,141.044185
39.024843,212.258367,141.060802
39.531526,212.594884,142.097425
39.168320,212.671773,142.641046
39.804017,213.362040,143.841811
39.566442,213.595750,144.052272
39.628434,213.565579,144.065650
39.039253,213.635947,145.409337
39.797829,214.007701,147.515655
39.798954,214.009522,147.516794
39.842693,214.002237,147.529813
40.404907,214.339210,148.882969
40.498984,214.909107,150.093039
40.618780,215.023582,150.152242
40.706660,214.773939,150.507369
40.467671,215.206065,151.333088
40.361977,215.123563,151.572860
40.274869,215.473240,152.297448
41.138816,215.523452,153.170544
41.158859,215.511398,153.316212
40.906084,215.517998,153.794907
40.779025,215.638680,154.076234
41.090649,215.900432,155.399342
41.298487,216.013837,156.114982
41.305443,216.120748,156.944006
41.077771,216.007592,157.490972
41.025904,216.464133,158.209889
41.569152,216.596414,160.193145
41.972736,216.452172,160.553030
43.026772,215.890704,162.020756
43.146583,215.671713,162.938175
43.689117,215.097927,164.620760
44.061690,215.393319,165.764656
44.431200,215.244499,166.077255
44.596529,215.097623,166.649523
45.250389,215.406609,167.584993
45.326810,215.649416,168.721404
45.340414,215.476552,169.205362
47.398582,214.871139,171.230866
47.402353,214.863645,171.234735
47.438333,214.868923,171.224522
48.282831,214.589723,171.653656
49.188104,214.772936,173.188166
49.764108,214.487760,173.221918
49.784613,214.250070,173.655665
50.407730,214.384331,174.655167
50.392784,214.648262,175.663498
50.896628,214.677973,175.834291
50.824334,214.705078,176.505123
51.211766,214.744647,177.097770
51.377581,214.866488,177.216326
51.399814,215.018885,177.472775
51.738468,215.117013,178.625978
52.453683,214.458344,179.839636
52.476503,214.433543,179.893817
52.571834,214.501539,179.885614
52.476210,214.318816,180.845079
52.885953,213.846784,181.244479
53.138240,214.063500,181.643721
53.837437,214.367202,182.216813
53.772068,214.447100,183.218283
53.734605,214.530765,183.449150
53.981983,214.242818,184.785219
54.000605,214.219152,184.826543
54.366953,214.909575,185.576535
54.902527,215.069406,185.793393
55.067892,215.475922,186.692280
55.264461,215.426904,187.398059
55.565445,215.625956,187.758851
55.524344,216.323047,188.350591
55.375216,215.778037,188.808801
55.195446,215.957756,189.257338
55.040499,215.951095,189.395475
54.818628,216.037172,189.643647
54.783843,216.125603,190.444663
54.726958,216.155381,190.494105
54.825136,216.085544,190.700310
54.991673,215.688070,191.373701
54.471798,215.845049,192.043548
54.587475,215.814703,191.955450
54.751052,215.644083,191.997764
54.804344,215.609649,191.939460
56.759911,215.125866,192.409033
57.044337,214.911997,192.484290
57.115556,214.863588,192.418596
57.805965,214.394275,192.931439
58.140990,214.307081,193.434765
58.833864,214.462553,193.725268
59.756070,213.918627,194.423463
60.263153,213.517721,194.819811
60.027387,213.476870,195.191554
60.786789,212.931621,195.712850
60.830222,212.646415,195.934494
61.004043,212.234881,196.324334
61.515068,212.080497,196.757890
61.644742,211.616169,197.404147
61.386608,211.443530,197.760019
61.492532,211.376571,197.682368
61.985779,211.269431,197.780944
62.201244,210.730226,198.425903
62.334602,210.564927,198.328042
63.139742,209.871206,199.323920
63.210665,209.820554,199.304067
63.176887,209.706082,199.319424
63.532205,209.364040,200.153068
63.354228,209.125602,200.405186
63.253510,208.955172,200.794270
63.195019,208.837236,200.957449
63.283350,208.772683,200.904645
63.547675,208.558920,201.337512
63.783257,208.371422,201.477034
63.925710,208.167706,201.656005
64.535948,208.397889,201.964499
64.588928,207.971760,202.251859
64.795434,207.414778,202.793260
64.520278,206.962985,203.390676
65.109092,206.989561,203.983289
65.532138,206.645874,204.529092
65.254388,206.509125,204.815963
65.831899,206.411157,205.557944
66.064101,206.386901,205.684766
66.256509,206.054559,206.201454
66.194129,205.794830,206.605993
66.478879,205.076446,207.006019
66.248043,204.490063,207.274169
66.449672,204.070802,207.809894
66.852866,203.859513,207.948962
66.672587,203.616475,208.231532
67.468173,202.915960,209.242785
67.704842,202.740883,209.103816
67.727969,202.781503,209.193266
67.755412,202.471705,209.289313
68.724962,202.141214,210.201258
69.054921,201.619626,210.884110
69.224458,201.715548,210.955397
69.023498,201.546735,211.344797
69.071612,201.446172,211.402823
69.525550,200.894065,211.521245
70.231827,200.580498,212.062192
70.354231,200.299587,212.452879
70.726822,200.601933,212.882439
70.758913,200.638497,212.920447
71.504985,200.185886,213.080205
71.864032,199.901545,213.071638
71.801343,199.254178,213.830784
71.788427,199.250578,213.834957
71.546597,199.027344,214.187941
71.580421,198.955887,214.230829
72.140510,198.462377,214.456924
72.144165,198.661247,214.830805
72.716864,197.975554,215.834493
72.422116,197.680656,216.182936
72.803167,197.234512,216.625888
73.269164,196.746227,217.877374
73.584735,195.899415,218.260827
73.592926,195.551679,218.543873
73.960647,194.880907,218.829017
73.769376,194.772334,218.814153
73.224645,194.401425,219.087428
73.178741,194.278638,219.135213
73.150283,194.190601,219.113349
72.817246,193.558896,219.610289
72.785578,193.534942,219.841199
73.121889,192.953629,220.435622
72.954882,192.861313,220.593868
72.891472,192.483729,221.337766
72.813775,192.358741,221.288227
72.757496,192.006832,221.216052
72.927244,191.380225,221.300020
72.970588,190.888770,222.183568
72.712433,190.688902,222.281852
72.000037,190.424584,222.865161
72.291707,190.045146,222.791254
72.733256,189.523553,223.027886
73.556331,188.733665,223.280469
73.384404,188.437934,223.325711
73.665151,188.060130,223.880644
73.544443,187.599138,223.925467
73.707779,187.279359,224.464785
73.976571,187.242744,224.469959
73.338502,186.547508,224.748244
73.186079,186.100766,224.973581
73.413785,185.967804,224.892440
73.053564,185.882899,225.182176
73.137366,185.630951,225.458692
73.119067,185.120390,225.578575
73.118129,185.118975,225.578494
73.035337,184.827173,225.584793
72.891817,184.709214,225.535565
72.963198,184.577322,225.550563
72.613355,183.980016,225.802774
72.424896,183.656373,225.896928
72.276722,182.989403,226.159699
72.847341,182.110415,226.593054
73.766979,181.387982,226.885647
73.323296,180.542919,227.188718
73.138422,180.387524,227.130357
74.005925,179.357867,227.530662
73.923454,179.212318,227.585822
74.451510,178.702237,227.862278
74.191308,178.356318,228.483522
74.285349,177.618932,228.387774
74.224056,177.085989,229.110836
73.714663,176.675440,229.332290
73.677629,176.216092,229.344297
73.881015,175.854236,229.215911
73.702090,175.203414,229.151502
73.361855,175.005582,229.238844
73.478092,174.272374,229.685154
73.323744,173.794739,229.727388
73.343977,173.806849,230.210276
73.182314,173.488053,230.391987
73.323862,173.332181,230.390061
73.391443,173.240194,230.339379
73.851836,172.985345,230.370714
74.170381,172.906207,230.522233
76.343695,171.148825,230.901225
76.348965,170.930054,231.020830
76.323621,170.620085,231.090612
77.783451,168.424528,231.443716
78.086459,168.472361,231.905394
78.428588,167.093814,232.578133
78.347106,166.366475,232.621274
78.386133,166.258799,232.668399
78.363142,166.232999,232.663831
78.589166,166.070013,232.587645
78.755955,165.756555,232.717313
79.194568,165.250860,233.012022
80.234357,164.125513,233.211713
80.157469,163.711363,233.339212
79.856917,163.300250,233.824852
80.294706,162.749028,234.341709
80.893754,161.691500,234.833087
80.405988,161.087837,235.107451
80.077470,160.399358,235.072122
79.966492,160.285907,235.096662
79.847488,159.580018,235.777185
79.388086,159.097478,235.925523
78.958098,159.024455,235.990271
78.140649,158.151790,236.066995
78.260619,157.084026,235.995643
78.468959,155.862331,236.124225
77.604097,155.345478,236.270770
77.889058,154.605927,236.300938
77.981408,154.295191,236.371125
78.235788,153.787715,236.520544
78.174683,153.768783,236.508737
77.682487,153.558485,236.755024
77.680177,153.556882,236.755495
77.682019,153.539526,236.774489
77.853000,153.149070,236.857828
77.690952,153.118437,236.841347
78.014710,152.171218,237.158852
78.733637,151.339707,237.250797
78.113687,150.811633,237.547585
78.080938,150.796509,237.545085
78.297962,150.253648,237.835488
77.897895,150.132117,237.694281
77.006761,149.710550,237.841737
76.769233,149.602111,237.815427
76.681418,149.376546,237.870370
77.766106,148.547007,238.026757
76.815745,147.859441,238.006521
77.190172,147.680948,238.062298
77.265847,147.578600,238.080296
75.980725,146.534323,238.515352
75.720059,146.320985,238.653255
75.715543,146.320218,238.654933
76.111511,144.951308,238.882705
76.464326,144.366049,238.935955
77.086365,143.804810,238.921495
76.629852,143.603634,238.877166
76.692864,142.975682,239.093922
76.674790,142.961288,239.112870
76.669457,142.719891,239.120875
76.557634,142.479755,239.189583
78.356279,140.410549,239.249766
77.501202,139.482607,239.123333
77.907550,138.545494,239.379640
77.803120,138.402108,239.332268
78.230469,138.083799,239.212704
77.994683,137.769187,239.297250
77.993579,137.768322,239.299650
77.240791,136.873870,239.470862
77.134739,136.408857,239.504162
77.420186,136.127951,239.536278
77.247126,135.954061,239.541196
76.620561,134.689657,240.005100
76.206136,134.348075,240.014923
76.204999,134.207708,240.066167
74.526906,132.365376,240.441544
74.409754,132.342988,240.446484
74.566241,131.739577,240.375673
73.860092,130.964910,240.569690
74.420418,130.723316,240.625544
74.553173,130.384176,240.646662
74.255068,129.775710,240.658436
74.174908,128.953829,240.653220
74.476558,128.874618,240.600878
74.630609,128.827211,240.572805
75.297266,127.841645,240.781207
75.396265,127.717612,240.737098
75.200500,126.864006,240.821178
75.308446,126.760659,240.842728
75.232725,126.174521,240.884252
75.213855,125.573085,241.219771
75.210835,125.567911,241.212281
75.186750,125.556041,241.218671
75.201494,125.558039,241.247138
75.493722,125.417558,241.187671
76.069495,124.129160,241.117589
75.887924,122.728556,241.479498
76.253977,122.166475,241.396847
76.270143,122.165465,241.385429
76.942011,121.513186,241.441005
76.995908,121.524623,241.439730
77.022595,121.532613,241.433779
77.339434,120.882148,241.555880
78.253306,118.647892,241.706545
78.269382,118.605762,241.887270
78.807764,118.251901,241.964553
79.260522,117.653192,242.026180
79.416566,116.709332,242.340585
80.861539,115.087190,242.417158
80.773161,114.281074,242.410300
81.458494,113.547627,242.378315
81.459229,113.545211,242.375728
81.878421,112.794370,242.285696
82.143450,112.337507,242.282035
82.540214,111.595961,242.280707
82.633566,110.116446,242.338089
82.056175,109.121797,242.392427
81.859634,108.778203,242.486623
82.612256,108.178662,242.500432
82.426574,107.865532,242.577472
83.181560,107.494062,242.656489
83.464678,106.775236,242.750325
83.466388,106.774368,242.750527
83.633290,106.759316,242.861827
83.785623,106.736494,242.863433
84.051038,106.348003,242.961486
84.076238,106.332715,242.962619
84.245980,106.002253,243.046763
84.353299,105.970127,243.045433
84.983203,105.098419,243.162899
84.273095,104.607723,243.194049
85.372104,103.736385,243.321500
85.993603,103.182339,243.386660
86.256299,102.226226,243.433646
86.890977,101.651828,243.540431
86.432890,101.147806,243.676721
86.446455,100.632907,243.618346
87.819482,99.740691,243.779379
87.743658,99.178314,243.602228
88.891904,98.342667,243.675716
88.712434,98.012606,243.742029
88.682512,96.527153,244.244336
88.525910,96.380058,244.714335
88.289075,95.171764,245.241606
88.919243,94.123979,245.495321
89.479297,92.466098,245.629030
87.724840,91.430191,246.073327
88.407846,91.031570,246.084744
88.335391,90.798618,245.994330
88.637587,90.607880,246.023478
88.789848,90.153294,246.278545
88.787101,90.144456,246.268624
88.501930,89.357179,246.406002
88.777080,88.886770,246.557334
87.131349,86.657351,246.374311
86.314349,85.816608,246.404227
87.046256,85.330080,246.426188
87.259446,84.319909,246.626599
86.639090,83.129642,246.518338
86.641915,83.122333,246.511811
86.473569,81.794591,246.778528
87.223356,80.343354,247.033932
87.076131,80.291159,247.025221
87.217262,79.431085,246.960376
87.823241,79.087548,246.976821
87.852024,79.013655,246.942885
87.845214,78.465619,247.104889
87.401337,78.079574,246.983444
87.239383,77.508176,247.177062
87.294905,77.432601,247.159532
87.199657,76.875804,247.028509
87.256512,76.866186,247.035418
87.139702,76.702229,247.034536
87.067630,75.944513,247.155121
87.335295,75.466726,247.107659
87.332211,75.046071,247.168654
87.368054,74.761134,247.179146
87.326070,74.567847,247.211780
86.852106,73.661734,247.167213
86.946017,73.056853,247.256168
86.645307,72.046068,247.348490
86.686737,72.043399,247.329521
86.939227,71.884456,247.350918
87.531289,71.219478,247.315088
87.847278,69.731964,247.253105
88.522223,68.018844,247.416399
88.554234,68.018000,247.414688
89.680336,66.329299,247.570038
89.825352,65.945780,247.614188
89.407078,65.817671,247.593275
88.869029,64.772730,247.751762
88.568140,64.026902,247.831089
88.595202,63.368539,247.845344
88.518375,63.222078,247.878591
89.257909,62.718116,247.891750
88.315649,61.963239,247.961762
88.268046,61.961306,247.979177
88.258965,61.962226,247.978251
88.162041,61.961500,247.976128
86.980942,60.546872,248.275270
86.979343,60.545633,248.275221
86.992041,60.349403,248.207688
86.329973,59.388430,247.951581
86.719571,58.328353,248.025365
86.668101,57.949019,248.148229
87.343394,56.169355,247.853495
85.883235,54.802284,247.806822
85.903984,54.788300,247.810778
85.647644,53.895221,247.636077
84.728742,53.312205,247.451933
85.233197,52.490373,247.231063
85.411115,51.640493,247.204408
85.344642,51.247174,247.137919
85.214290,51.161014,247.098167
85.342746,50.786510,246.979171
85.405674,50.684941,246.997993
85.462219,50.130942,247.002372
85.456160,50.065871,247.006887
85.781399,49.728146,246.957639
85.799473,49.304292,246.892797
85.969674,48.508131,246.950408
85.210333,47.738630,246.903672
85.308229,47.615992,246.897695
85.228587,46.804557,246.863345
85.359732,45.995709,246.937543
85.479776,45.712665,246.905310
85.190641,45.539195,246.925860
85.356008,44.544444,246.841885
84.608102,44.465984,246.814226
84.613206,43.956599,246.755514
84.068683,43.603981,246.665371
84.123508,43.381545,246.677251
84.034982,43.324616,246.634919
83.615125,42.628227,246.595608
82.525609,41.388739,246.500578
82.420415,41.437964,246.487724
81.760424,41.429740,246.441908
81.577675,41.341144,246.524321
80.997345,40.636054,246.481849
80.532811,40.413391,246.625354
80.293203,40.061415,246.441269
80.254178,39.442871,246.504753
79.985187,39.226381,246.547033
79.139448,39.134786,246.756255
78.912109,38.382536,246.788779
77.749407,38.097290,246.744585
77.667546,38.119700,246.724304
77.683121,38.094168,246.701034
77.557533,37.671818,246.678897
76.619241,37.370603,246.627292
76.559717,37.078286,246.674603
76.404681,36.412554,246.689189
76.005788,35.298682,246.494090
74.885222,35.012645,246.492412
73.712735,34.249346,246.659447
73.698177,34.258814,246.660050
73.521322,33.922504,246.658420
72.450559,33.825365,246.654032
72.032240,33.159550,246.638487
71.977988,33.188030,246.646985
71.726055,32.981447,246.689541
71.418836,32.816226,246.736016
71.266746,32.647977,246.571694
70.039502,32.174384,246.637809
70.095721,31.455239,246.530528
69.805216,31.531217,246.533759
68.659192,30.852872,246.388286
68.272888,30.781435,246.360840
67.642240,30.457959,246.415165
67.640538,30.434345,246.420136
67.460204,30.303210,246.461829
67.238555,30.042285,246.494955
66.262155,30.068930,246.451943
65.926335,30.185795,246.425099
65.714321,29.654351,246.550147
65.711043,29.658453,246.549685
64.913997,29.528512,246.784931
64.577426,29.580904,246.706320
64.079800,29.212116,246.799326
63.746716,29.283948,246.780081
63.731199,29.310268,246.774443
63.512085,29.180042,246.885645
62.595204,28.977146,246.706417
62.470094,28.497366,246.745943
62.096278,28.245500,246.412587
61.761167,28.104020,246.498806
60.947974,27.662474,246.478270
60.854330,26.748254,246.450881
59.654979,26.447796,246.431237
59.040941,26.145438,246.420872
58.519841,26.198912,246.469460
57.705129,26.244083,246.334806
57.314344,26.221465,246.337256
57.319507,26.217931,246.372197
57.318245,26.217938,246.372350
56.651491,26.145675,246.471337
56.222094,25.737835,246.370355
56.221990,25.722464,246.375444
55.206958,25.839470,246.353970
54.554854,25.486878,246.456419
53.897340,25.161812,246.498621
53.504279,25.043700,246.574169
53.300444,24.925404,246.613366
52.866779,24.175372,246.801317
52.796740,24.114726,246.781841
52.780834,24.009021,246.787297
52.565780,23.925363,246.815635
51.486678,23.708652,246.662253
51.486520,23.705492,246.663242
51.110671,22.855160,246.594449
49.841505,22.891998,246.512160
49.182545,22.761436,246.302143
49.173712,22.723908,246.316482
49.158180,22.637319,246.272537
48.994009,22.132620,246.233214
48.661557,22.280056,246.175531
48.480514,22.195869,246.208756
48.611914,21.889417,246.129646
47.670323,22.071051,246.150245
47.839591,21.680936,246.085499
47.669179,21.602809,246.117693
46.726024,21.442990,246.084726
46.330858,21.295652,246.051868
46.030017,20.774662,245.926737
45.898528,20.732605,245.945687
45.431636,20.781186,245.983213
44.906584,20.527272,245.879914
44.498951,20.606912,245.843265
44.339862,20.419511,245.843808
44.199675,20.353606,245.873868
43.878237,20.165216,245.897965
43.274362,19.946051,245.841406
42.658431,19.741552,246.115483
42.654981,19.195590,246.089501
42.444706,19.237270,246.127108
41.953476,19.066643,245.987400
41.862295,19.158043,246.007396
41.562389,19.077311,245.951160
41.494607,19.029570,245.885321
41.287261,18.821516,245.802816
40.902619,18.819287,245.949321
40.801117,18.775024,245.782689
40.673191,18.707758,245.790316
40.273560,18.543326,245.865532
39.785671,18.309743,245.803681
39.681811,17.973924,245.792404
39.251960,18.035045,245.699687
39.186501,18.050256,245.714154
39.123359,18.092002,245.728985
38.877311,18.052617,245.765732
37.405642,18.058023,245.652394
37.372057,18.087918,245.637071
36.960598,18.085137,245.588840
36.840479,17.531791,245.573420
36.525362,17.303850,245.524137
36.449987,17.268481,245.544418
36.234326,17.051463,245.436439
35.983167,17.037306,245.452998
35.665716,16.927411,245.410413
35.442696,16.913776,245.468769
35.452494,16.883712,245.251526
34.971359,16.933828,245.212443
34.797588,16.967325,245.232187
34.736777,16.946417,245.245315
34.179823,16.944825,245.265298
32.864919,17.018159,245.162691
32.948062,16.816755,245.047362
32.837836,16.563852,245.001234
31.824332,16.468055,244.825664
31.777048,16.473546,244.713508
31.192552,16.300879,244.686803
30.377263,16.354601,244.662648
29.625007,16.154541,244.319582
28.838973,15.852695,243.953759
28.475818,15.866150,243.958498
28.208135,15.731822,243.849507
27.512081,15.816298,243.795757
27.324175,15.803590,243.871240
27.070005,15.749797,243.806334
26.843619,15.787482,243.521978
25.828078,15.699739,243.223336
25.946807,15.162752,243.129857
25.859480,15.100609,243.171521
25.916449,14.792923,243.118125
25.832205,14.683160,243.157174
25.774584,14.625172,243.188610
25.652161,14.553674,243.239434
25.619537,14.490653,243.266740
25.369541,14.333844,242.968024
25.219202,14.249989,242.982755
24.623800,14.025664,242.783046
24.567342,13.961718,242.811588
23.915622,13.636938,242.241572
23.892980,13.563330,242.254255
23.807330,13.526208,242.273255
23.595253,13.323371,241.858205
23.244712,13.010405,241.814908
23.472116,12.787733,241.670869
23.529902,12.816661,241.638053
23.612355,12.747804,241.485895
23.779618,12.676732,241.424615
23.853485,12.584841,241.117699
24.027197,12.295476,240.963290
24.140305,12.227983,240.863869
24.330251,12.151940,240.780250
24.549498,12.026875,240.621640
24.224676,11.824258,239.914307
24.112952,11.727592,239.782514
24.157193,11.665222,239.534526
24.118764,11.565121,239.259886
24.063667,11.625595,239.093117
24.170765,11.581062,239.050780
24.300216,11.364085,238.864586
24.416160,11.331721,238.788244
24.675542,11.293616,238.662851
24.814093,11.061392,238.667764
24.922604,11.131723,238.551116
24.942321,11.069769,238.483075
24.932640,11.109400,238.335376
24.975200,11.064320,238.059352
25.147099,10.750925,237.985221
25.165908,10.768548,237.965297
25.223861,10.725308,237.901372
25.252319,10.794209,237.504551
25.238789,10.752739,237.486998
25.306758,10.595681,236.943746
25.332523,10.605049,236.914421
25.313378,10.457226,236.535475
24.915057,10.481430,236.217985
25.191561,10.298228,236.007344
25.268367,9.907015,235.699811
25.355007,9.940775,235.633563
25.399735,9.958125,235.599028
25.365927,9.827393,235.142019
25.459673,9.848727,235.018047
25.063496,9.701470,234.692512
25.321488,9.694122,234.561777
25.206201,9.725234,234.349848
25.258531,9.692168,234.277662
25.311655,9.699836,233.955983
25.823136,9.598450,233.697056
25.881333,9.645012,233.595096
25.804243,9.588274,233.361504
26.049741,9.299978,233.126813
26.173799,9.344213,233.025376
26.344739,9.354072,233.077029
26.215387,9.499573,232.499511
26.182793,9.326094,231.839741
26.261811,9.341328,231.394761
26.402607,9.096674,230.984328
26.613149,8.854924,230.901748
26.694100,8.482143,230.197827
26.904875,8.443275,229.919191
26.628294,8.401549,229.484901
26.901880,8.252626,229.255004
26.884491,8.217507,229.141975
26.843957,8.220096,228.910206
26.850921,8.207556,228.913679
26.629694,7.976699,227.722258
26.681870,7.911485,227.651591
27.242306,7.842948,227.107504
27.579685,7.944077,226.447881
27.584284,7.945388,226.447034
27.766248,7.885216,226.209611
28.005204,7.874019,225.961776
27.851486,7.938326,225.844479
28.009410,7.792953,225.670005
27.996113,7.791356,225.399598
27.873558,7.754587,224.856032
27.982611,7.737636,224.138732
28.122853,7.187642,223.778220
28.246114,6.968810,223.650276
28.585183,7.045706,222.966051
28.693376,7.072183,222.849658
28.688893,7.051795,222.792821
28.800223,7.078946,222.672886
28.800388,7.079010,222.672133
28.839380,7.088059,222.481263
28.460877,7.200147,221.769451
28.504759,7.254184,221.460638
28.518956,7.257822,221.451355
28.409718,7.227127,221.018800
28.366253,7.204587,220.344182
28.548807,7.248158,220.087941
28.893019,6.849019,219.727806
29.219299,6.731252,219.442560
29.270377,6.731770,219.219659
28.847930,6.635833,218.141612
28.868500,6.461048,217.782934
28.802225,6.335662,216.927133
28.627534,6.399630,216.548120
28.084629,6.415836,215.088000
28.201977,6.363755,214.389712
28.568224,6.269313,213.459884
28.801305,6.309585,212.363494
28.811912,6.332366,211.597811
28.763762,6.305780,211.051363
28.905386,6.335139,210.851740
29.328613,6.337701,210.751959
29.249856,6.380162,210.476118
29.405794,6.588998,208.998779
29.363245,6.579557,208.976462
29.436003,6.542041,208.907452
29.465755,6.532953,208.132877
29.499842,6.314203,207.213635
29.473153,6.668342,206.195934
29.865337,6.631872,205.555738
29.939710,6.646249,205.224510
29.930219,6.681839,204.919770
29.721736,6.634924,204.335356
29.524652,6.669850,203.701548
28.789856,6.792372,202.791592
28.612458,6.790471,202.054270
28.882925,6.749431,201.965617
28.873659,6.770499,201.964683
29.160977,6.870238,201.374127
28.870542,6.895751,200.820357
28.870544,6.896125,200.819576
29.065348,6.992297,200.773899
29.196982,7.062253,200.466449
29.181130,7.067097,200.464857
29.401120,7.072779,200.478044
29.235184,7.355101,199.710732
28.188731,7.367163,198.582800
28.201122,7.390267,197.812465
28.358161,7.443531,197.482175
28.405568,7.586222,196.606003
28.391763,7.573858,196.605058
28.382221,7.571477,196.603044
28.270991,7.417318,195.837293
27.431632,7.521576,194.358940
27.419935,7.520452,194.357025
27.685959,7.578197,193.965518
27.478098,7.660109,193.200768
27.404569,7.772936,192.864669
27.851523,7.746180,190.309714
28.046824,7.769485,190.071572
28.470672,7.678492,189.336484
28.350268,7.647221,189.104940
28.541515,7.688788,188.700895
28.338727,7.604787,187.773937
28.669521,7.603976,185.928391
28.884110,7.618458,185.485282
28.799763,7.649159,185.394398
28.558221,7.917015,184.648827
28.544905,7.903256,184.632069
28.532198,7.868590,184.607556
28.335659,7.853792,183.721204
28.453528,7.838212,183.500010
28.651959,7.815340,183.058607
28.579937,7.795469,183.020820
28.423804,7.957138,181.890391
28.252646,7.965715,180.957353
28.222637,8.060644,179.793013
28.105183,8.017513,179.549894
28.102537,8.017866,179.549234
27.935741,7.972933,179.155118
27.967544,7.987994,179.138110
27.924371,7.919453,178.262892
28.456042,7.999665,178.441857
28.693469,8.065873,177.970982
29.240765,8.011295,178.084264
29.606359,8.031375,177.664307
29.198267,8.197052,175.907688
29.100662,7.939292,174.098629
28.742340,8.304857,172.907636
28.807423,8.282191,172.613961
28.900858,8.242672,172.120902
28.941647,8.319736,171.368426
29.011557,8.356295,170.735756
29.006064,8.354397,170.732998
28.699751,8.561548,169.701355
28.704715,8.564040,169.700781
28.818999,8.865046,169.171312
29.070530,8.866166,169.037897
29.076070,8.866701,169.037435
29.699282,8.812687,169.218706
30.540803,8.784036,169.279466
30.544194,8.782541,169.278998
30.544932,8.782515,169.278141
30.569756,8.787554,169.256669
30.641358,8.760873,168.855721
30.632389,8.690447,168.001472
30.788733,8.723414,167.862795
30.581312,8.829285,166.275497
30.578341,8.830866,166.273564
30.578110,8.830917,166.272554
30.831531,8.786870,165.751842
30.816232,8.746863,164.705791
30.469247,8.643462,163.796387
30.474286,8.627277,163.727847
30.328844,8.707506,163.590530
30.643406,8.724874,163.350195
30.835497,8.730407,162.718535
31.071507,8.791972,162.167078
31.074608,8.842293,162.151427
30.075692,9.003085,160.922256
30.074983,9.003567,160.921228
30.517714,9.146741,159.771760
30.075952,9.124353,159.122750
29.990068,9.159146,159.100305
29.963601,9.320846,157.811792
29.010062,9.925243,155.672785
28.849637,9.976518,155.460470
29.100602,9.958266,154.964749
29.254461,10.121125,153.868946
29.331133,10.125192,152.712523
29.338242,10.153675,152.712295
29.314491,10.163890,152.689088
29.868648,10.109742,152.463006
29.947815,10.133133,152.415365
29.961633,10.136936,152.413222
30.052658,10.170807,152.219108
30.487657,10.313847,150.972479
30.688386,10.251358,150.492591
30.695634,10.197760,149.385978
31.167898,10.151988,149.116335
31.202798,10.070183,149.105992
31.442259,9.859414,147.732425
31.454980,9.840901,147.725075
31.585651,9.776896,147.317459
32.290113,9.790899,146.333974
32.320693,9.686915,146.120151
31.491808,9.863138,143.248512
31.282562,9.804384,142.554974
31.592522,9.712566,141.805736
31.998598,10.230684,140.363623
31.982191,10.262385,140.286462
31.537193,10.239332,138.805839
31.428321,10.239465,138.684886
31.635167,10.208152,138.265162
31.408928,10.201403,137.397998
31.520427,10.086069,137.161642
31.745929,9.914277,135.676905
31.883528,9.955435,134.796200
31.871087,9.944673,133.460767
32.246825,9.997613,132.831282
31.896358,10.318055,132.333444
32.124518,10.359618,131.631983
32.329228,10.434350,131.125126
32.172750,10.811555,129.556664
32.381664,10.866297,129.011903
32.524163,10.827776,128.864438
32.461440,10.764286,128.067232
32.078358,11.059636,126.859442
32.073339,11.065136,126.858657
31.870042,11.290889,125.127739
32.198742,11.223750,124.420548
32.847163,11.144787,123.510336
32.837936,11.111736,123.454677
32.193263,11.059663,121.819962
32.495787,11.137666,120.360778
32.521777,11.103449,120.333758
32.568061,11.084025,119.651082
33.499874,11.879694,117.822773
33.283666,11.792723,116.306783
33.283561,11.779660,116.292051
33.243521,11.773369,116.275338
33.236082,11.788163,116.248204
33.090905,12.162720,114.892217
33.333976,12.170006,114.441593
33.650524,12.162634,113.394491
33.628357,12.144050,113.383305
33.622439,12.042492,112.583228
33.244586,12.140428,111.342128
33.117379,12.477929,111.105845
32.978645,12.425863,110.857247
33.162136,12.405997,110.476212
33.358150,12.390011,109.374813
33.693568,12.347684,108.916102
33.674300,12.325491,108.470914
33.507330,12.339091,108.235649
34.355287,12.655919,106.837252
34.401839,12.646227,106.828643
34.848550,12.745641,105.986678
35.287614,12.693810,105.795866
35.308168,12.698012,105.791004
35.339887,12.700715,105.782630
35.622488,12.777192,105.425831
35.635320,12.781755,105.428684
35.864560,12.818145,105.084121
36.371503,12.888529,103.977342
36.358676,12.890645,103.972331
36.068720,13.119781,103.385549
36.322430,13.133262,102.837234
36.097411,13.077030,102.314696
36.093942,13.099432,102.270150
35.999168,13.221387,101.285808
35.795577,13.508256,100.779042
36.013506,13.819209,100.189291
36.640165,14.432305,99.343518
37.334495,14.325831,98.759134
37.566965,14.467306,98.220587
37.560683,14.471771,98.189344
37.779295,14.693403,96.485811
38.131750,14.799258,95.764739
38.573952,14.651938,95.437355
38.496355,14.571820,93.401041
38.483991,14.802744,92.890722
38.069542,14.744580,92.003184
37.998256,14.798652,91.369183
37.812809,14.786077,90.984294
37.661607,14.806318,90.138283
37.768726,14.844638,90.002244
37.644092,15.092138,89.522798
37.346797,14.969746,88.970570
37.265424,15.238941,88.342001
37.178582,15.226637,88.172244
37.594508,15.312983,87.552347
37.594431,15.305210,87.540757
37.654207,15.307082,87.475953
37.743104,15.362899,86.602884
38.105776,15.728318,85.843618
38.752060,16.271929,84.413101
38.836015,16.261691,84.359706
39.160729,16.237556,83.866608
39.185784,16.246617,83.867294
39.112777,16.314941,83.546118
39.035025,16.252301,83.311958
39.473275,16.225431,82.693811
39.320056,16.287757,82.341516
39.336317,16.272940,82.331051
39.335215,16.273824,82.329329
39.340750,16.247232,82.099825
39.495007,16.265223,81.924451
40.188423,16.200120,80.485438
40.526675,16.369697,79.758379
40.532790,16.365257,79.752360
40.534234,16.361011,79.728101
40.995977,16.381807,78.936854
40.799401,16.339360,78.092742
41.312437,16.491863,77.241314
41.978945,16.640998,76.084514
41.949992,16.612027,75.769702
42.068841,16.829187,75.328651
41.926078,16.818279,75.079794
42.035578,16.751990,74.524123
42.650910,16.721074,72.765005
42.900058,16.776537,72.166123
43.328572,16.865140,71.300075
43.324045,16.856196,71.296042
42.970229,16.691676,70.580531
42.585202,16.583013,69.979886
42.560917,16.611865,69.734926
42.614953,16.520762,68.714223
42.759943,16.883198,67.917349
42.872903,16.862571,67.856931
42.607628,16.873253,67.448494
43.271582,16.971775,67.257060
43.356574,16.930652,66.912392
43.160503,16.963485,66.495853
43.562270,16.837146,65.535934
43.654566,16.685191,64.776550
43.552642,17.008811,64.355573
43.755281,16.981111,63.809534
43.819736,17.075665,63.646118
43.804851,17.244263,63.181818
43.823478,17.417806,62.655982
43.888583,17.292138,62.209521
43.814712,17.430405,62.030332
44.295278,17.374814,61.178785
44.268298,17.373773,61.083928
44.582398,17.494328,60.370931
44.964795,18.000556,59.867061
44.987191,18.042689,59.709269
45.181750,18.110621,59.314341
45.601254,18.111652,58.944736
45.447325,18.073484,58.705031
45.537006,18.408171,58.042368
45.416476,18.476646,57.851573
45.351208,18.559098,57.754797
45.254228,18.640347,57.295069
45.323814,18.731731,56.763711
45.533942,18.726221,56.125900
45.527975,18.787517,55.882836
46.165993,18.728947,54.808881
46.353816,18.754858,54.625133
46.645411,18.963835,53.926655
47.222684,18.585907,53.217715
47.207039,18.638420,53.140946
47.484438,18.577998,52.645788
47.560393,18.752312,52.129440
47.836452,18.857919,51.363158
48.177519,18.861204,50.753087
48.778555,18.717583,49.905893
48.756808,18.829760,49.298629
48.850952,18.647147,49.065193
49.099594,18.492909,49.129531
49.865944,18.466958,48.531150
49.953628,18.457941,48.607250
50.389621,18.424047,48.384376
51.059033,18.556049,47.917684
51.791708,18.879016,47.510371
52.652594,18.713751,47.593440
52.867433,18.808483,47.467181
53.417881,18.847245,46.992169
53.538951,18.928849,46.996161
53.975803,18.927927,46.613824
54.070728,18.917848,46.611251
54.380569,18.977361,46.306616
54.452006,18.995160,46.346563
55.035327,19.635031,45.939752
55.209903,19.593302,45.787538
55.596975,19.549459,45.417782
56.669910,19.518457,44.362956
56.699987,19.549461,44.339422
57.311311,19.519382,44.158173
57.860170,19.465292,43.801401
58.195585,19.178748,43.536423
58.662641,19.070732,43.279091
58.839035,19.304288,43.336247
59.354174,19.265558,43.337075
59.773068,19.262739,43.112540
60.010597,19.309449,43.102453
60.515727,19.344102,43.197330
60.942377,19.666049,42.969989
61.696208,19.616452,42.845030
62.172728,19.806113,42.829081
62.281188,19.923598,42.754387
62.673296,19.983328,42.491454
62.977711,20.055801,42.530324
63.289945,20.107153,42.567536
63.679677,20.022925,42.356745
64.097648,20.251780,42.192188
64.506056,20.313565,42.374953
65.233435,20.832908,41.911268
65.448061,20.737730,41.936523
65.589704,20.790262,42.054776
66.011795,20.408481,42.187549
66.824954,20.344324,42.707993
67.137687,20.497556,42.828369
67.140783,20.499340,42.847304
67.767530,20.603725,42.710006
67.810930,20.480546,42.739511
68.646895,20.690351,42.879493
69.592395,20.689876,43.060127
69.888297,20.877138,42.910973
70.102304,20.918252,42.686544
70.968895,20.929253,42.220691
71.496521,21.295784,42.116900
71.662790,21.249582,42.215937
72.166232,21.200511,42.229054
72.607415,21.409098,42.068505
72.935564,21.437551,41.904729
73.526788,21.556891,42.181577
74.196290,21.815141,42.092462
75.078176,22.080339,42.355306
75.383220,22.041110,42.199984
76.091586,21.984101,42.006649
76.480059,22.224225,41.922399
76.453781,22.283301,41.836367
76.835399,22.686838,41.450278
76.861651,22.850720,41.514247
77.812752,23.411906,41.803510
78.044166,23.475727,41.588304
78.657725,23.273012,41.800693
79.766493,23.533498,41.358910
79.998402,23.576333,41.570572
80.556562,23.880785,41.423678
81.651536,23.978618,41.458123
82.489495,24.068620,41.042621
82.500406,24.090455,41.077959
82.623357,24.071008,40.855592
82.820370,24.048384,40.563390
83.344753,24.307931,40.147866
84.452190,24.380887,39.929636
84.708314,24.655776,39.823554
84.713227,24.641958,39.833464
85.262725,24.531080,40.015263
85.876268,24.399333,40.070570
86.271308,24.736269,39.713758
86.366020,24.667928,39.634711
87.092493,24.768293,40.211414
87.272285,24.913328,40.136861
87.930185,24.956562,40.337382
88.281670,25.321656,40.318293
89.182016,25.054594,40.159706
89.998908,25.071670,40.163756
90.682332,24.974315,39.849445
91.040606,24.780563,39.772122
91.735951,25.123243,39.640519
91.798764,25.057316,39.638686
93.126353,24.993330,39.798881
94.166384,25.173663,40.335273
94.803723,25.283385,40.274974
94.803472,25.281734,40.296871
96.598170,25.546270,40.588434
96.634960,25.512412,40.554101
97.423242,25.533639,40.788180
97.957581,25.696392,40.803416
98.089838,25.773863,40.865500
99.153919,25.788172,41.535067
99.771921,25.854188,42.067030
100.669100,25.930721,41.919903
100.673709,25.922329,41.903366
101.453199,26.152166,41.032290
101.716320,26.230330,41.079072
102.793990,26.087981,40.974581
104.171657,26.162515,41.065067
104.421870,26.348872,40.525964
104.971537,26.362926,40.848086
106.220975,26.344626,40.633436
106.678844,26.293209,40.940223
106.879040,26.311164,41.099224
107.423773,26.157166,41.596418
108.405624,26.204197,41.998331
110.150378,26.172882,42.180453
110.235421,26.277366,41.826032
111.378918,26.794830,42.007925
111.528027,26.809214,41.917155
111.755981,26.602412,41.788945
112.100526,26.776869,41.445859
112.566597,26.797945,42.003200
113.009752,26.947599,42.037900
113.083942,27.000569,42.033696
113.608947,26.792244,42.605428
114.068021,26.766261,42.347254
115.126800,26.710965,42.913140
115.695383,26.678607,43.051859
116.673627,26.562292,43.725362
116.905180,26.627341,43.790968
118.486778,27.000415,44.219354
118.670062,27.051345,44.059397
118.741576,26.991448,43.959831
119.285341,26.898109,43.864307
119.417807,26.967600,43.887099
119.477146,26.952942,43.840009
119.634613,26.914154,43.799799
119.853803,26.606382,43.911780
120.354876,26.604335,43.756731
120.898853,26.695574,43.986217
120.931090,26.670657,43.938009
121.321245,26.436626,44.036111
121.428483,26.237563,44.116119
121.433724,26.239045,44.171288
122.671282,26.442098,44.574633
122.774896,26.422401,44.533458
123.114953,26.413662,44.257025
123.547724,26.420564,44.300854
125.371570,26.192006,45.221373
126.166185,26.211940,45.977185
128.114410,25.829485,46.918241
128.122079,25.826247,46.911824
128.619424,25.624835,46.836026
128.732521,25.680176,46.740085
129.794910,25.825369,47.036401
130.707470,26.045787,47.362306
131.337593,26.489219,47.890627
131.473335,26.373387,47.999179
132.547058,26.378787,50.001771
133.173302,26.434333,50.404786
133.619866,26.487043,50.645288
134.121782,26.841914,51.113914
134.174446,26.754549,51.274122
135.318880,26.993563,52.028959
135.701209,26.638574,52.620007
136.637632,26.150487,53.321468
136.666793,26.118711,53.353850
136.950281,26.295828,53.492324
136.951359,26.296297,53.493345
138.069775,26.407519,53.615566
138.505366,26.339381,54.281405
140.777334,26.159307,55.505096
142.143554,26.302052,56.262049
142.254697,26.286325,56.250924
142.318123,26.238721,56.170911
142.577783,26.728237,56.369416
144.004175,26.960498,57.435815
145.349744,27.105901,58.368546
145.997559,26.960016,58.200282
145.967809,26.903064,58.838254
146.821810,27.389440,59.966549
146.834957,27.392131,59.959044
146.970666,27.440871,60.010313
147.241732,27.737031,60.150771
147.370589,27.732420,60.029286
149.493907,27.175803,62.406367
149.653427,27.081095,62.267181
149.793459,27.098414,62.367590
149.774241,27.021187,62.470066
150.515946,26.887572,63.211117
150.533770,26.997503,63.428499
150.991587,27.060110,63.323584
151.189831,26.983593,63.272362
152.019504,26.647168,64.003023
152.815732,26.581830,64.116638
152.858727,26.570538,64.150543
154.148431,26.512986,64.963826
154.590208,26.281174,64.745543
155.400401,26.055560,65.406488
155.402062,26.053789,65.406246
155.894835,25.797375,65.629332
156.203233,26.092944,66.043104
156.378507,26.255887,66.500418
156.983683,26.358978,66.738654
157.334442,26.556649,67.327925
157.406783,26.499632,67.453216
158.260997,26.328001,68.331737
159.208629,26.461801,69.186063
159.567823,26.419004,69.220270
159.566301,26.468904,69.386722
160.606759,26.333047,70.553801
160.770116,26.083376,70.614698
161.788415,25.844788,70.875631
161.943222,26.104235,70.850338
161.947728,26.106322,70.847368
162.134484,26.323935,70.704788
163.303155,26.207252,71.728480
164.139320,26.676626,72.342772
164.568952,26.562611,72.376373
165.004688,26.598122,72.471997
165.021111,26.535583,72.673857
165.243826,26.902722,72.831611
165.859198,27.156612,73.987322
166.350390,27.000013,74.888853
166.868298,26.800908,75.288429
168.352796,26.527915,75.665979
168.345029,26.521239,75.676933
169.207551,26.485362,76.799509
170.160561,26.595639,77.916586
170.922275,26.524142,78.383804
171.266857,26.853322,78.228554
171.960908,26.745376,78.649689
171.962022,26.745250,78.651091
172.501698,26.666334,79.002396
173.468968,26.871076,79.856768
174.832649,26.735535,81.631894
175.841369,26.924678,82.189561
177.458876,26.627410,83.807170
177.652113,26.567760,83.696742
179.392283,26.739822,83.870015
179.393634,26.740403,83.871432
179.633538,26.659505,84.353493
180.329404,26.495172,85.545799
181.139213,26.829584,86.521215
181.404682,26.908573,86.453446
181.405100,26.908659,86.456411
181.542337,26.884322,86.919174
182.545628,27.014081,87.717341
183.686034,27.125766,88.582565
184.233965,27.161655,88.746235
184.726445,26.983100,89.227610
185.423029,26.362400,89.597907
185.823511,26.292675,89.893085
187.455562,26.681947,91.339915
187.881489,26.841585,91.938955
188.235511,26.741308,92.545190
188.643648,26.590230,93.231100
189.072061,26.422399,93.415972
190.150204,26.138387,93.045734
190.739675,25.636089,93.374020
191.347773,26.209035,93.267621
191.888805,26.140991,93.739418
192.588681,26.392754,93.940074
192.600112,26.400811,93.928740
193.046344,27.079528,94.401219
194.047607,26.597101,95.402572
194.855443,26.655234,94.917981
195.011402,26.659178,95.152263
195.330714,26.850468,95.477870
196.104426,26.783082,95.598704
197.750709,26.792935,96.049828
197.760472,26.752270,96.040921
198.174020,26.837902,96.263730
198.880109,26.796575,96.387689
199.239451,26.691733,96.775687
199.377564,26.617281,96.760955
200.684418,26.581086,97.844283
201.486921,26.459824,97.938251
201.888219,26.504758,98.452412
202.287929,26.401806,98.590034
202.987133,26.758879,99.227225
203.344386,26.802581,99.811691
203.823735,26.801179,99.889507
204.557736,26.447715,99.759670
205.064113,26.491464,100.234988
205.628316,26.486224,100.468544
206.194325,26.490177,100.375348
206.546241,26.336034,100.895424
206.698487,26.253847,101.164334
207.331938,26.947633,101.761757
207.656688,27.008123,101.795561
208.556062,27.278680,101.690460
209.204939,27.396626,101.750046
209.514740,27.839259,102.123271
209.576935,27.869076,102.087184
209.609600,27.867367,102.193880
210.173148,28.036717,102.714427
210.363751,28.134284,103.077329
211.582761,27.901755,103.532669
211.892717,28.035320,103.934614
212.019022,28.004472,104.311746
212.838383,27.996547,104.590427
213.223522,27.944960,104.900067
213.699696,27.890008,104.835841
214.929838,27.564605,105.470462
215.703781,27.893470,105.644168
216.423618,28.007625,106.681003
216.674193,28.229334,106.427928
217.291909,28.586548,106.288877
217.758850,28.706329,105.815879
217.750303,28.771805,105.664157
217.772751,28.750183,105.467535
217.937337,28.668740,104.928227
218.272077,29.195491,104.242896
218.467610,29.239951,104.011665
219.108682,29.284347,103.865351
219.931153,29.410918,103.441471
220.203652,29.243483,103.001309
221.225246,29.776115,102.999735
221.233135,29.734035,102.825019
221.367775,29.570966,102.405903
221.371608,29.529413,102.238972
221.496541,29.751621,101.773640
221.481109,29.754790,101.750346
221.595033,29.682676,101.244496
222.015240,29.411299,100.651342
222.053376,29.371967,100.659930
222.218322,29.239704,100.386118
222.142860,29.175499,100.159153
222.847442,29.455948,100.263405
223.050825,29.532964,100.145622
223.585322,29.785715,99.978344
223.691119,29.620504,99.130239
224.472123,29.720456,98.848215
224.850160,30.054842,97.960662
224.931011,30.090426,97.533480
224.974720,30.229017,97.413298
225.633251,30.868526,96.115222
225.809276,30.710221,95.825440
226.456347,30.981410,94.598065
228.015637,30.123086,93.299548
228.274606,30.544563,92.834487
228.706367,30.584162,92.295232
228.718902,30.400406,91.881181
229.156405,30.017468,91.295322
229.891185,29.608592,90.842858
230.099248,29.836155,90.431071
230.387394,29.758913,90.112960
230.334467,29.754431,89.755503
230.528899,29.339629,89.536171
230.541820,29.342050,89.535885
231.131872,29.542914,89.076602
231.579119,29.985900,89.027433
232.097686,30.169056,89.033187
232.224596,30.313552,88.721312
232.421949,30.356781,88.769502
232.615989,31.635735,87.876240
232.795017,31.665581,87.282904
233.218581,31.611394,87.042713
233.242754,31.285976,86.555477
233.689071,31.319622,85.686604
233.997000,31.816685,84.671579
233.990119,31.827194,84.667093
234.032660,31.867123,83.943718
234.036581,32.039371,83.012749
234.812035,32.387366,82.740434
234.929993,32.050611,81.886277
235.064624,32.097470,81.295573
235.137316,32.040074,80.917393
235.428822,32.071662,80.272247
235.813425,32.238941,80.007703
236.353231,32.946792,79.788022
236.278448,33.042421,79.280280
236.566513,33.045790,79.012171
237.287247,32.793433,77.485197
237.318863,33.134224,77.174040
237.734224,33.853617,74.920907
238.001857,33.583037,73.310090
238.226947,33.723275,72.413683
238.219216,33.736534,72.158124
238.157576,33.936477,71.412822
238.250612,34.450356,71.135273
238.433209,34.865916,70.679381
238.435359,34.879529,70.679787
238.483642,34.961517,70.448241
238.513407,34.888920,70.408105
238.502906,34.618392,69.832037
238.501729,34.292741,68.877448
238.404395,34.276293,67.229768
238.384960,34.477117,66.739007
238.427456,34.374409,65.659842
238.534967,33.912879,64.752595
238.656331,33.591023,64.304583
238.947275,34.550906,63.681158
239.132356,34.424393,63.464598
239.224658,35.037987,62.313257
239.356019,35.049806,60.602802
239.390738,35.005243,59.607826
239.356192,35.081784,59.501938
239.470548,34.900339,59.204988
239.366106,34.774444,59.044742
239.875209,35.213809,58.350749
240.167960,35.671876,57.632908
240.082280,35.608901,57.549348
239.885490,35.535981,57.271486
239.969997,35.178540,56.255100
240.238020,35.567131,55.722772
240.260886,35.857592,55.252041
240.195928,35.841102,54.451194
240.336583,35.306577,53.921864
240.778239,35.414878,53.425975
240.946625,35.271776,52.416634
240.940810,35.255776,52.404955
241.186292,35.171152,52.183752
241.243786,35.120847,52.075446
241.551491,34.747555,51.299487
241.682683,34.483344,50.895828
241.884170,33.979031,49.346873
242.200125,33.551925,49.092418
242.279314,33.721205,48.200692
242.380424,33.857942,47.880347
242.705619,33.268597,46.752116
242.816285,32.959122,46.410094
242.782005,32.491055,44.902951
242.849044,32.649043,44.412973
242.878785,32.561860,43.550045
242.948433,33.268281,43.060860
242.876459,33.164176,42.736151
242.855244,33.221764,42.689525
242.781113,33.092082,41.486517
242.870299,33.282847,41.179531
242.962715,33.010190,40.639143
243.054832,32.938908,39.930091
243.107034,33.261077,39.976527
243.075409,33.248638,38.938462
243.152853,33.025693,38.707340
243.325385,33.418435,38.213789
243.355967,33.329804,38.107670
243.391287,33.200702,37.230007
243.389635,33.008253,37.052536
243.408861,32.932931,36.954496
243.553629,32.568966,36.548261
243.522639,32.603354,36.031270
243.455866,32.458693,35.878073
243.454745,32.385040,35.129023
243.493132,32.219240,34.933657
243.550491,32.229789,34.945003
243.514444,32.164911,34.604196
243.596388,32.090405,34.544478
243.524356,32.049175,34.183089
243.488992,31.676311,33.785715
243.626614,31.655576,33.729779
243.338780,31.987310,33.196527
243.482054,32.192120,33.056790
243.512873,32.157434,32.750737
243.632401,32.126231,32.397633
243.640661,31.918365,32.179575
243.879487,32.021379,31.752026
243.787643,31.782131,31.288072
244.010214,31.941908,31.168730
244.037019,31.850134,29.783395
244.033393,32.017323,29.475578
244.167961,32.306212,29.003910
244.183575,32.180743,28.865330
244.329162,31.964069,28.642661
244.407312,32.089406,28.362770
244.549451,32.051101,28.048359
244.592949,32.025759,27.870639
244.672068,31.821219,27.694269
244.627364,32.219904,27.270995
244.635747,32.109908,27.163299
244.515757,32.301178,26.798646
244.547721,32.520478,26.534540
244.584559,32.529978,26.355767
244.579181,32.266645,25.957846
244.724166,32.121073,25.630772
244.848607,32.013689,25.108005
244.868399,31.845372,24.968456
244.887244,31.758844,24.899992
244.799516,31.405474,24.518467
244.822089,31.305587,24.368703
244.885025,31.329811,24.273802
244.926765,31.545007,23.506930
244.955479,31.536021,23.382878
245.049642,31.590466,22.585384
245.017710,32.102927,22.241811
245.001269,32.278526,22.330254
245.008764,32.726092,22.210899
245.031489,33.054866,22.017227
245.035495,33.283120,22.089936
245.093807,33.423462,22.147294
245.034710,33.630887,22.190726
245.117550,34.220621,22.190223
245.302270,34.485927,22.157182
245.244462,34.871666,22.185926
245.248510,35.036509,22.235304
245.233063,35.276228,22.267216
245.310288,35.510637,22.253383
245.333087,35.888447,22.115226
245.344004,36.062687,22.112655
245.324428,36.282333,22.062079
245.400386,36.783783,22.122926
245.364699,37.081049,22.147855
245.313290,37.372115,22.207198
245.271893,37.547350,22.317832
245.405512,38.017775,22.391346
245.370141,38.139950,22.397963
245.312830,38.485604,22.373960
245.535856,38.956212,22.432005
245.561977,39.283854,22.552662
245.557278,39.454277,22.527185
245.753251,39.983066,22.503240
245.726601,40.334642,22.481664
245.976308,40.566564,22.552428
246.097374,39.787477,22.322936
