3000
3
5.055496,228.436883,41.707987
5.206341,228.604696,41.876001
5.177742,228.563735,41.723586
5.197861,228.505480,41.556972
5.193019,228.486832,41.393094
5.306973,228.588161,41.225144
5.309894,228.568403,41.114972
5.469204,228.776424,40.758708
5.541680,228.792393,40.832401
5.544112,228.775150,40.735534
5.507273,228.923719,40.518104
5.633142,228.759241,40.331355
5.771176,228.854087,40.110559
5.788076,228.864959,39.921694
5.788888,228.864315,39.918247
5.783323,228.934901,39.779220
5.745300,228.851810,39.596093
5.726892,228.934654,39.450953
5.720554,229.025493,39.152735
5.731385,229.021170,39.064361
5.820338,228.929359,39.006186
5.808204,228.984588,38.868650
5.944180,228.720905,38.661776
5.940084,228.752951,38.374523
6.023499,228.714075,37.994415
6.014022,228.829223,37.801017
6.235641,228.901529,37.507924
6.356637,228.960710,37.513631
6.347212,228.999697,37.458985
6.364465,228.970934,37.374367
6.332568,228.812363,37.216845
6.310792,228.810237,36.832905
6.632022,228.840797,36.413505
6.621233,228.883897,36.267765
6.732297,229.050496,36.097449
6.723695,229.083979,36.063797
6.959658,229.173634,35.927944
6.972042,229.094819,35.749755
7.068562,229.172731,35.509556
7.063241,229.192553,35.506083
7.204088,229.300845,35.402977
7.306030,229.283555,35.301341
7.356523,229.178387,35.003734
7.477517,229.238285,34.904367
7.487861,229.202775,34.869637
7.493884,229.181946,34.513205
7.504733,229.144672,34.420030
7.504753,229.144962,34.418874
7.549534,229.153256,34.408681
7.550001,229.153426,34.407513
7.532250,229.137624,34.102763
7.693845,229.415862,33.803949
7.693841,229.416175,33.802789
7.820523,229.440642,33.292023
7.910882,229.455999,33.184084
7.910898,229.456241,33.183121
7.961020,229.397299,32.984916
7.998497,229.476293,32.919028
7.968259,229.573523,32.793475
7.963618,229.738128,32.550309
7.944554,229.799425,32.470981
7.975902,229.835998,32.240708
7.964736,229.905562,32.075253
7.946565,229.780397,31.839593
8.075954,229.879333,31.660896
8.071759,229.904694,31.626754
8.130049,229.891234,31.381096
8.107263,229.780544,30.895045
8.249689,229.962525,30.715506
8.333414,230.033852,30.451714
8.352149,230.104240,30.226629
8.330637,230.140837,30.172015
8.483293,230.146750,30.083765
8.567059,230.303664,29.907798
8.602997,230.223194,29.788430
8.580056,229.855474,29.499628
8.538752,229.930858,29.347994
8.737241,229.951042,29.370429
8.749836,229.907217,28.845195
8.732461,229.956839,28.790764
8.714213,229.980710,28.464576
8.807854,230.166999,28.655789
8.785526,230.149551,28.490004
8.787505,230.150470,28.325308
8.752954,230.167818,28.213941
8.858675,229.941386,28.095041
8.851268,229.971265,28.036968
9.038727,230.150917,27.828230
9.339133,229.574213,27.438353
9.322929,229.611215,27.386932
9.468763,229.439852,27.175503
9.536325,229.526557,26.952081
9.596003,229.543110,26.947207
9.585473,229.581394,26.889196
9.590238,229.568924,26.608947
9.708625,229.595295,26.378618
9.665572,229.503444,25.962288
9.681448,229.572649,25.862687
9.936067,229.382902,26.109395
9.953957,229.326400,26.100419
10.002552,229.275520,26.137727
10.195302,229.130372,26.136387
10.250078,228.887396,25.710092
10.273654,228.807991,25.786601
10.415014,228.551273,25.996531
10.448159,228.525759,25.932768
10.387966,227.905855,25.959248
10.779914,227.621942,25.882509
10.804748,227.721612,25.686704
10.831712,227.628987,25.756551
10.870412,227.474061,25.670581
11.147213,227.471328,25.632858
11.189628,227.357266,25.725212
11.596432,227.097738,25.750904
11.804621,226.707744,25.717050
11.891766,226.620877,25.666478
11.966502,226.313044,25.782880
12.037288,226.184876,25.896902
12.154402,225.885003,25.877896
12.192504,225.591228,25.964799
12.182862,225.253471,25.907260
12.238004,225.240930,25.883935
12.310110,225.112211,25.937981
12.518440,224.917891,25.679673
12.637038,224.752685,25.340998
12.749434,224.700897,25.472029
12.879880,224.551704,25.552343
12.878648,224.509479,25.587323
12.892053,224.477433,25.613863
12.964941,224.327688,25.753435
13.168797,224.202292,25.942193
13.373014,223.393349,25.080586
13.488280,223.232959,24.978518
13.720980,223.202229,24.955645
13.785431,222.737982,24.947646
13.909353,222.711236,24.927925
14.101498,222.506881,24.927969
14.218878,222.105336,25.033581
14.216348,222.102291,25.036613
14.265532,221.684806,24.879174
14.374501,221.339410,25.016407
14.365893,221.295573,25.048537
14.499486,221.187296,24.803834
14.487920,220.823256,24.745254
14.482825,220.530075,24.783456
14.880454,220.308805,24.607267
14.880601,220.308127,24.607175
14.977941,220.098713,24.329755
14.858310,219.823851,24.213899
15.024143,219.764478,24.238272
15.149215,218.999767,23.606407
15.294814,218.680508,23.270998
15.550104,217.995403,22.827215
15.730642,217.796552,22.508409
15.978513,217.580628,22.559180
16.315732,217.251764,22.679758
16.367578,217.029034,22.770522
16.473716,216.936041,22.822322
16.590102,216.701297,22.651698
16.740959,216.312155,22.306168
16.738055,216.309098,22.301967
16.763256,216.165880,22.338329
17.348022,216.056117,22.146304
17.406588,215.938388,22.189996
17.386317,215.844296,22.163626
17.460679,215.703913,21.844746
17.558791,215.446554,21.975404
17.644640,215.453206,22.061640
17.855381,215.361965,22.103382
18.069142,215.055976,22.320211
18.355617,214.923443,22.538198
18.482943,214.669714,22.564480
18.475354,214.650939,22.555114
18.746859,214.402330,22.776931
18.789342,214.321639,22.602944
18.825946,213.979026,22.651018
18.922581,213.696197,22.609469
19.038861,213.076869,22.671744
19.195273,212.817868,22.963151
19.194713,212.745897,23.004030
19.250307,212.619920,22.850877
19.430892,212.270626,22.668915
19.686077,212.317324,22.616997
19.881078,212.096763,22.551668
20.002616,211.860641,22.480775
20.153733,211.388709,22.464183
20.231402,211.064723,22.375006
20.379811,210.995753,22.418527
20.451483,210.961845,21.968496
20.438231,210.924583,21.954051
20.423820,210.887107,21.938361
20.419554,210.881786,21.933668
20.654970,210.462682,22.218796
20.748189,210.577741,22.341702
20.749282,210.577818,22.342390
20.826047,210.424561,22.436409
21.112308,210.223292,22.409462
21.283650,209.930289,22.631057
21.288370,209.933477,22.635865
21.332850,209.643502,22.737923
21.864165,209.317654,22.762390
22.083418,209.088791,22.780674
22.531762,208.861078,23.039919
22.510382,208.805471,23.050858
22.472172,208.544088,23.187745
22.666358,208.404766,23.112242
22.861909,208.132267,22.907748
22.837786,208.058633,22.889642
23.064147,207.551526,22.910145
23.159591,207.467369,23.027866
23.578974,207.268059,23.299288
23.588990,207.269228,23.315079
23.645220,207.237479,23.477126
23.867182,207.317655,23.517428
23.959086,207.139440,23.627817
24.177849,206.841608,23.553574
24.489165,206.699843,23.650612
24.597361,206.512993,23.748838
24.581522,206.376913,23.707754
24.675018,206.404110,23.780094
25.164493,206.327575,24.161758
25.227088,206.277240,24.139113
25.255820,206.320101,24.161127
25.480288,206.314560,24.238658
26.052542,206.188862,24.798126
26.633352,205.692278,24.654003
26.608931,205.523677,24.759450
27.147318,205.512040,24.622435
27.502870,205.716670,25.189465
28.096511,205.985121,24.978917
28.412861,206.001611,25.058221
29.168622,206.196227,25.052509
29.761761,206.082934,25.394347
29.938069,206.287119,25.629637
29.960528,206.179801,25.699786
30.435188,205.869495,25.619976
31.125167,205.798996,26.134979
31.119743,205.672797,26.193041
31.865014,204.745773,26.534236
32.567544,204.789524,26.553124
32.853946,204.751501,26.811622
33.362430,204.780599,27.206982
33.404564,204.854304,27.228661
33.517808,205.095216,27.293355
33.987037,205.057887,27.202320
34.198787,205.213013,27.184559
34.406799,205.347370,27.203298
34.612801,205.255633,27.366490
35.081704,205.478492,28.243450
35.082564,205.479847,28.243650
35.135737,205.654141,28.223316
35.533333,205.960953,28.172206
35.717954,205.734976,28.342129
36.578542,206.217964,28.148491
37.009198,206.096034,28.436368
37.427410,205.946024,28.506593
37.781863,205.713249,28.867919
38.103826,205.687098,29.168105
38.611453,205.238546,28.878491
38.616283,205.300570,28.898080
38.791094,205.139857,29.050492
39.424155,204.943263,29.257971
40.102432,204.509823,29.461386
40.672424,204.477023,29.505749
41.267418,204.641892,30.376897
42.132336,204.712770,30.935098
43.037584,205.163215,31.441570
43.667493,205.033990,31.278726
43.861545,204.852778,31.464378
44.819073,205.381897,32.091679
45.292922,205.062666,32.391086
45.928960,204.938604,32.432864
45.934024,204.934347,32.425669
46.381392,205.146444,32.661608
46.807947,205.184581,32.857447
47.600897,205.392920,32.674863
48.039383,205.204912,32.665788
48.721441,204.778404,32.188873
49.113829,204.889208,32.226856
50.107978,204.532248,33.081604
50.631625,204.843133,33.039339
51.742774,206.185923,33.286868
51.982898,206.249863,33.486878
52.270386,206.153340,33.618545
52.284410,206.257904,33.618815
52.675816,206.355304,33.769336
53.314545,206.821047,34.206878
53.322689,206.843880,34.184556
53.365871,206.921265,34.128643
53.713920,207.065296,34.284347
54.236768,207.420390,34.654224
54.487616,207.342815,34.723630
55.291616,207.797292,35.639706
55.552438,207.961339,35.312861
56.091978,207.689671,35.235050
56.722754,208.090325,35.224209
57.293898,207.743733,35.680428
57.560959,207.562598,35.842920
58.435745,207.383165,35.464673
58.974908,206.999759,35.033316
59.420256,207.634958,35.327913
59.662639,207.853039,35.447272
60.873371,208.212735,35.360708
61.173476,208.183572,35.464896
61.470348,208.146453,35.754843
62.618753,208.396235,35.278444
63.213193,208.011117,35.683808
64.651004,208.058305,36.245909
64.987527,208.274924,36.413791
66.426033,208.576786,36.705057
66.683789,208.862316,36.967639
67.416405,208.706070,36.683015
68.132216,209.227146,36.473510
68.550135,209.173866,36.097164
69.929590,209.260969,37.024925
69.939494,209.244745,37.009898
70.827565,209.606345,36.432379
71.422435,209.828723,36.669001
71.740174,209.635230,36.825077
71.740398,209.628766,36.829693
72.581933,209.358603,37.006090
73.084492,209.584212,37.122167
73.333273,209.742700,37.312451
73.341079,209.766650,37.298415
73.787095,210.403439,37.909206
74.120051,210.626886,38.142106
75.002024,210.683230,38.454497
75.485552,210.593303,38.772117
75.916490,210.324536,38.226285
75.992143,210.476194,38.307366
76.367165,210.465022,38.565625
77.233754,211.036873,38.987540
77.349589,210.856064,38.932960
77.401055,210.785998,39.031318
78.528784,211.262870,39.924975
78.531324,211.265727,39.919361
78.958500,211.122343,39.623714
80.272330,211.588579,39.438695
81.021756,211.913635,39.913401
81.015920,211.951948,39.938779
81.188021,211.782051,40.110911
81.194934,211.786369,40.152237
81.232806,211.851550,40.097461
81.603521,211.924821,40.330089
82.604272,212.208420,41.593608
83.322842,213.062565,41.789753
83.740698,213.217504,42.078256
84.201281,213.111997,42.150222
84.447747,213.160272,42.179396
84.836775,213.012971,42.351822
85.373007,213.417228,42.516980
85.912355,213.513864,42.368696
85.956929,213.576627,42.487930
86.221946,213.537824,42.675929
87.141362,214.039920,43.031678
87.234718,213.905671,42.987455
87.368180,214.124149,43.111497
87.660887,214.348074,43.531848
88.032470,214.277141,43.233283
88.322771,214.233417,43.654826
88.455258,214.091619,43.834438
89.434109,214.786736,44.477729
89.777143,215.034046,44.723296
89.777007,215.036704,44.727378
89.778872,215.035309,44.729174
90.200398,215.461633,44.962228
92.402836,215.213551,44.932578
92.413610,215.172041,44.975467
93.563676,214.717128,44.135113
93.578697,214.884540,44.208464
94.371502,214.840928,44.294817
94.770970,215.070995,44.501565
95.297008,215.030946,44.854706
95.454320,215.348914,45.027549
96.757625,215.349450,44.559205
97.687511,215.806144,44.477441
98.035120,216.186179,44.773185
98.443416,216.114308,44.308108
98.465461,216.190383,44.503007
99.327071,216.414271,44.940417
99.967612,216.240215,45.167576
100.398742,216.216603,45.047285
100.606616,216.057316,45.234669
100.781764,216.159908,45.206914
101.242398,216.399216,45.128323
101.245377,216.392686,45.127231
101.561153,216.792635,45.374106
101.678927,216.745221,45.402489
101.682362,216.742887,45.400266
103.299790,216.389628,44.323445
104.880296,216.517040,45.035805
105.864386,216.442002,45.171732
105.939509,216.323581,45.261000
106.745621,216.316403,45.449571
106.870829,216.200603,45.462913
106.877843,216.405202,45.569776
107.642522,216.612213,45.391926
109.086933,216.754620,45.819939
109.545139,216.550233,45.925597
110.453991,216.843836,45.965330
111.549446,216.919625,46.257287
111.554344,216.903926,46.274293
111.559993,216.886035,46.278618
111.568183,216.884226,46.283017
111.687119,217.011385,46.537974
112.626919,216.730939,46.842131
113.114645,216.940223,47.013338
113.119878,216.926650,47.001722
114.284511,217.093489,46.940886
114.733183,216.942010,46.355428
115.462617,216.639898,46.064674
116.046258,217.000889,45.917999
116.045574,217.005017,45.920692
116.974203,217.674587,45.894117
117.781047,218.331716,45.910402
117.820527,218.404944,45.868800
118.654897,218.228703,46.455547
119.144429,218.461301,46.397473
119.149713,218.490804,46.380942
119.155031,218.543176,46.368015
120.306308,218.945106,46.835946
121.509950,219.184276,47.022542
122.406526,219.375888,47.323400
122.404719,219.402742,47.353754
122.751934,219.569294,47.390408
123.198977,219.519165,47.505649
123.199473,219.519112,47.522275
124.342265,219.768192,48.358472
125.326937,220.116661,47.960098
125.327701,220.129420,47.970899
125.381432,220.122298,48.006373
125.903492,220.368533,47.942591
125.928545,220.354687,47.926610
125.953297,220.363106,47.890360
127.065898,220.404365,47.776500
127.167280,220.448172,47.690007
127.421341,220.261151,47.690793
128.168882,220.352694,47.656865
128.970288,220.402268,47.359808
129.788430,220.614967,47.677350
130.805151,220.934810,47.974340
130.805691,220.934826,47.974714
130.806231,220.934844,47.975081
131.448972,220.695141,48.384045
131.768991,220.710701,48.359898
132.220308,220.677456,48.594785
132.220853,220.677435,48.594808
133.275653,220.445473,48.343661
133.708341,220.340372,48.833027
134.543078,220.662721,48.415513
135.148402,220.716555,48.320600
135.730598,220.748824,48.420904
135.732346,220.757810,48.408157
136.533578,220.551158,48.212313
136.990611,220.383424,48.301069
137.398301,220.218343,48.452788
137.535765,220.434665,48.235735
137.538693,220.435032,48.212765
138.308633,220.545461,48.256005
138.531314,220.713301,48.101460
139.233216,220.808872,47.826156
139.232942,220.809026,47.836892
139.865611,220.603292,49.061399
140.920922,220.887596,49.076579
140.983826,220.882964,49.057258
140.983762,220.868238,49.084958
141.038311,220.787708,49.062184
141.047838,220.831379,49.078115
141.120300,220.733853,49.056730
141.726610,221.209480,49.180943
141.727044,221.209461,49.181243
141.727478,221.209442,49.181543
141.783593,221.151748,49.165423
142.628090,221.710408,49.313653
142.628524,221.710391,49.313929
143.018341,221.550468,49.449416
143.056909,221.510678,49.416311
144.430096,221.683713,49.402119
144.432379,221.680129,49.401864
144.512249,221.665801,49.308835
144.545171,221.573544,49.446625
144.712486,221.660676,49.804122
144.712883,221.660744,49.804498
145.356359,221.836411,49.452755
145.702312,221.820900,49.111851
145.701963,221.819658,49.116706
145.703638,221.809922,49.159676
146.000530,221.836798,49.953351
147.217572,222.037503,50.874679
147.719741,222.464029,50.803113
148.059028,222.325526,50.723855
148.822583,222.355798,50.936652
149.265845,221.975803,51.451168
149.446942,222.107006,51.474986
150.070984,222.350300,51.252531
150.069322,222.353495,51.263665
150.599105,222.465076,52.200122
150.929720,222.391667,51.686182
152.197709,221.995698,51.441567
152.894735,221.707676,51.745336
152.910541,221.682524,51.799466
152.918542,221.697999,51.757656
154.103013,221.711479,50.990906
154.103885,221.721606,50.981988
155.116065,221.458402,51.306824
155.154208,221.525773,51.204155
155.400872,221.423690,51.175742
155.966477,221.638271,50.881815
155.966999,221.638539,50.881111
155.967520,221.638807,50.880407
156.190479,221.515024,50.926314
156.761444,221.394687,50.692404
157.237284,221.624584,50.434654
157.719300,221.349852,50.239092
157.724038,221.335285,50.288726
157.910010,221.443273,50.701107
158.435267,221.630087,50.435582
159.497915,221.610277,50.135432
160.374212,221.938051,50.688511
160.374447,221.933460,50.698060
160.754877,221.796982,50.878892
161.205958,221.566999,50.989400
161.207665,221.558580,51.002250
161.864529,222.030944,51.383623
162.239991,221.786873,51.462350
162.406342,221.665199,51.539710
163.279757,221.685698,51.963119
163.599033,221.593399,51.887205
163.599410,221.581955,51.905017
163.838045,221.471433,52.022581
163.838498,221.471302,52.022819
164.599220,221.315754,51.611196
164.666630,221.378915,51.731615
164.666534,221.372345,51.741593
164.670132,221.352917,51.770678
165.205475,221.073776,52.622342
165.363798,220.936870,52.617818
165.575954,220.826665,52.669113
166.039397,220.591430,52.467178
166.040095,220.593420,52.462848
166.040311,220.596019,52.461833
166.154210,220.676621,52.343259
166.388077,220.843821,52.113640
167.682625,221.070486,51.892788
167.981169,221.100589,51.975672
168.323975,220.988660,51.616847
168.745317,221.097526,51.891757
168.846250,221.213489,52.078476
169.442899,221.546395,52.152730
169.880529,221.595327,51.790005
170.231150,221.759190,51.857176
170.816289,221.544083,52.126328
170.831159,221.506011,52.185971
171.129284,221.627927,52.662424
171.129786,221.627977,52.660362
171.174408,221.710241,52.481799
172.215592,221.916472,52.526145
172.624345,222.036400,52.295353
172.624821,222.036468,52.295049
172.949255,221.973672,52.114665
173.027143,221.592840,52.272683
173.239904,221.544071,52.135031
173.251269,221.494914,52.211592
174.470645,221.768244,51.996115
174.471104,221.768284,51.995937
175.059953,221.816204,52.035917
175.773987,222.242191,51.849020
176.161171,221.980083,51.864264
176.769040,221.839881,52.237390
176.990803,221.710179,52.261314
177.132368,221.593284,52.345810
177.514690,221.228625,52.272713
177.722249,221.175299,52.172355
177.743890,221.150465,52.176336
177.807924,221.073168,52.163586
178.858608,221.028195,51.685315
179.556151,221.165700,51.914812
179.656571,221.017838,51.673362
179.657023,221.017810,51.673354
180.439547,220.899115,51.627814
180.449627,220.866741,51.551774
181.064219,221.035668,51.813364
181.695151,220.805971,51.697169
181.944140,221.243538,51.917534
182.131587,221.112808,52.095962
182.132394,221.116484,52.096970
182.573977,220.913938,52.301987
182.587988,220.899057,52.367442
182.997936,221.382187,52.184738
183.088187,221.278939,51.911430
183.400991,221.166407,52.049808
184.016164,221.016820,51.616544
184.329016,221.015933,51.505755
184.450612,221.002690,51.327534
184.863053,220.780894,51.587240
185.409551,220.725057,51.603252
185.766481,220.972151,51.264599
186.362341,221.001362,51.561428
186.835230,220.776692,51.731916
186.991752,220.649968,51.743908
187.197136,220.587078,51.925513
187.985016,220.193089,51.943463
187.993529,220.206986,51.987956
188.204272,220.009264,52.041866
188.294934,220.049056,52.303205
188.295398,220.049142,52.303562
188.306713,220.076792,52.348066
189.068667,219.742186,51.828778
189.069131,219.742272,51.829177
189.573787,219.209590,52.393994
189.877139,219.035259,52.594990
189.923167,219.047976,52.817821
189.923664,219.048151,52.818310
190.627658,219.476662,52.368469
191.285423,219.430821,52.674295
191.851146,219.299693,52.883611
192.183095,219.169790,52.902283
193.185649,219.489889,52.987972
193.249410,219.580302,52.857930
193.733553,219.535871,52.183639
193.751131,219.574922,52.275103
193.781725,219.625694,52.397085
193.825080,219.713492,52.276462
193.826286,219.719496,52.282218
194.543140,219.544830,52.699265
194.561250,219.532487,52.796220
195.523000,219.127155,53.433199
195.561222,219.063081,53.552680
196.331965,218.968170,54.051988
196.378406,219.041333,53.929573
196.655818,218.874748,53.964242
197.006547,218.887515,53.562801
197.254171,218.724707,53.328757
197.533574,218.761223,53.147575
197.810576,218.698320,52.787119
197.816866,218.710307,52.817774
198.427699,218.526592,52.531433
198.758985,218.550242,52.695263
199.039621,218.344644,53.006671
199.457432,218.277153,52.961645
199.506718,218.266045,53.105522
200.145809,218.465282,53.053018
200.367057,218.482991,53.331832
200.753638,218.118730,53.728936
201.148516,217.973458,53.994639
201.385458,217.904695,54.270537
201.566537,217.910240,54.077857
202.303076,217.570208,53.485037
202.325744,217.582858,53.526033
202.441363,217.464272,53.448933
202.619329,217.363646,53.573941
202.834649,217.476261,53.529512
202.846037,217.492007,53.533812
202.834346,217.483105,53.490016
202.991927,217.598043,53.339163
203.294467,217.585128,53.242832
203.445949,217.578452,53.137972
203.446689,217.578544,53.137852
204.174485,217.215349,53.139500
204.701091,217.132068,52.891910
204.701835,217.132172,52.891800
204.697425,217.113810,52.869572
204.983586,217.228098,52.497219
205.506609,217.446266,52.456437
205.890480,217.260759,52.580860
206.332678,217.111300,52.848847
206.610926,216.860822,52.687631
207.284137,216.511495,51.980663
207.767477,216.370650,51.827442
208.356912,215.822212,51.575246
209.104763,215.505362,51.113240
209.099726,215.472790,51.035074
209.206051,215.536927,50.804303
209.216480,215.551280,50.809494
209.213438,215.582594,50.667049
209.521114,215.644625,50.841041
209.903326,215.347887,50.892944
209.903567,215.347944,50.891888
209.903809,215.348001,50.890834
209.990581,215.187957,50.726023
210.494812,215.541264,50.318546
210.776420,215.410741,50.234684
210.776808,215.410899,50.234003
210.859766,215.418148,50.042562
211.495250,215.013367,50.100166
211.493245,215.011584,50.096722
211.464222,215.020317,49.984611
211.404639,214.984283,49.707019
211.567869,214.964016,49.537034
211.560629,214.883605,49.346013
212.151985,214.533612,49.001018
212.147721,214.473183,48.858353
212.351994,214.445853,48.798308
213.128439,214.739568,47.771296
213.197420,214.746700,47.597271
213.342803,214.821646,47.379146
213.930812,214.678944,47.419842
213.971337,214.716585,47.401117
214.577100,214.045723,46.797922
214.709201,214.021896,46.753499
214.938776,213.879363,46.591390
214.939229,213.879346,46.591079
215.275571,213.693116,46.258344
215.306345,213.724728,46.260855
215.578692,213.602409,46.303165
215.866596,213.429112,46.228459
216.403933,213.227755,46.045064
216.991580,213.068138,46.135986
217.444030,212.862531,45.847683
217.484141,212.918379,45.778996
217.483692,212.925357,45.771138
217.593334,212.884207,45.707542
217.745655,212.802773,45.509878
217.983755,212.808917,45.438690
218.142779,212.796609,45.150630
218.287867,212.809122,44.818475
218.300704,212.835035,44.819236
218.368618,212.290553,44.832804
218.529361,212.063206,44.633358
219.472277,211.434059,45.043173
219.971920,211.537622,45.292836
220.098681,211.509710,45.331571
220.415410,211.350558,45.368853
220.442821,211.347451,45.407917
220.609932,211.168514,45.222671
220.639263,211.204933,45.191304
221.047288,211.130332,45.277567
221.315032,210.915874,45.235724
221.581428,210.662370,45.083216
221.566858,210.631665,45.090845
221.796334,210.177315,44.876951
221.832760,210.057878,44.989978
221.873217,209.909871,45.118962
221.878636,209.921796,44.862650
221.987945,209.688076,45.060243
222.041187,209.551833,44.795681
222.196377,209.510540,44.806529
222.197020,209.503946,44.788898
222.217266,209.538135,44.740678
222.342590,209.175395,45.094904
222.366129,209.167316,45.097728
222.759156,208.978349,44.489759
222.789996,208.989164,44.514522
223.202164,208.598184,44.480063
223.343530,208.381350,44.467349
223.980198,207.962298,43.728817
224.317032,207.383974,42.451894
224.643097,207.074414,42.018481
225.092675,206.533388,42.222599
225.491384,206.103691,42.238054
225.595964,205.886798,42.213167
225.794290,205.568109,42.455879
226.276043,205.162159,42.621906
226.271734,205.135194,42.625645
226.274128,205.134697,42.621823
226.463761,204.740655,41.937420
226.573213,204.751907,41.925972
226.720163,204.512686,41.770485
227.039106,204.122155,42.023015
227.010388,204.059908,42.073604
227.119893,203.840518,42.057645
227.085373,203.507797,41.964539
227.094838,203.302096,42.117792
226.720349,202.995825,41.941000
226.702880,202.010305,42.059019
226.974475,201.728657,41.828591
226.947298,201.719127,41.802422
226.893203,201.280607,41.521567
227.020496,201.041548,41.585017
227.053860,200.911091,41.684920
227.732270,199.897526,41.522293
227.689991,199.811858,41.576393
227.677163,199.795906,41.584858
227.697928,199.611231,41.718518
227.681388,199.576361,41.689530
227.452521,199.135459,41.235081
227.452254,199.134711,41.235089
227.451986,199.133962,41.235098
227.072986,198.640721,40.681877
226.950556,198.302882,40.534434
227.229704,196.981202,40.302732
227.576637,196.428550,40.671405
227.425716,196.052125,40.569868
227.756909,195.961596,40.197977
227.871191,195.719799,40.159383
227.912133,195.685000,40.109435
227.891031,195.575458,40.108561
228.149052,194.970411,39.974353
228.149595,194.595192,39.876340
228.454724,194.501907,39.942069
228.490550,194.270289,40.138245
228.754439,193.714870,39.983331
228.992130,193.186492,39.759505
228.993309,193.059351,39.794366
229.061481,192.302662,39.655723
229.151455,192.171242,39.614139
229.153719,192.172217,39.610499
229.294475,192.004613,39.426426
229.502530,191.726949,39.129571
229.082928,191.203849,39.151265
229.019615,191.069166,39.214216
228.946503,190.878051,39.394633
228.929522,190.731628,39.448616
228.915972,190.318492,39.408620
228.954182,189.884127,39.341615
228.827461,189.454874,38.517192
228.768958,189.418359,38.443195
228.779854,189.420743,38.420344
229.072427,188.673995,38.198814
229.026852,188.494684,38.104651
229.130368,188.161813,38.024813
229.079066,186.998284,37.527419
229.047450,186.717608,37.243590
229.133370,186.186926,37.073513
229.121022,185.974264,37.192504
229.156136,185.845657,37.322420
229.126068,185.664896,37.418100
229.219992,185.392254,37.383692
229.219605,185.391502,37.384292
229.376243,184.558852,38.183188
229.487237,183.986730,38.076118
229.506044,183.960658,38.060547
229.005229,183.274809,37.658997
228.981496,183.090059,37.757493
228.587366,182.685117,37.579150
228.677171,182.534308,37.679028
228.676851,182.533728,37.678898
229.260955,181.656976,37.495507
228.857408,181.191920,37.434255
229.280355,180.797950,37.578863
229.342808,180.523466,37.564335
229.270258,180.448478,37.408443
229.131205,180.287930,37.514109
229.214064,179.778739,37.453672
229.310297,179.502460,37.405317
229.251738,179.087426,36.483802
229.252554,179.087240,36.481639
229.480107,178.756682,36.493115
229.643235,178.563574,36.577946
229.388580,178.408562,36.447560
229.370366,178.062142,36.498592
229.275448,177.781212,36.614766
229.192099,177.126647,36.426365
229.191535,177.126186,36.425916
229.431238,177.009801,36.615094
229.347625,176.940311,36.599782
229.363804,176.865618,36.507496
229.290044,176.707501,36.538109
229.329053,176.703535,36.482567
229.420622,176.317548,36.619812
229.623817,175.688467,36.776369
229.721135,175.369971,36.727243
229.673976,175.333378,36.718899
229.583893,175.361391,36.133787
229.496098,175.091369,36.260857
229.514158,175.089257,36.237677
229.321678,174.500950,36.310200
229.153924,174.199687,36.540828
229.369616,173.157893,36.141047
229.396343,172.820055,36.092552
229.437933,172.769415,36.164715
229.437938,172.768972,36.164198
229.249395,172.394163,35.687357
229.288636,172.359964,35.670122
229.299718,171.168270,35.574497
229.680843,170.148245,35.355592
229.763338,169.986401,35.425780
229.751184,169.925505,35.405912
229.851370,169.493628,35.446558
229.772064,169.245699,35.634091
229.819622,169.073121,35.587272
230.002834,168.762603,35.487862
230.184948,168.203765,35.360890
230.273744,167.995874,35.487245
230.416659,167.490765,35.363428
230.416717,167.490271,35.363431
230.513612,167.148163,35.299245
230.415715,166.424388,34.991163
230.374462,166.039682,35.047047
230.413436,165.391393,35.118114
230.366125,165.120463,34.996446
230.353478,164.471576,35.120068
230.616962,163.609664,35.228431
230.603241,163.601721,35.248324
230.603076,163.601181,35.248633
230.507918,163.391430,35.134187
230.652797,162.711325,35.157428
230.669807,162.703936,35.169185
230.555911,162.287844,35.106908
230.663487,161.498512,35.409226
230.805787,161.002427,35.513799
230.775333,160.983478,35.559315
230.778061,160.983038,35.565003
230.889807,160.555518,35.530605
230.885618,160.268861,35.558438
230.895658,160.261009,35.585278
230.779524,160.232881,35.526405
230.681556,159.730702,35.434341
230.604455,159.615839,35.414589
230.604596,158.943742,35.437616
230.633912,158.537737,35.281331
230.645877,158.538971,35.244927
230.636541,158.516844,35.185493
230.772147,158.060172,35.016890
230.765645,158.059103,35.006882
230.861829,157.990956,34.947304
231.153758,157.842573,35.109331
231.016385,157.442185,34.833576
230.962349,157.172228,34.798928
231.112808,156.125501,34.701753
231.022815,155.966066,34.315181
231.020960,155.966253,34.312615
230.945529,155.114202,33.847018
231.010530,154.672217,33.676996
231.042307,154.659155,33.634851
231.042223,154.658921,33.633845
230.957220,154.153273,33.619906
230.941177,153.313520,32.453716
230.899566,153.304874,32.436930
231.020303,152.879200,32.558139
230.897440,151.931316,32.524641
230.873036,151.886383,32.515817
230.845968,151.845099,32.528871
231.001813,151.452008,32.839077
231.001669,151.451563,32.838943
230.799479,151.359501,32.755489
230.763301,151.214897,32.822914
230.930178,150.699441,32.476559
230.819699,150.473598,32.378641
230.758426,150.206746,32.416683
230.731613,149.703141,32.301618
230.731510,149.702714,32.301478
230.761212,149.059487,32.072282
230.750011,149.008245,31.983417
230.736742,148.999671,32.000104
230.758241,148.994567,31.989241
230.779490,148.506031,31.853010
231.078233,148.113222,31.597719
231.137105,146.500978,31.369537
231.015846,145.908763,31.406854
231.020756,145.908690,31.405892
231.219695,145.388038,31.596036
231.384984,144.382393,31.504663
231.510011,143.873489,31.376918
231.362085,143.044869,30.459560
231.364404,143.041538,30.458691
231.496782,142.513697,30.331886
231.568111,141.869576,29.372721
231.701220,141.336979,29.226958
232.012274,140.803820,29.381013
231.934155,140.707613,29.299561
231.930529,140.703913,29.294025
231.988653,140.597215,29.188723
232.084327,139.443912,28.482515
232.291275,138.858483,28.826019
232.291845,138.857973,28.827592
232.335026,138.840409,28.788650
232.617986,138.502218,29.057240
232.612817,138.497992,29.064699
232.606853,138.319180,29.083938
232.861139,138.090786,28.897977
232.775429,137.428231,29.030724
232.962750,136.833830,28.837436
233.024842,136.753741,28.763853
233.071530,136.703481,28.702602
233.411704,136.279055,28.890893
233.350261,136.179042,28.976141
233.341152,136.130224,28.948827
233.280731,136.047787,29.001506
233.447885,135.827686,29.148499
233.447849,135.827206,29.148634
233.441837,135.670615,28.965198
233.496231,135.603731,28.922469
233.491784,135.556602,28.950789
233.330725,135.322518,28.864877
233.391938,135.206915,28.780045
233.393681,135.204678,28.779824
233.273231,134.561843,28.959853
233.445274,133.988592,28.771940
233.585380,133.088916,28.760672
233.686776,132.572833,29.125450
233.585645,132.306870,29.019707
233.367790,131.738456,28.831773
233.580758,131.359324,28.817129
233.744916,130.784306,28.642526
233.717179,129.710002,28.499589
233.662789,129.701992,28.479805
233.768475,129.223745,28.516850
233.668777,127.648460,28.503897
233.737587,127.038885,28.443408
233.664248,126.877179,28.548528
233.545704,126.345005,28.454590
233.695694,125.598138,27.774772
233.769314,124.610171,27.957020
233.760043,124.609113,27.947609
233.747542,123.853870,28.113371
233.718468,123.034569,28.144528
233.493403,121.490093,26.843800
233.532015,120.879029,27.074757
233.710697,120.762136,27.168736
233.912519,119.978173,26.979634
233.921755,119.976777,26.988596
233.946067,119.968581,26.982431
233.818377,119.510197,26.789861
234.003076,118.895960,27.188962
234.364425,118.099193,27.168264
234.466648,117.645787,27.024041
234.483759,117.645139,27.032048
234.763547,116.290727,26.814740
234.820703,116.286709,26.834060
234.879512,116.154384,26.917791
235.067881,115.114944,26.971854
234.890048,114.251014,26.763535
234.880015,114.243771,26.777020
234.879782,114.242122,26.778084
234.874633,114.215108,26.785138
235.011327,113.080163,26.925394
234.912307,112.637817,25.622167
234.912634,112.637470,25.621698
234.819942,112.426748,25.535629
234.646873,112.292353,25.500530
234.661675,112.290924,25.482838
235.010519,111.855819,25.245404
235.162548,111.241391,25.028015
235.269770,110.295877,23.722790
235.489282,109.169283,23.491752
235.453956,108.542106,22.671181
235.463573,108.541085,22.661882
235.581561,107.969101,22.515452
235.643380,107.300012,22.432435
235.557329,106.723854,22.550740
235.562588,106.718494,22.547429
235.635457,106.716790,22.472426
235.686724,106.619164,22.366815
235.694893,106.617615,22.357413
235.601265,106.561778,22.341461
235.620194,106.558983,22.322080
235.631270,106.554932,22.309418
235.841404,105.630201,22.053393
235.811183,105.595236,22.095533
235.753278,105.185498,22.167988
235.750081,105.184745,22.172232
235.746005,105.183859,22.177755
235.737944,105.183886,22.187145
235.735938,104.703083,22.563544
235.629438,103.953509,22.549740
235.528654,102.617070,22.826348
235.554594,102.570191,22.796072
235.604565,102.138993,22.746207
235.573727,102.103509,22.769355
235.660095,101.513408,22.949714
235.794573,100.984090,23.380163
235.795059,100.983514,23.380543
235.706730,100.631122,23.472697
235.709225,100.630219,23.469897
235.497365,99.280955,23.676158
235.785748,98.548658,23.620163
235.756265,98.516174,23.656397
235.643886,97.813099,23.224844
235.858779,96.702535,23.686838
236.073641,96.679699,23.790726
235.964798,95.712505,23.949978
235.921227,95.061837,23.627421
236.025662,94.504665,23.900400
236.141894,93.923090,23.922444
236.398980,93.674575,23.968948
236.291972,92.993481,24.124864
236.412710,92.938683,24.046176
236.415725,92.867774,23.991382
236.419887,92.743189,24.062584
236.420138,92.742751,24.063094
236.406204,92.740803,24.070448
236.471945,92.189865,24.108450
236.380174,91.948468,24.037425
236.279813,91.443922,24.177502
236.210236,90.326212,24.345184
236.213296,90.325106,24.345769
236.280327,89.811146,24.185293
236.322694,89.318515,24.478392
236.323493,89.317714,24.481768
236.161899,88.746968,24.654195
236.155613,88.745727,24.641862
236.484413,87.474762,23.959596
236.487159,87.475317,23.952373
236.907027,86.744425,23.892272
236.559271,86.548207,23.898236
236.411047,86.316386,23.804404
236.428350,85.348325,23.990385
236.536932,84.874327,23.832699
236.542550,83.817048,23.338123
236.655910,82.722402,22.326232
236.923267,82.012720,22.786057
237.023844,81.682245,22.661396
236.866934,80.736985,22.810850
236.905348,80.061823,22.622988
236.760752,78.385282,22.281867
236.759051,78.384441,22.283786
236.826985,78.194571,22.202007
236.925184,77.776157,22.009693
236.959161,77.534465,22.106530
236.793588,77.144442,21.970521
236.791468,77.143545,21.972051
236.870052,76.424519,21.862229
236.857914,76.418835,21.814369
236.915973,75.780101,22.151530
237.013985,75.366090,22.013790
236.844706,74.543441,21.889252
236.839510,74.535769,21.894997
236.679064,73.223796,22.091384
236.663023,72.008248,22.034656
236.666071,72.008013,22.033060
237.155702,70.923959,21.619962
237.114740,70.904166,21.437024
237.214561,70.525017,21.302930
237.284244,70.060753,21.205254
237.358968,69.118414,21.086002
237.350586,68.158075,21.074668
237.238251,67.407917,21.189351
237.176590,67.053879,21.056420
236.690661,66.832885,21.009506
236.689846,66.832614,21.008939
236.784880,66.107619,21.001635
236.785636,66.107031,21.002124
236.786022,66.104120,21.014110
236.453724,65.281460,20.976938
236.276662,64.534658,21.132690
236.276655,64.534262,21.132593
236.447946,64.114422,20.799605
236.447991,64.114024,20.799371
236.547105,63.846526,20.702673
236.252253,63.266490,20.662901
236.252090,63.265783,20.658394
236.691331,62.284763,20.873406
236.801824,61.954952,21.315262
236.827688,61.940436,21.284609
236.864713,61.509451,21.116151
237.096895,61.304360,20.833803
237.098010,61.303957,20.832242
237.122400,60.982029,20.513253
237.243993,60.817726,20.577383
236.680877,60.557435,20.525885
236.793467,60.216332,20.797097
236.804962,59.304242,20.730758
236.838456,58.973696,20.786250
236.955965,58.662173,20.802892
237.022042,58.054396,20.571343
237.107908,57.918217,20.565144
237.108037,57.917667,20.565004
237.103028,57.489143,20.613828
237.103013,57.488709,20.613748
237.431057,56.600667,21.440370
237.536842,56.313582,21.321414
237.000928,55.967477,21.194455
237.047694,55.915462,21.237683
237.052004,55.915269,21.232504
237.066324,55.903531,21.268079
237.117144,55.502984,21.215521
237.034133,55.415231,21.224249
236.947089,54.927720,20.643267
236.917483,54.870036,20.389248
236.839268,54.733595,20.358909
237.047286,54.164775,20.122559
237.048125,54.159939,20.123229
236.292220,53.471206,19.926362
236.272847,52.696332,19.943844
236.256205,52.687023,19.959554
236.416206,52.288482,19.809426
236.569288,51.685604,20.556762
236.786445,51.158690,20.642773
236.676642,50.621680,20.737004
236.778808,50.359735,21.290329
236.778944,50.359246,21.290519
236.671116,49.880065,21.128649
236.900271,49.501725,21.245349
236.594887,49.259887,21.173219
236.595001,49.259457,21.173255
236.463969,48.897812,20.966882
236.380601,48.653564,21.054876
236.249433,48.338837,21.202287
236.658958,47.231833,21.323252
236.763617,46.944291,21.203081
236.840427,46.428636,21.127053
236.288316,45.962963,20.948130
236.288495,45.962557,20.947922
236.358172,45.834575,20.868599
236.149245,45.594820,20.796642
236.116007,44.955625,20.268408
236.095275,44.303139,20.286523
236.142195,43.833859,20.742580
236.207051,43.597308,20.676511
236.212420,43.585806,20.679099
236.211185,43.585171,20.680506
236.195628,43.580760,20.697695
236.293452,43.369240,20.618343
235.598266,42.919504,20.551311
235.444059,42.428348,20.635203
235.344453,42.131738,20.745500
235.356050,42.122502,20.815907
235.303565,41.675098,21.100086
235.309062,41.646734,21.094663
235.255224,41.574439,21.152032
235.261515,41.567617,21.163967
235.062307,40.984460,21.000415
235.021590,40.413840,21.013919
235.098293,40.233128,20.882744
235.108103,40.228568,20.917774
234.955811,39.569448,20.955519
235.115315,38.998681,20.946733
235.157454,38.820619,20.875793
235.153530,38.495127,20.504195
235.104981,38.009059,20.299151
235.182760,37.684428,20.128643
235.043087,36.881698,19.962388
235.023926,35.731534,20.258166
235.328763,35.167475,20.168665
235.500993,34.872218,20.156139
235.572316,34.751328,20.084243
235.647872,34.181367,19.819695
235.776758,33.572529,20.056412
235.799627,32.839294,20.460673
236.030262,32.446074,20.591472
235.531688,31.987720,20.395891
235.543404,31.498434,20.356734
235.420039,31.161608,20.204789
235.570391,30.539544,20.301260
235.544785,30.219721,19.873913
235.491151,29.773005,19.905665
235.409507,28.993387,20.071697
235.337498,28.716353,20.101653
235.336818,28.588630,20.246717
235.346552,28.583939,20.258461
235.330155,28.215809,20.227591
235.165319,27.836763,19.950511
235.056541,27.678652,20.057341
235.115635,27.215506,20.004421
234.938706,26.981457,19.887023
234.884336,26.704145,19.397906
234.879019,26.350963,19.307436
234.747463,26.011086,18.814143
234.749344,25.851798,18.772390
234.652006,25.569517,18.805476
234.496362,25.300450,18.666638
234.275628,24.609817,18.770750
234.330900,24.545170,18.721406
234.423609,24.411630,18.559561
234.481738,24.343990,18.508258
234.481942,24.343583,18.508268
234.470999,24.269334,18.559005
234.578156,24.109890,18.829659
234.654221,24.034702,18.760070
234.619196,23.603005,18.714718
234.668024,23.546996,18.670220
234.520232,23.115535,18.637810
234.618581,23.009067,18.551296
234.665188,22.956825,18.509162
234.695636,22.904497,18.446139
234.734707,22.834840,18.426064
234.779389,22.784767,18.385486
234.502996,22.837772,18.420863
234.624594,22.816030,18.407776
234.651641,22.756928,18.382018
234.675648,22.634930,18.283915
234.536311,22.231850,18.320134
234.288523,22.066269,18.301882
234.319714,22.004430,18.264968
234.319990,22.003963,18.264874
234.434760,21.860698,18.255773
234.533060,21.757646,18.234994
234.357923,21.261796,18.334076
234.432957,20.906259,18.178399
234.002021,20.774987,18.274147
234.107693,20.165541,18.256636
234.267640,20.013663,18.116563
234.307284,19.908463,18.299450
234.330473,19.878072,18.278676
234.208857,19.835786,18.172374
234.191230,19.525528,18.192088
234.214248,19.503792,18.172134
234.523499,18.975650,18.237600
234.304389,18.850043,18.249041
234.393670,18.554020,17.940218
234.424792,18.482005,17.864986
234.535749,18.271815,17.798898
234.630594,18.190690,17.725266
234.718741,17.989025,17.566378
234.864364,17.860368,17.595843
234.924043,17.683973,17.566370
234.971505,17.642076,17.525034
234.956410,17.587402,17.447407
234.950862,17.512554,17.441914
235.020811,17.455622,17.530613
234.940499,17.267605,17.535052
234.941374,17.265626,17.536963
235.209477,16.798315,17.580423
235.316580,16.486218,17.642780
235.537184,16.147160,17.679063
235.564844,16.124157,17.654220
235.661181,16.043849,17.839931
235.693283,15.809815,18.003935
235.915924,15.373844,17.963133
236.000769,15.311511,17.936305
236.042064,15.278098,17.898050
236.125414,15.204031,18.097567
236.179032,15.162008,18.047860
236.230750,15.120106,18.000542
236.071485,14.843352,17.899487
236.192374,14.748145,18.055123
236.154790,14.649326,17.955764
236.074238,14.433593,17.949055
236.105555,14.394938,17.911112
236.197016,14.293447,17.841866
236.190226,14.296466,17.956615
235.970208,14.231867,18.027277
235.922144,14.236144,18.041936
235.881585,14.259770,18.070522
235.634099,14.088913,17.989151
235.673408,14.064394,18.251379
235.638306,13.932817,18.358030
235.606068,13.960815,18.406541
235.646327,13.931786,18.602529
235.643585,13.874162,18.643676
235.608334,13.825994,18.787195
235.636984,13.875802,18.868598
235.688586,13.828093,19.027358
235.588192,13.805056,19.112331
235.213585,13.836476,19.055505
235.208262,13.845688,19.090922
235.151483,13.757239,19.400130
235.043338,13.741028,19.459596
234.989521,13.755996,19.522357
234.957520,13.776255,19.550734
234.878424,13.657294,19.485251
234.727721,13.516751,19.383135
234.733604,13.512663,19.556881
234.685826,13.544364,19.603228
234.594929,13.455365,19.886690
234.624480,13.412581,20.202937
234.484687,13.352166,20.285557
234.379177,13.254882,20.303072
234.217769,13.260199,20.341517
234.024627,13.235691,20.525398
234.011733,13.243655,20.614889
233.851474,13.171112,20.664874
233.797461,13.204597,20.750144
233.726930,13.226956,20.815283
233.621726,13.096899,20.920711
233.571621,13.125762,20.969589
233.208763,12.324156,21.039060
233.315624,12.254446,21.287256
233.350871,12.227874,21.406595
233.218730,12.094334,21.617102
233.244262,12.080023,21.720126
233.113857,12.075932,21.848191
233.087027,12.080012,21.971490
233.091778,12.077134,21.974407
233.046868,11.827737,22.171681
232.595443,11.561129,22.279730
232.599474,11.558917,22.285722
232.524879,11.395757,22.395611
232.408367,11.083258,22.557154
232.483233,10.992963,22.972351
232.259462,10.810754,23.099841
232.253445,10.807008,23.203285
232.084998,10.759635,23.014051
232.051417,10.775411,23.032578
232.066638,10.768204,23.082868
231.905579,11.033405,23.147944
231.900296,11.035872,23.152016
231.845643,11.026825,23.180855
231.974832,10.970949,23.551215
231.482996,10.896277,23.662657
231.183674,10.725691,23.644815
230.889707,10.653553,23.680753
230.528241,10.384889,23.903047
230.329203,10.308999,23.986395
229.720062,10.277987,24.059976
229.633607,10.251913,24.253729
229.519083,10.284490,24.137047
229.536967,10.321448,24.191112
229.515436,10.330440,24.138679
229.446796,10.359986,24.119922
229.249539,10.296111,24.176776
229.086636,10.286159,24.185400
229.020354,10.315363,24.196996
228.931578,10.350735,24.196058
228.930919,10.350924,24.196159
228.845985,10.302277,24.199120
228.823535,10.311073,24.170184
228.813378,10.315023,24.136979
228.494142,10.209101,24.139622
227.598412,10.066286,24.147362
227.483410,10.099018,24.151387
226.852371,10.202873,24.009700
226.424520,10.146313,24.065284
225.512735,10.272501,23.982936
225.498626,10.277358,23.948869
225.394181,10.314101,23.945094
225.233730,10.339516,24.025203
225.160336,10.365404,24.074245
225.071005,10.390731,24.128145
225.032709,10.403980,24.062281
225.189507,10.171248,24.150755
225.058993,10.188447,24.239281
224.278217,10.096864,24.178726
224.266336,10.094772,24.475774
224.184318,10.098234,24.398512
223.480289,10.009567,24.728793
223.029026,9.974104,24.632256
222.957400,9.996487,24.469145
222.848084,9.857016,24.158499
222.756736,9.885748,24.215218
222.626182,9.928099,24.311542
222.272804,9.941530,24.292661
222.066571,10.004946,24.105549
221.991522,10.015788,23.994890
221.783767,10.017333,23.891753
221.455607,10.096436,23.907832
220.653354,10.041349,23.828645
220.394010,10.377248,23.732110
220.324361,10.388598,23.621081
219.886768,10.097535,23.594868
219.760762,10.054622,23.623603
219.602011,10.103634,23.558099
219.239465,10.112556,23.530207
218.294406,10.028057,23.248542
218.051837,10.097712,23.391377
217.777912,10.073873,23.520065
217.681036,10.089601,23.682478
217.599508,10.135650,23.801930
217.598868,10.135772,23.801870
217.486821,10.074905,24.236211
216.230627,9.986355,24.287666
215.527426,10.019443,24.146042
214.942620,10.383474,24.126527
214.941503,10.382525,24.127471
213.457757,10.566894,23.961620
213.082370,10.541727,24.171379
212.491150,10.240564,24.118170
212.143896,10.417375,23.967321
212.155843,10.389823,23.975610
211.783941,10.388741,23.698902
210.366092,10.441660,23.355787
210.365536,10.443636,23.353939
210.365030,10.443539,23.353147
210.020391,10.547766,23.369074
209.776158,10.534007,23.534759
209.023142,10.693109,23.489390
208.923330,10.719657,23.305786
208.180020,10.620659,23.115968
207.724925,10.516594,23.164235
207.724394,10.516710,23.164097
207.718058,10.519664,23.153011
207.717516,10.519802,23.152861
207.271512,10.448242,22.925654
207.076074,10.426489,22.948196
206.652451,10.655995,22.842824
206.202471,10.849208,22.645637
205.629629,10.780092,22.526009
205.779029,10.823285,22.927609
205.778474,10.823396,22.927548
205.679421,10.779422,23.134271
205.332755,10.716613,23.025832
204.619263,10.839166,22.987826
204.050133,10.769043,22.862403
203.759474,10.703835,22.923407
203.758308,10.702364,22.923032
203.324748,10.577373,22.945362
202.685507,10.513621,22.826968
202.332630,10.297985,22.869407
202.206745,10.334744,22.934097
201.807556,10.268746,23.028085
200.755739,10.171105,23.106256
200.485986,10.180974,23.221518
200.066020,10.193399,23.350600
199.569023,10.111252,23.789782
199.350098,10.098854,23.953913
199.211860,10.033824,24.221673
198.771084,10.106655,24.365878
198.132646,10.125009,24.191525
197.719817,10.474542,24.145330
197.332462,10.657176,24.238782
197.281276,10.625762,24.300660
197.042410,10.667810,24.401489
196.794103,10.706751,24.495279
196.470598,10.722868,24.543857
196.030081,10.577819,24.720830
195.731071,10.552769,24.853658
195.153645,10.570096,24.808904
194.522763,10.636026,24.598489
194.521589,10.636570,24.593363
193.442985,10.604397,24.612539
193.442410,10.604647,24.612267
192.727524,10.616110,24.308100
192.196284,10.700647,24.333150
192.195709,10.700767,24.333054
191.875873,10.644664,24.390664
191.602999,10.682336,24.339149
191.602413,10.682434,24.339053
190.592173,10.620337,24.227861
190.369497,10.466931,24.341632
190.366167,10.462988,24.350396
189.747279,10.523165,24.120728
189.529616,10.616380,24.015178
189.479678,10.570234,24.044360
189.132325,10.596489,24.218488
188.795616,10.609595,24.003662
188.511792,10.650427,23.663990
188.482196,10.658721,23.730131
188.176740,10.706044,23.841260
187.822886,10.674606,23.965212
187.481263,10.736780,24.121508
186.868601,10.828360,24.124474
186.027999,10.778103,23.881475
185.377320,11.171921,23.800676
184.443126,11.102727,23.638247
183.856306,11.196200,23.430934
183.063259,11.172932,23.781114
182.133261,11.177311,23.789899
181.446231,11.294973,23.681803
180.416984,11.631212,23.670062
180.415026,11.637737,23.662734
180.413642,11.641433,23.655485
180.413062,11.641712,23.655452
180.422227,11.646115,23.601108
180.421651,11.646340,23.601177
180.414782,11.656533,23.611651
180.412232,11.652200,23.622449
180.410294,11.658185,23.610329
180.382476,11.679694,23.654002
179.349446,11.628198,23.656788
178.353154,11.526393,23.646153
178.314708,11.469657,23.681087
177.282864,11.383746,23.625721
177.282309,11.383644,23.625984
177.235863,11.385813,23.630348
177.221623,11.396374,23.640976
175.533202,11.494521,23.775037
174.620120,11.412570,23.657846
174.408845,11.306372,23.785082
174.408150,11.306054,23.785890
173.617575,11.530629,23.658417
172.678856,11.623842,23.568423
171.819975,11.534562,23.469231
170.872725,11.606486,23.330036
169.830308,11.673980,23.127649
169.372306,11.712785,23.236546
169.354685,11.686100,23.256416
168.746878,11.635968,23.126153
167.804827,11.916390,22.991898
167.674341,11.951691,22.918241
167.636982,11.943318,22.949512
167.197497,11.999806,22.765513
166.871328,11.959236,22.925225
166.462488,11.968265,22.779035
166.432574,11.980519,22.749574
166.044982,12.266502,22.614557
166.044410,12.266848,22.614405
165.854149,12.430327,22.640359
164.301171,12.306878,22.450476
164.202106,12.299568,22.474663
163.675486,12.286912,22.534041
163.183844,12.313403,22.666464
162.332070,12.318120,22.436026
162.142587,12.335889,22.412774
161.783758,12.294561,22.397224
161.715965,12.284667,22.403428
160.903779,12.299512,22.687401
160.539733,12.217939,22.646934
160.176049,12.410793,22.547203
158.669867,12.450747,22.238595
158.271325,12.400698,22.154436
157.493400,12.402966,21.889505
155.730290,12.748933,21.273178
155.676004,12.822615,21.233801
155.327197,12.848926,21.396767
155.329021,12.879513,21.387477
155.184858,12.869515,21.375741
154.694503,13.139427,21.286176
154.645269,13.122383,21.236541
154.567252,13.137953,21.244703
154.566614,13.138166,21.244362
154.275017,13.128374,21.338651
154.239654,13.098906,21.293147
153.977559,13.193347,21.375446
153.796081,13.173700,21.341727
153.753714,13.242719,21.311419
152.956831,13.193376,21.321073
152.683789,13.153146,21.235940
152.585166,13.441355,21.158178
151.731433,13.536454,20.344821
150.916417,13.456347,20.491478
150.910479,13.450196,20.483601
150.908478,13.447400,20.480833
150.046773,13.682335,20.276605
150.002524,13.655025,20.236159
148.607071,13.831401,20.539267
148.149890,13.836783,20.686383
146.962730,14.137622,21.021972
144.268931,14.366782,21.369996
143.777128,14.499202,21.272963
142.639689,14.474296,21.554426
142.298933,14.522820,21.712362
141.807257,14.568419,21.865083
141.797170,14.553884,21.874965
141.786800,14.517451,21.890731
141.767417,14.500395,21.897230
140.251061,14.462632,22.309477
139.780475,14.315549,22.449761
138.162690,14.794037,23.082829
137.632063,14.780882,23.265432
137.219396,14.790560,23.203026
137.097751,14.766163,23.360374
137.097021,14.766180,23.360548
136.539869,14.793477,23.355429
136.533911,14.803596,23.368399
136.518410,14.819212,23.383603
135.881473,14.768447,23.302795
135.522190,14.668153,23.228129
135.472261,14.717896,23.148732
134.074051,14.804035,23.012336
133.467078,15.130097,22.904508
133.004646,15.179592,23.064202
133.157157,14.987293,23.152997
132.858193,14.957261,23.195437
132.373041,15.022963,23.384492
131.564368,15.125250,23.347429
131.418296,14.995561,23.336427
131.379708,15.021477,23.331512
131.070888,15.396747,23.626910
130.246511,15.305266,23.709128
129.154534,15.512071,23.281615
127.565263,15.469378,23.740207
127.545395,15.527930,23.850392
127.403528,15.592122,23.955225
126.811853,15.630447,23.913725
126.001229,15.630009,24.287242
125.945667,15.562822,24.314494
124.358931,15.595767,24.247676
124.242973,15.662447,24.355607
123.445000,15.823773,24.432445
123.443772,15.816078,24.433349
121.820931,15.667960,24.342132
121.116236,15.475494,24.670896
120.545945,15.578882,24.960786
120.336000,15.851890,24.848487
119.688039,15.631703,25.047982
119.191614,15.538049,24.995135
119.063841,15.611315,25.032347
118.585387,15.905447,24.950776
118.339785,15.875182,25.243786
118.159636,15.752167,25.336278
117.098567,15.650234,25.838192
116.451781,15.595311,26.132024
116.439185,15.523679,26.151361
116.327267,15.481331,26.081129
115.729424,15.588464,25.902464
115.106795,15.770736,25.963341
115.075995,15.778080,25.980441
114.504447,15.726716,25.996545
114.350815,15.684717,25.920930
113.987003,16.015731,26.462279
113.972108,16.010101,26.500190
113.374971,16.017908,26.838557
112.988085,16.065490,27.014823
112.989252,16.068345,27.033237
112.822377,15.938195,27.197435
112.821471,15.939146,27.196941
112.155552,16.044686,27.043190
112.154752,16.044942,27.043129
112.150420,16.040338,27.031462
112.158599,16.014925,27.254466
111.774473,16.053812,27.284789
111.039865,16.061331,27.150181
111.007523,15.924267,27.181371
110.205863,15.930208,26.793618
109.833294,16.060236,26.916531
109.799242,15.984440,26.938374
109.283368,16.027736,26.984003
108.940942,16.266865,26.918981
108.505999,16.314861,26.967198
107.936416,16.329764,26.841134
107.453927,16.387672,27.082299
106.805723,16.642680,27.283687
106.123811,16.678501,27.349311
105.782223,16.621068,27.245515
105.554314,16.650630,27.119709
105.553401,16.651291,27.119390
105.552343,16.652421,27.117936
105.318767,16.534775,27.328671
105.157960,16.490350,27.249844
104.699030,16.434527,27.528432
103.723464,16.489711,27.646628
103.372215,16.515765,27.776343
102.667003,16.351217,27.901974
101.782002,16.451369,28.245470
101.778175,16.443402,28.338840
101.325302,16.494545,28.537150
101.365468,16.503620,28.631393
101.001915,16.844405,28.814730
100.710498,16.899772,28.870096
100.438071,16.916331,28.806371
100.407478,16.910848,28.769437
100.330732,16.830072,28.777095
99.659787,16.876670,28.892123
98.846182,16.792481,28.810450
98.494304,16.779800,28.658770
98.033511,17.041700,28.760266
98.033089,17.045944,28.760759
98.131190,17.046109,28.985813
98.094663,16.889661,29.045774
97.843968,16.847764,28.970702
97.161357,16.655505,29.409459
97.160543,16.655316,29.409507
97.089822,16.429584,29.591570
96.465641,16.512671,29.949374
95.900972,16.453141,30.077317
95.900510,16.452628,30.077987
95.731236,16.344196,30.608557
94.966951,16.375152,30.489797
94.179732,16.348995,30.557584
93.906473,16.357334,30.549693
93.905510,16.357416,30.549498
93.943601,16.491793,31.351604
93.850976,16.534722,31.281877
93.057707,16.410967,31.384064
92.670317,16.345896,31.250967
92.287612,16.301412,31.118100
91.391107,16.413093,30.824362
91.228164,16.440456,30.999950
90.569292,16.400937,31.291637
90.061594,16.372993,31.435393
90.034306,16.368103,31.472134
89.477055,16.474953,31.675639
89.313132,16.532842,31.821842
88.837283,16.592959,32.038150
87.957063,16.586774,31.964698
87.794131,16.559925,31.910879
87.677033,16.468901,32.169208
87.507540,16.534832,32.086297
86.703702,16.372278,32.561637
86.384520,16.402214,32.662000
85.872918,16.539686,32.993120
85.812543,16.530876,33.054186
85.512815,16.576698,33.174856
85.109909,16.495315,33.274666
85.108565,16.495121,33.274384
84.599196,16.488874,33.171332
84.670447,16.435828,33.500501
84.206767,16.420192,33.459325
84.240361,16.446179,33.775147
84.071463,16.412445,33.706317
83.956797,16.439107,33.660034
83.656419,16.479699,33.702126
83.547975,16.498510,33.658114
83.578402,16.417197,34.066256
83.420324,16.404285,33.978390
83.201214,16.383237,33.878121
82.710511,16.416511,33.967692
82.648794,16.460276,33.939986
82.617112,16.490307,33.905798
82.442787,16.408964,33.843843
81.957488,16.451618,33.826182
81.482383,16.355045,33.991030
81.043169,16.355475,33.988576
80.871466,16.394472,33.899812
80.638401,16.429469,34.066849
79.799991,16.272777,34.814743
79.425339,16.217771,34.804624
79.289621,16.178190,34.771474
79.206671,16.294687,34.786849
79.087392,16.270346,34.751835
78.543114,16.363247,34.925702
78.382378,16.405393,35.024168
77.744501,16.330521,35.381669
77.554571,16.552723,35.644027
77.465067,16.767541,36.277822
77.247192,16.767029,36.477201
76.676118,16.424892,37.193613
76.634652,16.330300,37.332941
76.483059,16.332164,37.308910
76.241561,16.531856,37.653066
75.905023,16.530648,38.009599
75.809539,16.687042,38.239315
75.542757,17.013079,38.464002
75.146923,17.023217,38.474573
75.129055,17.027946,38.480833
74.394631,17.062775,38.755403
73.898444,17.061098,39.077891
73.487164,17.163893,39.210188
72.915180,17.467673,39.690152
72.652537,17.319719,39.762216
72.525038,17.435401,40.312098
71.896330,17.331311,40.566597
71.728590,17.371220,40.813900
71.626863,17.441414,40.885427
71.304257,17.569025,40.957935
71.169571,17.596538,40.894747
71.376273,18.206878,41.800839
71.325252,18.142265,42.122662
71.356686,18.609869,42.762419
71.398975,18.644745,42.831493
71.492766,18.651295,42.880890
71.615921,18.680289,42.967167
71.524548,18.757374,43.114218
71.465388,18.881944,44.100503
71.438450,18.889632,44.142366
71.660140,18.847524,44.539746
71.558336,18.698782,44.932861
71.589860,18.694256,44.977356
71.118704,18.678238,45.276562
70.790547,18.810710,46.184094
70.794541,18.844668,46.326776
71.307196,18.728958,46.987148
71.468027,18.755318,47.125827
71.330612,18.753885,47.254805
71.080279,18.793035,47.473477
70.727084,18.847180,47.581884
70.636362,18.599048,48.088434
70.663831,18.583612,48.093002
70.750707,18.561542,48.349756
70.757712,18.520365,48.605994
70.771653,18.375437,49.080164
70.992591,18.349892,49.423907
71.166687,18.370716,49.532997
71.235585,18.377378,49.901322
71.365365,18.407072,50.013560
71.035447,18.278899,50.580833
71.248313,18.149277,50.894672
71.448416,18.187681,51.181730
71.230023,18.102761,51.724040
71.132685,18.085787,52.013728
71.187833,18.058262,52.018400
71.123569,18.156413,52.586379
71.099372,18.389379,52.904169
70.949470,18.484682,53.362901
71.365900,18.303171,54.438253
71.453787,18.280086,54.545419
71.721006,18.458551,54.959906
71.730504,18.344093,55.264764
71.798506,18.331964,55.546712
71.636070,18.507183,55.910854
71.715543,18.486524,56.006162
71.584915,18.584642,56.524257
71.180680,18.447673,57.261459
71.140472,18.484257,57.505300
70.927341,18.389749,58.169269
70.876105,18.268557,58.377022
70.780938,18.049111,58.799577
70.781451,17.988515,58.852412
70.746386,17.992822,59.207399
71.006658,18.119978,59.876693
71.000867,18.562174,60.177404
71.187908,18.440366,60.649561
71.500028,18.497142,60.908389
71.598234,18.417621,61.637433
71.551660,18.537201,61.997052
71.669548,18.588319,62.195394
71.577852,18.511000,62.452350
71.696300,18.566268,62.607211
71.722347,18.467246,62.908608
71.974387,18.448510,63.604375
71.859765,18.527104,64.183810
72.211319,18.591148,64.766958
72.194223,18.595455,64.773319
72.685380,18.594433,65.616242
72.519195,18.661759,65.907835
72.094341,18.634364,66.028631
72.279066,18.857391,66.398728
72.245394,18.819951,66.912898
72.197994,18.838019,67.070297
72.458934,18.767804,67.267470
72.409211,18.814482,67.310159
73.357765,18.765192,68.033150
73.867127,18.660578,69.261982
74.306448,18.670636,69.561604
74.609803,18.431825,69.765130
74.654754,18.445210,70.224413
74.539438,18.432942,70.828155
75.006866,18.594549,71.429027
75.715438,18.685144,71.788208
76.088191,18.797119,72.198558
76.575103,18.730281,72.657265
77.075249,18.619522,73.341275
78.097849,18.689407,74.458569
78.208907,18.687927,74.421769
78.217558,18.669551,74.588611
78.343025,18.742244,74.888704
78.300378,18.726767,75.025782
78.676434,18.636864,75.262144
78.801206,18.717832,75.661056
79.011345,18.520951,75.940640
79.160304,18.513283,75.901279
79.525286,19.025605,76.229006
79.526450,19.025992,76.229530
80.078838,18.995732,76.777753
80.440311,19.300616,77.154439
80.444329,19.281106,77.204787
80.457143,19.443263,77.239613
80.673489,19.891657,77.679991
81.376589,20.153531,78.290160
81.427091,20.066839,78.786431
81.763681,19.829629,79.052455
81.819465,19.552146,79.907619
82.951503,19.486951,80.572095
83.744664,19.459254,81.100900
83.749276,19.471430,81.119112
84.157975,19.182923,81.552737
84.317278,19.216637,81.596258
84.986739,19.318169,82.331712
84.758366,19.240887,82.612816
85.535656,19.173816,83.114502
85.831024,19.216786,83.082988
86.848915,19.457856,84.190278
87.639320,19.362688,84.503707
87.764638,19.392047,84.488087
88.114007,19.424649,84.847011
88.416531,19.488035,85.178909
88.432720,19.496588,85.163513
88.361175,19.464840,85.444516
88.761098,19.328888,85.785343
89.699345,19.455170,86.514826
90.919943,19.839201,87.890918
91.070153,19.843020,87.957659
91.310658,19.932225,88.006586
91.507231,19.804564,88.392816
92.052994,19.632690,88.791502
92.110538,19.663146,88.802426
92.111714,19.662981,88.802630
92.219521,19.739139,89.235851
92.639336,19.472447,89.613799
93.060462,19.447739,90.274802
93.369793,19.533799,90.723092
93.366440,19.446571,90.746343
94.550653,19.474088,92.022673
94.968878,19.554750,92.095816
95.697729,19.741810,93.085018
96.337528,19.964499,94.511553
97.554964,20.629250,95.593170
97.939380,21.242860,96.044711
98.151740,21.177004,96.208592
98.900322,21.186485,97.061651
99.091709,21.331731,97.687097
99.342296,21.780563,98.384751
99.555550,21.794450,98.354359
99.666182,21.768558,98.385855
99.876012,21.630388,99.183141
99.941251,21.810550,99.719403
100.701103,21.816523,100.592224
100.700249,21.802807,100.596195
102.119564,21.704696,101.784125
102.415818,21.772866,102.333474
102.363993,21.784876,102.408049
102.171916,21.678083,102.543754
102.835751,21.594086,102.710528
102.772145,21.604795,102.771524
102.989364,21.611745,102.861184
103.600935,21.712097,103.413740
104.973589,21.811303,104.543534
104.840108,21.911588,104.861905
104.800045,21.776488,104.985944
105.129364,21.639524,105.658235
105.884498,21.491340,106.394617
106.349796,21.599006,106.598861
107.137110,21.330963,107.489941
107.480826,20.946610,108.087351
107.481556,20.946327,108.087699
107.139039,20.908254,108.205614
108.181299,21.469563,109.726225
108.229586,21.313235,109.798929
108.322263,21.339922,109.757077
108.340097,21.311656,109.782206
109.217461,21.230877,109.925360
109.980980,21.435619,110.726804
109.980894,21.448662,110.737608
110.856833,21.561552,111.191568
111.259696,21.614183,111.401343
111.203917,21.627321,111.456089
111.695478,21.655852,111.788918
111.961962,21.860049,112.107381
112.345399,22.048468,113.344353
112.263501,21.953936,114.288424
112.670328,22.017971,114.494813
113.757387,22.101999,115.245989
113.895125,22.079201,115.281856
113.706717,22.085348,115.356586
113.822286,21.825373,115.829667
113.806319,21.789589,115.869021
114.159712,21.973414,116.086682
114.082099,21.898402,116.618164
114.947817,21.796244,116.878231
114.750056,21.865167,117.043108
114.356187,21.818045,117.240531
114.666518,21.804285,117.531366
115.260828,21.917478,117.988756
115.582494,22.040943,118.472299
116.246057,22.107612,119.117185
116.755408,22.838939,119.910585
116.686575,22.505346,120.310827
116.832441,22.351118,120.995627
117.553518,22.655925,121.698808
118.158414,23.496099,122.372668
119.820351,23.943674,123.830166
120.010028,23.913567,124.467481
120.610849,24.023961,125.144881
121.032052,24.017037,125.180816
121.904042,23.917238,126.281853
121.922500,23.923775,126.276300
122.549961,23.783054,126.931952
123.098029,23.571589,127.565770
123.610075,23.474025,127.632925
123.741391,23.405328,127.642397
123.743549,23.403358,127.641643
124.108555,23.407255,127.810944
124.557305,23.930083,128.126031
124.557070,23.932248,128.127137
124.949359,24.041831,128.777536
124.947956,24.043987,128.779925
124.945212,24.037045,128.788821
124.945840,24.037078,128.789274
124.944754,24.041880,128.791425
125.555805,24.137112,129.181420
125.554002,24.185468,129.589546
125.861675,24.291794,130.200609
126.886118,24.600741,131.466498
126.923702,24.605365,131.456986
126.776017,24.646885,131.584207
127.735215,24.874187,132.332388
128.832215,24.613723,132.962194
129.580204,24.732926,133.035900
129.581121,24.734100,133.036037
129.957569,25.128124,134.438752
130.761854,25.659943,134.714500
131.126747,25.958359,134.875421
132.048126,26.018550,136.110204
132.056615,26.017356,136.107325
132.008528,26.015265,136.181585
132.887681,26.289514,137.348138
133.606232,26.322010,137.924151
134.894683,26.576352,139.069335
136.424069,26.727152,140.088984
136.428940,26.710621,140.088677
136.954863,26.425160,140.799308
137.696589,26.730054,141.818119
138.050265,26.542805,142.491041
137.915251,26.589801,142.584153
137.915677,26.589899,142.584843
137.927849,26.559179,142.583785
137.927825,26.559121,142.584847
138.453903,27.022173,143.340260
138.399070,27.054208,143.414343
139.181781,27.167344,143.901506
140.295208,27.332427,144.762878
141.285839,27.595999,145.931964
141.201936,27.638898,146.006172
141.513300,27.513283,146.568805
141.515666,27.507455,146.570636
141.907999,27.576857,146.725634
142.150033,27.680340,146.757564
143.072534,27.478837,148.505593
143.129291,27.541837,148.671299
143.327369,27.700562,149.102740
143.642951,27.622251,149.120656
143.649660,27.625222,149.116070
144.326268,27.588159,149.688570
145.089394,27.904170,150.552079
146.098684,27.909582,151.601098
146.286430,28.019226,151.738449
146.797901,28.213590,152.424668
146.797541,28.210713,152.426334
146.737177,28.142515,152.799996
146.561998,28.078291,153.088574
146.684029,28.293109,153.649815
147.342327,28.103417,154.162747
147.342946,28.103494,154.163339
147.639913,28.091694,154.114496
148.120006,28.075103,154.483825
148.717337,28.261146,155.145895
148.717977,28.261210,155.146476
148.813128,27.916147,155.505291
149.527503,27.787571,156.064680
150.163533,27.690699,156.261937
150.747564,27.685578,156.755349
150.749530,27.684345,156.754700
150.922838,27.716583,156.728998
150.837438,27.600567,157.049128
151.368073,27.836594,157.701354
151.779590,27.986801,158.523710
153.061462,28.062167,159.659921
154.975365,28.284763,161.255927
154.980278,28.308398,161.269445
155.237987,28.504258,161.306855
155.462598,28.440711,161.321645
155.460333,28.447933,161.324436
156.087209,28.565233,161.484395
156.123000,28.614710,161.737504
156.122918,28.616137,161.739247
156.679166,28.571692,162.266960
157.030568,28.576221,162.577893
157.032392,28.575056,162.577651
157.595484,28.152719,163.457978
157.686114,28.225276,163.960442
157.761073,28.353451,163.944460
157.762814,28.373380,163.956087
158.230218,28.207045,165.330612
158.788938,28.243420,166.093486
159.186484,28.069106,166.867695
159.138781,28.127955,166.991750
159.225174,28.224973,167.228716
160.303581,28.214089,167.787237
160.908770,28.176937,168.510329
160.932132,28.172193,168.494992
161.128315,28.358142,168.853494
161.637651,28.455197,169.103654
161.827259,28.615137,169.174836
162.262693,28.700715,169.475801
162.540784,29.094816,169.728724
162.542129,29.095384,169.729096
163.096320,28.953730,170.318943
163.319122,29.055120,170.403186
163.680026,28.894774,170.607350
163.700054,28.888237,170.605677
163.975918,29.147638,171.316441
163.923158,29.220459,171.479332
164.266089,29.332577,171.702044
164.693112,29.373510,172.180918
164.667510,29.293248,173.123836
165.070893,29.284973,173.330131
165.452542,29.168392,173.531758
165.728664,29.261271,173.764568
166.105314,29.319852,174.277324
166.558002,29.297951,174.737065
167.457325,29.386616,175.407048
167.676617,29.357666,175.728978
169.004363,29.484336,177.343964
169.045230,29.567577,177.523689
168.950114,29.850022,178.188558
169.099488,29.617473,179.023402
169.301532,29.514525,179.226965
169.728451,29.910489,179.856126
169.649446,29.764642,180.421622
169.814305,29.669873,180.704524
170.415939,29.708353,181.386724
170.981739,29.715139,182.072356
170.946409,29.728012,182.095593
170.918941,29.737776,182.118878
170.785294,29.642099,182.405568
170.787006,29.641932,182.406159
171.338975,29.596462,183.062452
171.848011,29.633183,183.699728
171.668483,29.604389,184.098620
171.670525,29.682728,184.100102
171.661945,29.748958,184.213766
172.093778,29.789373,184.640137
172.138309,30.008057,185.053986
172.332388,30.235138,185.600780
172.746443,30.310784,186.287757
173.086602,30.471557,186.912338
173.408123,30.689441,187.507541
173.535011,30.523735,187.990991
173.534942,30.550632,187.997699
173.540390,30.434629,188.024333
173.630654,30.488022,188.562212
173.609549,30.491981,188.575791
173.694486,30.570141,189.319861
173.841912,30.690295,189.664736
173.997907,30.700412,189.900970
174.272950,31.135448,190.499664
174.345913,31.107986,190.540011
174.247995,30.987334,191.138231
174.227939,30.951269,191.678928
174.236161,30.924402,191.706363
174.258858,30.922722,191.707779
174.338094,30.889966,191.803169
174.315161,31.024176,192.071279
174.361545,30.921618,192.594875
174.355242,30.894603,192.602518
174.698578,30.952760,192.872433
174.690928,31.059972,193.211725
174.684965,31.134337,193.414265
174.912422,31.219441,193.570822
174.769180,31.430249,194.011789
175.015761,31.446624,194.200269
175.089821,31.586253,194.258078
175.184033,31.521249,194.290742
175.012428,31.510537,194.489702
174.974312,31.553199,194.585938
175.126576,31.454310,194.793292
175.213254,31.348253,195.192405
175.164641,31.434722,195.496455
174.961589,32.008225,196.245309
175.132346,32.087413,196.602522
175.189836,32.067201,196.648151
175.337922,32.276482,197.058537
174.814287,32.534424,197.825895
174.797696,32.539586,197.940743
174.548681,32.607111,198.175859
174.513506,32.629922,198.528866
174.327386,32.693846,198.799525
174.369781,32.738173,198.864900
173.911189,32.819366,199.962171
173.985788,32.905105,200.061676
173.992854,32.938192,200.131856
173.966221,32.997904,200.156464
173.774854,32.955650,200.638672
173.842803,33.076888,201.033480
173.782205,33.214822,201.263913
173.785254,33.342482,201.403515
173.857539,33.384707,201.452415
173.769408,33.527001,201.542030
173.799799,33.754556,202.083652
173.632542,33.614740,203.076168
173.104994,33.695610,204.002340
173.155471,33.369179,204.242289
172.955274,33.260918,204.392154
172.769507,33.283305,204.352792
172.035415,33.181593,204.554791
171.441138,33.301480,204.780587
171.138866,33.229834,204.991739
170.984698,33.259791,204.902968
170.794822,33.108142,205.090771
170.801478,33.003774,205.315328
170.782792,32.998011,205.303931
170.342175,32.931314,205.415850
170.395532,33.045067,205.615402
170.366496,33.059014,205.602355
169.928766,33.161842,205.781886
169.877951,33.186522,205.730489
169.836516,33.196563,205.704086
169.370033,33.146860,205.736482
168.830675,32.792183,206.045644
168.828241,32.791335,206.044500
168.570088,32.603435,206.016516
168.457089,32.433751,206.016109
168.388796,32.446322,205.968664
168.386687,32.445612,205.967729
168.363258,32.443983,205.936966
168.023362,32.519221,205.982124
167.929601,32.374647,205.916400
167.768140,32.259641,206.095041
167.443156,32.374627,206.197266
166.917325,32.233548,206.546520
166.306579,32.193102,206.834117
166.036547,31.941148,207.033844
165.938639,31.881053,207.002462
165.918555,31.884163,207.020245
165.392395,31.651718,207.072631
164.982773,31.570727,207.247075
164.154699,31.110765,207.662743
164.001576,31.116970,207.650164
163.894558,31.116641,207.593582
163.675989,31.148874,208.052058
163.636255,31.118404,208.070838
163.511539,31.095057,208.012498
163.391715,31.134534,207.953008
163.390648,31.134089,207.952911
163.062727,31.266488,208.042903
162.797037,31.016977,208.423068
162.721451,30.935655,208.435060
162.212398,30.607434,208.367303
162.178492,30.643021,208.473820
161.558851,30.613134,208.958992
161.097392,30.477188,209.302580
160.889786,30.176188,209.297950
160.857006,30.127267,209.286006
160.711195,29.989542,209.473032
160.462793,29.632335,209.729741
160.457707,29.636362,209.723426
159.202755,29.640425,210.121669
158.787464,29.546319,210.193144
158.066455,29.268243,210.452710
157.996077,29.252970,210.452922
157.703035,29.199350,211.022295
157.257125,29.207970,210.909357
157.108803,29.201513,210.952331
157.148395,29.230777,211.418438
156.953580,29.287658,211.338630
156.525762,29.198696,211.650806
156.556319,29.257271,211.784374
156.553272,29.286774,211.872133
155.854301,29.382639,211.706912
155.448471,29.485014,211.958296
155.451600,29.465826,211.984727
154.869426,29.113442,212.239135
154.358451,28.736803,212.053660
154.047484,28.708181,211.967997
153.801694,28.776337,211.860235
153.410461,28.966516,212.056761
152.910714,28.926071,212.298688
152.140548,29.023364,212.831320
151.047177,29.180079,212.784801
150.688115,29.036571,213.126972
149.969318,29.103621,213.259064
149.694706,29.028073,213.173871
149.251962,29.033546,213.116200
148.133115,28.913215,213.595527
147.180710,28.834308,213.809711
147.184009,28.819809,213.831211
147.159793,28.793730,213.923282
146.805535,28.644332,213.933514
146.668467,28.562516,213.833992
146.011314,28.031959,213.897308
145.885207,27.970959,213.979071
145.488578,28.085837,214.215377
146.068517,27.484202,215.399326
145.739654,27.085233,215.272434
144.868757,26.795317,215.579317
144.653919,26.702476,215.561851
144.316602,26.647181,215.436274
143.587485,26.745905,215.568991
142.760823,26.632094,216.152560
141.862885,26.303559,216.730163
141.236425,26.217411,217.125963
140.749761,26.253763,217.082553
140.376891,26.327834,216.942776
140.086030,26.322294,217.134123
139.374549,26.529262,217.545570
137.108190,26.414715,218.595828
137.104579,26.425214,218.605984
137.054606,26.436393,218.668315
136.838770,26.423304,218.771703
136.804344,26.426222,218.791488
136.006168,26.311453,218.936020
135.591950,26.402067,218.802260
134.280915,25.876966,219.302728
133.503444,25.890672,219.240788
133.248378,25.718427,219.490715
133.073432,25.670558,219.542569
132.770163,25.618016,219.399918
132.382231,25.524966,219.166266
132.332814,25.194794,219.564094
131.714479,24.986772,219.614318
131.240943,24.802780,219.450481
130.672484,24.865870,219.446418
130.574357,25.032822,219.720317
129.702290,25.026272,219.773492
129.468471,25.036220,219.920454
129.456960,25.048796,219.902440
129.359025,25.043324,219.819212
128.870249,24.977071,219.951922
128.429058,24.863380,219.828785
127.931829,24.828985,219.681696
127.742326,24.873433,219.594363
127.052764,24.923899,219.555794
126.442502,24.818967,219.902188
126.593830,24.856058,220.133510
126.311236,24.983837,219.968424
126.128476,24.940426,220.085098
125.630669,24.948258,220.101570
125.055121,25.198910,220.244301
124.827238,25.007569,220.472662
124.656573,25.034190,220.555297
124.165592,24.919083,220.429558
123.160553,24.696063,220.483750
121.861054,24.451043,221.026029
121.564125,24.328680,221.214953
120.328386,24.110453,221.044550
120.326658,24.112268,221.047910
120.272566,24.073888,221.117663
120.224802,24.042113,221.072168
119.764692,23.929912,221.309830
118.399559,23.687339,221.649415
118.233485,23.627727,221.759152
117.740377,23.517594,221.630994
117.005312,23.753290,221.338266
116.713438,23.670063,221.480217
116.544877,23.612399,221.608494
116.005589,23.613586,221.710240
115.148424,23.309495,221.867265
114.460902,23.180294,221.744361
113.792065,23.021743,221.680203
113.559465,22.995091,221.827345
112.267365,22.676101,221.489793
112.266672,22.674920,221.487837
112.047119,22.782852,221.580171
111.769882,22.701861,221.706081
110.948018,22.558703,221.767226
110.452872,22.532595,221.723193
110.170872,22.480798,222.158263
109.648444,22.402003,222.122681
108.825612,22.257202,222.167883
107.869852,22.321263,222.016010
107.860313,22.309710,221.992947
107.070996,22.071355,222.295215
106.368412,21.889486,222.118623
105.822022,21.725428,222.266365
105.821358,21.725778,222.266749
104.831665,21.925661,222.350206
103.923701,21.864099,222.288106
103.930404,21.955898,222.307174
103.260414,21.696731,222.406679
103.070764,21.610324,223.350116
102.280068,21.564722,223.512270
101.802465,21.456308,223.332118
101.573002,21.379435,223.503544
101.511964,21.290012,223.472428
101.518099,21.301822,223.498192
100.507057,20.849287,223.682880
99.751535,20.639559,223.967839
98.496290,20.138164,224.188600
97.281143,19.601049,225.661978
96.797390,19.454499,225.683341
96.720199,19.437401,225.954020
96.719643,19.437375,225.954313
96.525229,19.362304,226.091865
96.508752,19.349676,226.070815
96.013313,19.205869,226.409865
95.758656,19.200328,226.584668
95.575775,19.286003,226.474434
95.096545,19.217501,226.530102
95.258700,19.281353,226.985683
94.572024,19.120209,227.303397
94.018386,18.959502,227.370612
93.718301,19.054307,227.685957
93.273666,18.953787,227.851788
92.825214,18.961099,227.848590
91.319524,18.822339,228.210588
91.269583,18.894531,228.223738
90.258185,18.445282,228.566754
90.258198,18.441906,228.567603
89.311674,17.530435,228.313362
88.029132,17.124256,228.310682
87.939518,17.122889,228.313171
86.566122,17.060993,228.736613
85.419061,16.383170,228.517994
84.521822,16.335781,228.655100
84.195052,16.104028,229.476617
84.162349,16.126082,229.519460
83.369681,16.015660,229.602887
82.978879,15.923386,229.667894
82.931080,15.892426,229.718356
82.991915,15.908512,230.119692
82.991362,15.902289,230.154707
81.371285,16.132560,230.410333
80.739494,16.248121,230.524764
80.137658,16.189925,230.781618
80.134713,16.213812,230.789397
80.134037,16.213863,230.789504
80.292999,16.264570,231.078439
79.178571,16.229603,230.997409
79.150298,16.289863,231.055339
79.086571,16.326788,231.113653
79.089809,16.335702,231.134502
79.085923,16.341319,231.126715
78.733599,16.250288,231.271350
78.379910,16.315255,231.598592
78.383432,16.325840,231.623724
78.320891,16.275824,231.695850
78.276219,16.293328,231.915712
78.215393,16.324077,231.986075
76.296807,16.120361,232.337624
75.942785,16.209652,232.473027
75.900121,16.349900,232.480688
73.944914,16.060564,232.524731
73.943877,16.054668,232.524097
73.235313,15.672826,232.620510
72.920890,15.596035,232.740111
72.201401,15.905574,232.886326
71.576822,15.854547,233.151021
71.304062,15.959731,233.294476
70.605514,16.056601,233.154122
70.368455,16.280208,233.224764
70.367562,16.282402,233.221595
70.038091,16.195098,233.302191
69.731201,16.122580,233.401131
68.244207,16.250653,233.233322
68.243485,16.250709,233.232250
66.747655,16.235882,232.872501
66.203851,16.214852,233.075056
65.255310,16.256641,232.832754
64.968126,16.172470,232.879673
64.878414,16.212882,232.820861
64.877017,16.214419,232.816016
64.984621,16.260824,233.039725
64.249883,16.408554,233.081687
63.975948,16.316564,232.718949
63.325261,16.215193,232.894121
61.948683,16.184702,232.771003
61.436952,16.330645,232.871644
61.340281,16.298359,232.909424
60.361854,16.031841,232.807215
59.950877,15.856776,232.817671
59.196888,15.905184,232.889912
58.581849,15.919770,233.005056
58.347499,15.845645,233.104063
57.677233,15.662916,233.146989
56.705168,15.269017,233.024190
56.422269,15.209060,233.075808
56.194050,15.187654,233.168826
55.653588,15.302109,233.029441
55.652914,15.302578,233.028619
55.634089,15.278745,233.062536
55.219900,15.157916,233.023756
54.723053,15.254315,233.220875
54.688508,15.333253,233.375721
54.419172,15.466733,233.491800
54.349438,15.485401,233.464139
54.261224,15.518786,233.417194
54.057392,15.456836,233.500765
53.365966,15.550682,233.737483
52.881916,15.685272,233.417685
52.176893,15.298368,233.320791
52.158049,15.279720,233.347109
52.210373,15.360300,233.484767
51.547262,15.469503,233.386206
51.546683,15.469458,233.386201
51.355375,15.393647,233.491799
51.173573,15.424295,233.291661
50.718903,15.460489,233.386204
49.848796,15.472138,233.425150
49.848219,15.472043,233.425177
49.562384,15.462796,233.436469
49.344563,15.435486,233.474064
49.074996,15.496849,233.600521
48.409376,15.609513,233.866929
48.514817,15.599897,234.043343
48.514387,15.599382,234.044386
47.847590,15.535410,233.958418
47.846669,15.536181,233.957133
47.637949,15.392831,233.967883
47.564171,15.428344,233.919965
47.092024,15.380905,233.517558
47.085792,15.396759,233.535981
46.030588,15.455538,233.512421
45.591120,15.488503,233.357201
45.482398,15.489392,233.557215
45.324566,15.423883,233.568389
44.890557,15.222543,233.703562
44.889941,15.222468,233.703782
44.571079,15.210995,233.616973
44.153405,15.095955,233.786493
43.845018,15.159894,233.860076
43.612233,15.168287,233.805808
43.663789,15.213391,233.925680
42.621518,15.580778,234.087030
42.570736,15.658471,234.241599
42.466614,15.618812,234.088287
42.090631,15.455154,233.989724
42.090332,15.453721,233.991408
41.944044,15.494875,233.960693
41.818732,15.125433,234.260880
41.254696,14.980367,234.073505
41.005279,14.869010,234.068347
41.004018,14.868921,234.068173
40.286819,14.635616,233.886476
40.053512,14.751504,233.991331
39.626898,14.868113,233.853009
39.121102,15.009204,233.649679
39.024516,14.972674,233.698729
38.424795,15.070349,233.638212
38.247937,15.013956,233.653176
37.584734,15.548465,233.628025
37.537462,15.594113,233.567473
37.469563,15.563058,233.413285
37.396169,15.532088,233.376561
37.023903,15.406097,233.555689
36.488443,15.194031,233.556655
36.463824,15.162128,233.601298
35.854454,15.581754,233.437537
35.513829,15.699462,233.516029
35.353938,15.673146,233.677101
34.734954,16.031162,233.696979
34.683654,16.021123,233.563553
34.365060,16.157152,233.739970
34.364965,16.160364,233.735346
33.813594,16.661773,233.960146
33.617490,17.082434,234.056966
33.427511,16.984806,234.171318
33.304616,16.921700,234.244919
32.627208,16.988853,233.999238
32.051161,16.998846,234.003296
32.050222,16.998545,234.003081
31.960888,16.951067,233.998625
31.853990,16.879191,234.007869
31.230222,16.983400,233.985555
30.790464,17.108595,233.916441
30.031239,17.087710,233.676909
29.895600,17.167172,233.726464
29.894604,17.166741,233.726282
29.791079,17.103917,233.734918
29.617280,17.268909,233.757418
29.544406,17.234386,233.704785
29.543324,17.233893,233.704485
29.322050,17.271569,233.850452
29.093231,17.358907,233.773381
28.985112,17.284672,233.778642
28.927102,17.240522,233.772887
28.533408,17.431621,233.607011
28.532460,17.423785,233.572885
28.004768,17.148450,233.448764
27.941683,17.682938,233.464255
27.834966,17.624101,233.472470
27.312920,17.348632,233.429025
27.190461,17.268744,233.349525
27.149744,17.242878,233.288828
26.628686,17.333511,233.186844
26.425347,17.407207,233.139290
26.103678,17.408263,233.009033
25.998038,17.367368,232.879146
25.962187,17.342832,232.797424
25.954273,17.336811,232.773192
25.924330,17.314372,232.747474
25.858100,17.310249,232.902846
25.856035,17.309932,232.918973
25.833387,17.296617,232.966378
25.786834,17.265102,233.008596
25.457798,17.275757,233.152260
25.460502,17.277913,233.167770
25.402171,17.240566,233.236663
25.320571,17.263605,233.409788
24.756118,17.636784,233.598056
24.182788,17.585966,233.514288
24.110551,17.541853,233.670151
23.729284,17.728597,233.954168
23.745848,18.104552,234.027721
23.602547,18.184262,233.978180
23.491676,18.173532,234.016947
23.308043,18.248881,234.161521
23.176810,18.185679,234.251019
22.930852,18.240328,234.710789
22.854808,18.206584,234.786814
22.784358,18.162207,234.879702
22.410686,18.455388,234.717703
21.953508,19.001546,234.788374
21.784835,19.105611,234.937396
21.690916,19.608074,235.044578
21.531068,19.741505,235.162611
21.455159,19.736277,235.199557
21.350465,19.845633,235.352352
21.096235,20.084407,235.645653
21.089531,20.103521,235.822981
21.420983,20.548126,235.852668
21.472110,20.899206,235.876407
21.485481,21.083295,235.952332
21.534195,21.146156,235.918503
21.530053,21.197218,235.916763
21.550188,21.285676,235.840387
21.314956,21.429049,235.764816
21.267138,21.532551,235.792258
21.023578,21.674170,235.725833
20.966193,22.058105,235.525908
20.599602,22.690955,235.233719
20.649326,22.804489,235.352698
20.608204,23.292814,235.291531
20.602866,23.716863,235.532622
20.631673,23.775117,235.559802
20.592491,23.914932,235.463150
20.511380,24.095852,235.439831
20.220607,24.183458,235.379622
20.315539,24.298480,235.363183
20.085027,25.111054,235.345323
19.507716,26.178135,234.911952
19.610658,26.434262,234.892271
19.438508,26.691719,234.728733
19.153943,27.499828,234.698599
19.200906,27.567374,234.648990
19.288516,27.692865,234.757038
18.950984,28.222210,234.615077
18.811641,28.784390,234.681065
18.806873,28.832443,234.759317
18.814146,28.873070,234.788363
18.585383,29.058779,234.698245
18.384164,29.516332,234.606618
17.920048,30.166860,234.659617
17.210762,30.890960,234.600444
17.225630,30.907177,234.600814
17.238181,31.006905,234.570405
17.302111,31.118311,234.686474
17.402972,31.400582,234.766647
17.419961,31.421058,234.747581
17.337153,31.740627,234.702328
17.337489,31.741602,234.702436
17.131565,32.226538,234.834348
17.093147,32.562684,234.881189
17.149358,33.051368,234.593274
17.181021,33.114815,234.498849
17.124256,33.540398,234.544862
17.192971,33.725647,234.455168
17.013427,34.152911,234.538570
16.962917,34.288522,234.491478
16.888740,34.827505,234.497386
16.981495,35.470386,234.361156
17.575588,36.307488,234.301890
17.487585,37.053530,234.315738
17.312915,37.833012,234.152975
17.048795,38.290347,234.153180
17.143818,38.541651,234.121914
17.159494,38.547099,234.102561
17.311420,38.869204,233.916970
17.322297,39.278626,233.661134
17.107360,39.753604,233.571602
17.144305,39.858771,233.681109
17.106740,39.942716,233.736814
17.146945,40.032721,233.695938
17.336453,40.564442,233.927306
17.390492,40.690820,234.047893
17.286303,40.906576,234.157317
17.271449,40.918989,234.119295
17.311070,40.986578,234.073704
17.312617,40.987300,234.072500
17.375979,41.113687,233.998715
17.544760,41.596939,234.030316
17.329458,41.697831,233.939358
17.720513,42.444618,233.985957
17.843173,42.866783,234.196758
17.517719,43.679290,234.166328
17.562294,43.826630,234.459191
17.753022,44.167217,234.498783
17.815041,44.288766,234.458800
17.895051,44.443197,234.471151
17.860696,44.505841,234.461248
17.850305,44.509832,234.414821
17.786605,44.694830,234.307310
17.770223,44.750125,234.365086
17.713669,44.865492,234.287293
17.762506,44.998473,234.212520
17.450334,45.275404,234.105074
17.411400,45.325236,234.122910
17.342199,45.587230,234.117835
17.587362,46.408608,233.985571
17.788438,46.755618,233.999631
17.706458,46.982791,233.907886
17.743711,47.016996,233.864064
17.783097,48.357435,233.964281
17.881369,48.598500,233.833277
17.887721,48.748524,233.762507
18.069260,49.457312,233.609247
18.100954,49.512566,233.572287
17.775765,50.345788,233.420154
17.624084,50.602138,233.310787
17.487682,51.170782,233.555568
17.509881,51.749849,233.706943
17.550344,51.927597,233.625183
17.615821,52.117306,233.759843
17.665996,52.176467,233.937181
17.729171,52.356614,233.873068
17.667472,53.307112,233.887047
18.007704,53.989080,233.905466
18.314911,54.747841,234.000556
18.226158,55.332412,234.052427
18.218928,55.801009,233.698429
17.973307,56.673907,233.736373
17.981054,56.676175,233.737574
18.051983,56.879554,233.661648
17.956178,57.560071,233.419337
18.376434,59.195428,233.543827
18.402703,59.828349,233.505425
18.280971,60.395873,233.499899
18.170721,60.734808,233.433914
18.174909,61.512263,233.537721
18.478259,62.126450,233.941391
18.496965,62.577031,233.608465
18.657333,62.973842,233.681566
18.972708,63.315377,233.927705
18.820010,63.876554,233.856853
18.818439,63.888010,233.868694
18.893237,64.140314,233.789866
18.960095,64.396900,233.719985
18.834466,65.071918,233.815168
18.541322,66.714157,233.920240
17.960350,68.496798,233.828488
17.854729,69.271945,233.821715
17.859128,69.804446,233.814235
17.869860,69.808042,233.801816
17.951534,70.093031,233.716580
18.031677,70.379489,233.632968
18.192994,70.960620,233.472591
18.293454,71.271939,233.365279
18.278861,71.770198,233.267840
18.600949,72.424425,232.952238
19.079530,74.101580,233.037776
19.164865,74.356516,232.951325
19.202635,74.810403,232.628981
19.263931,76.050220,232.654680
19.501552,76.416707,232.698538
19.426139,76.974925,232.740673
19.417292,76.987705,232.741492
19.712958,77.586030,232.274046
19.576764,78.393135,232.407068
19.859264,79.418572,232.193549
19.868551,79.460368,232.286288
19.694797,80.234506,232.091766
19.873699,80.921891,232.353565
19.844103,81.026771,232.358842
19.961986,81.409381,232.242916
20.133710,81.898117,232.229061
20.918390,82.787405,232.385810
20.959153,83.601120,232.515647
20.903690,83.669045,232.579353
20.812720,84.493426,232.490975
20.693987,85.312949,232.599369
20.529335,86.550248,232.094066
20.524552,86.558224,232.068836
20.646785,86.989335,231.936745
20.701822,87.116309,231.857142
20.710453,87.122206,231.891585
20.574578,87.632717,231.998082
20.471221,87.697396,231.971378
20.466002,87.972111,231.893359
20.557593,89.244008,231.670519
21.171849,89.786365,231.806088
21.054727,90.319517,232.134668
20.693066,90.988427,232.423247
20.697790,90.985947,232.446269
20.709168,90.999896,232.479246
20.821856,91.444159,232.398320
20.848423,91.483370,232.419070
20.923627,91.600254,232.588021
21.001498,91.856978,233.051116
20.994282,91.858445,233.059012
21.076543,92.374218,233.101530
21.126517,92.454852,233.052467
21.018226,92.742211,233.153807
21.191809,93.095091,233.252042
21.401254,94.198228,233.213837
21.401343,94.198938,233.214177
21.447763,94.267850,233.169028
21.492730,94.303623,233.294421
21.566658,94.346936,233.298325
21.624065,95.097951,233.816111
21.751728,95.575158,233.848543
21.931060,96.216820,233.788823
21.772823,96.986825,233.937457
22.125645,97.757691,234.053969
22.472638,98.909326,234.464456
22.471863,98.913459,234.473440
22.599794,99.394796,234.368051
22.515927,100.186024,234.475342
22.391388,101.080348,234.430236
22.427509,101.563809,235.019921
22.496746,101.611239,235.203440
22.691977,102.203280,235.245431
22.711748,103.405747,235.596589
22.729043,104.320284,235.191137
22.729550,104.321023,235.188610
23.159686,105.527778,234.918629
23.160147,105.528496,234.917762
23.344473,106.459445,235.087896
23.539226,107.065921,234.926638
23.504814,107.474967,235.001131
23.490105,107.572392,235.021189
23.377117,108.240978,234.904249
23.492397,108.709864,235.001781
23.401702,108.996155,234.812285
23.773471,109.248274,234.665827
23.714624,110.256063,235.163044
23.831479,110.810396,235.142890
23.762229,110.978104,235.282950
23.880712,111.440082,235.474856
23.954973,111.867955,235.382098
24.092839,112.127931,235.378717
24.332559,113.069141,235.512712
24.341981,113.254189,235.569217
24.359940,113.264465,235.555361
24.355650,113.622617,235.570414
24.632773,114.260367,235.745658
25.242730,114.827992,235.779407
25.001441,115.364175,236.104166
24.999903,115.365374,236.105171
25.233338,116.231874,236.528118
25.369558,116.996981,236.562593
25.624754,117.687007,236.646091
25.652772,118.058888,237.059469
25.787944,118.442918,236.994937
25.936927,119.886467,237.131538
25.848421,120.451206,237.182081
26.127776,122.115595,237.362303
26.206938,122.536546,237.287584
26.120804,123.062186,237.370366
26.033078,123.680735,237.081972
26.319220,124.188062,237.147301
26.312152,124.190575,237.152198
26.247065,124.357573,237.171880
26.130318,124.439251,237.156239
26.030745,124.540969,237.215801
26.038392,125.121599,237.444590
26.045007,125.124133,237.440231
26.042579,125.125450,237.441624
26.040952,125.126363,237.442600
25.981627,125.633047,237.294759
25.921957,125.996044,236.927700
25.923709,125.996806,236.925690
25.838564,126.421760,236.691256
26.042460,126.615278,236.746993
26.227079,127.187056,236.881956
26.231023,127.186936,236.890504
26.528943,127.515306,236.857516
26.997149,128.410517,237.148468
27.002963,128.411198,237.145008
26.889467,128.913132,237.207827
26.985656,129.556282,237.180347
27.038897,129.613714,237.167046
27.244640,129.942910,237.156545
27.363464,130.258231,237.139718
27.449682,130.473121,237.092791
27.372239,130.667302,237.057054
27.797585,131.604238,237.127421
27.714945,132.435901,237.025073
28.162537,132.743028,237.251115
27.986767,133.465198,237.157634
27.804363,133.908380,237.068835
28.100273,134.611959,237.292100
28.166032,135.381034,237.608156
28.263783,135.756319,237.541239
28.286768,135.852963,237.655264
28.310018,137.314058,237.791782
28.319792,137.495566,237.732464
28.280902,137.611242,237.711546
28.102007,137.933362,237.832374
28.003747,137.984312,237.880060
28.384361,139.442630,237.788554
28.237872,140.228364,237.851508
28.413347,140.568327,237.989237
28.572716,140.731028,238.036490
28.574490,140.732284,238.037770
28.807214,141.288829,238.047293
28.837919,141.913224,238.026733
29.043279,142.388598,238.281151
28.813210,142.707346,238.239256
28.754465,142.981262,238.119860
28.565158,143.671554,238.367868
28.671833,144.046044,238.606654
28.666825,144.047798,238.603497
28.112305,144.482403,238.484537
28.119560,145.068677,238.937985
28.118553,145.070111,238.938288
28.083684,145.710569,238.861865
28.128980,145.786142,238.896361
28.173137,145.871430,238.908775
28.205681,146.139784,238.818738
28.386155,146.628786,238.757903
28.430173,147.326446,238.976952
28.563944,149.065841,238.609454
28.588517,149.342044,238.661273
28.804486,149.592385,238.734718
28.866794,149.754826,238.946706
29.133506,149.964263,238.978270
28.977641,150.385052,239.090555
29.348901,151.128856,239.215643
29.458363,151.195749,239.607049
29.708649,151.335167,239.606630
29.626892,151.380576,239.605517
29.627397,151.382434,239.606458
29.630670,151.624782,239.619198
29.794538,151.856288,239.599234
30.060596,151.854052,239.638476
30.270941,152.481490,239.523129
30.240984,152.477147,239.523304
30.241792,152.478791,239.523322
30.290210,152.854692,239.838019
30.393913,153.370119,239.799919
30.449265,153.579730,239.712920
30.668338,154.142619,239.787454
30.755780,154.254258,239.795119
30.949751,154.445680,239.761592
30.878007,154.755469,239.823854
30.830166,154.878881,239.738020
31.220361,155.178313,239.716423
31.334875,155.584534,239.907414
31.577353,155.829670,239.950566
31.678294,156.260480,239.726112
31.747455,156.484737,239.695919
31.825329,157.178843,239.649002
31.972341,157.243327,239.634299
32.167910,157.368938,239.629494
32.324816,157.731236,239.643846
32.282900,157.938148,239.650214
32.391566,158.227698,239.671139
32.386496,158.880675,239.497308
32.451702,158.907842,239.485163
32.613630,159.381607,239.517366
32.518340,159.580394,239.532702
32.565139,159.620944,239.534988
32.539182,159.631563,239.547740
32.604099,160.023010,239.476442
32.535643,160.203136,239.442599
32.618371,160.265580,239.388129
32.754103,160.699852,239.475262
32.749905,160.965050,239.496607
32.782655,161.019177,239.507155
32.821223,161.179657,239.616239
32.768419,161.373645,239.634740
32.760050,161.568540,239.634778
32.773975,161.900206,239.559006
32.860682,162.045662,239.573104
32.938033,162.194699,239.579429
32.908635,162.373026,239.595071
32.758818,162.445310,239.963309
32.623804,162.660698,239.916100
32.382231,162.981396,239.849904
32.351159,163.181910,239.872921
32.264133,163.286312,239.849709
32.269799,163.403578,239.884251
32.126842,163.443229,239.861986
31.965318,163.544740,239.850859
31.874765,163.402656,239.880806
31.698246,163.324289,240.413296
31.663650,163.098361,240.461458
31.630118,162.950254,240.456767
31.646501,162.826268,240.459726
31.634799,162.633302,240.490102
