2000
3
5.854664,222.220397,20.401479
5.978663,221.824969,20.396288
6.082334,221.446416,20.621566
6.306566,221.329663,20.655685
6.319550,221.202098,20.734087
6.328152,220.976533,20.812325
6.417681,220.835600,20.950159
6.425090,220.611827,20.940832
6.442507,220.411711,20.960726
6.454518,220.208938,21.019883
6.470663,220.040037,21.052853
6.619561,219.776727,21.044094
6.690051,219.858750,21.328188
6.777412,220.093558,21.780874
6.932252,220.140941,22.010179
6.976571,220.176665,22.370355
7.156541,220.477189,22.422690
7.181361,220.663187,22.520171
7.274784,220.925048,22.521910
7.240348,221.000628,22.566549
7.259499,220.950130,22.670532
7.279390,221.232588,22.776937
7.298096,221.154133,22.850762
7.272267,221.316761,22.984057
7.290013,221.572963,23.230765
7.462450,221.779217,23.281524
7.460690,221.768884,23.638187
7.512010,221.617561,23.884639
7.566674,221.741494,23.896717
7.597692,221.601623,23.999358
7.588686,221.737880,24.468994
7.559358,221.852083,24.669741
7.596065,221.841959,24.768234
7.612812,221.951960,24.848854
7.618803,221.915942,25.346026
7.623898,222.498176,26.107745
7.847718,222.748638,26.350397
7.950233,222.765633,26.354699
7.992828,222.973068,26.952040
8.226373,222.845123,27.137384
8.336602,222.767626,27.428644
8.320293,223.006911,27.688740
8.327494,223.180156,27.966319
8.358640,223.368206,28.331253
8.358798,223.368665,28.332650
8.569795,223.266237,28.426586
8.558632,223.377119,28.649351
8.658826,223.684938,28.763113
8.627343,223.721917,28.981133
8.685993,223.692093,30.026731
8.705222,223.619596,30.103568
8.800416,223.568962,30.153518
8.843073,223.619383,30.419083
8.919154,223.806469,30.700742
9.258976,223.678430,31.287613
9.471167,223.915244,31.575653
9.623363,223.732005,31.708810
9.624147,223.494025,31.876119
9.869396,223.392814,31.957897
9.949233,223.123541,32.152358
9.946792,223.442838,32.342356
9.940034,223.252913,32.483250
9.940882,223.237065,32.479345
10.149473,222.734429,32.923857
10.181148,222.593627,33.025958
10.171176,222.376691,33.180955
10.183897,222.625593,33.381405
10.124066,222.521473,33.459859
10.414413,222.353446,33.859090
10.611102,222.532435,35.060220
10.572103,222.813245,35.310693
10.972888,222.788009,35.493971
11.283335,222.592325,35.954538
11.264904,222.688921,36.239095
11.269368,223.228125,37.176533
11.364563,223.337296,37.427510
11.499005,223.216760,37.826200
11.526954,223.109288,37.995524
11.707585,223.550038,38.450967
11.786801,223.304910,38.680462
11.876119,223.232990,38.948251
11.950201,222.798513,39.339259
12.344274,223.381744,40.222121
12.373795,223.548385,40.538333
12.324037,223.416897,41.741279
12.359404,223.405114,42.369263
12.955956,223.175212,42.577888
13.063400,223.140695,43.217924
13.204489,223.165906,43.199586
13.269976,223.139368,43.664400
13.699440,223.164590,43.543719
13.882820,223.012313,43.712207
13.811961,223.047453,44.031153
14.038416,223.190214,44.330479
14.279688,223.037368,44.909521
14.336731,223.179019,45.463564
14.527866,223.228985,45.484890
14.570450,223.381661,45.806327
14.579183,223.243405,46.306427
15.014751,223.107050,47.059259
15.113045,223.224245,47.267373
15.152902,223.316536,47.539768
15.200234,222.998813,48.128437
15.193376,222.965013,48.137502
15.125739,223.410690,48.373193
15.182722,223.480134,48.641382
15.425726,223.386595,48.852996
15.352468,223.546135,49.387513
15.648879,223.811347,49.582474
15.653501,224.032474,49.701161
15.711662,224.253284,50.153543
15.710649,224.274532,50.142125
15.742952,224.521841,50.390421
15.878475,224.806872,50.684015
16.306751,225.266574,51.380027
16.645082,225.377008,51.216321
16.695975,225.979395,51.887517
16.662798,226.032438,51.998455
16.893001,226.059439,51.952796
16.951117,226.135673,52.108591
17.089105,226.832984,52.326782
17.701650,227.262452,52.306903
18.044853,227.512019,52.946545
18.213063,227.628320,52.951929
18.217335,227.657832,52.892186
18.274715,228.099319,53.064494
18.360916,228.286083,52.681512
19.074077,228.907058,52.723962
19.363891,229.430051,53.063119
19.326025,229.420434,53.263631
19.543690,229.620576,53.192798
19.683004,229.621318,53.403434
20.081893,229.620982,53.731099
20.576241,229.673967,54.479176
21.034776,229.960669,54.679283
20.979679,230.053972,55.003088
21.524840,230.067218,55.433017
21.728849,229.988819,54.967982
21.847883,230.132574,54.819761
22.161646,229.936838,54.821558
22.298250,229.923562,54.401234
22.721388,230.081074,54.596330
22.825148,230.236144,54.514889
23.191870,230.331968,55.026402
23.776213,230.478489,54.783338
24.052135,230.512621,54.834944
24.289068,230.731578,54.683259
24.482339,230.769827,54.633019
24.524927,230.728848,54.521994
25.361404,230.794716,54.600094
25.434663,230.799233,54.433690
25.647723,231.044210,54.342326
25.981929,231.023038,54.759754
26.363048,231.088766,54.202468
27.157898,231.404823,54.439492
27.532275,231.461939,54.707001
28.303821,231.091404,55.076638
29.071660,231.004620,54.707150
29.537717,231.015934,54.564752
29.955284,230.678438,54.494621
30.217210,230.534072,53.893462
30.473226,230.452156,53.766602
30.736073,230.090002,53.228374
30.920801,229.922325,53.347122
31.029784,229.950533,53.100910
31.213682,229.841576,52.959241
31.390949,229.961555,52.597281
31.674047,229.728177,53.113020
32.224758,229.677718,53.594849
32.862300,230.027505,53.316291
33.958808,229.711825,53.946219
34.190236,229.607118,53.574964
34.690017,229.102802,52.808177
34.871637,229.244186,52.567253
34.857139,229.153750,52.532704
35.475196,228.576041,51.828686
35.933604,228.511557,51.807058
36.236660,228.825596,52.163642
36.789609,228.807172,51.771139
36.791558,228.806963,51.769008
38.509209,229.053810,51.441699
39.101973,228.670382,50.815761
39.866276,228.443429,51.020353
40.013570,228.414194,51.250730
40.041175,228.435619,51.269518
40.334057,228.227553,51.380705
41.411759,227.827052,51.749532
42.294203,227.537978,52.369360
43.848134,227.209642,51.976831
45.403691,226.207672,52.279975
46.225633,226.400024,52.206687
46.694644,226.218075,52.473747
47.657674,226.385368,53.348612
48.249183,226.544718,53.319404
48.519988,226.373485,53.520271
49.150923,226.460785,53.771772
50.567093,227.246132,53.707627
52.010497,227.634116,53.743904
53.153685,227.900209,53.512062
54.045243,227.707965,53.650389
54.380745,227.778916,53.692938
54.718658,227.615545,53.373626
55.000323,227.859295,53.310381
55.697016,227.426643,52.866647
56.773838,226.738918,52.384790
57.014737,226.678877,52.155611
57.171316,226.514751,51.777558
57.362563,226.395331,51.637011
59.163053,226.422135,51.064852
60.324739,225.476019,51.308977
61.639149,224.848475,51.544181
62.177116,224.763280,51.721274
62.514442,224.563627,51.937458
63.235918,224.166005,52.374028
63.927881,224.528123,52.303359
65.290319,224.065640,52.418363
65.657878,223.898637,52.697712
67.151137,223.785511,52.521951
67.456459,224.016942,52.349778
68.872900,223.948820,52.829723
69.694749,223.586249,52.442498
69.888452,223.632044,52.426335
70.879834,223.882637,52.163063
71.266715,224.066023,52.428264
73.258575,223.215836,51.302128
74.217880,223.155144,52.288196
75.231812,223.602031,52.473737
76.298652,224.009171,51.986959
76.318298,224.022298,52.002345
76.989562,223.815197,51.212394
77.035270,223.779417,51.120697
78.733075,223.366682,50.257783
80.357664,223.519422,49.995274
80.620408,223.361103,50.115870
81.011226,223.440010,50.222812
81.878339,223.475645,49.903317
82.296157,223.722695,50.166038
83.074107,224.165641,49.719009
84.308553,223.718903,48.987524
85.755196,223.306494,47.922026
85.831275,223.242303,47.830236
87.595340,223.553716,47.617282
89.074095,223.289274,46.960707
89.793648,222.988188,46.652211
92.768912,222.707083,44.812027
93.293335,222.538469,44.549194
93.930225,223.078851,44.443945
94.774276,222.862977,44.202279
94.864700,222.774032,44.201144
96.197596,222.801842,44.011955
96.730490,222.807556,43.645135
97.186897,222.657846,43.839076
97.503062,222.481739,43.704529
97.604709,222.439581,43.814763
98.297917,222.499971,43.850514
100.450309,222.868379,43.584434
100.462001,222.855550,43.606801
100.931627,222.787458,43.483570
101.563107,222.690916,43.869753
102.125492,222.359079,44.214602
102.501423,222.283258,44.062278
102.715389,222.157560,44.113208
102.576694,221.666417,43.980286
102.731884,221.654519,44.014261
104.049076,221.555039,43.781680
104.238497,221.662944,43.748360
104.242822,221.669168,43.731860
105.711584,221.497760,42.785661
106.634784,221.297240,41.807786
106.962815,221.232550,41.948077
108.826638,221.477492,41.874018
109.494172,221.652402,41.777612
109.539282,221.611512,41.840983
110.720871,221.234448,41.915825
112.078661,221.594997,42.400163
114.122734,221.709514,43.128031
114.128541,221.696747,43.145257
114.247202,221.801657,43.266181
114.522929,221.726499,43.460422
114.832240,221.850581,43.506091
114.895319,221.807184,43.563041
115.970547,221.290115,44.192148
115.985633,221.289620,44.188781
116.600869,221.453488,44.436986
116.992070,221.570809,44.798156
117.499086,221.571870,44.783713
118.422880,221.992423,44.655150
119.339877,222.475194,43.948903
119.549106,222.406219,44.172498
120.230000,222.463737,44.271576
121.218877,221.877255,44.215140
121.842533,221.727517,44.172723
122.815451,221.133439,44.293982
123.729042,221.108912,44.029128
124.604183,220.923547,43.803720
125.077356,220.844089,43.515964
126.287943,220.225215,43.692742
127.352535,220.469402,43.413012
128.582387,220.507625,43.253102
130.091933,221.065896,43.542472
130.546344,221.252932,43.318106
130.787053,221.110903,43.409484
131.664630,220.551812,42.409307
132.000420,220.482684,42.560867
134.536903,220.839781,42.378805
135.263448,220.719877,42.240735
135.517380,220.510455,42.421759
137.506423,220.331546,43.233063
139.335055,220.159899,43.337260
140.312684,220.208800,43.663284
140.783509,220.206336,43.886437
141.211124,220.505426,44.153966
141.369862,220.596817,44.349868
142.196877,220.360949,44.038425
143.183921,220.347946,43.389498
143.597890,220.129951,42.798641
144.024595,219.887384,42.543518
145.533357,219.618256,42.322744
146.532086,219.773084,42.069383
147.394777,219.270180,41.854081
148.170773,219.734525,41.845265
148.530092,219.197788,42.361376
149.673916,219.189204,42.331547
149.705139,219.150226,42.397822
150.527817,219.317741,42.598049
151.539424,219.388462,42.427549
152.363710,219.357212,43.050850
152.821521,219.569591,42.826366
152.822415,219.571301,42.821730
153.473811,219.563420,42.744378
153.475569,219.567699,42.733224
153.997919,219.739494,42.790841
154.523620,219.457508,41.747040
154.524591,219.455986,41.742708
154.968117,219.913981,41.510111
156.096718,219.719471,41.359359
156.175218,219.764025,41.581864
156.924859,219.583432,41.537105
157.620504,219.597812,41.619575
158.508329,220.205214,41.739265
158.525001,220.214373,41.710630
159.422994,220.144405,41.835036
160.220695,220.244712,41.892897
160.223292,220.266386,41.864441
160.248689,220.220021,41.878656
160.793040,220.462731,41.962868
160.879807,220.509073,42.153243
161.199204,220.231278,42.419696
161.607984,220.299482,41.943886
161.708914,220.290352,42.008110
162.601927,220.482769,41.572970
163.571344,219.992951,41.709302
164.122145,219.908332,41.412818
164.679536,219.826478,41.743731
165.191176,219.702700,41.191581
165.899820,219.646077,41.366563
167.272234,218.765024,40.780412
167.574825,218.902603,40.670783
167.580950,218.880565,40.700846
168.109283,218.778618,40.756081
168.725370,218.513295,40.541531
168.876718,218.575496,40.429952
170.756234,218.309804,40.999722
171.548207,218.107201,40.558927
171.822336,218.099585,40.135933
172.379124,217.749218,39.520704
172.864718,217.960218,39.555391
173.897099,217.863538,39.414898
174.417424,217.507739,39.197165
174.439794,217.527075,39.214409
174.530505,217.618670,39.119497
174.762362,217.665677,39.074324
174.918562,217.534510,38.772726
175.432289,217.172323,38.301346
175.943238,216.893338,38.108035
176.136458,216.975732,37.950311
177.291470,216.653567,37.887090
177.794051,216.320499,37.861050
178.156099,216.482358,37.567498
178.393071,216.212190,37.198640
178.957872,215.889341,36.895824
179.435368,215.580296,37.184819
179.936953,215.411672,37.211405
180.358908,215.331302,37.220715
180.360620,215.331188,37.220621
180.724193,214.928504,37.373678
180.878576,214.846605,37.270997
181.077919,214.715057,37.386515
181.079650,214.715051,37.386327
181.509934,214.420078,36.917780
181.725359,214.527403,37.021215
181.939533,214.195137,36.656688
182.520850,214.262852,36.447893
183.085305,214.020481,36.122552
183.341224,214.170188,35.995419
183.457431,214.196419,36.204446
184.872026,213.638294,36.443606
185.322891,213.043750,36.425879
185.682926,212.779523,36.074384
185.902288,212.683735,36.154881
186.384997,212.361527,36.091139
187.474213,211.653855,36.174777
187.668563,211.568666,36.079760
187.900171,211.429206,35.947735
188.021766,211.270806,35.686231
188.680910,210.766693,35.521275
188.876160,210.664589,35.121380
189.009946,210.740373,35.013169
189.187454,210.865347,34.966647
189.381690,210.798216,34.984883
189.683530,210.422347,35.054855
190.306657,209.880345,34.374806
190.410095,209.891824,34.416593
190.726164,209.702015,34.295744
190.881293,209.819393,34.217850
191.405757,209.455674,34.192639
192.032752,209.562981,34.205159
192.114251,209.476376,34.309286
192.943167,209.214114,34.028439
193.393207,209.368739,33.672654
194.080642,208.724223,33.481184
194.126233,208.749996,33.457160
195.145620,208.071417,33.086608
196.084312,207.485714,32.819882
196.476388,207.029122,32.779131
196.608466,206.797406,32.911902
197.153133,206.326152,32.749052
197.435069,206.054003,32.737715
197.734389,206.000762,32.569047
198.226819,205.645261,32.036319
198.331633,205.230485,32.228016
198.566855,204.770856,32.420793
198.460956,204.464660,31.967125
198.859150,203.542958,31.731544
198.982081,202.779277,31.343468
199.105847,202.363190,31.172772
199.035962,202.098074,30.870907
199.115016,201.939578,30.898230
199.221693,201.402171,30.712263
199.451233,201.014180,30.879143
199.587481,200.930211,30.805179
199.477040,200.357788,30.323657
199.560600,200.277902,30.176707
199.604878,199.682490,29.999327
199.548124,199.633068,29.990273
199.447959,199.373533,29.905330
199.400128,199.363052,29.864256
199.471811,199.306573,29.909612
199.457982,198.655041,29.986115
199.613550,198.506748,29.885299
199.556263,198.176728,29.164281
199.572094,197.888928,29.253279
199.593025,197.235927,29.231850
199.625566,197.236976,29.215622
200.139285,196.752152,29.149481
200.132295,196.641568,29.225099
200.178762,196.382548,29.227811
200.582691,195.801974,29.406362
200.511774,195.730329,29.444652
200.560336,195.060594,29.575229
200.808898,194.324110,29.377706
200.849929,194.313755,29.396819
200.835174,194.179704,29.386799
200.770742,193.868982,29.407336
200.843251,193.834282,29.406029
200.586251,193.493611,29.581825
200.283355,192.557367,29.657230
200.156125,192.237023,29.774244
200.222061,192.127225,29.753521
199.664926,191.403825,29.766922
199.656975,191.390249,29.787606
199.585115,190.983191,29.968010
199.608965,190.722606,30.051189
199.520930,189.616119,29.861169
199.712671,189.441347,29.909936
199.752310,189.324504,29.927705
199.550123,189.124159,29.923852
199.603109,189.073401,29.860239
199.544086,189.042117,29.740910
199.439901,188.729050,29.114287
198.978013,188.291928,28.950424
197.585498,186.551133,28.639323
197.628297,186.406133,28.653927
197.656211,186.148567,28.479388
197.656222,185.855122,28.429909
197.210314,185.400988,28.369583
197.017125,184.879364,28.318892
196.893570,184.330971,27.884090
197.011044,184.170477,27.877547
196.925207,183.942005,27.969564
196.337890,182.975058,28.176057
196.296380,182.980769,28.195173
195.852368,182.140962,28.155628
195.601636,181.271624,28.127992
194.430056,180.237008,27.892156
194.717389,179.960206,27.940094
194.334049,178.824313,28.302749
194.143896,178.236339,28.295764
194.257387,177.671963,28.064952
194.253699,177.622735,28.115860
194.007658,177.576703,28.115839
193.163123,176.902549,27.615680
192.478737,175.462122,27.434459
192.250729,174.985577,27.586787
192.116814,174.974477,27.520284
191.327750,174.397205,27.502456
191.434454,173.994709,27.523990
191.063517,173.736264,27.647441
189.956076,172.473187,27.504333
189.596229,171.496642,27.368634
189.582586,171.304701,27.226073
189.720841,171.041643,27.193950
189.280609,170.424058,27.056431
189.164543,170.404022,27.007339
188.975915,169.986322,26.882591
188.980663,169.972256,26.883010
188.886870,169.498827,26.522458
188.920269,169.447715,26.493956
188.714549,168.756391,26.606168
187.928543,167.862328,26.565519
187.553074,167.133923,26.507561
187.557209,166.886747,26.583472
187.665265,166.279304,26.807039
187.723108,166.224141,26.812368
187.732518,166.203586,26.796452
187.103405,165.479838,25.387536
187.029726,165.451880,25.454887
187.031285,165.449396,25.454360
186.793746,164.962815,25.355313
186.858544,164.161119,25.402575
186.951941,164.090317,25.369081
187.099114,163.294918,25.504011
186.772602,162.898829,25.622527
186.056021,162.252723,25.546470
185.448704,161.609052,25.515922
185.798664,161.589574,25.507402
185.587049,160.309537,25.265146
185.010529,159.829699,25.563308
184.153733,158.507137,25.593885
183.304360,157.179436,25.188796
182.141808,156.244333,25.287473
181.559332,155.347900,24.381687
181.610076,155.008010,24.388164
181.112767,154.525985,24.273078
180.366986,153.779693,24.359769
179.964503,153.470834,24.345159
179.574228,152.986534,24.445138
179.360089,152.392097,24.435108
179.174971,152.255034,24.478422
178.533871,151.288417,24.290530
178.012210,150.334963,24.449674
177.813208,149.997083,24.565603
177.594122,149.462601,24.727477
176.932619,148.790094,24.719593
175.713376,147.791231,24.927912
174.459625,147.167633,24.717034
172.926363,144.895109,24.470272
172.600837,144.500037,24.470339
171.661509,144.001519,24.260230
171.637337,143.917340,24.316507
171.124584,143.307720,24.265228
170.663138,142.420821,24.139641
170.586211,142.429181,24.144352
169.779795,141.057322,23.063826
169.595870,140.561637,23.041197
169.518539,140.534243,23.078833
169.122782,140.252774,22.724039
169.000052,139.488793,22.912394
168.496958,139.218271,22.537999
168.496260,139.019947,22.546693
168.504307,139.007052,22.538489
167.897591,139.071669,22.485619
167.893360,139.073217,22.483472
167.693549,138.984559,22.362724
167.616344,138.963405,22.316253
165.987406,137.550595,21.808631
165.090249,137.195279,22.327879
165.117402,137.177796,22.333284
164.482947,135.965336,22.363263
162.539171,134.800310,21.960996
162.120961,134.836354,22.059482
162.119565,134.835898,22.059431
161.670025,134.585748,21.776977
161.183233,134.247226,22.052678
160.039643,133.328055,22.004938
160.051985,133.312305,22.010010
159.152159,132.617133,22.074506
157.724136,131.117737,22.038816
157.426312,130.848310,21.920625
156.562811,130.550607,22.296659
155.925389,129.507578,22.272804
155.347501,129.107836,22.079732
154.310780,128.363576,21.825945
154.232014,128.365814,21.782799
153.700048,127.214607,21.560667
153.124934,126.489967,21.677454
152.461862,126.236016,21.584185
150.688621,125.016143,21.659612
150.694801,125.008179,21.655113
149.666039,124.003081,21.567700
149.709261,123.990564,21.574329
149.535995,123.308517,21.858888
149.527538,123.255848,21.838194
149.021125,122.981572,21.940150
148.652021,122.132678,21.793750
148.663080,122.120155,21.795090
148.493726,121.748685,21.699671
147.533019,119.857287,22.101752
147.377950,118.600725,21.860058
145.965938,117.454164,21.674858
145.952442,117.342311,21.671528
145.090695,116.994304,21.313141
143.655681,115.511699,21.234733
143.249776,115.450342,21.306182
142.699810,114.830796,21.162734
142.555802,114.831479,20.981335
142.554393,114.830769,20.980638
142.339903,114.168981,20.845108
140.325571,112.087452,20.837373
140.117397,111.982110,20.874553
139.471470,111.877330,20.894243
139.249014,111.172799,21.017396
137.498072,109.630314,21.152859
137.539341,109.587143,21.262929
137.466276,109.584465,21.340321
136.791924,109.570669,21.375827
137.068700,109.467444,21.334445
136.438583,108.926469,21.330058
136.426389,108.827432,21.424258
135.058478,107.970576,21.216856
133.994790,106.536461,20.041968
133.329246,106.163492,20.199376
132.617257,105.416859,20.546560
132.424320,105.417984,20.590148
131.676862,105.000151,20.475817
129.818340,103.303534,20.229115
129.816163,103.303407,20.228758
129.129779,102.304196,20.234165
127.674901,100.532907,20.430417
127.047272,100.073761,20.307001
126.954970,99.909635,20.451056
126.940582,99.917475,20.464337
126.344897,99.219424,20.487255
125.788347,98.792069,20.363664
125.105454,98.204034,20.214161
123.791589,96.917677,20.547648
124.003152,96.775377,20.636207
122.858344,95.374816,20.641620
120.501042,92.251251,20.806603
119.618343,91.087637,20.682404
119.386569,91.042080,20.829137
119.187794,90.526491,20.603850
118.023731,89.665141,20.440802
117.107765,88.611318,19.476740
117.040237,88.124670,19.370453
117.029041,88.129561,19.365168
116.978780,88.144084,19.343464
116.270923,87.092706,19.776803
115.129870,86.261335,19.526477
114.031201,84.352086,20.101926
114.041273,84.285624,20.069212
113.548338,83.904720,20.019022
113.382177,83.490179,19.740541
112.801840,82.412630,19.624346
112.717729,81.924819,19.523350
112.481848,81.826137,19.627098
112.297560,81.442956,19.710131
111.916787,81.404155,19.898977
110.334231,79.971026,20.452600
109.965548,79.229002,20.323838
109.403867,78.764316,20.475984
108.951389,78.082286,20.571368
108.341564,76.879593,19.924971
108.247763,76.479355,19.819056
108.566132,76.435007,19.748872
108.610992,75.578349,19.811910
108.383586,74.921276,19.387279
108.064906,74.226749,19.391144
107.818343,74.243273,19.458729
108.091863,73.828148,19.362163
108.100316,73.806135,19.347125
108.406769,73.229299,19.223442
108.419222,72.892398,19.384342
108.375241,72.913250,19.373369
107.846211,72.423648,19.381314
106.457814,71.869724,19.123461
106.243806,71.889706,19.182820
105.220504,70.634233,19.203364
104.132056,70.131965,19.215618
103.368751,68.814461,19.133326
102.959151,68.580024,18.966335
102.130758,67.933906,18.730777
102.234654,67.626672,18.729808
100.859930,66.121290,18.249488
100.330145,65.936304,18.558223
99.909129,64.944653,18.555491
99.877979,64.386533,18.613045
99.130210,63.739543,18.806222
98.376432,62.765012,18.510053
97.986175,62.304290,18.451062
97.472706,61.482456,18.940525
97.709813,60.768675,19.218555
97.369799,60.176150,19.406197
97.063075,59.875909,19.639656
96.432720,59.414190,19.474651
95.871336,59.113372,19.532824
95.547130,58.520962,19.288092
95.069312,58.083864,19.631473
95.026451,57.595125,19.633963
93.676775,56.564331,19.871082
93.836414,56.374462,19.815173
93.731602,55.017127,19.981735
93.325021,54.677744,20.256758
92.844175,53.951544,20.086608
92.589801,52.960946,19.911570
92.483489,52.530631,19.823369
91.834634,51.937964,19.915889
91.647746,51.772967,20.181293
91.348637,51.096466,20.549883
90.960895,50.614225,20.609119
90.036421,49.800320,20.675578
89.640930,49.649841,20.800830
89.388797,49.342227,20.525954
88.570997,48.147913,20.600708
87.664402,47.524512,20.183413
86.797962,47.168765,20.004540
85.846912,45.975822,19.842785
85.944893,45.478767,19.699679
85.453283,44.977408,20.228965
84.990512,44.897370,20.402151
84.325628,44.014593,20.568596
84.253297,43.716170,20.479429
83.945076,43.622639,20.410909
83.326092,43.220148,20.323107
83.045543,42.884167,20.174634
82.965640,42.576682,20.224256
82.764456,41.613675,20.428259
82.428212,41.586675,20.437591
82.482298,41.316287,20.483488
82.191448,41.250453,20.567577
81.912956,40.903728,20.442437
81.361531,40.549623,20.271881
80.768849,40.225710,20.301736
80.712528,39.822944,20.387342
80.414965,39.343978,20.519993
80.190953,39.245662,20.601197
80.074469,38.676128,20.588907
79.824788,38.500805,20.728197
79.404990,37.998743,20.736355
79.002358,37.397385,20.761440
78.951155,36.935557,20.801451
78.656250,36.738103,20.831180
78.149743,36.283972,20.915799
77.812266,35.979968,20.882551
77.720240,35.728756,20.678054
77.258826,35.272513,20.747633
76.949678,34.892526,20.861794
76.661646,34.672003,20.855708
76.235520,34.490198,20.935029
76.001610,34.389462,21.034407
75.729907,34.230842,21.120771
75.343591,34.022517,21.314633
75.685866,33.673814,21.461443
75.945054,33.644451,21.475448
76.251753,33.504764,21.440851
76.613774,33.565386,21.411808
77.023847,33.432001,21.520815
77.399809,32.697278,21.480712
77.994887,32.631168,21.316726
78.738725,32.281518,21.340552
79.227160,31.918040,20.985397
79.465984,31.619728,20.932877
80.115047,31.053359,20.938609
80.418386,30.960467,20.843369
80.622664,30.781892,20.768084
80.925090,30.643935,20.650131
81.247588,30.288242,20.629090
81.191852,29.823994,20.615888
81.663128,29.611168,20.601950
81.977155,29.330366,20.634784
82.452206,29.155118,20.618434
83.048109,28.806091,20.461039
83.665408,28.675262,20.305695
83.982505,28.611670,20.367156
84.649174,28.331320,20.556069
85.122445,28.177068,20.712069
85.641383,27.903606,20.573846
85.650369,27.862565,20.542134
86.154797,27.946544,20.482900
86.844045,28.008880,20.796655
87.187012,28.025237,20.651036
88.097421,27.829651,20.679394
88.681898,27.716068,20.761627
89.384520,27.764504,20.849348
90.268176,27.236295,20.565543
90.893671,26.834392,20.621988
91.592471,26.571775,20.705731
91.722977,26.613794,20.595876
92.085154,26.380915,20.403417
92.101139,26.399044,20.351646
92.733380,26.113324,20.479910
93.467998,25.780041,20.265128
94.016172,25.349957,20.096352
94.515243,24.994726,20.170467
95.251862,24.618484,20.225769
95.274761,24.640756,20.253628
95.492797,24.715527,20.376382
96.511732,24.665547,20.048597
97.583955,24.351532,19.742734
98.202714,24.095813,19.778190
98.249287,24.127421,19.710432
98.890442,24.163650,19.674639
99.796104,24.137388,19.746228
100.423730,24.113557,19.905802
101.203486,24.016920,19.730241
101.436038,23.643694,19.625669
101.358040,23.416445,19.693117
102.113800,23.356950,19.752371
102.752120,23.114726,19.742232
103.648691,22.845918,19.594441
103.651287,22.837960,19.585312
104.500194,22.707277,19.379557
105.425821,22.274896,19.040847
106.432610,22.202253,18.977604
106.917899,22.136473,19.058601
107.968776,22.041045,18.800820
107.763656,21.608599,18.601595
108.199767,21.599994,18.383743
108.360890,21.299382,18.440453
109.187034,21.453641,18.537059
109.749134,21.331300,18.481490
110.578859,21.247760,18.499816
110.925828,21.357966,18.242446
111.391838,21.122148,18.264205
111.780902,21.186471,18.245978
112.705276,20.951625,18.321677
113.393555,20.821863,18.249027
113.793722,20.633031,18.165693
114.074512,20.519082,18.192840
115.133203,20.251857,18.099503
115.518504,20.333128,18.062038
115.483731,20.177219,18.053387
116.267756,19.840265,18.190870
116.810547,19.956444,18.312495
116.838779,19.807746,18.298532
117.998844,19.943420,18.292036
118.264101,19.955007,18.208664
118.875669,19.857285,18.287670
119.262869,19.987088,18.068935
119.266978,19.975141,18.058624
119.644373,20.044228,17.931871
119.989958,19.845672,18.087260
120.412582,19.957133,18.072089
121.061568,19.919713,17.897873
122.183633,20.380470,17.597348
122.691381,20.509230,17.642273
122.878822,20.361110,17.736662
124.423035,20.064801,17.730086
124.865240,20.211926,17.733125
124.886823,20.184382,17.702976
125.413704,20.094639,17.576338
125.425707,20.122942,17.568441
126.212310,20.270252,17.479772
126.411724,20.440600,17.561037
126.928417,20.476476,17.567041
127.186780,20.530515,17.623458
127.257858,20.460126,17.563675
128.499080,20.797910,17.695551
128.850999,20.658065,17.625096
129.637256,20.679851,17.617128
130.063987,20.763914,17.549416
131.070284,20.558517,17.669038
132.688979,20.701231,17.531189
133.545446,20.861891,17.672861
135.133314,20.838335,17.565463
135.797735,20.840687,17.448029
136.983436,20.670048,17.653694
137.557811,20.677964,17.436212
139.836050,21.003805,17.307794
140.475333,20.678955,17.328273
140.917605,20.904431,17.242792
142.140820,20.805542,17.161289
142.679021,20.887280,17.193514
143.496930,20.885288,16.400934
143.923044,20.671014,16.312986
144.216670,20.579698,16.369305
144.674018,20.466712,16.279886
145.728277,20.410870,16.264444
145.820399,20.478006,16.373002
145.917528,20.502163,16.475747
145.922827,20.487997,16.464439
146.375297,20.331975,16.419282
146.380221,20.325167,16.433489
146.822060,20.183300,16.357525
146.875101,20.248514,16.334099
147.871171,20.122462,16.429326
148.368540,19.704383,16.161583
149.684806,19.734155,15.938420
151.253703,19.540635,15.908536
151.942075,19.391627,15.737415
152.730166,19.408459,15.570886
153.467808,19.330886,15.154972
153.762740,19.170850,15.212245
153.891230,19.169048,15.168819
154.696151,19.082950,15.007891
154.706122,19.114302,15.003531
155.325161,19.157155,14.852452
156.004663,19.339785,15.007975
156.227715,19.381746,14.874577
156.994101,19.216584,14.607590
157.673953,19.258773,14.703217
158.101313,19.333998,14.810759
158.175933,19.331986,14.862250
160.045629,19.635000,14.721439
160.444592,19.749911,14.791902
160.878760,19.829851,14.723437
161.184868,19.953521,14.433846
161.397179,19.976650,14.373989
161.928848,19.877549,14.397355
162.405019,19.938484,14.367393
163.628377,19.858864,14.409677
164.045721,20.291203,14.345792
166.105447,20.586750,14.084835
168.770281,20.808234,14.044273
171.277518,20.747802,13.674192
172.229373,20.750376,13.763874
172.738157,20.746136,13.708168
173.796995,20.819054,13.739805
175.142275,21.011341,13.778623
174.939216,20.622681,13.844515
175.108813,20.706160,13.817715
175.249802,20.606634,13.921176
175.672851,20.477752,13.858816
176.667430,20.583718,13.416991
177.392775,20.334071,13.516062
177.424560,20.312387,13.578065
178.230766,20.063806,13.422825
178.825835,20.126130,13.465952
178.945947,20.080842,13.631020
179.044928,20.110152,13.607136
179.581386,19.666900,13.689089
180.009910,19.555107,13.659415
181.373692,20.132346,13.558677
182.257651,20.114584,13.279730
182.615352,20.537465,13.211193
183.553420,20.459208,13.094644
184.279062,20.675929,13.018147
184.665658,20.699511,12.980035
185.779936,20.438135,13.015937
187.730983,20.649249,12.299668
188.367094,20.536595,11.780624
188.370485,20.545036,11.769892
188.742489,20.446234,11.815522
191.190395,20.557943,12.034191
192.115999,20.482527,11.994328
192.410054,20.392068,11.936115
192.998703,20.410112,11.854124
193.918277,20.166283,11.728737
193.940267,20.138394,11.712795
196.125555,20.054725,11.932529
196.771211,20.110847,11.905914
196.675317,19.546665,11.878877
196.744292,19.488352,12.073949
197.063942,19.562627,12.107206
197.943248,19.413045,11.828617
198.443364,19.234257,12.004979
198.443451,19.229217,12.001838
199.386190,19.242417,12.179285
199.387268,19.237787,12.176602
199.384763,18.929467,12.181292
199.393372,18.923151,12.198702
199.705362,18.630797,12.295092
201.590691,18.368147,12.462276
201.602995,18.401657,12.452098
202.985875,18.538827,12.323911
203.204843,18.673224,12.292490
203.762050,18.690210,12.138857
204.366451,18.799534,12.230017
204.759471,18.649196,12.136361
204.761091,18.646407,12.137586
205.401231,18.631123,11.838865
206.340172,18.645802,11.840598
206.557592,18.933421,11.733227
206.558558,18.933786,11.732560
207.940343,18.956366,11.620533
208.374789,19.031999,11.569974
208.614590,18.765847,11.543050
209.101672,18.664304,11.417750
209.756328,19.003904,11.111630
210.237502,19.365089,11.019149
210.646246,19.400821,10.911268
210.858325,19.329559,10.907972
212.136420,19.691212,10.896274
212.264435,19.644948,10.852248
212.637097,19.236392,10.740951
213.138403,19.093619,10.806451
214.062220,19.220937,10.827452
214.769319,19.278690,10.978967
214.759412,19.265290,11.036568
215.029133,19.096189,11.302053
215.395590,19.139551,11.306805
215.640873,19.213516,11.360518
216.280796,19.095971,11.410908
216.656739,19.156079,11.408474
216.907785,19.260060,11.331278
216.936954,19.226702,11.312737
217.458710,19.203467,11.278234
218.008862,19.243633,11.327008
218.947521,19.146592,11.323594
219.284085,19.171627,11.289753
219.746676,19.102074,11.370041
220.069994,18.967153,11.403323
220.460487,18.834168,11.585376
220.909512,18.829703,11.600897
221.070902,18.818299,11.545748
221.785335,18.712370,11.584085
222.859947,18.612023,11.557707
223.119276,18.717898,11.605059
223.283510,18.569274,11.636952
223.335488,18.610518,11.614329
223.996947,18.763582,11.713873
224.882885,18.933977,11.932115
225.179532,19.044114,12.010005
225.458508,19.100982,11.913114
226.893202,19.172320,12.155479
226.913829,18.940674,12.160454
227.301497,19.047664,12.167709
228.467803,19.213162,12.024418
228.615528,18.875416,11.985328
229.412468,18.832783,12.085787
230.087478,18.659044,12.305547
230.461250,18.683668,12.247327
230.517923,18.639626,12.363777
230.591089,18.584944,12.326892
230.891583,18.471401,12.402635
231.058620,18.551460,12.427199
231.130219,18.465344,12.593213
231.679948,18.565136,12.496010
231.935772,18.560799,12.258818
232.439994,18.445612,12.377096
232.530865,18.253141,12.360951
232.580603,18.212285,12.328675
232.913315,18.259506,12.414768
233.873511,18.475849,12.440537
234.087756,18.482400,12.597243
234.247733,18.424842,12.589504
234.552869,18.070300,12.583523
234.570623,18.055285,12.572958
234.812156,18.064108,12.489824
234.989806,18.136993,12.890845
235.026474,18.039965,12.968993
235.982004,17.977808,13.400018
236.021449,17.954426,13.378216
236.088395,17.894226,13.335333
236.444275,17.807648,13.505445
236.546235,17.729209,13.431554
236.599798,17.693178,13.390848
236.644186,17.661500,13.357355
236.844922,17.601060,13.380107
237.044740,17.435141,13.489846
237.106472,17.381538,13.447431
237.490858,17.320012,13.570660
238.219605,17.244874,13.753077
238.060907,17.378449,14.122986
238.360403,17.193113,15.151617
238.364714,17.180423,15.418737
238.337667,17.391826,15.646244
238.849930,17.589919,15.742980
238.824154,17.675301,15.771799
239.302528,17.768391,15.928785
239.223860,17.890825,16.007607
239.013940,17.951378,16.256868
238.913412,17.939385,16.637725
238.908084,17.871920,16.987922
238.877440,18.051025,17.267154
238.847815,18.189698,17.608273
238.840666,18.230158,17.613714
239.222393,18.508203,17.827630
239.722293,18.731422,18.007944
239.686301,18.975327,18.141352
239.656360,19.058721,18.201376
239.577656,19.186155,18.330417
240.552330,19.444816,18.506696
240.583091,19.347867,18.822834
240.752217,19.170535,19.228885
240.691034,19.086691,19.331117
240.706574,18.969720,19.785189
240.671007,18.918493,19.834055
240.946794,18.779138,20.793205
241.020168,18.555077,21.321559
241.464631,18.561623,21.561046
241.467734,18.430506,22.070468
241.370607,18.465043,22.168125
241.301711,18.405503,22.273461
241.365462,18.400460,22.512905
241.466908,17.907451,23.402401
241.487714,17.882077,23.504353
241.817382,17.886597,23.933680
241.874046,17.760254,24.403338
241.906252,17.780326,24.430651
241.975595,17.687759,24.769697
241.978639,17.786499,24.907308
241.932714,17.589585,25.027924
241.941369,17.575993,25.279935
242.546738,17.719393,25.592813
242.454153,17.478206,25.789829
242.341730,17.519462,25.948153
242.217144,17.354335,26.141041
242.214208,17.357679,26.142360
242.150227,17.441644,26.262286
242.073528,17.536861,26.404141
241.675608,17.334181,26.861328
241.640223,17.476432,27.064026
241.588162,17.542685,27.159001
241.660702,17.651272,27.314944
241.644880,17.670674,27.431057
241.516721,17.864257,27.974236
241.164109,17.908000,28.522042
241.201456,18.160839,29.123565
241.270586,18.081869,29.269223
241.283405,18.064652,29.307042
241.226301,18.019721,29.458638
241.033445,17.914635,30.177508
240.987736,17.999913,30.354207
240.987442,18.000050,30.355199
240.931446,18.070043,30.447525
240.931183,18.070141,30.448500
241.159458,18.143722,30.645633
241.159198,18.143820,30.646612
241.081593,18.143077,30.889720
240.667058,18.118609,31.276393
240.510568,18.307296,31.546432
240.460522,18.348337,31.650279
240.408966,18.410786,31.755390
240.525683,18.361594,32.651896
240.660825,18.422989,33.634932
240.610374,18.487706,33.751885
240.578596,18.543356,33.882437
240.419534,18.715728,34.394384
240.433666,18.535464,35.024071
240.407845,18.522388,35.597659
240.363673,18.555210,35.736117
240.693561,18.633662,35.938527
240.648611,18.596764,36.019026
240.181231,18.667919,36.547229
240.234599,18.891096,37.129196
240.266171,18.940554,37.153207
240.128173,19.215005,37.635853
240.226537,19.123237,38.138901
240.549942,19.275498,38.399104
240.494549,19.110098,38.558005
240.608563,19.016963,39.609014
240.792179,18.859572,40.662319
240.930833,18.872187,42.425670
240.863478,18.959504,42.606974
240.912681,19.340585,43.010428
241.006619,19.787992,43.734141
241.036137,20.086532,43.852301
240.886123,20.073975,44.286549
240.928699,20.051237,44.529502
240.630528,20.325608,45.059176
240.283572,20.082268,45.517755
240.287607,20.229895,45.990648
240.269497,20.232358,45.995830
240.363876,20.174252,46.546933
240.246849,20.054305,46.822809
240.091671,19.970476,47.174828
240.071300,19.997477,47.179257
240.007093,20.138636,47.398534
240.003915,20.152556,47.401398
239.988987,20.781968,48.011314
239.830331,20.971324,48.471923
239.791938,21.165983,49.003111
239.643560,21.162067,49.613523
239.695498,21.113781,49.885605
239.380338,21.241302,50.428044
239.008793,20.398772,51.922698
238.818923,20.137378,52.411403
238.903209,20.194070,52.849371
238.828177,20.264976,53.126796
238.895860,20.167009,53.787243
238.911991,19.773151,54.625472
238.914671,19.759814,54.626710
238.852080,19.258383,55.160110
238.944122,19.137613,55.819191
238.787556,19.174174,56.247082
238.826894,18.963605,56.753410
238.797969,18.997148,56.769376
238.700520,19.012146,57.072543
238.420148,19.328411,57.871666
238.411810,19.100539,58.201435
238.315284,19.405071,59.340201
238.325998,19.910922,60.058093
238.259845,19.987224,60.431516
238.584339,20.004291,61.305888
238.747754,20.307160,62.168083
238.471443,20.231783,62.318579
237.740685,20.006483,63.060859
237.846591,20.078312,63.237968
237.725090,19.978347,63.598516
237.689534,19.975077,63.754393
237.501118,20.193417,64.477547
237.500929,20.193342,64.478456
237.347626,20.196242,64.887015
237.385218,20.094037,65.606893
237.298186,19.777389,66.756688
237.149222,19.611235,67.527343
237.045526,19.730617,67.898273
237.046963,19.728770,67.899415
237.086419,19.542073,69.004985
236.979120,19.549206,70.291307
236.926175,19.605934,70.349093
236.911488,19.588365,70.353291
236.909709,19.605245,70.462180
236.911614,19.596319,70.464378
236.517130,19.476342,70.845944
236.746146,19.537389,71.891390
236.763286,19.504673,71.917488
236.798100,19.573530,72.113541
236.387719,19.194056,73.081858
236.433991,19.142073,73.160770
236.209467,19.425599,73.898390
236.033255,19.380174,74.062491
236.411610,20.010228,74.751855
236.452757,20.075725,75.453196
236.457449,20.216681,76.272486
236.462720,20.345525,76.885138
236.086197,20.248561,78.319283
235.978586,20.378119,78.779336
235.862423,20.516989,79.243781
235.882446,20.521260,79.537930
235.824353,20.377737,80.310491
235.569525,20.924765,81.637927
235.719223,21.005120,81.909181
235.425571,20.969404,83.955856
235.445575,20.972565,83.978687
234.743877,20.519586,85.296805
234.741716,20.522092,85.297417
234.310274,20.840611,86.573109
234.034811,21.074562,87.196799
233.681702,20.805832,88.471941
233.788990,21.310717,90.173919
232.851607,21.264386,91.259232
232.376044,21.117322,91.579365
232.346850,20.555636,92.566393
231.976109,20.543785,93.695011
231.612106,20.784551,95.126559
231.652815,20.749639,95.160268
231.873971,21.185432,96.141602
231.667369,21.398702,96.971697
231.524969,21.552218,97.550179
231.563924,21.519446,97.580145
231.522461,21.484300,97.634576
231.334559,21.151588,98.432376
231.215725,21.321145,99.033848
231.066120,21.433084,99.257578
230.974900,21.711299,99.528440
230.868158,21.819388,99.950823
230.719450,21.383076,100.541899
230.709622,21.430313,100.682171
230.777335,21.367896,100.838830
230.586810,21.268402,101.604293
230.423848,21.269749,101.785242
230.485836,21.208290,101.907355
230.437254,20.966555,102.477010
230.248929,21.092262,103.106121
230.375591,21.175722,103.261240
230.392037,21.160226,103.276767
230.157951,21.234791,105.378620
229.867708,21.403732,106.309750
229.840815,21.416654,106.474484
229.092963,20.780431,107.292321
229.190671,20.793784,107.654730
229.002251,20.649603,108.074576
229.213489,21.249457,109.152842
229.458685,21.330342,110.054973
229.617551,21.189144,110.939757
229.624322,21.185395,110.941179
229.767732,21.250393,111.069758
229.498211,20.889925,112.130824
229.233368,20.643972,113.456513
229.385117,20.760068,113.967546
229.458025,20.555236,114.968521
229.457094,21.240076,116.004581
229.601191,21.924466,116.864522
229.506459,21.754537,118.253791
229.202497,22.017785,119.435872
229.349610,22.037860,119.603953
229.183080,22.173450,120.210822
229.000319,22.265298,120.752688
228.618077,22.309769,121.700222
228.648876,22.283134,121.739399
228.794881,23.279115,122.504005
228.750903,23.286276,122.546403
228.757612,23.323597,122.541529
228.698349,23.460311,123.157564
228.967523,23.507236,123.688763
228.881578,23.594643,124.691107
228.946198,24.061087,124.724561
229.004932,24.087826,124.733678
228.587706,24.015266,125.020271
228.585549,24.016333,125.020579
228.355533,24.209921,125.676159
228.231765,24.506612,125.794154
228.292663,24.819598,126.293038
228.242179,24.954117,126.472882
228.108948,25.058345,127.135956
227.403761,25.211123,129.218326
227.384971,25.251957,129.244771
226.847259,25.274996,129.863371
226.962030,25.237413,130.129232
226.489183,25.109703,130.334263
226.302182,25.289341,130.851664
225.719929,25.554006,132.487093
225.654571,25.723556,133.717527
225.415380,25.588126,134.245618
225.257551,26.010980,135.845075
225.552387,26.320945,136.892527
225.603898,26.275588,137.182553
225.456499,26.427757,138.229278
224.631345,28.544174,141.522580
224.625145,28.545557,141.523634
224.504334,28.459609,141.766828
224.104005,28.342974,141.853837
224.100503,28.351778,141.852737
224.165081,28.532106,142.229975
223.774466,28.358716,143.059339
223.754384,28.431420,143.737841
223.826318,28.785483,144.142317
223.655441,28.560446,144.962934
223.371461,28.461230,146.131170
223.174302,28.586871,146.742486
223.332850,28.995645,147.277939
223.452392,28.832042,147.771036
222.637383,29.619454,148.432360
222.543209,29.461163,148.985734
222.051284,29.887474,150.349327
222.029542,29.875538,150.362462
221.721151,29.824370,150.577627
221.743982,29.776444,151.139050
220.806815,30.973567,153.189492
220.831519,31.605944,154.387142
220.488289,31.776778,154.590466
220.169288,31.667274,155.391102
220.297323,31.797549,155.473079
220.014186,32.242502,156.095335
220.619554,33.057252,157.195880
219.868233,33.518266,157.793627
219.903025,33.554172,157.890308
220.036074,33.933989,158.330265
220.036471,33.935151,158.331243
220.089978,34.206564,158.760285
220.149253,35.414596,159.865084
220.124745,35.536636,159.840564
220.225602,35.475544,160.385915
220.262842,35.590715,160.369723
220.212751,35.613651,160.630233
219.838455,35.905866,161.589301
219.906113,35.696007,162.798245
220.026071,35.818463,162.941302
220.093375,35.948334,163.361167
219.660886,36.577520,165.304750
219.237246,36.703845,166.340899
219.209816,36.820239,166.598491
219.082283,36.974479,166.874294
218.980728,37.048778,166.939006
219.235229,36.967607,167.301513
219.086888,37.141756,167.972194
219.083766,37.234801,167.964736
218.473351,38.292602,169.687238
218.449283,38.500007,170.534685
218.569197,39.277052,170.934842
218.439230,39.793129,171.697130
218.348909,39.911505,172.066901
218.330850,40.834011,172.867101
218.570673,41.406608,173.402197
218.336327,41.428046,174.218954
218.134232,41.428624,174.554144
217.756185,42.183848,174.992994
217.741242,42.217254,175.383384
217.803628,42.371957,175.594762
217.611435,42.403746,175.926347
217.097716,42.507323,176.973765
216.927328,42.457440,177.342441
217.082344,42.618231,177.620540
217.457568,42.418669,178.665305
216.912121,42.546025,179.439648
217.101231,42.496198,179.989702
216.893365,42.432391,180.401556
216.095336,42.485474,181.628329
215.049666,42.347506,183.457343
215.046289,42.214651,183.722023
214.665221,43.034916,185.109576
214.599757,43.141793,185.653522
214.736936,43.171138,185.934835
214.754737,43.151776,185.948915
214.359689,43.099911,186.699558
214.359989,43.099383,186.701223
214.501789,43.140557,186.967842
214.544347,43.083920,187.039845
214.397825,43.167685,187.549758
213.909146,43.322544,188.369748
214.031017,43.728154,188.689162
214.360375,43.824579,189.243139
214.299212,43.689233,189.458982
213.215248,44.087665,190.617589
213.120544,44.015948,190.681723
212.501536,44.151059,191.522503
212.473077,44.179888,191.506307
211.997527,44.252500,192.852100
212.077150,44.361110,192.990722
211.852853,44.479518,193.460239
211.085261,44.681857,193.407490
211.021414,44.745075,193.414716
210.259525,44.768142,194.171747
210.081118,44.944309,194.835867
210.177341,45.208549,195.246989
210.414745,45.546618,196.176915
210.447895,45.510133,196.262808
210.659600,46.295357,197.085407
210.497315,46.705526,197.563079
210.479173,46.596711,197.701806
210.572213,47.001782,197.878350
210.215214,46.868095,197.655767
209.899879,47.038835,198.404504
209.898137,47.064226,198.397643
210.148747,48.051725,198.705047
210.046610,48.159220,198.945444
210.019625,48.189465,198.964827
209.434081,48.662128,199.804326
209.693947,49.129853,200.537907
209.579596,49.304388,200.938301
209.372401,49.075885,201.381649
208.964248,48.950972,202.240028
208.255799,48.406887,203.058943
208.294765,48.483979,203.162207
208.207410,48.912377,203.935401
207.452330,49.160962,205.228388
207.496479,49.150123,205.298628
207.557300,49.394553,205.928380
207.574363,49.377938,205.946670
207.614107,49.337734,205.987642
207.018262,48.935586,206.165182
206.669041,49.363615,206.805801
206.301804,49.260449,207.502566
206.359101,49.221981,207.636361
206.009802,49.407990,208.083742
206.190065,50.128191,208.263638
205.757326,50.575360,208.575076
205.590292,50.722352,208.905549
205.561677,51.057366,209.388551
205.357843,51.289009,209.650425
205.295655,51.353160,209.712600
205.067192,51.098690,210.222266
205.015592,51.204112,210.394836
204.741820,50.932526,210.711354
204.370543,51.284259,211.180509
204.331982,51.330202,211.148325
204.327654,51.624066,211.353283
203.637333,51.789430,211.574322
203.469808,51.957758,211.718347
202.792901,51.912160,212.074518
202.696068,52.066946,212.346659
202.447588,52.001493,212.882925
201.747180,52.135616,213.163628
201.250445,52.380667,213.483484
201.128942,52.417256,213.589842
201.034035,52.671656,213.843946
200.686855,52.997156,214.262826
199.880085,53.068991,214.538513
198.650795,52.436829,215.522672
197.982553,53.506599,215.830761
197.049875,53.176472,215.651924
196.782141,53.294423,215.613952
196.496631,53.848444,215.805220
196.396488,53.790934,215.836563
195.867372,54.819318,216.171929
195.242224,55.767047,216.402677
194.981350,55.512653,216.553558
194.513335,55.792829,216.751669
194.317328,55.894850,216.895335
194.085223,55.721777,217.010101
193.857764,55.774308,216.799212
193.246859,56.058953,217.089149
193.207292,56.338627,217.541646
193.074943,56.514719,217.663183
192.939586,56.474722,217.610638
192.763621,56.256093,217.725401
192.010700,56.077794,217.965114
191.324391,55.953034,218.138140
190.668229,55.773401,218.473111
190.240403,56.211260,218.720117
189.918786,56.170985,218.607337
189.523344,56.131198,218.776515
188.828026,55.763320,219.053555
188.468729,55.560670,219.121232
187.685193,55.853165,218.926742
187.322730,55.934342,219.080098
186.729222,56.348525,218.873223
185.636962,56.252581,219.504854
185.405810,56.005032,219.680288
184.841965,56.266457,219.886059
184.409286,56.216190,220.300392
184.196750,57.318367,220.564742
183.752106,57.991441,220.659864
183.754520,58.003889,220.655575
183.756862,58.014653,220.654478
183.170096,57.725556,220.732787
182.810139,57.731333,220.410825
182.434823,58.289611,220.613723
182.041028,58.249869,220.812980
180.673596,58.185066,221.013647
180.614812,58.636055,221.217149
180.262891,58.628112,221.032864
179.412932,58.749590,220.956064
179.413457,58.788640,220.914246
178.455903,59.091658,221.413138
178.121732,59.364884,221.246494
177.997213,59.938352,221.185627
177.218606,59.450804,221.360964
177.276540,59.861289,221.525680
177.101691,60.411113,221.742040
176.216028,60.923832,222.098331
175.394941,60.436105,222.160689
174.849242,60.849534,221.768336
173.683045,61.532769,221.912381
173.278084,61.235544,222.108158
172.626946,61.893540,222.352078
172.281962,61.565190,222.455679
171.184069,61.702303,222.583386
170.802454,62.275526,222.428366
170.466334,62.562050,222.297867
169.652336,63.365759,222.384492
169.249835,63.889697,222.631058
167.940698,63.471978,222.448045
167.273813,63.137358,222.999509
167.261910,63.098198,222.998571
166.545146,62.827206,223.512164
166.536340,62.803830,223.506233
166.331147,62.829407,223.379574
166.120095,62.647712,223.520048
165.552128,62.393994,223.365389
164.206441,62.590048,223.713594
163.720565,63.249558,223.937296
162.979636,63.707135,224.035009
161.715284,63.302570,225.119371
161.187946,63.257604,225.203983
161.075950,63.393468,225.163987
160.903144,63.157182,225.049866
159.986785,63.115001,225.036041
158.558765,63.050906,225.391476
158.512788,62.999474,225.363836
157.889733,62.942110,225.199106
157.883783,62.943109,225.205664
157.659620,63.306385,225.129775
157.325006,63.415387,224.849191
157.240551,63.344061,224.832580
156.682563,63.259903,224.583301
156.626222,63.110155,224.528782
156.538045,63.947944,225.039610
156.485380,64.181789,225.469396
156.382338,64.108650,225.594910
156.223822,63.888033,225.581227
156.178584,63.788568,225.675279
156.141254,63.771406,225.634240
156.137452,63.771604,225.636952
155.624328,63.916399,225.815033
155.623232,63.915796,225.815041
155.097338,63.555650,225.720954
154.293381,63.818220,225.713662
154.013938,63.344918,225.739133
153.958141,63.202507,225.765181
153.857265,63.043281,225.780158
153.813406,62.950668,225.823119
153.614637,62.836494,225.828558
153.473093,62.651115,225.797189
152.922985,62.542048,225.724319
152.665981,62.291377,225.846612
151.479806,62.186974,225.924317
150.867676,62.225452,226.248327
150.690549,63.010254,226.483949
148.990938,62.351647,227.389573
148.989584,62.359240,227.395228
148.797774,62.141518,227.352893
148.796342,62.129206,227.354781
147.493647,61.984239,227.536894
146.719816,62.308705,227.944361
146.614786,62.679900,228.217266
146.145066,62.937328,228.203604
145.578168,62.821717,228.475356
145.400658,62.679364,228.431570
145.399185,62.679534,228.431168
144.837664,62.702189,228.701638
144.827636,62.740834,228.721575
144.497157,62.851060,228.526284
144.379651,62.715052,228.558042
143.748602,62.685638,228.879204
143.447334,62.659841,228.881942
143.290933,62.680588,228.927729
143.234528,62.635627,228.942373
142.800910,62.711900,229.087441
141.693958,62.832318,228.847918
141.507883,62.666827,228.921094
140.879566,62.872084,229.097565
140.892638,62.919918,229.115175
140.175688,63.756585,229.638697
139.551522,64.032912,229.820333
138.941033,64.260512,229.968862
138.524270,64.905406,230.054665
138.117415,65.114765,230.271359
137.117581,66.005479,230.605412
136.181264,66.543194,230.337101
136.188379,66.595517,230.328351
136.009061,66.557151,230.232447
135.771340,67.097377,230.074980
134.689161,67.609349,230.173307
133.212332,68.479242,230.458588
132.909108,68.372759,230.239643
131.877938,68.620347,230.032353
131.500324,69.722816,230.283818
129.668325,70.381945,230.173926
129.050515,70.859797,230.004736
127.765542,71.995505,230.882544
127.384259,72.509797,231.027953
126.568176,73.415710,231.217675
125.931089,73.209171,231.653845
125.944756,73.238193,231.645134
125.190563,73.627378,231.517363
125.247331,73.784281,231.495099
124.741185,74.791122,231.626291
124.227644,74.790472,231.822213
123.267482,75.383002,232.588301
121.802154,76.684371,233.698096
121.813916,76.730621,233.711459
121.209740,77.149465,233.209244
119.986654,79.036701,233.408156
118.543024,80.828281,233.597831
117.850163,81.891156,233.792744
116.792693,83.148018,233.950313
116.810045,83.277903,233.918328
116.791421,83.316072,233.900822
115.319127,83.102718,233.949852
115.062486,84.101909,233.883474
114.260616,85.187208,233.885918
113.565401,86.133135,233.937916
112.389568,86.255879,234.372804
111.791952,86.822472,234.506796
111.408167,86.618841,234.247085
109.826091,85.325611,234.319994
109.237596,86.256341,234.436459
108.939851,86.624701,234.776596
108.770449,86.676821,234.842640
107.839906,86.639111,234.026904
106.768646,86.764432,234.006366
106.084059,87.737177,233.841993
105.454982,87.521772,233.840008
104.482719,88.353183,233.995099
103.650316,88.140679,233.461215
103.366416,88.123959,233.179041
102.649630,88.218950,233.333628
101.564516,89.490557,233.294884
101.484678,89.358381,233.296177
100.741095,89.514349,233.140817
100.208851,89.736272,233.607051
99.535459,90.872910,233.629574
98.589874,91.188215,233.614010
97.909227,91.664475,233.455505
97.338549,91.804395,233.588349
96.613363,92.316636,233.393950
95.036587,92.165877,232.508405
94.070544,93.819452,232.359044
92.840461,94.019891,232.535624
92.042194,94.144555,232.816136
92.036293,94.130844,232.814330
91.079556,93.906906,232.260028
90.241701,93.177257,232.113578
89.899520,93.436362,232.067306
89.086279,93.187336,231.968173
87.689776,93.393085,232.053301
87.689382,93.394953,232.050753
87.688784,93.396611,232.051683
86.626867,94.520452,232.113058
86.430006,94.473638,232.178809
85.672857,95.479972,232.057599
84.912180,96.768701,232.078026
84.529376,96.598683,232.289125
84.381370,96.968219,232.263702
84.118327,96.813300,232.397736
83.887686,96.747169,232.429726
83.134423,96.414391,233.010754
82.372726,97.684719,232.613508
82.454186,98.325570,232.733195
81.363422,98.387274,233.128542
80.085008,99.718477,233.153069
79.755854,99.505734,233.063451
79.744111,99.498259,233.072260
79.618224,99.496588,233.153024
78.674921,100.070443,232.832075
78.674381,100.071473,232.830656
77.397144,100.109814,232.347519
77.051990,100.023490,232.038150
77.077635,100.302861,232.093704
76.783032,99.912108,232.017218
76.202639,100.217683,231.809124
75.309040,101.769651,231.885647
75.076772,102.232425,231.794804
74.746966,103.073265,231.838950
74.063585,104.492601,232.204684
73.794825,104.416901,232.079837
71.810676,105.960957,232.045996
71.282006,106.122225,232.250645
71.196097,106.523387,232.153832
70.934119,106.291008,231.810707
70.601804,107.008865,231.963012
70.395298,107.366367,231.997731
69.841025,108.523243,232.178082
69.642468,108.767268,232.275249
69.046042,109.570400,232.171392
67.924460,110.179734,231.624717
67.686637,109.998090,231.702222
67.546446,110.647036,231.647251
66.593582,110.652208,231.454160
66.543533,110.809698,231.385822
65.286118,111.645940,231.459954
65.440416,111.885351,231.499147
65.193236,111.702514,231.634922
65.117951,112.130050,231.529696
64.620129,111.969879,231.824776
63.770792,112.074943,231.593815
63.368416,112.230490,231.686612
61.869549,112.902595,231.591095
61.683942,113.319971,231.664092
61.506799,113.535723,231.557259
61.327430,113.950748,231.459617
60.968939,114.794880,231.614212
60.642504,115.097241,231.664169
60.415317,115.991361,231.732222
59.734049,116.629021,231.742578
59.286016,117.719217,232.014229
58.783134,116.976119,231.892731
58.495545,117.376676,232.043192
57.943105,117.901935,231.997419
57.934471,117.919236,232.018574
57.793673,118.171369,232.074645
57.190679,119.591258,232.373507
56.986120,120.315822,232.450571
56.272577,121.500088,232.838698
56.124292,122.142547,232.786253
55.640012,123.120496,232.525076
55.226674,122.718551,232.390660
55.176378,123.172815,232.427043
54.683453,123.553416,232.438008
54.233031,123.969939,232.373026
53.945051,124.115164,232.520659
53.156863,125.235350,232.687054
52.798718,126.403418,232.920227
52.685827,126.715575,232.879254
52.374497,127.371113,233.004831
51.465098,127.244787,233.086285
51.226071,127.638523,233.145069
50.163888,128.625809,233.075658
50.126208,128.589358,233.069132
49.949163,128.733117,233.187466
49.035726,129.800412,232.634592
48.345174,130.227431,232.430379
47.363112,130.344463,232.795903
47.088182,131.429655,232.831212
46.408468,132.531787,233.009136
45.342878,132.901735,232.876441
43.784287,132.716167,232.721170
43.299186,133.490953,233.045593
42.165616,133.275148,233.594079
41.696441,133.923053,233.518759
41.184639,134.553312,233.177580
40.711173,135.964933,233.455082
39.822525,136.992031,233.274449
39.176277,137.554619,233.370988
38.412266,137.554319,233.247120
37.538851,137.880657,233.415557
37.300501,138.002706,233.219260
36.288536,138.020529,233.198177
36.197393,138.057972,233.193819
35.833672,137.589070,233.440705
35.024668,136.909417,233.594580
34.803818,137.528900,233.727685
34.264197,137.890390,233.344797
33.894472,138.485732,233.546841
33.461943,138.682585,233.037941
33.354324,138.239361,233.036305
32.909798,137.706062,233.130518
32.564052,136.982361,232.914420
31.805400,136.526035,232.689761
31.745858,136.337785,232.574738
31.380764,135.558675,232.623773
30.858649,135.045148,232.042336
30.468009,135.463431,232.200332
29.805868,134.472562,232.175486
29.450146,133.570256,232.165835
29.493166,133.398998,232.201419
29.098138,132.919919,232.283755
28.425540,132.020007,232.108891
28.112364,131.630785,232.002888
27.705947,130.871327,231.779073
27.730208,130.699937,231.806019
27.332496,130.305078,231.944369
27.035986,130.418905,232.053232
27.080135,130.048953,231.906685
26.022909,128.729227,231.590676
25.872284,127.927525,231.742559
25.767328,127.366546,231.583985
25.761551,127.139769,231.557316
25.179130,126.169504,231.770582
24.823879,125.428818,231.873191
24.703802,125.138005,231.659609
24.274050,124.438198,231.160182
24.069476,123.944496,231.074704
23.758767,123.319624,230.945904
23.269257,121.723590,230.559797
23.298499,121.696990,230.530198
23.032728,121.477844,230.467342
23.118534,120.962903,230.469346
22.855888,120.351855,229.694665
22.605724,119.047878,229.557437
22.584031,118.715941,229.491097
22.497836,118.640829,229.502898
22.516398,118.479094,229.583825
22.110184,117.582141,229.779467
21.867239,117.105444,229.858855
21.843319,116.234129,229.733748
21.405216,115.961176,229.543053
21.344896,115.766977,229.440879
21.234311,115.393334,229.425576
20.985852,114.693870,229.374598
20.641846,113.675869,228.867292
20.639651,113.673549,228.819802
20.448076,112.282823,229.092317
20.277556,111.801423,228.516999
20.155600,111.442631,228.355553
20.021279,110.851248,228.145271
20.060938,110.550536,228.142173
19.922465,109.694840,227.584580
19.612505,109.389818,227.456029
19.679608,108.699718,226.905207
19.712254,108.265490,227.163987
19.133200,107.142087,227.448395
19.205893,106.253796,227.337933
18.873779,105.452204,227.408437
18.951498,104.767548,227.286399
18.916193,104.363169,227.324081
18.799916,104.014243,227.110179
18.360236,103.289969,227.031716
18.304168,102.945862,226.921190
17.874185,102.769811,226.260139
17.736201,101.234815,226.268503
17.613942,100.318401,226.261993
17.555238,99.128457,226.405749
17.753301,97.936993,226.766762
17.863190,97.003711,226.581685
17.702277,95.829263,226.446381
17.898990,94.928273,226.328225
17.796195,93.657175,226.308419
17.812439,92.555978,226.350745
17.213843,92.121189,226.173418
17.121828,91.754711,226.307352
17.052046,90.789128,226.402213
16.900397,89.985670,226.547502
16.318490,90.492958,226.506071
16.654115,90.018339,226.262250
16.678564,89.451748,226.254617
16.800403,89.249910,226.391601
16.459427,89.039569,226.458672
16.025740,88.447250,226.779699
15.847952,87.537946,226.849309
15.739086,87.638472,227.119002
15.743932,87.484832,227.052844
15.351167,87.564741,227.097023
15.166186,87.037395,227.380104
15.075480,86.569709,227.232084
15.193729,85.985846,227.277401
15.447950,85.453017,227.503863
15.473481,84.613311,227.540974
15.462119,84.598981,227.496156
15.583385,83.224617,227.519469
15.526978,83.223970,227.512754
15.786001,81.158187,227.568652
15.810962,79.802783,227.586729
15.738818,79.592340,227.102950
15.814835,79.044271,226.978223
15.611210,78.556961,227.227863
15.366149,77.520046,226.925337
15.354368,77.517279,226.901137
15.482873,76.701771,227.253696
15.250591,75.526312,227.193463
15.251024,75.044514,227.291467
15.266639,74.286981,226.852334
15.260472,74.266475,226.833515
15.188727,74.199528,226.866636
15.280991,72.888059,226.537207
15.166441,71.912220,226.532694
15.163744,71.910301,226.536010
15.018966,71.295404,226.802798
15.135315,68.866973,227.108162
15.042578,67.954340,227.523995
14.919495,67.384672,227.747929
14.931630,66.902998,227.492227
14.196680,65.259750,227.116863
14.190004,65.003910,227.336910
14.354767,63.642177,227.124164
14.101989,63.159385,226.981197
14.057067,62.893095,227.072715
14.192652,61.788260,226.835608
14.390038,61.113429,226.575323
14.126190,60.152985,226.689953
14.548991,58.266011,227.074341
14.551587,58.251545,227.135106
14.514765,57.916481,227.179713
14.432913,57.345112,227.154006
14.424285,57.341714,227.160766
14.126541,56.863219,226.614349
14.004269,56.438531,226.713788
14.021045,56.004243,226.188609
13.742803,55.455282,226.217473
13.690708,55.257043,226.310919
13.530393,54.634541,226.536647
13.855535,54.196791,226.196233
13.919686,53.580445,226.242725
13.868854,53.566616,226.143351
13.834093,52.918392,225.996205
13.794147,52.697699,225.936094
13.508113,52.582722,226.049943
13.509884,52.580799,226.040306
13.680092,50.498555,225.550694
13.748043,50.235176,225.853644
13.726339,49.094705,225.908453
13.515018,48.298726,226.279798
13.768166,47.080400,225.733445
13.695620,46.805856,225.717335
13.737399,45.809237,225.295795
13.711812,45.738518,225.077993
13.635400,45.923405,224.980099
13.513830,46.006085,224.925230
13.453085,45.792398,225.106541
13.545424,45.144592,225.470486
13.620101,44.884854,225.578562
13.776219,43.557920,225.658994
13.741169,43.440788,225.776163
13.765850,42.870991,225.905501
13.699505,42.792289,226.129172
13.786474,42.269044,226.105628
13.804456,41.897792,226.138835
13.872344,40.982964,226.144109
13.757705,40.545824,225.935551
13.892109,40.328455,225.936056
13.832815,40.185100,226.088283
13.496255,39.593263,225.996352
13.685925,38.529932,226.211652
13.646763,37.678436,226.266620
13.451310,35.967186,226.024445
13.354288,34.826647,225.942824
13.405930,34.671745,226.080513
13.313148,34.277398,226.364192
13.337582,33.909972,226.317043
13.181099,33.802721,226.286533
13.097634,33.652687,226.329421
13.052617,32.896726,226.381347
13.043446,32.571578,226.519385
13.030207,32.536283,226.407004
12.925982,31.847353,226.234382
12.997001,31.587340,226.308716
12.819141,30.627137,226.182858
12.693013,30.295205,225.656100
12.674072,29.831983,225.604013
12.586827,29.629599,225.633199
12.612905,28.518251,225.357229
12.613569,28.322533,225.289133
12.448643,28.131805,225.251366
12.465704,27.918902,224.989543
12.439957,27.448604,224.562094
12.483797,26.662639,224.458880
12.471148,26.559413,224.451948
12.496391,26.470316,224.432853
12.518732,26.330178,224.541513
12.480198,26.189490,224.500852
12.304785,26.179386,224.593568
12.198444,26.113235,224.552589
12.052578,26.022283,224.520650
11.966271,25.921150,224.452750
11.834499,25.768631,224.506658
11.722867,25.688410,224.619889
11.623569,25.557198,224.611468
11.406797,25.426053,224.757961
11.329011,25.186720,224.708937
11.077363,24.719553,224.880075
11.000758,24.605808,224.538024
10.930466,24.630894,224.250579
10.606807,24.511975,223.971309
10.537376,24.156374,223.613887
10.318340,23.985470,223.338069
10.289828,24.001323,223.205426
10.203642,23.989030,223.030152
