2000
3
6.245010,225.066991,17.617414
6.308449,225.199387,17.546029
6.712064,225.562902,17.203337
6.879430,225.612737,17.007387
6.868379,225.759671,16.915696
7.178470,225.415067,16.887252
7.519016,225.417069,16.663257
7.698873,225.370317,16.603660
7.758372,225.255305,16.678392
7.788133,225.078897,16.749109
7.786634,224.977930,16.765331
7.835862,224.791468,16.771205
7.926223,224.701119,16.748484
7.933930,224.569595,16.793722
7.972356,224.346688,16.888502
8.210080,224.333921,17.264099
8.371105,224.168182,17.395470
8.428249,223.908450,17.413256
8.429088,223.774115,17.561970
8.521679,223.410658,17.536723
8.747063,223.226884,17.689905
8.770311,223.113722,17.678455
8.779798,223.072238,17.698382
8.864853,222.880583,17.772265
9.079156,222.428663,17.815988
9.283663,222.069194,17.735564
9.294766,222.027863,17.757335
9.313307,221.704216,17.773679
9.541702,221.137445,17.854857
9.641524,220.952528,17.908795
10.078355,220.819637,17.886184
10.209437,220.001414,18.302777
10.274007,219.964537,18.726382
10.390809,219.623645,18.786637
10.319567,218.907187,18.764428
10.427989,218.775325,18.779251
10.446327,218.655210,18.802379
10.467093,218.469745,18.882375
10.552193,218.123920,19.151215
10.593950,217.953784,19.135990
10.566168,217.810345,19.325310
10.532350,217.503783,19.318232
10.686189,217.066084,19.340856
10.661864,216.376943,19.424141
10.694979,216.156222,19.503897
10.816059,216.087362,19.489178
10.911685,215.732176,19.628563
10.926591,215.569697,19.561596
11.161871,215.395109,19.648950
11.145829,215.270075,19.609880
11.311135,214.537229,19.959435
11.372380,214.326793,19.995098
11.358978,213.895313,20.103713
11.310501,213.649510,20.238304
11.229743,213.269953,20.313850
11.214102,213.049097,20.712387
11.191365,212.963269,21.046015
11.123535,212.488845,21.358984
11.104952,212.130887,21.357830
11.115744,211.692720,21.942040
11.098720,211.615908,22.029368
11.076455,211.431039,21.995690
11.092734,211.376624,22.065344
11.100562,211.342735,22.036752
11.163918,211.038298,22.152438
11.565576,211.250169,22.224047
11.551504,211.199340,22.196864
11.718369,210.700002,22.389346
11.685192,210.608940,22.592092
11.902745,210.290977,22.802455
12.077756,209.844111,22.933753
12.146775,209.468514,23.110805
12.127935,209.237705,23.146817
12.154691,208.787530,23.217222
12.138213,208.367199,23.391176
12.041283,208.071144,23.487801
12.142200,207.803548,23.480874
12.162616,207.796893,23.774095
12.335732,207.230164,24.197661
12.451302,207.085613,24.822190
12.716434,206.161493,25.323385
12.790404,206.387278,26.209754
12.774654,206.369529,26.287342
12.726626,206.342787,26.804789
12.727656,206.298631,27.340920
12.825934,206.210992,27.883630
12.601646,206.251458,29.051504
12.541047,206.116748,29.301453
12.843612,205.709546,29.761986
12.738348,205.809752,30.170803
12.702279,205.810626,30.290926
12.701086,206.053698,30.713306
12.721079,206.106115,30.812878
12.938520,206.196500,31.004332
13.045301,206.273703,31.292140
13.104882,206.360074,31.444731
13.315694,205.978235,32.077229
13.295425,205.818760,32.168088
13.490932,205.449751,32.342367
13.714275,205.562166,33.476804
13.780738,205.486796,33.665468
13.927174,205.492802,34.045063
13.988154,205.441323,34.251962
14.019334,205.224338,34.765728
14.168824,205.674139,35.314047
14.235782,205.771554,35.343896
14.359453,205.799721,35.687342
14.310585,206.149773,35.982141
14.517271,206.333404,36.351434
14.517405,206.335401,36.353074
14.461371,206.472450,36.399628
14.570839,206.163608,36.709166
14.697155,206.094682,36.905017
14.740307,206.170472,36.901785
14.804472,206.020121,37.399000
15.149988,206.739516,38.282310
15.380146,206.239820,38.777194
15.714410,206.329179,39.035206
15.947513,207.157519,39.712917
15.918055,206.940298,40.090397
15.781663,207.793363,41.307976
15.966260,207.488845,41.407484
15.987075,208.296460,41.765833
16.093389,208.922941,42.149364
16.428909,209.062217,42.871281
16.788945,209.199968,43.038153
17.046953,209.586040,44.459465
17.226838,210.012200,45.316034
17.760035,210.662518,46.364310
17.820668,210.809960,46.476041
17.951024,211.012920,46.712597
18.170016,211.187965,46.802666
18.224781,210.982233,47.225464
18.293096,210.705271,47.689156
18.493535,211.049400,47.777742
18.357194,211.540606,48.356911
18.477680,211.788679,49.004954
18.546091,211.863991,49.723629
18.519850,211.921845,49.736991
18.459897,212.223928,49.957200
18.590929,212.147651,50.409693
18.764369,213.144760,50.771357
18.935715,213.045040,51.220652
18.996896,213.202687,52.010145
19.348851,213.061098,52.454132
19.434327,212.910607,52.625123
19.696792,213.259732,53.351522
19.695311,213.247594,53.365088
19.881383,213.438231,53.535070
19.926890,213.737021,54.243116
20.136089,214.362849,54.650146
20.266678,214.879534,54.831865
20.303547,215.511966,55.130573
20.422743,215.744592,55.240844
20.939008,216.092083,55.795234
21.157526,215.857465,56.605219
21.663762,215.917974,56.946216
21.730289,216.140521,56.901652
21.821852,216.607732,57.086370
21.907720,216.991139,57.327730
22.088684,217.897907,57.776921
22.610747,218.031850,58.096474
22.728397,218.336574,58.273415
22.973266,218.590119,58.719314
24.106337,219.083322,59.230216
24.625456,219.075751,60.004151
24.844488,219.181964,60.534445
25.358375,219.234630,61.041638
25.758458,219.542433,61.405453
25.963205,219.797464,61.853032
25.897825,219.855839,62.002992
26.013307,219.969852,62.222467
26.230494,219.791875,62.380287
26.802647,219.964667,62.193183
27.261175,219.773129,62.272211
27.610912,219.976765,62.781397
27.894403,219.990911,63.074899
27.895885,219.989883,63.109992
28.040764,219.825970,63.312569
28.137951,219.711615,63.371536
28.403187,219.770971,63.642218
29.006814,220.749200,64.441418
29.321253,220.439917,64.836522
29.619735,220.530066,64.802576
29.673861,220.665285,64.810901
29.583990,220.917828,65.022489
29.715542,220.719799,65.327865
30.710236,220.834981,65.710949
31.094325,220.962654,66.113061
31.613558,221.001013,66.629675
31.812059,220.784777,66.781508
32.373644,220.523834,67.381258
32.758617,220.337568,67.152212
33.298499,219.977829,67.196154
34.089019,219.661964,66.775762
34.645893,219.198245,66.777067
35.309490,218.905868,67.241514
36.130047,218.988704,66.933270
36.946223,219.108649,67.549301
37.244596,219.525507,67.677669
37.673884,219.738251,67.436515
37.974481,219.749326,67.419003
39.006047,219.729854,67.954191
39.884759,219.290349,67.619473
41.057571,219.596788,68.386281
41.674957,219.460730,68.383326
42.267308,219.783329,68.360460
43.054336,219.813783,68.326248
43.549716,220.101260,68.107483
44.480084,219.250656,67.768570
44.898630,218.986246,67.877634
45.013599,219.166675,67.929632
46.381050,219.543520,67.456579
48.026062,219.711472,67.956023
48.605707,219.889151,67.667942
49.697873,220.023293,67.853192
50.355972,219.486713,67.586936
51.637778,218.770709,66.790958
52.644352,218.680230,67.684622
52.984160,218.868461,67.424881
53.165065,218.759280,67.261638
53.658349,218.699874,67.485916
54.239005,218.717153,67.827500
55.221748,218.657355,68.144911
55.942012,218.600318,68.332524
56.401796,218.493446,68.193214
57.559244,219.222990,68.159815
57.665405,219.154260,68.071323
58.053440,218.950205,68.145460
58.727644,218.799457,68.063815
59.803853,218.195150,67.391902
60.099169,217.993681,67.585299
60.308747,217.944417,67.490754
61.109076,218.585481,67.905849
61.599677,218.511233,67.345744
62.427604,218.446824,67.426670
63.106708,218.545397,67.725079
64.758050,218.730964,67.466565
65.649970,218.338830,66.388160
66.210454,218.247510,66.177459
66.347783,218.152177,65.890231
67.149187,217.815883,64.901246
67.419497,217.986361,64.795005
69.001148,217.676657,64.600422
69.599469,217.768850,64.677207
70.577604,218.089701,64.248203
71.803871,218.291928,64.149955
72.689429,218.454403,63.627422
73.527741,218.531220,63.884919
73.978771,218.418150,63.913429
74.046248,218.393804,63.891412
74.362540,218.590534,64.089844
74.384718,218.571159,64.088481
75.690350,218.150913,64.441677
75.776390,218.104322,64.278377
77.053419,218.457197,64.116527
77.570275,218.186837,63.528204
78.715036,218.648482,63.298478
80.418394,218.382459,63.136088
81.211131,218.639778,62.826718
82.461922,219.465662,62.785745
82.810176,219.296914,62.988582
82.867815,219.299009,62.871017
84.133415,218.909692,62.550398
84.240132,218.984004,62.474706
85.299669,218.482362,61.609621
85.539349,218.541543,61.895338
85.707589,218.573940,61.535436
85.994052,218.451683,61.162758
86.385666,218.340554,60.969240
87.057309,218.706588,60.409057
88.383345,219.038100,60.072555
89.607723,218.959408,59.514282
89.894799,219.419898,59.274823
90.235697,219.280717,59.042679
90.888942,219.050012,58.871749
91.747668,218.803004,58.821965
92.308358,218.737238,59.142259
92.424401,218.845193,58.969856
93.779249,218.168657,58.940182
95.582491,217.947205,59.162120
95.795945,217.972577,59.372516
96.218284,217.916571,59.349557
98.326336,218.224487,57.989879
100.088795,217.683547,57.185380
100.681583,217.777785,56.605304
101.342893,217.858259,56.213809
103.260885,218.020162,55.902993
103.280222,218.034018,55.918907
105.084827,217.853440,55.182259
105.588226,217.999688,54.750723
107.028233,218.147314,54.266221
107.621833,218.441292,53.832925
108.950220,218.154360,53.105778
108.955525,218.158839,53.115338
110.886297,218.912901,53.967317
111.372403,218.771930,53.574427
113.654849,218.429771,52.031032
115.242471,217.987878,51.393783
116.337744,217.630139,50.680981
117.062330,217.618810,50.608935
117.247602,217.452744,50.645757
117.920141,217.422318,50.462967
118.024056,217.302883,50.649788
119.885864,217.819148,49.676686
120.261377,217.988725,50.264535
121.644811,217.447896,50.066951
122.013102,217.332241,50.188178
122.381524,217.435836,50.078768
124.127519,217.805747,49.924242
124.886763,217.780869,49.841847
125.257400,217.631365,49.347239
125.659927,217.717939,49.164224
125.917495,217.945936,49.200014
126.685039,218.369284,49.657627
128.916106,218.795930,49.538458
128.918185,218.791965,49.529637
129.154864,218.972251,49.097331
130.843046,218.709367,48.603277
131.752967,219.336486,48.707207
132.570372,219.402217,49.053042
132.719104,219.691882,48.745342
134.326785,220.039886,49.050777
134.862939,220.047820,49.178145
136.977091,220.608958,48.197520
137.331158,220.537658,48.405298
138.006506,221.320049,48.468983
138.038563,221.264245,48.451925
138.328180,221.130656,48.535199
139.133639,221.096529,48.363210
140.337252,221.524799,48.138420
140.627483,221.410843,48.290033
141.202841,221.070168,48.042511
141.580522,220.796050,47.925907
141.686719,220.642464,47.989765
142.314169,220.808799,47.749098
142.488942,220.942221,47.969884
142.499682,220.979690,47.968716
143.921851,222.097360,47.862409
144.606115,221.951721,47.914492
144.962334,222.117367,47.726915
145.670884,221.866611,47.564490
145.940789,221.697762,47.821582
148.319898,221.958116,48.012265
148.809753,221.199398,47.955886
149.770069,221.312828,47.535845
150.063970,221.193075,46.984738
150.302117,221.102759,46.781539
150.738054,221.526362,46.621123
150.738186,221.531233,46.619354
150.739079,221.531793,46.618023
151.209732,221.703877,46.403149
151.293609,221.762573,46.605135
151.737295,221.653801,46.276035
152.305067,221.833702,46.542192
152.318031,221.844694,46.597042
152.837825,222.558962,46.382755
154.080033,223.072105,46.951577
154.939051,223.496298,47.633682
155.274212,223.018204,47.570435
155.950249,223.118233,47.457047
155.836752,222.710168,47.606104
157.489333,222.844778,47.570099
157.810102,222.946219,47.184841
157.810302,222.945201,47.178551
158.509827,222.881452,46.744818
159.332222,222.862212,45.944108
160.078569,222.757937,45.952307
160.944217,223.118854,46.321823
161.755680,222.659553,46.267785
163.806997,222.068491,45.875440
163.824488,222.117731,45.752304
163.988437,221.950918,45.841555
164.521184,221.779899,45.582790
164.522529,221.780122,45.582574
164.903086,221.876158,45.469035
165.092572,221.984760,45.271830
165.825644,222.067940,45.199653
166.199161,221.872637,45.416511
166.196086,221.881967,45.392950
166.463237,221.666390,44.801965
168.168290,221.201741,43.621338
169.342884,221.345515,42.627950
170.346749,221.310649,42.521306
170.501186,221.317054,42.367718
170.510769,221.285181,42.362232
170.530618,221.381365,42.195646
170.727027,221.503974,42.041624
170.866864,221.387742,42.096333
171.750036,221.162619,42.286384
172.101886,221.211606,42.295797
172.229399,221.110020,42.420734
172.455261,220.967193,42.260900
173.024189,220.862151,41.890468
174.202834,220.818456,42.344368
174.827227,220.622977,42.819876
175.816788,220.563555,42.807406
176.112084,220.549327,42.543807
176.902867,220.047431,41.633998
177.441016,220.214977,41.732093
177.468517,220.106510,41.742497
178.166373,220.000435,40.945632
178.387028,220.075882,40.858680
178.956207,220.033218,40.704761
179.292208,220.140507,41.083297
179.888436,219.753407,41.138248
180.473503,219.726261,41.217735
180.944083,220.073545,40.771183
181.676603,220.143584,40.693367
182.057128,220.033852,40.127090
182.380906,219.955121,40.187936
182.586987,219.768835,40.213930
183.440455,219.559898,40.690763
184.021810,219.164599,40.889726
184.285467,218.907268,40.866418
184.517322,218.682103,40.943700
184.893638,218.540235,40.758724
185.488915,218.049154,40.848654
185.534984,217.995734,41.034340
185.567085,217.937852,41.098724
186.065022,217.610734,40.998398
186.136952,217.700475,41.236497
186.432898,217.802426,41.075077
186.439587,217.778128,41.103314
186.914544,217.519720,41.398237
187.089831,217.475902,41.414855
187.750106,217.406800,41.382065
188.424908,217.377857,41.206878
188.731028,217.564468,41.152117
189.672518,217.235893,40.610642
190.707476,217.085333,40.453979
191.774661,216.234251,40.242075
192.485354,216.375793,40.400453
192.979190,216.182848,40.613739
193.224086,216.148792,40.710022
193.650590,216.020968,40.851471
194.041991,215.686999,41.284574
194.508203,215.566465,41.521259
194.924583,215.206509,41.908949
195.322121,214.803214,41.225001
196.113557,214.675025,40.529848
196.338869,214.660026,40.269011
197.127229,214.318375,40.224705
197.618394,214.323245,39.974380
197.997248,214.463754,39.974346
198.321973,213.775037,39.241635
198.380679,213.800627,39.175307
198.448316,213.858987,39.110517
199.173102,213.525679,39.148059
199.590669,213.742765,38.643357
200.377364,213.186500,38.721660
200.999780,212.609115,38.174835
201.295395,212.136471,37.509388
201.550476,212.048737,37.286562
201.597500,211.953865,37.331940
202.142558,211.935252,36.744150
202.142276,211.744631,36.564367
202.414932,211.440071,36.136814
202.879744,210.916432,36.006904
203.231350,210.446130,35.553365
203.278912,210.481950,35.531519
203.327465,210.510492,35.507009
203.738881,210.266854,35.799745
203.920856,209.890871,35.785073
204.412549,209.512493,35.464466
204.879102,209.209740,35.511944
205.105398,208.683825,35.100474
205.476815,208.236528,34.787663
205.508461,207.940484,34.831247
205.597846,207.878060,34.824133
205.687291,207.611856,34.775421
205.881746,207.243901,34.776435
206.283493,206.532181,34.829649
206.180388,206.122510,34.106000
206.133567,206.048914,34.166455
206.102322,206.022490,34.167030
206.001395,205.524366,33.985609
206.218343,205.365721,33.888384
206.267174,205.275585,33.971697
206.660316,204.584629,33.881425
207.062345,203.850340,33.234791
207.316542,203.631252,33.087997
207.254929,203.477875,32.871120
207.533333,203.199994,32.921065
207.734370,202.884600,33.063546
208.149449,202.874209,32.928512
208.577166,202.015864,33.255514
208.525919,201.956809,33.265763
208.483592,201.899964,33.307986
209.204048,201.262354,33.599677
209.202564,201.016881,32.925056
209.149472,200.839137,33.013337
209.633502,200.777335,32.586188
209.889531,200.467067,32.937211
210.219154,200.100216,32.758593
210.332801,199.902181,32.785877
210.543068,199.460844,32.672677
210.691906,198.972091,32.683827
210.700584,198.973799,32.677863
210.730921,198.783290,32.806483
210.838505,198.456017,32.691599
211.374042,198.145420,32.879923
211.988947,197.216476,32.636664
212.112085,197.093851,32.817263
212.094614,196.955788,32.894430
212.325413,196.091084,33.019616
212.419962,195.365774,32.964977
212.809649,194.879833,32.782486
213.118705,194.432473,32.605771
213.108824,193.300391,32.738431
213.280560,193.080084,32.627051
213.247825,192.600238,32.606442
213.077127,191.721516,32.485498
213.734291,190.892703,32.591501
213.896378,190.753477,32.430417
214.092204,190.437147,32.545989
214.262881,189.815708,32.422614
214.338468,189.017704,32.272860
214.545911,189.021043,32.298225
214.385314,188.775473,31.752801
213.556076,187.830411,31.746186
213.677578,187.710020,31.753945
214.241127,186.811937,31.443991
214.267789,186.441737,31.532202
214.697906,185.805987,31.522946
214.983582,185.720386,31.204534
214.803890,185.252483,31.386897
214.253047,184.535361,31.324515
214.231697,184.467735,31.211319
213.731606,184.011410,31.046737
213.862113,183.909474,30.953181
213.737046,183.634224,30.785292
213.836737,183.100711,30.860330
213.802549,182.677843,31.118283
214.188134,182.101344,30.979875
213.775462,181.687912,30.954748
214.034061,181.106673,31.066864
214.038896,180.472767,31.075735
214.373222,179.801875,30.516821
214.704791,179.658946,30.779647
214.428268,178.832335,30.650671
214.427954,178.827917,30.666981
214.233386,178.550101,30.740401
213.709902,178.135420,30.658384
213.683941,177.394752,30.756439
213.163727,177.068619,30.493358
213.143894,176.703993,30.226384
213.143165,176.703009,30.225327
213.071341,176.453698,29.971246
213.067559,175.534115,29.783651
213.132018,174.751274,29.463260
213.193921,174.209917,29.364731
212.826981,173.730777,29.549525
212.627609,172.850985,29.570666
212.631438,172.446591,29.747381
212.668243,172.241292,29.884189
212.948059,171.788792,29.709647
211.918387,170.936571,29.481565
211.410318,170.167378,29.231285
211.348006,169.630905,29.204287
211.478595,169.502910,29.179001
211.061981,169.056775,29.053784
210.338573,168.423347,28.960770
210.264203,168.426843,28.941381
209.755483,167.934271,29.009651
209.251023,167.138670,28.713425
208.782046,166.266030,28.644208
208.571381,166.051269,28.531762
208.569320,165.959687,28.451910
208.818389,165.803153,28.216830
208.828988,165.742012,28.210207
208.753452,165.517191,28.077799
208.647707,165.052260,27.982901
208.356231,164.116059,27.785577
208.135032,162.895709,27.625542
208.347911,162.148240,27.144468
207.849560,161.493666,26.926842
207.810551,161.383411,26.922277
207.828406,161.321044,26.869968
207.807932,160.652644,26.691505
207.774261,160.630065,26.705571
207.739982,159.287450,26.639998
207.294490,157.701775,24.964361
207.443710,157.514575,24.886096
207.395643,157.294771,24.942158
206.860010,156.735952,24.828702
206.880232,156.732765,24.818164
207.036200,155.668045,24.832690
206.940447,154.216228,24.064556
206.883335,153.564860,24.005210
206.998310,153.358208,23.933768
206.789379,153.031479,23.811738
206.889210,152.879157,23.697390
206.903597,152.876188,23.697883
206.901395,151.957562,23.523501
206.705440,150.448981,23.532707
206.523590,149.806816,23.535420
206.834694,149.258225,23.576354
206.304244,148.601869,23.467237
205.725780,147.883743,23.460993
205.731522,147.873523,23.457755
205.742845,147.859625,23.457350
205.552262,147.431312,23.417948
205.613661,146.768562,23.162691
205.607658,146.759979,23.173810
205.192938,145.555901,22.480119
203.765392,144.575320,22.272013
203.707286,144.189743,22.054548
203.286195,143.444970,22.176881
203.088910,143.066135,22.037222
202.711789,142.913939,22.092625
202.302979,142.746167,22.362916
202.160890,141.997571,22.320952
202.006016,141.917019,22.387938
201.789160,140.970240,22.306446
201.784812,140.971694,22.301168
200.935697,140.398341,22.176242
200.379348,139.033602,21.633678
200.161936,138.529601,21.486340
199.985357,138.189002,21.720242
199.757152,138.043045,21.812074
199.623434,137.940496,21.864846
199.249505,137.333774,22.013755
199.297468,137.195344,22.006373
198.866602,136.146196,21.816587
198.916225,136.047573,21.847256
198.524575,135.588866,21.766487
197.942522,135.124431,21.558971
198.249041,134.232508,21.508753
198.362735,134.066979,21.476098
197.782120,133.327835,21.484745
197.816243,133.302931,21.482851
197.259219,132.122317,20.578496
196.664527,130.761331,20.437121
196.391897,129.918661,20.589326
196.333536,129.905284,20.612717
196.299609,129.317735,20.436436
194.858374,128.373625,19.955685
194.468147,127.971377,19.927950
194.280009,127.991260,19.890299
194.474833,127.610675,19.848275
194.429614,127.623406,19.824295
193.256948,127.012782,19.730929
193.299820,126.725102,19.645119
193.304143,126.204740,19.512380
193.457439,125.911073,19.459418
193.341035,125.868786,19.537824
193.419031,125.816032,19.521064
193.199220,125.449860,19.699863
192.956542,124.696270,19.876204
192.137274,124.033248,20.024548
192.184845,123.793000,20.117782
192.052642,122.855040,19.960244
191.315770,122.214017,19.840280
191.318286,122.211290,19.843737
191.353906,122.187575,19.834358
190.911707,120.267405,19.800877
189.926912,119.173365,19.544352
189.937136,119.167168,19.536567
190.197208,118.902597,19.448046
189.357414,118.613514,19.294915
188.416675,116.685644,18.745081
188.208054,116.411506,18.698893
187.774137,116.115383,18.817280
186.657673,114.055140,17.887182
186.611861,113.810795,17.821041
186.238038,113.719334,17.676943
186.184614,113.668815,17.638016
185.182008,112.892508,17.734890
184.296705,112.086348,17.564048
184.011420,111.640715,16.849684
183.408987,111.458270,16.750660
183.522482,110.682530,16.827932
183.743592,110.367688,16.764338
183.451957,109.752786,16.641705
182.936795,108.353580,14.847719
182.934709,108.353642,14.847521
181.968502,107.500725,14.647472
181.324363,106.577021,14.675172
180.106946,105.459776,14.516060
179.964131,105.538631,14.488179
179.955712,105.445298,14.535434
179.166051,104.115211,14.392798
178.064404,103.482518,14.324504
177.087659,102.908544,14.355596
176.651666,102.866581,14.381853
176.125484,102.283263,14.415073
176.192378,102.274526,14.500452
176.035630,101.856741,14.561023
175.786894,101.033276,14.256748
175.549635,100.860329,14.249306
175.324862,100.798483,14.268937
174.640109,99.031836,14.416738
174.557231,99.082900,14.403279
173.812601,98.236629,14.219955
172.782529,97.029825,13.553251
172.781857,97.028556,13.553097
172.780254,97.028393,13.552058
172.197609,96.482059,13.681355
172.193380,96.485046,13.671026
171.999605,95.105375,12.791268
171.831040,95.131484,12.809479
171.780099,95.148907,12.788872
171.387506,94.595092,12.685784
171.632016,94.257339,12.619814
170.363047,92.910644,12.541258
169.154066,91.714263,12.606758
167.970045,90.383940,11.506952
167.838380,89.229112,11.511975
167.021572,88.275831,11.068280
166.994835,88.299158,11.063813
165.159849,87.451471,10.926890
164.969496,86.990628,10.851289
164.964230,86.994241,10.849947
164.367118,86.441692,10.783409
162.466417,85.592811,11.027127
160.412568,83.680461,10.920348
160.120688,83.644580,10.953902
159.527164,83.219896,10.893803
159.198383,82.398813,10.964462
157.678969,78.926198,10.577095
157.787771,78.492415,10.465111
157.537676,78.056217,10.611119
157.269797,77.709750,10.554311
157.174185,76.719540,10.558715
155.874158,75.756832,10.334862
154.481594,75.001414,10.223712
154.624365,74.750055,10.291357
154.619000,74.751384,10.294541
153.912870,74.469908,10.223931
153.884299,74.435523,10.205768
153.466423,74.395387,10.175184
153.425451,74.384159,10.174594
153.238990,73.224239,9.608938
152.945509,72.253969,9.694649
152.879127,71.699861,9.700222
152.724109,71.290322,9.623643
151.552238,70.483389,10.081289
151.903637,70.124097,10.019245
151.635805,68.822733,10.425764
151.554792,67.938736,10.566918
152.200158,67.257924,10.450978
152.195433,66.836673,10.227888
151.445470,65.537759,10.355884
151.060248,65.062594,10.436636
151.059463,65.061512,10.436536
150.085642,63.821169,10.950205
150.089506,63.317067,11.049709
148.768832,62.754622,11.043064
147.364397,61.189250,10.733808
147.438912,60.551873,10.643803
147.437799,60.551034,10.643762
147.139989,59.629376,10.560617
146.417268,59.231267,10.497712
146.490724,59.282720,10.652922
146.501342,58.994183,10.497040
145.291701,58.642971,10.526853
145.143949,57.748510,10.686285
145.127059,57.715629,10.717070
144.567514,57.463093,10.671939
144.627216,57.315895,10.695775
143.065986,56.512492,10.737287
141.905260,56.007895,10.757838
140.302982,54.814610,10.247693
138.502372,53.628385,10.535755
137.425085,52.456280,10.649995
136.615711,51.949867,10.652131
136.236572,51.469273,10.708191
135.188877,50.741112,10.592220
134.107082,50.090068,10.488651
133.900380,49.474489,10.535763
133.826730,49.111324,10.553517
133.668243,49.215496,10.531214
133.574601,49.014964,10.576926
133.428638,48.499146,10.626599
131.947610,47.210477,10.643058
131.672489,46.937392,10.625972
130.687090,46.189615,10.754115
130.309956,45.795651,10.847644
130.308653,45.794908,10.847855
129.198949,44.774475,11.062681
129.297602,44.578846,11.176872
129.313849,44.546853,11.247989
129.019333,44.232922,11.302750
127.942457,44.007541,11.552232
127.480263,43.699766,11.472394
127.327948,43.546572,11.535723
127.086178,43.585728,11.514435
126.588861,43.282576,11.746261
125.879419,43.115697,11.871952
125.456081,42.978965,11.880389
124.999752,42.850263,12.004139
124.560647,42.324789,12.191698
124.273419,42.313392,12.161835
123.906830,41.987340,12.345345
123.036670,41.803007,12.823689
122.311517,41.592661,12.794583
122.073195,40.977959,12.835871
121.867473,39.770414,12.888872
121.774855,39.649076,12.858304
120.528354,38.785411,12.777718
120.183936,38.669205,12.745721
120.245135,38.584558,12.823367
119.891004,38.285594,12.740553
119.520726,38.224615,12.695650
119.231344,38.065944,12.858476
118.909661,37.682807,12.828951
118.862755,37.738769,12.824699
117.833012,37.411444,12.915796
117.313594,36.920907,12.972761
116.255185,36.348343,12.971833
115.639524,36.293649,13.160543
115.166559,35.723692,13.123364
114.444468,35.538704,13.413949
113.923791,35.385765,13.356169
112.604141,34.686009,13.455857
112.429541,34.289753,13.519567
111.692935,34.041510,13.639353
111.277295,33.431538,13.309237
111.075953,33.198886,13.468578
109.730801,32.428280,13.510737
109.446633,32.427070,13.523563
109.089965,32.380629,13.559438
108.565023,32.283935,13.595237
107.966192,32.068962,13.575737
107.745565,31.900971,13.674211
107.647184,31.571663,13.474531
107.081861,31.242025,13.371079
106.877547,31.145571,13.329441
106.496653,30.825762,13.318099
106.458126,30.709857,13.339524
106.125030,30.543136,13.303471
105.144358,30.355582,13.344238
104.389595,29.963296,13.295764
104.132436,29.974206,13.354404
103.857428,29.716261,13.343863
103.412488,29.333073,13.225508
102.998676,28.987011,13.170365
102.780647,28.863417,13.275806
102.351411,28.446274,13.494550
101.733684,28.406750,13.625805
101.591506,28.373809,13.680025
100.800063,27.686902,13.980152
100.428869,27.304338,14.055516
99.985109,26.760409,13.978623
99.670720,26.148063,13.982217
99.407388,25.721865,13.974315
99.255255,25.646876,13.982746
98.811692,25.388035,14.033825
98.500560,25.309208,14.072549
98.178819,25.204941,14.141587
97.889553,25.063477,14.300685
97.347557,24.934201,14.511702
97.028261,24.768083,14.639340
96.568042,24.630507,14.720185
96.277311,24.457666,15.023711
95.834882,24.362485,15.065269
95.520846,24.088766,15.157136
95.348763,23.362101,15.306616
95.291611,22.773838,15.554092
95.821100,21.864181,15.457093
96.779688,21.277306,15.610700
98.176250,20.361882,15.756664
98.790119,20.161860,15.816529
99.273840,19.998751,15.775904
99.923864,19.796464,16.023284
100.066998,19.747239,16.215588
100.649929,19.698981,16.199433
101.040720,19.566260,15.989628
101.197933,19.378452,15.946499
101.589938,19.398886,15.872373
102.218588,19.203824,15.792863
102.512687,19.163273,15.750135
103.154437,19.075288,15.726593
103.329104,19.076754,15.717827
103.833599,18.846759,15.933110
104.335931,18.712556,16.028933
104.861720,18.231141,16.058763
105.274414,18.248742,16.089424
105.993034,18.037379,15.991522
106.407422,18.131230,15.912297
107.009731,18.223832,15.936086
107.556828,18.208798,15.907257
107.847084,18.156750,15.875997
109.320252,17.620883,16.196195
109.602673,17.618339,16.104369
110.077670,17.561160,15.955701
110.643582,17.018663,16.239535
111.419897,17.077006,16.197712
111.522764,17.101145,16.219112
111.856770,17.106781,16.202493
112.158217,16.923212,16.395685
112.525891,16.969470,16.366595
113.292128,16.850274,16.616156
113.495443,16.879162,16.633299
114.542347,16.576886,16.603016
114.840113,16.515439,16.631402
115.236896,16.205671,16.638398
115.623127,16.271223,16.565333
115.805971,16.295744,16.540148
116.015109,16.209634,16.608071
116.806567,15.693182,16.468020
117.299127,15.678059,16.420487
117.757919,15.735952,16.315775
118.622079,15.705670,16.140932
118.626408,15.709679,16.144919
120.172483,15.619838,16.354924
120.760268,15.583525,16.430804
121.471911,15.417062,16.417860
121.610936,15.424815,16.455674
122.151716,15.412633,16.301028
123.417292,15.438392,16.341044
124.009151,15.448013,16.269613
124.644978,15.527355,16.212719
124.646700,15.526462,16.215418
124.686554,15.484840,16.192785
125.129580,15.466417,15.999669
125.693019,15.377526,16.067814
125.879385,15.299402,16.250256
126.294388,15.002638,16.533174
127.081053,14.911575,16.498253
127.771063,14.625097,16.808199
128.217423,14.568324,16.776652
128.529093,14.645924,16.810469
129.319323,14.454692,16.968965
130.596498,14.348958,16.993027
131.480331,14.192475,16.752977
132.072344,14.129788,16.647249
132.457236,14.083761,16.720309
133.024177,13.988691,16.658581
134.062999,13.935659,16.563138
134.514690,13.983800,16.570071
135.288847,13.898069,16.512447
135.629077,13.817426,16.623485
136.015701,13.507887,16.539851
136.091171,13.032883,16.518095
136.463247,13.079115,16.572994
137.907516,12.920115,16.659889
138.250136,12.954106,16.708211
138.264972,12.966894,16.733478
138.281262,12.767878,16.815138
138.653860,12.320785,16.818732
138.652545,12.317626,16.831642
139.988961,12.377418,16.553963
140.584877,12.176529,16.646785
141.308210,12.137681,16.624120
142.157934,12.218285,16.824479
142.580784,12.049524,16.710862
142.585424,12.045814,16.703996
143.346179,11.734501,16.564845
143.772081,11.684513,16.566529
144.390018,11.651899,16.357381
145.613356,11.494834,16.281979
147.034296,11.525902,16.326233
147.291874,11.554709,16.473539
147.870437,11.508984,16.540392
149.691253,11.356609,16.442737
151.073538,11.394748,16.279358
152.619841,11.302273,16.578259
153.782007,11.214404,17.133103
154.492041,11.169461,17.204499
155.362084,11.017414,17.239824
156.027233,11.101524,17.358513
156.745611,11.255066,17.300188
157.854926,11.026841,17.597740
158.320932,10.979726,17.461944
158.482435,10.959921,17.406675
159.214396,10.971989,17.220353
159.717705,10.951523,17.351479
161.034117,10.813767,17.063203
161.384807,10.756621,16.995147
163.130026,10.614937,16.823815
163.363867,10.710529,16.920050
165.047307,10.768661,16.776986
165.048370,10.768756,16.776950
165.823091,10.873843,16.587370
166.738067,10.738564,16.543733
167.554290,10.606257,16.783217
167.990169,10.509810,16.929168
168.201436,10.404980,17.025123
168.223547,10.416711,17.044294
168.752445,10.255876,16.993401
169.302882,10.242850,16.939465
169.319206,10.224764,17.048437
170.819654,10.158130,16.891845
171.736980,10.069002,16.749144
171.782306,10.005641,16.807365
171.783901,10.006770,16.808529
172.406181,10.123497,16.621205
173.004707,9.806326,16.781765
173.840064,9.642921,17.059706
174.017982,9.401323,17.124028
174.724964,9.394703,17.123299
174.862259,9.257346,17.458721
175.255995,9.200471,17.367538
177.037396,9.300875,17.584206
177.502389,9.420237,17.730976
177.727611,9.371227,17.646200
178.148641,9.354033,17.695829
178.149735,9.353887,17.695902
178.628529,9.417937,17.581918
179.090810,9.315559,17.548086
179.218254,9.273751,17.616492
179.820429,9.327912,17.709322
180.525327,9.309251,17.259767
182.867598,9.448935,17.003430
184.641735,9.552583,16.861282
184.642661,9.552270,16.855821
185.295502,9.751276,16.693360
186.239551,9.699736,16.522442
187.953998,9.720052,16.849070
188.247749,9.671929,16.774426
188.302495,9.673762,16.757073
188.635778,9.705988,16.646508
189.504337,9.635661,16.723790
190.986352,9.597699,17.397704
193.063718,9.640889,17.347310
193.318588,9.605313,17.277362
194.526454,9.657216,17.029007
194.873224,9.649240,17.060376
195.193012,9.574579,17.080866
195.348896,9.551696,17.079401
195.612811,9.654725,17.162778
195.614001,9.654786,17.162672
195.830237,9.592956,17.219015
196.627528,9.760315,17.059988
197.734067,9.774896,17.106214
198.358126,9.846364,17.097135
199.143052,9.600978,17.080535
199.460391,9.389234,17.092799
199.882277,9.426795,16.958725
200.135219,9.393203,17.160558
200.515236,9.328716,17.038253
201.586939,9.474116,17.165884
201.853328,9.569556,17.064905
202.186902,9.552712,17.213912
202.409456,9.580721,17.293984
203.219414,9.452408,17.402213
204.288613,9.411827,17.705623
204.656169,9.485783,17.768590
204.945329,9.419063,17.812978
205.246613,9.339003,17.717916
206.097544,9.306729,17.737510
206.395554,9.337397,17.834114
207.184623,9.440045,18.056389
207.186073,9.441474,18.055066
207.958236,9.609571,18.212188
208.604181,9.607867,18.609374
208.732536,9.579427,18.558216
209.618354,9.578360,18.640975
209.801244,9.558063,18.719180
210.321265,9.757850,18.708283
211.518595,9.743306,18.883908
212.142005,9.710519,19.243062
212.515032,9.692765,19.118094
213.110796,9.622851,19.109042
213.463491,9.610216,19.487197
214.230482,9.809551,19.559558
214.347735,9.679102,19.548912
214.564666,9.568435,19.760150
215.332601,9.618141,19.917592
215.415452,9.596138,19.882415
216.022761,9.670005,20.131447
216.511128,9.668777,20.489511
216.574310,9.606900,20.525037
217.000351,9.611264,20.875647
217.649289,9.754877,20.994565
217.613994,9.595208,21.053411
217.882448,9.527621,20.900050
218.990793,9.566258,21.176036
219.354535,9.664143,21.343313
219.458423,9.688783,21.273669
219.744726,9.702903,21.363516
220.285761,9.666477,21.475107
220.420221,9.514818,21.512086
220.613680,9.485194,21.446407
220.754072,9.575470,21.425609
221.420974,9.626671,21.567486
221.510580,9.610755,21.510198
221.542448,9.535888,21.562322
221.592783,9.496033,21.546161
222.170997,9.758407,22.097600
222.978031,9.841337,22.246693
223.134386,9.816852,22.138351
223.346671,9.812969,21.985744
223.358766,9.729392,22.093809
223.526808,9.800985,22.040774
223.969319,9.707680,21.981502
224.004528,9.689850,21.967517
224.217317,9.759439,21.941940
224.511982,9.699492,22.147461
224.611765,9.734380,22.075972
225.168410,10.086571,22.848457
225.453186,10.052024,23.074609
225.569910,10.041499,23.029778
226.177163,10.036832,23.075661
226.382973,9.978805,23.043876
226.521514,9.978761,22.947747
226.721466,10.049207,22.795863
226.827900,10.039876,22.717140
227.157132,10.000638,23.091979
227.527291,9.922546,23.165140
228.034425,9.921291,23.210576
229.110735,10.004251,23.542712
229.438471,9.906569,23.627836
229.277732,9.882131,23.965021
229.131984,9.888570,24.311940
229.209149,9.866334,24.526831
229.138034,9.862988,24.607123
229.101094,9.884668,24.761786
229.052501,9.913108,24.890822
229.033812,9.903029,25.084027
229.131360,9.932734,25.357543
229.420439,9.991716,25.567637
229.262507,10.482924,26.354342
230.261961,10.510524,26.763423
230.948578,10.588930,27.042703
230.762982,10.586306,27.442713
230.735131,10.562152,27.519979
230.714911,10.568391,27.543660
230.772917,10.529358,27.848585
230.762714,10.552770,27.873213
231.100739,10.548885,28.289307
231.900663,10.455668,28.979397
231.927357,10.405258,29.454899
231.862966,10.505892,29.630207
232.135593,10.483357,30.479284
232.199178,10.481798,30.582801
232.092982,10.528689,30.724370
232.063254,10.541251,30.764020
232.181031,10.775457,31.438871
232.082659,10.791651,31.565643
232.096884,10.800960,31.571617
232.242609,10.561705,32.201597
232.524841,10.633387,32.925478
232.509870,10.377330,33.687686
233.042978,10.419528,34.558926
233.103249,10.557698,34.835160
233.099308,10.583962,35.013823
233.238407,10.548169,35.434179
233.146003,10.515295,35.553761
232.725375,10.631302,36.009164
232.770442,10.566089,36.531049
233.038296,10.604325,37.166293
233.037649,10.604359,37.168107
233.706488,10.621004,37.667139
233.561912,10.521400,38.101104
233.586393,10.408279,38.409385
233.691283,10.316418,39.117389
233.603445,10.436856,39.803305
233.721892,10.383418,40.411844
233.763726,10.436792,40.523067
233.650785,10.383289,40.734494
233.776063,10.448996,41.017067
233.716271,10.572752,41.229936
233.728167,10.711522,41.696392
234.208578,10.786284,41.984384
234.055287,10.703521,42.280539
233.958222,10.750904,42.503537
233.954073,10.736052,42.514307
233.895740,10.764709,42.629154
233.602687,10.947099,43.518360
233.673230,11.011614,44.758024
233.615845,11.015096,44.941971
234.068215,11.074364,45.122061
234.132098,11.102405,45.122935
234.297566,10.998647,45.663430
234.103569,11.004438,46.052257
233.734931,11.014435,46.644647
233.991959,11.174087,47.523604
234.109341,11.116943,48.403109
234.045805,11.161468,48.565319
234.271629,11.247391,48.790264
234.726479,11.256157,48.952893
234.723441,11.257933,48.954361
234.583926,11.393724,49.877198
234.449471,11.265574,50.189958
234.368333,11.236884,51.270095
234.678652,11.354290,51.852936
234.249689,11.759519,52.859364
234.117196,11.798822,53.485820
233.936206,11.903591,54.004637
233.988945,12.007915,54.401531
233.838942,12.006739,54.821123
233.577483,12.174531,55.549329
233.523122,12.145398,56.195395
233.871463,12.211604,56.602692
233.651123,12.374464,57.629239
233.627170,12.393005,57.636651
233.890362,12.505695,57.974471
233.713564,12.415289,58.337062
233.591838,12.457705,58.597868
233.473021,12.431962,59.303365
233.433280,12.396601,60.106344
233.719709,12.821777,61.477524
233.726337,12.822269,61.481923
233.757461,12.815976,62.475688
233.774012,13.039041,63.348627
233.592961,13.140896,63.808347
233.408606,13.139015,63.860132
232.893137,13.657084,65.453288
233.516079,13.712442,66.462776
233.260832,13.655934,66.608620
233.281513,14.030838,67.400908
233.335250,14.000481,67.496328
233.351878,14.324669,68.938954
233.320767,14.357312,69.003746
233.390174,14.311363,69.105508
233.194706,14.187340,69.719973
233.578579,14.193270,70.222124
233.040621,14.144422,71.003751
232.741451,14.040737,71.497878
232.686555,14.075149,71.528051
232.691037,14.013167,72.243963
232.496519,14.277377,73.522298
232.305741,14.258268,74.068246
231.837217,14.210063,74.998449
231.622764,14.326403,75.491527
231.502263,14.392140,75.850806
231.347025,14.469116,76.790421
231.230679,14.576240,77.618515
231.095605,14.534970,77.704980
230.891530,14.489429,78.868356
230.888956,14.383549,79.608535
230.398156,14.439771,80.667951
230.567300,14.455146,82.175464
230.569290,14.453570,82.177269
230.311443,14.952654,83.304353
230.484988,15.014389,83.754589
230.261601,14.978415,83.822169
230.161481,14.982835,83.928862
230.026902,15.130184,84.855249
229.857811,15.090547,85.130773
229.618261,15.140906,85.610438
229.434896,15.338821,86.980570
229.426240,15.344140,86.980890
229.447967,15.344577,88.016710
229.137940,15.526997,88.868905
228.879096,15.531255,90.696287
228.950072,15.484593,90.857418
228.711479,15.615970,91.443565
228.687649,15.931669,92.450043
228.671354,16.790757,93.384588
228.638771,16.757583,94.384533
228.614491,16.772859,94.391724
228.718769,16.810801,94.549658
228.443682,16.777584,95.372486
228.293340,16.849817,95.755950
228.292937,16.849681,95.757172
227.971813,16.844263,96.418581
227.814208,16.889733,97.003371
227.898183,17.070616,97.945058
227.583668,17.136076,98.824254
227.125970,17.261309,99.490601
226.695884,17.504335,100.499134
226.755048,17.512799,100.568204
226.561835,17.708027,101.388499
226.493875,17.824788,102.179680
226.071550,17.498830,103.567341
226.500533,17.530614,103.864102
226.376821,17.453445,104.553069
226.150778,17.136683,105.064199
226.003169,17.337538,105.363877
225.839072,17.385527,105.842664
225.896378,17.520845,106.821028
225.638668,17.514318,107.379186
224.961172,17.887497,108.321542
225.057898,17.735199,109.142861
224.058099,17.609230,110.993487
223.854769,17.697053,111.576905
223.515619,18.136215,112.754684
223.091686,18.348015,113.509659
223.180941,18.713231,114.974662
222.903025,18.774968,115.486619
222.330607,19.088542,116.390915
222.350905,19.100184,116.790800
222.152586,19.215098,117.418007
222.026106,19.180042,117.485791
221.828617,18.968898,117.832718
221.842137,18.963655,117.838777
221.875162,19.041638,118.145164
221.698816,18.973924,118.804581
221.673803,19.008597,118.823090
221.665276,19.031130,118.826413
221.710976,19.032766,118.840918
221.916495,19.594283,120.060652
221.764263,19.731605,120.486531
221.739481,19.745542,120.510182
221.753987,19.737658,120.519986
221.760086,20.163484,120.737890
221.595606,19.959699,121.409198
221.372916,20.075383,122.097928
221.497916,20.126809,122.434544
221.886935,20.956076,123.164429
221.600625,21.234895,124.481383
221.614218,21.968051,126.090396
221.580138,22.716759,127.431327
221.357230,22.951433,129.176458
220.721021,23.171061,130.866086
220.880710,24.077515,131.315638
220.472412,24.219787,132.104133
220.309774,24.684138,132.710453
220.030232,24.680498,133.731664
219.907346,24.826704,133.986191
219.811201,24.973349,135.148767
219.347362,26.424430,136.578653
219.393146,26.562780,136.593995
220.103473,26.722791,137.673588
219.464909,26.800127,139.130134
219.229259,26.965322,139.753721
219.082403,27.074965,140.580384
218.973131,27.064062,140.827798
218.890394,27.467531,142.791054
218.250682,27.533969,144.038047
218.314903,27.970545,144.924967
218.363782,27.982740,144.994622
217.968615,28.935706,145.896573
217.668910,28.895881,147.340679
217.742778,28.758528,147.693852
217.724503,29.676835,148.339288
217.422525,29.795514,149.126724
217.595344,29.939441,149.641600
216.895398,30.250235,151.483991
216.894029,30.188848,152.272317
217.105046,30.299264,152.426566
216.819704,30.846350,153.569972
216.927664,31.026769,153.616808
216.413342,31.481111,154.822193
216.596536,31.541646,155.276211
216.182136,32.431857,156.909872
216.091836,32.454241,157.233544
215.868052,32.292042,157.774497
215.513490,32.225843,158.790843
215.018732,32.289677,160.157260
215.049625,32.417418,161.156987
214.997219,32.585156,161.570082
215.122478,32.671973,161.781873
215.304356,32.955765,162.500657
215.531470,33.361899,163.554568
215.009042,33.434040,164.386142
214.880451,34.109675,165.284552
214.611552,34.132252,165.843440
214.608760,34.131279,165.848179
214.561612,34.673660,167.182713
213.957657,34.766614,168.192660
214.121684,34.801662,168.725283
214.456693,34.923580,169.184003
214.420384,34.886485,169.214405
214.313205,35.145384,169.591152
214.052986,35.060853,170.364706
213.492080,35.190358,171.697411
213.492167,35.190747,171.698673
213.309142,35.047135,171.983799
213.226517,34.909311,172.154036
213.436115,36.068197,173.070401
213.441158,36.059318,173.079539
213.630107,36.303530,173.953622
213.681805,36.473987,174.509595
213.653186,36.467038,175.023846
213.662079,36.713095,175.859822
212.388589,38.075868,176.163073
212.274869,38.151865,176.220039
212.002619,38.247889,177.296753
211.938495,38.259651,177.459675
212.219299,38.261010,177.846828
212.025867,38.370041,179.513273
211.978093,38.343721,179.658624
212.022260,38.611793,179.953075
212.088174,38.439890,180.468773
212.233024,38.455210,181.263362
212.233776,38.410362,181.298490
212.400711,38.365604,181.491563
211.995288,39.716599,182.801491
212.155939,41.640677,184.111217
212.076039,41.697349,184.239097
212.270168,42.065777,184.933730
212.353895,42.124838,185.080062
212.359992,42.132162,185.139489
212.410397,42.329509,185.853886
212.758775,43.463242,186.646006
212.634584,43.612712,186.685888
212.587621,43.786279,187.045669
212.074604,44.013404,187.762189
211.599357,43.937477,187.942558
211.300102,43.952276,188.494359
211.321025,43.902454,188.734395
211.345146,43.994333,188.913217
211.134119,44.708310,189.470785
210.651122,45.100240,190.153737
210.564893,44.772010,190.410443
210.202516,45.555276,191.388102
209.970754,46.177395,191.456863
209.931468,46.172810,191.469491
209.113968,45.922042,191.594592
208.817280,45.883779,192.072606
208.724508,45.905673,192.293105
208.643208,46.032629,193.128443
208.513761,46.639438,193.548741
208.301569,47.044165,194.529154
208.142742,46.952553,195.262022
208.193112,46.879103,195.358188
207.863792,47.033690,195.761639
207.258044,46.931066,195.525022
206.996084,47.634995,197.194569
206.985501,47.696430,197.309260
207.120408,47.869478,197.896781
206.406972,48.065046,199.017474
206.397738,48.141641,199.257979
206.089409,48.360627,199.801317
205.462666,48.395996,201.005218
205.600966,48.523086,201.341646
205.461269,48.492672,201.423090
205.439730,48.514415,201.711289
205.590985,48.682406,201.864139
205.723737,48.806108,202.359101
205.450849,48.898068,203.354058
205.378273,49.000179,203.599843
205.360797,48.989657,203.618855
204.692259,48.730776,204.337836
204.406727,48.377353,204.774820
204.366693,48.410472,204.891530
204.428313,48.545032,205.105167
204.036564,48.819789,205.409122
203.928271,48.908177,205.823186
204.267868,49.941273,206.858708
204.072060,50.068855,207.208949
204.091868,50.048571,207.467246
204.181529,49.991798,207.585809
204.116675,50.019552,208.544414
203.933657,50.251346,208.795408
203.925192,50.366811,208.766691
203.891420,50.542289,208.820036
203.474694,51.006369,209.350444
203.441846,51.045155,209.332766
202.957814,51.355250,210.146362
202.900135,51.888976,210.303953
202.867492,51.928860,210.276979
202.744768,52.020087,210.809870
202.366451,52.258801,211.233761
201.850146,52.704362,211.486273
201.806132,53.215484,211.660173
201.772810,53.248524,212.106981
201.013080,53.434999,212.998030
200.696397,53.055622,213.272955
200.675952,53.025743,213.263435
200.266388,53.404314,213.624797
199.756067,53.187569,213.914399
198.969092,53.217473,214.439382
198.501974,53.265224,214.798778
198.039881,53.460888,215.471353
197.542976,53.213319,215.904055
197.452673,53.109061,215.876984
196.711859,53.070153,215.940470
196.591511,53.061400,215.862424
196.314225,52.906650,216.140168
195.912286,53.085570,216.213596
195.258807,53.558839,216.311512
194.864725,53.460015,216.160573
194.770272,53.559815,216.086558
194.644844,53.737006,216.148256
194.207250,54.072820,215.995675
194.051886,54.426776,216.147420
193.812827,54.460684,215.988468
193.389460,54.662551,216.365307
192.993325,54.882280,216.606094
192.371729,54.294833,216.873635
192.049566,54.447789,217.316258
191.955794,54.645039,217.287959
191.841667,54.465701,217.271494
191.632527,54.304430,217.352599
190.847601,54.359621,218.070563
190.573380,54.478369,218.060266
190.268149,54.753854,218.141797
190.266468,54.753782,218.141417
190.214398,54.830419,218.067476
189.603051,55.083351,218.402967
188.192133,54.854357,218.375386
188.148490,54.799918,218.420190
187.857091,54.840252,218.658046
187.329492,55.100336,218.732445
186.518511,54.655808,218.836089
186.343357,54.788192,218.743129
185.834293,54.763343,218.555496
185.433644,55.051629,218.689220
185.180051,55.060209,218.555545
185.081001,55.240042,218.603811
184.663213,55.178154,218.698967
184.673618,55.208376,218.735879
184.122526,54.945527,218.593453
183.348140,55.097970,218.560555
182.902286,55.766582,218.723165
182.525694,56.410830,218.897479
182.118589,56.693568,219.106740
181.623781,56.300633,219.264266
180.937134,55.788808,219.389631
180.385675,55.401808,219.442791
179.037843,55.255095,219.924079
178.892320,55.305340,220.053632
178.711610,54.917139,220.272077
178.223522,54.617794,220.563764
177.829350,54.463611,220.816481
177.376497,54.246887,221.157157
177.170107,53.948210,221.330329
176.748497,53.724732,221.211651
175.942661,53.443904,221.290291
175.938810,53.390417,221.323337
174.995389,53.772859,221.251746
174.339317,53.930791,221.712147
173.945796,53.370490,222.065749
173.407777,53.551971,222.407917
172.659188,52.961093,222.168235
172.377226,53.139136,222.061082
171.949995,53.112473,222.078887
171.556192,53.404887,222.101657
170.748377,53.286068,222.387463
170.654217,53.217807,222.401580
169.989105,53.030463,222.750285
169.660051,53.231736,222.547059
169.133843,53.055317,222.303049
168.569165,52.996317,222.686443
167.543847,53.043516,223.038638
166.752832,52.594241,223.330755
166.680966,52.529337,223.331468
166.159259,52.099640,223.296767
165.807133,51.618700,223.192133
164.506416,52.166958,222.580572
164.139693,52.390285,222.437602
163.391239,52.572048,223.122096
163.285796,52.544294,223.031270
162.463357,51.806846,222.983457
161.327169,51.678248,222.339351
160.750857,51.336503,222.314936
159.972746,51.688804,222.442011
159.971703,51.676564,222.409996
158.966390,51.087573,222.079500
158.712968,51.185605,222.017769
157.492397,50.720087,221.699364
157.492949,50.711489,221.663708
157.109445,50.850586,221.883856
157.105730,50.849993,221.885823
156.447933,50.562955,221.789449
154.498143,50.288188,221.534870
154.354403,50.115958,221.345702
153.799304,50.136486,221.680951
152.740308,50.210329,220.995318
152.385622,49.912675,221.202379
151.729177,50.100527,221.057000
151.238831,49.817552,220.845381
150.858850,49.853622,221.028855
150.577530,49.683168,221.197140
150.048370,49.694191,221.410027
149.368827,49.447118,221.233058
147.994430,49.564724,221.142391
147.427645,49.443592,221.538167
146.496849,49.275548,221.856811
145.815134,49.160660,221.700034
144.850972,47.912384,221.877429
144.432950,47.941644,222.209005
143.518181,47.142380,222.246048
143.207045,47.054396,222.294914
142.994804,47.042370,222.377313
141.943092,46.190259,222.004925
141.134909,45.651028,221.439572
141.101954,45.538465,221.516161
140.568500,45.593171,221.773935
140.396116,45.542878,222.073068
139.155559,44.868710,222.220764
137.821239,44.413093,222.226586
136.787716,44.128715,221.464371
136.611271,44.309950,221.808038
135.061910,44.107972,221.596605
135.056088,44.116116,221.592740
134.389418,44.169185,221.889592
134.373795,44.172628,221.903830
132.967198,44.077855,221.585210
132.765672,44.041712,221.690339
131.367743,43.848776,221.654519
130.897684,44.057490,221.853084
129.934939,43.671451,221.246608
127.622200,43.319123,220.802055
127.473330,43.500747,221.132684
127.239779,43.277511,221.335811
126.508391,43.104510,220.741077
124.895864,42.923728,220.459034
123.723186,42.779563,220.274998
122.022099,42.257381,220.778998
120.977810,42.236697,220.758935
120.155676,42.128350,220.765566
119.863615,41.990787,220.971920
119.293881,41.854659,220.866373
119.045179,41.675393,221.013312
118.991267,41.568791,221.098993
117.315714,41.013607,220.583738
115.671614,40.319345,220.711443
115.376240,40.139665,220.640000
114.712942,39.825841,220.373948
112.882826,39.259187,219.289974
112.419769,39.110892,219.191405
111.630650,38.991733,218.697963
110.498176,39.004531,218.011132
109.845197,38.935721,218.350740
109.087746,38.638042,218.240245
108.908723,38.534800,218.351588
107.955477,38.395512,218.405423
107.193518,38.445023,218.621565
106.025296,37.997230,217.466521
105.152687,36.866512,217.280517
104.544633,36.606337,217.327254
104.084619,36.392609,217.540548
103.866129,36.294282,217.486904
103.447804,36.095798,217.177991
103.179734,35.993329,216.930662
101.614244,35.872371,217.219601
99.529562,34.925220,216.879682
99.026908,34.612088,216.867884
98.859146,34.542269,216.949741
97.853886,34.202930,217.159196
96.906415,33.917108,217.389602
96.905094,33.894374,217.405855
95.475003,33.659754,217.566999
95.098303,33.534929,217.254298
95.097008,33.534490,217.254433
94.364622,33.035776,217.759346
94.175881,32.943508,217.976152
93.737316,32.718243,218.107829
93.261843,32.565998,218.118067
92.854950,32.461937,217.961476
91.739789,31.404600,217.666167
90.289175,31.410111,217.957590
90.291009,31.391261,217.978847
89.825256,31.122987,218.235766
89.159614,30.847010,218.330104
87.974125,30.730337,218.084616
87.784167,30.672798,218.153926
86.501974,30.837918,217.046748
86.206196,30.776354,216.794774
86.201777,30.789135,216.781476
85.787863,30.602739,216.941414
85.284606,30.360345,216.474985
83.946601,30.145794,216.082922
82.627735,30.523302,215.844927
82.505112,30.499735,215.942842
80.945557,29.625763,215.536289
80.526352,29.676978,215.016491
79.673675,29.279534,214.816867
78.604762,28.644286,214.687877
77.620993,28.643563,214.301496
77.093262,28.601900,213.866559
75.780258,28.252489,214.148754
75.542787,28.361056,214.304351
75.543580,28.343055,214.327526
75.339642,27.792219,214.417439
74.957625,27.634926,214.640536
73.290546,27.611204,214.829821
72.370805,27.418571,214.968175
72.050405,27.233857,214.640036
71.954390,27.258956,214.708410
71.334697,26.911788,215.153403
69.076001,25.237572,215.533226
69.053199,25.077056,215.769586
68.857857,25.110070,215.767763
68.492625,24.889330,215.887947
67.795525,24.802931,216.115304
67.316430,24.817176,215.789189
66.987415,24.796077,215.592136
66.431830,24.633752,215.591011
65.610618,24.192913,215.571842
64.871621,23.972962,215.923410
64.439952,23.418481,215.759151
63.235560,23.001807,215.279879
62.587034,22.763013,215.707466
61.459514,22.213776,216.264452
60.868056,22.062166,216.473761
59.653746,22.018792,216.854603
59.527583,22.082760,216.890257
58.702766,21.961093,217.331762
58.143695,22.083060,217.532701
58.091699,22.062486,217.404317
56.953383,21.636922,217.269399
56.457939,21.484552,217.279545
56.094740,21.911479,217.399779
55.315650,21.933581,217.617782
53.993783,20.936321,217.232430
53.444684,21.133451,217.189204
53.246611,21.044567,217.181934
52.713342,21.347902,217.299817
52.368265,21.200531,217.061155
51.195826,21.227207,216.750051
50.986597,21.122178,216.748624
50.984484,21.132199,216.737477
49.415669,20.474230,216.111072
49.148649,20.654596,216.094395
48.844431,20.526753,216.182875
47.678314,20.330014,215.922716
47.278371,20.134396,215.875755
46.702574,20.013985,215.784315
46.632060,20.000305,215.610107
45.910357,19.849538,215.352001
44.588767,19.648162,215.112979
44.210939,20.154982,215.333318
43.888313,20.042013,215.178587
43.555890,20.154124,214.905893
43.233506,20.088288,214.650864
42.958319,20.190580,214.480341
42.847467,20.163444,214.373082
41.647739,20.173821,213.537447
41.291666,20.155973,213.020281
40.915903,20.281146,212.843101
40.041092,20.253119,212.140296
39.466283,20.129324,211.929136
39.098925,19.905771,211.712938
38.504554,19.927310,211.750829
38.180761,19.962700,212.030685
37.803707,19.838126,211.878585
36.767411,19.017701,212.163859
36.623326,18.933530,212.300757
36.621063,18.932048,212.298683
35.354371,18.647257,212.387000
34.899150,18.764748,212.163413
34.753382,18.710237,211.981920
34.492748,18.860998,211.870799
34.088964,18.758279,211.936435
33.369401,18.558367,211.632025
32.969352,18.506713,211.346929
32.811210,18.427706,211.272182
32.080436,18.054189,211.525724
31.667826,18.002144,211.558777
31.256266,17.955907,211.441508
30.704108,17.590471,211.374614
29.867980,17.588074,211.391843
29.554884,17.375773,211.291470
29.440470,17.613603,211.360983
29.140366,17.647529,211.800634
28.970951,17.563270,212.240458
28.673313,17.630494,212.241197
28.571158,17.545282,212.340533
28.274683,17.339292,212.887028
28.227577,17.334262,213.137598
28.046510,17.258660,213.316665
27.903131,17.221628,213.547992
27.617531,17.344435,213.871190
26.789457,16.986759,214.558401
26.405088,17.365899,214.909246
26.418473,17.344827,215.026423
26.252507,17.365773,215.382307
25.644430,16.983093,215.775374
25.225289,16.974264,216.449792
24.886632,17.045090,216.614166
24.240171,17.481724,216.667858
23.613771,17.695819,216.715340
23.608881,17.676696,217.025741
23.493606,17.709659,217.302375
23.102660,17.861583,217.214009
23.204675,18.329811,217.781591
23.395753,18.444639,218.555856
23.038840,19.178411,218.833316
22.785729,19.223581,218.966387
22.390963,19.299949,219.313747
22.015818,19.241766,219.638151
21.945843,19.132138,219.948651
21.582304,19.791365,220.365877
21.470530,19.740488,220.429244
20.985406,20.029858,220.652100
20.762922,20.125533,220.924179
19.981085,19.914824,220.857081
19.521898,20.729198,220.995824
19.364889,20.789095,221.161331
18.732701,21.238053,221.384334
17.910350,21.495532,221.670314
17.695704,21.548049,221.949302
17.534083,21.392131,222.374367
17.319708,21.344506,222.513616
17.161776,21.428349,222.705422
16.886171,21.760966,222.908414
16.782339,21.798970,223.075927
16.558393,22.499832,223.551430
16.382631,22.574836,223.728381
16.334399,22.516281,223.833421
16.413429,22.747560,223.724941
16.451667,22.822589,223.641838
16.422898,22.915121,223.572084
16.450427,23.003221,223.451059
16.356897,23.272598,223.138584
15.913966,23.631719,222.934841
15.873230,23.745115,222.653537
15.784366,23.883646,222.734926
15.745582,24.149417,222.349385
15.546527,24.594487,222.499992
15.510032,24.794717,222.265671
15.369421,25.189422,222.548021
15.251674,25.456795,222.308690
15.285217,26.349464,222.277847
14.881463,26.808920,222.196884
15.004647,27.095408,222.274787
14.946459,27.324346,222.380604
15.147323,28.104305,222.692363
15.175288,28.156310,222.634870
15.102417,29.659024,222.972648
15.006479,29.602304,222.992119
15.005040,30.210545,223.260334
15.008478,30.311798,223.255867
14.982755,31.195974,223.367721
15.074561,31.738793,223.608544
15.317649,32.503012,223.689146
15.574445,33.411934,223.447259
15.634749,33.594648,223.254537
15.690549,34.360361,223.264288
16.023079,35.378273,223.583191
15.912098,35.392502,223.531827
15.798130,35.737872,223.606858
15.546500,35.997179,223.488294
15.511424,36.295929,223.164548
15.517611,37.044927,223.481857
15.342454,38.343862,223.649229
15.048938,39.069093,223.653272
14.869083,39.782411,223.653699
14.835857,40.147330,223.684579
14.521605,40.983605,223.997109
14.523272,41.899287,224.044328
14.196100,42.241116,224.045623
14.252377,42.409385,224.214761
14.223504,43.672340,223.796926
13.990378,43.996244,223.659041
13.859195,45.176681,224.223732
14.135855,45.696070,224.220353
14.167354,45.795009,224.153602
14.195931,46.012036,224.207555
13.941657,47.670364,224.196767
13.962784,47.788514,224.148743
13.978226,48.253023,224.370304
14.106713,48.858124,224.398067
14.171797,49.259810,224.234449
14.414513,49.753198,224.102628
14.718680,51.361643,224.129111
14.724877,51.367297,224.115833
14.674531,52.443908,224.327500
14.734163,53.000620,224.546230
14.779583,53.199774,224.412003
14.890937,53.540195,224.185972
14.911717,54.630811,224.132325
14.777319,55.448921,224.107839
14.740886,55.842061,224.110215
14.474424,56.362209,223.983586
14.472614,56.364686,223.987706
14.411448,56.736090,224.130463
14.313447,57.162940,224.230700
14.414293,57.539462,224.021100
14.534390,58.003612,224.020120
14.804944,58.306160,224.025580
15.010706,59.059042,223.618349
15.240458,60.197952,223.889553
15.336100,61.627831,224.109463
15.390362,62.931150,224.032257
15.390094,63.225161,223.891084
15.430953,63.448611,223.800814
15.444419,64.171925,223.718736
15.622190,64.881690,223.872495
15.724752,65.167695,223.732111
15.369800,66.789042,224.099949
15.461251,67.561340,224.167916
15.698036,67.993411,224.361059
15.604487,68.779585,224.508014
15.613774,69.477799,225.130091
15.295114,70.190295,225.460264
15.306721,70.199094,225.517183
14.963798,71.329327,225.419988
14.985341,71.702037,225.269656
15.092136,72.405457,225.754155
15.157257,72.664971,225.634995
15.122084,72.806401,225.442935
15.069310,73.139939,225.249666
14.967525,73.935377,225.094152
15.221645,75.764734,225.062418
15.182648,76.867108,224.727691
15.305961,78.633060,224.284279
15.457578,79.398960,224.082754
15.309280,80.353224,223.919385
15.375028,80.605964,224.315914
15.483607,81.422742,223.947696
15.483460,82.207731,223.681515
15.492371,82.217603,223.663316
15.432297,82.564967,223.767378
15.355697,82.752009,223.897241
15.438838,83.130813,223.784562
15.518994,83.912478,223.615656
15.518846,83.914376,223.614889
15.420941,84.488520,223.756919
15.588153,85.259719,223.449667
15.443343,87.078671,223.317034
15.306031,88.493619,223.560160
15.381611,88.671402,223.641695
15.786708,91.580687,224.171926
16.173893,92.891291,224.310991
15.985683,93.222319,224.211149
16.277480,93.732465,224.224335
16.559456,94.642828,224.886684
16.347153,94.847075,224.826783
16.489644,96.417678,224.851575
16.494133,96.437739,224.914469
16.474696,96.440262,224.951842
16.480141,96.952086,225.281159
16.614091,97.331085,225.170146
16.601797,97.338098,225.175075
16.582680,97.993323,225.489461
16.786831,98.675714,225.845289
16.732151,98.635041,225.845953
16.591979,99.674904,226.631929
16.739116,100.524449,226.596540
16.728982,100.973848,226.371819
16.895823,101.743017,227.199295
17.260656,102.515294,227.065430
17.310672,102.902886,226.888565
18.154339,104.938866,226.798974
18.018297,106.233212,226.801987
17.936773,106.896319,226.963946
18.228491,107.791137,226.551541
18.377336,108.735101,226.361513
18.557775,110.450751,226.964462
18.652902,111.085775,227.920284
18.838008,111.998637,227.903921
19.074246,113.002375,228.004524
19.245954,114.461947,228.573167
19.352955,115.756620,228.980969
19.376331,116.144915,229.644929
19.669444,116.986229,229.974013
19.429273,117.771365,230.544116
20.041135,119.394290,230.741431
20.058823,119.999709,231.013971
20.167399,121.673308,231.214223
20.346763,122.548410,231.010175
20.377873,123.006733,231.172945
20.443642,124.028288,231.986158
20.606847,124.922048,231.930091
20.696964,125.501131,231.888540
20.729531,125.743121,232.151926
20.609704,126.388952,232.579329
20.707949,127.165850,232.586481
20.964638,128.007124,232.600619
21.339700,128.649561,232.510793
21.458065,129.139148,232.526480
21.526406,129.419972,232.734255
21.490361,129.676831,232.640844
21.570019,129.799906,232.667630
21.711905,129.897720,232.695350
21.727023,129.899176,232.700747
21.591785,130.069346,232.800257
21.858636,130.379975,232.799890
21.750581,131.310549,232.541871
21.803598,132.024553,232.468688
21.724478,132.919184,232.289636
21.565255,133.173242,232.499508
21.541102,133.408430,232.421321
21.685554,134.002424,232.446515
21.811136,134.318159,232.490343
21.973396,134.640080,232.535940
22.107627,134.753174,232.756978
22.099449,134.983685,232.757116
22.210290,135.558507,232.924779
22.259245,136.022937,233.143319
22.374956,136.119740,233.259383
22.360582,136.545782,233.422221
22.483294,137.245252,233.436442
22.437119,138.127596,233.452601
22.343090,138.888406,233.428824
22.325227,139.794214,233.522827
22.269754,140.004448,233.513534
22.329403,140.150839,233.516594
22.299623,140.460887,233.486851
22.372282,140.758422,233.705519
22.430906,141.121143,233.733266
22.600675,141.490695,234.005345
22.536029,141.786885,234.023112
22.519129,141.983165,234.063703
22.316042,142.106185,233.989529
22.058893,142.385176,233.960631
22.082972,142.668249,233.970937
22.136487,142.952716,234.001626
22.239025,143.548080,233.882472
22.399821,143.849066,234.200308
22.333360,144.314290,234.114039
22.401307,144.616192,234.150263
22.537801,145.060951,234.382665
22.218943,145.007629,234.490112
22.034953,144.584273,234.590101
21.938767,144.254632,234.601968
21.869180,144.004414,234.570561
21.522004,143.277267,234.447157
21.468428,143.009864,234.421992
21.421123,142.698951,234.437167
21.397250,142.517448,234.453286
21.435533,142.410435,234.490500
21.516559,142.164337,234.726404
21.231356,141.877109,234.621306
21.149331,141.506027,234.610559
21.089232,141.037583,234.542803
20.677932,140.556108,234.360829
20.488177,139.774061,234.247951
20.293796,139.207207,234.154211
20.250146,139.028580,234.124605
20.057510,139.097650,234.056814
