3000
3
10.517654,35.363933,237.904358
10.500718,35.300570,237.918663
10.504137,35.194784,237.891737
10.504746,35.074140,237.865797
10.510544,34.974187,237.875383
10.508708,34.869645,237.913094
10.499271,34.930044,237.783398
10.491510,34.967834,237.679193
10.447500,34.993847,237.444649
10.414470,35.068125,237.398681
10.397021,35.080403,237.104467
10.397764,35.147060,237.008300
10.413490,35.282910,236.803575
10.422536,35.457083,236.708889
10.421492,35.515204,236.623669
10.445136,35.641135,236.466123
10.594735,35.675043,236.416320
10.613354,35.690768,236.338207
10.625338,35.725735,236.091681
10.677013,35.913499,235.897782
10.832550,36.206058,235.833039
10.982746,36.538079,235.789009
11.250295,36.943497,235.826830
11.263839,37.096965,235.824877
11.388135,37.441456,235.781405
11.414041,37.590396,235.761957
11.534895,37.684372,235.623237
11.506608,38.001225,235.566496
11.492538,38.039377,235.474744
11.456993,38.233950,235.553508
11.466425,38.270321,235.604244
11.600304,38.749447,235.655006
11.616661,38.877251,235.630189
11.651030,38.998281,235.698280
11.708507,39.158671,235.632504
11.876380,39.765974,235.683451
11.935930,39.903715,235.697733
11.954074,40.048891,235.726010
12.076024,40.056292,235.802778
12.073487,40.089105,235.869010
12.355061,40.364023,235.893175
12.345068,40.589636,235.865639
12.357210,40.680269,235.825681
12.364770,40.801493,235.864714
12.374041,40.848100,235.870884
12.370301,40.998288,235.808177
12.408441,41.124163,235.774847
12.620723,41.799824,235.667098
12.762783,42.027263,235.833027
12.889097,42.063229,236.005150
12.820978,42.365725,235.627767
12.960426,42.668857,235.631640
13.021042,43.054143,235.726602
13.026278,43.377117,235.875978
13.025006,43.489670,235.848299
13.201704,44.067125,235.984295
13.335307,44.586981,236.163399
13.550216,45.006884,236.205716
13.521040,45.208478,236.154170
13.813262,45.917905,236.550977
13.949778,46.437189,236.341858
13.916914,46.744604,236.523385
13.991514,47.129899,236.405710
14.858637,48.006262,236.524774
15.118897,49.255574,236.390226
15.164465,49.539584,236.145949
15.427561,50.161697,235.870902
15.406353,50.366460,235.881028
15.579009,51.123686,235.828129
15.611155,51.491716,235.728100
15.726341,51.710719,235.675042
15.648037,52.203836,235.708231
15.623257,52.452514,235.402394
15.610308,52.706142,235.521547
15.668332,53.147680,235.401296
15.785187,54.034014,235.199879
15.895737,54.465832,235.590282
15.773719,55.306510,235.755088
15.810408,55.444758,235.814799
15.818916,55.471292,235.902681
15.789522,55.623573,235.761715
15.754165,56.424836,235.788680
15.752539,56.832685,235.870505
15.638186,57.396548,235.857382
15.684383,57.365409,235.819079
15.810407,57.816401,235.823978
15.993922,57.740435,235.731848
15.960939,58.564221,235.748256
16.031839,59.180860,235.820826
16.034519,59.181566,235.817951
16.090571,59.350302,235.759365
16.088980,59.472073,235.505852
16.071538,59.506967,235.485423
16.279424,59.592649,235.686896
16.396128,59.838105,235.601252
16.455153,59.958807,235.891296
16.495836,60.289047,235.910908
16.596625,60.659226,235.949815
16.633672,60.846890,236.065348
16.733263,60.871783,236.236414
16.728564,61.373367,236.266669
16.859023,63.547380,236.325937
17.204889,64.937715,236.084406
17.157902,65.019830,236.114235
17.461172,65.421575,235.885964
17.437449,65.890354,235.575766
17.495243,66.104707,235.513484
17.472018,66.118842,235.465565
17.412438,66.604266,235.365237
17.646227,66.763611,235.436918
17.552999,67.180563,235.422167
17.863707,67.406712,235.321395
17.900645,67.435416,235.283322
18.193718,67.628759,234.951436
18.185650,67.632924,234.911876
18.187802,67.633512,234.903905
18.187913,67.634252,234.903501
18.299439,67.599888,234.901103
18.128707,68.412134,234.794568
18.231878,69.146604,234.692159
18.172337,69.012743,234.386337
18.131642,69.472346,234.264986
17.859334,70.517394,234.137252
17.992551,71.896918,234.114390
18.145900,72.543140,234.319999
18.071730,72.770697,234.451719
18.097854,74.374504,234.703778
18.235114,74.617103,234.594060
18.141811,74.939676,233.908938
18.297683,75.469724,233.970655
18.858801,76.005052,233.890194
19.108176,76.441319,233.792296
19.794237,76.740575,233.856170
20.073429,76.796897,233.718053
20.113956,77.061548,233.630660
20.275104,77.344472,233.578592
20.229066,77.612783,233.700015
20.133269,77.921890,233.837477
20.118613,77.934764,233.852882
20.171532,77.946910,233.727679
20.171501,77.947808,233.727537
20.244989,78.357702,233.685745
20.918070,78.585708,233.964463
20.833644,79.464063,234.175608
21.262444,79.268534,234.311995
21.260581,79.269430,234.338713
21.228420,80.042774,234.350959
21.495360,80.712425,234.509219
21.440031,80.817556,234.561373
21.732739,81.242269,234.737409
22.245661,81.520724,234.697579
23.110748,83.043865,234.707543
23.755545,83.930804,234.767920
24.092025,84.738388,235.014415
24.716299,86.503388,234.942827
25.055125,87.321556,234.686575
25.152384,87.539735,234.399962
25.179579,88.744676,234.505391
25.744657,89.531972,234.501545
26.025302,91.165511,234.521321
25.917797,91.910865,234.347264
25.939328,91.929631,234.401166
25.886625,92.152065,234.449903
25.972000,92.955209,234.649652
25.854978,93.266516,234.568558
25.928960,94.672284,234.591731
26.014677,94.748052,234.675428
26.002201,94.809887,234.702844
26.063918,95.240341,234.632915
26.177999,95.542787,234.582369
26.123193,95.640609,234.599794
26.129366,96.642658,234.596644
26.112419,98.020717,234.154952
26.547511,98.197228,233.984820
26.483873,98.151601,233.808345
26.508223,98.153611,233.771756
26.811612,98.427768,234.161787
26.994982,98.544344,234.057285
27.650967,98.880434,233.948192
27.668731,98.876812,233.949386
27.871056,99.265152,233.812265
28.200799,99.702311,233.967317
28.370206,100.231894,234.056365
28.427084,100.256322,234.101926
28.709258,99.988044,234.224840
28.971018,100.495087,234.186944
29.463227,101.292876,233.900149
29.624323,101.621444,233.792180
29.521548,102.149157,233.748506
29.521597,102.150427,233.748192
29.527318,102.150434,233.746011
29.623184,102.652055,233.843666
29.601975,102.846291,233.928202
29.777748,103.365980,233.806757
29.755547,103.753478,233.771397
30.542663,104.125465,233.747494
30.652750,104.777364,233.796331
30.908012,105.218396,233.911755
31.035531,105.511680,233.992188
31.186847,105.826092,233.973562
31.143870,106.308717,233.993663
31.141350,106.626957,234.041010
31.689740,107.409630,234.165876
31.946854,107.790474,234.037447
31.895811,107.917773,234.003110
32.029842,108.066421,234.205440
32.356626,108.064615,234.166494
32.336179,108.117362,234.232304
32.175512,108.732959,234.180460
32.533329,109.378434,234.187709
33.302107,110.354550,234.217506
33.299112,110.359934,234.207762
33.312780,110.359603,234.195593
33.614601,111.021616,234.156665
34.476201,110.933762,234.241296
35.695018,111.298934,234.308857
35.937999,110.978861,234.415165
36.115006,111.283489,234.309359
36.067510,111.596271,234.215573
36.088858,111.587550,234.201532
36.473597,112.284574,234.171392
36.645468,112.599083,234.563994
37.253932,113.032263,234.399752
38.038005,113.367993,234.429438
38.803780,113.690798,234.446482
39.120895,113.968187,234.368231
39.211659,114.154352,234.454494
39.407408,114.444137,234.563708
39.590796,114.685792,234.657568
39.792074,114.988114,234.544986
40.075761,115.153875,234.579316
40.444661,116.080359,234.433248
40.602082,116.650658,234.510282
40.848795,116.658734,234.834545
41.254838,117.431308,234.981021
41.610949,118.548347,235.459447
42.285901,118.653090,235.592256
42.915965,118.771678,235.576763
43.218439,118.851165,235.745391
43.319103,119.326979,235.709202
43.866585,120.052768,235.930343
44.058063,120.265873,235.774082
44.068097,120.337693,235.771323
45.086983,120.494094,235.527142
45.148006,120.392333,235.507645
45.312543,120.742915,235.584089
45.226933,120.985176,235.610356
45.525679,121.322441,235.455472
45.585039,121.637327,235.469422
45.899256,121.701022,235.680079
45.993321,121.877046,235.736224
46.097522,121.798681,235.786818
46.260646,122.177315,235.942380
46.479921,122.763849,236.135187
46.767895,122.990871,236.070083
46.738849,123.258784,236.106880
46.817203,123.380990,236.056755
47.155274,123.672626,235.908627
47.625282,123.859501,235.997934
47.754969,123.989588,235.970493
48.020223,124.505966,236.259158
47.973299,124.673230,236.262224
48.260460,125.157420,236.388047
48.234899,125.557064,236.416412
48.918551,125.466986,236.305470
49.451314,125.500721,236.288358
50.460511,125.551910,236.302624
51.274299,125.294687,235.933170
51.570005,125.456564,236.106284
51.654832,125.349955,236.036534
52.545101,126.019733,236.077008
52.799691,125.851825,236.155124
52.887674,125.686454,236.146542
53.189432,125.107337,236.114183
54.272307,124.562239,235.912621
55.266322,123.989687,235.804085
55.615507,123.800538,236.086709
56.312068,123.500889,235.792002
56.557567,123.290547,235.771694
57.501812,123.381891,235.702414
57.925726,123.407941,235.835533
58.822778,122.611552,235.951172
59.065063,122.669752,235.907352
59.909223,122.987067,235.975776
60.034410,122.834973,235.924074
60.195339,122.564303,235.950390
60.388813,122.338979,235.916702
60.827377,122.446424,235.813054
61.380345,122.108367,235.909985
61.784427,121.287744,235.805596
62.036365,120.855622,235.754840
62.550953,120.125146,235.582750
63.135325,119.308625,235.485921
63.592627,118.623009,235.519917
64.073436,118.304616,235.561042
64.431116,117.786961,235.471813
64.857623,117.484726,235.598834
65.147103,116.693142,235.496890
65.344215,116.787866,235.498118
65.554526,116.947143,235.400735
65.923313,116.772899,235.283470
66.975553,116.620601,235.730417
67.386428,116.104165,235.658295
67.351259,116.040772,235.650690
67.501660,115.781565,235.859004
67.425273,115.604791,235.849521
67.479360,115.631428,235.865343
67.665429,115.078217,236.168929
68.298505,114.260330,236.137728
68.438299,113.947352,236.158137
68.625039,114.154636,236.055019
68.666560,113.671130,236.064969
68.887129,113.077917,235.964796
68.895475,113.048180,235.971704
69.342396,111.758676,236.021182
69.904128,111.482872,235.970892
70.332846,110.842383,235.770170
71.214753,108.989126,235.397537
73.536319,107.421654,235.398815
73.864270,107.041654,235.262626
73.866962,106.789972,235.157056
74.018189,106.761458,235.045208
74.670902,106.148649,234.840071
74.842061,105.984817,234.663178
74.935122,105.325075,234.565755
75.213824,104.822267,234.209701
77.548122,104.790500,233.769519
77.786548,104.253348,233.650927
78.227338,103.264083,233.159346
78.731969,103.259046,233.132413
78.737951,103.096011,233.141777
79.862418,101.554389,233.055663
79.863900,101.553782,233.055564
80.101101,100.884828,232.949145
81.265009,100.595617,233.100961
81.587103,100.156776,232.952181
81.990435,99.061035,232.754083
82.099567,98.825775,232.655958
82.417221,98.161476,232.501114
82.416707,98.160054,232.497756
82.900106,98.258544,232.184938
83.325569,97.035507,231.987696
83.193120,96.758871,231.947899
83.778839,96.187158,232.179200
84.391218,95.331227,231.973057
85.378427,94.607204,232.140179
85.378622,94.605736,232.140243
85.396096,94.581966,232.084494
85.452901,94.360756,232.029695
85.713313,93.874157,231.885166
86.450060,93.212697,231.957195
86.830455,92.699765,232.139240
87.204518,92.698696,231.906311
88.095714,91.850314,231.970162
88.397887,91.094837,231.948446
88.876164,90.050260,232.223307
89.689676,89.428939,232.140076
89.921109,88.889563,232.273209
89.899387,88.843700,232.247890
90.139259,88.575571,232.105138
90.866804,87.670614,231.822634
90.866417,87.668448,231.821161
90.805877,87.234911,231.758221
91.272335,86.771122,231.495076
91.267029,86.766558,231.492867
91.743653,85.728320,231.291650
92.253454,84.075878,231.159658
92.249813,84.026063,231.127718
92.757090,83.900283,231.249983
93.010975,83.618392,231.112168
93.243634,83.512146,230.970674
93.331837,83.106776,230.805997
93.305069,82.909561,230.767691
93.655000,81.143927,230.651695
93.899609,80.382471,230.742971
93.670315,79.818414,230.642772
93.518561,79.660155,230.653995
94.619272,78.807830,230.928641
94.909078,77.773437,230.512397
94.951944,77.067479,230.480068
94.826174,76.182088,230.553250
94.832644,76.115993,230.549178
95.269505,75.745092,230.634247
95.563233,75.271433,230.811095
95.861549,74.455810,230.647229
96.101716,74.104079,230.744705
96.461952,73.555867,230.248718
96.679450,73.546405,230.114271
96.946848,73.093939,230.070494
96.947190,73.092974,230.070468
98.111879,71.875999,229.585353
98.526846,71.472585,229.617801
98.692763,70.944403,229.777911
99.636222,69.670643,229.727945
100.176069,68.935598,229.250144
100.157775,68.867469,229.275315
100.157128,68.863028,229.280549
100.150103,68.853468,229.279454
100.363110,68.980515,229.143874
100.762138,68.229504,229.035145
100.761036,68.197698,229.034227
101.589336,67.147913,229.000589
102.222397,66.327357,228.748972
102.481018,64.822555,227.988327
102.777986,64.600272,227.688359
102.889761,64.381677,227.782573
103.151357,64.274396,227.884723
104.915123,63.406371,227.987057
105.704389,63.548275,227.887624
106.290927,62.734107,227.775300
106.518201,62.846617,227.632201
107.091781,62.711526,227.462350
107.081107,62.684176,227.474046
107.070731,62.144559,227.412616
107.527784,61.655986,227.538777
108.624224,61.595381,227.791939
108.841613,61.373446,227.641809
108.790598,60.513291,227.410654
108.755530,60.026235,227.297843
109.061893,59.862710,227.040188
109.429482,59.126026,226.961661
109.424114,59.112568,226.965973
109.484063,59.075408,227.030163
109.353209,57.432100,226.930009
109.825664,56.637358,226.788093
110.231105,56.860292,227.061832
110.231362,56.779913,227.111887
110.435868,56.888391,226.958032
110.442202,56.899882,226.954274
110.476453,56.813111,226.992631
111.230914,56.401348,227.267238
111.801651,56.097616,226.882038
113.044502,55.967721,226.829144
113.421256,56.147660,226.958445
113.434753,56.168337,226.945760
113.453031,56.186419,226.933063
114.357911,56.018505,226.826937
114.257810,55.504277,226.794152
115.743564,54.530543,226.692394
116.200000,54.373964,226.791952
116.546424,54.501833,226.787223
116.565838,54.503356,226.797943
116.632442,54.587467,226.802171
117.541057,54.584785,226.496049
118.275730,53.475722,226.199277
118.887342,53.207046,226.352404
119.452237,52.672362,226.251704
119.452449,52.667351,226.257051
120.480174,52.292486,226.006316
120.692543,52.169673,225.934565
121.051202,52.301743,226.125452
121.268038,52.342548,226.004135
121.470899,51.252629,225.935004
121.475372,51.259975,225.931960
121.869414,51.173060,225.606184
122.199599,51.150865,225.702274
122.207200,51.165963,225.691573
122.212676,51.177082,225.676187
122.358113,51.017036,225.713586
122.755209,51.049315,225.810467
122.774710,50.974410,225.795716
123.161211,51.168247,225.551056
123.345762,50.919704,225.417105
123.943208,50.985760,225.291614
123.985104,51.031533,225.277150
124.201064,51.159820,225.066092
124.514894,50.113788,224.659855
126.180119,50.098497,224.707023
126.747193,49.660163,224.411205
127.647328,49.723288,224.605824
128.000007,49.476550,224.341262
129.119276,49.199240,224.413872
129.300113,48.845154,224.341269
129.781935,46.981822,223.980987
130.088854,46.773285,224.124891
130.405281,46.172540,223.991598
131.650517,45.677084,224.199042
132.465934,45.685256,224.061214
132.798262,45.561124,224.139403
133.335178,45.720498,223.820624
133.333754,45.728301,223.810126
133.349825,45.750764,223.789035
133.531723,45.589258,223.899566
133.906406,45.808544,223.854591
134.282094,45.826295,223.790214
134.451188,45.721951,223.861400
134.824877,45.829499,223.652026
135.925305,45.836410,223.709568
136.363684,45.647443,223.802520
136.500960,45.680014,223.614339
136.849711,45.799096,223.558986
136.630374,45.642000,223.176494
136.797368,45.766167,223.165059
137.100807,45.817959,222.942835
137.116120,45.781593,222.968437
137.516115,45.620166,223.086038
137.703276,45.479507,222.886001
137.878752,45.544529,222.782883
138.839988,45.752895,222.905787
139.727145,45.724187,222.886059
139.841419,45.690763,222.790683
140.005893,45.507578,222.707507
140.320952,45.392796,222.703896
140.493020,45.363654,222.675197
141.157823,45.249158,222.551600
141.161139,45.235809,222.556114
142.662702,45.248516,222.361984
142.544829,45.174891,222.088860
143.036755,45.075325,221.983262
143.183568,44.513994,222.099309
143.709685,43.871709,221.844430
144.258978,42.391753,221.752580
145.615574,42.769794,221.472426
145.617511,42.774172,221.468857
145.621876,42.767532,221.441357
146.647607,42.438413,221.201087
147.831274,41.561792,220.643157
148.006257,41.403980,220.583028
148.726097,40.947027,220.525589
149.365355,41.285162,219.922903
149.291992,41.199629,219.700191
149.584088,40.797173,219.422215
150.272005,40.806169,219.538514
151.225249,41.073611,219.096886
151.500206,40.978390,219.196546
151.875043,41.230538,219.086881
151.536056,40.249419,218.438665
151.545926,40.222714,218.459119
152.237838,40.219089,217.921713
152.723826,39.552904,217.866943
152.603913,39.502178,217.544134
153.320900,39.260285,217.356499
154.063768,39.277091,217.347694
154.131049,39.370587,217.259131
154.575439,39.086948,216.654351
154.578084,39.129649,216.612204
154.975038,39.150056,216.430200
154.998977,39.170771,216.409700
155.029224,39.119951,216.459738
155.274703,38.766682,216.128706
155.278705,38.757990,216.137364
155.676762,38.645569,216.059438
156.378748,38.967606,215.901710
156.384397,38.994259,215.879407
156.703486,38.989059,216.005583
156.820760,39.037562,215.916639
157.052419,38.819113,216.170441
157.036169,38.779671,215.835842
157.207368,38.751179,215.918379
157.190171,38.732279,215.879496
157.955690,38.669080,215.323020
158.562771,38.518202,215.104889
159.243675,38.541314,214.932289
159.908610,38.305536,214.440275
159.928953,38.336985,214.446195
159.977319,38.367423,214.293733
160.484552,38.284929,214.041883
160.853977,38.460014,213.826599
160.972401,38.545602,213.159969
161.022629,38.545854,213.165395
161.802069,38.457601,213.068575
161.932276,38.497020,213.023549
162.120689,38.457358,213.090775
161.920612,38.470388,212.619089
161.965548,38.491652,212.639109
162.242434,38.591940,212.645331
162.484538,38.595826,212.628424
162.666859,38.610348,212.694309
162.904392,38.723027,212.394169
162.973840,38.765547,212.341444
163.025368,38.404217,212.185185
163.213238,38.432047,212.196859
163.640769,38.637777,212.165926
164.195351,38.856453,212.012672
164.860598,39.159071,211.812211
165.100484,39.172658,211.873223
165.050358,39.313820,211.196622
165.558926,38.726743,210.997271
165.546607,38.713022,210.986954
165.644793,38.795164,210.804001
165.691494,38.710706,210.549103
166.107379,38.464880,210.549849
166.079747,38.450281,210.145319
166.230244,38.431013,209.899466
166.223757,38.328884,209.739373
166.540867,37.938475,209.496093
166.546882,37.886045,209.504117
166.579981,37.853394,209.501862
166.694572,37.770227,209.520089
166.731617,37.770142,209.495981
166.902880,37.068837,209.057229
167.350102,36.974309,208.828548
167.869004,36.111527,208.414141
168.152558,35.952143,208.122477
168.659909,35.817361,207.658690
168.692419,35.779336,207.595108
169.075967,35.892795,207.526711
169.186755,35.819863,207.519429
169.699700,35.037591,206.960620
170.213467,35.110799,206.967752
170.421851,34.249844,206.639896
170.846292,34.159419,206.487858
171.126771,33.736300,205.515365
171.237075,33.754960,205.445499
171.458753,33.695133,205.242148
171.697191,33.512271,205.335598
172.132720,33.295885,205.075928
172.793270,33.540142,204.773596
173.215841,33.552577,204.507613
173.404538,33.286136,204.254585
172.977066,33.310688,203.599391
173.008254,33.059194,202.552195
173.055325,32.999416,201.676787
173.009189,32.960792,201.499554
172.913063,32.913298,201.394195
172.869698,32.807102,200.798411
172.905813,32.351624,200.484797
172.849656,32.429264,200.337163
173.004514,32.588178,200.086249
173.093910,32.622939,200.021731
173.089439,32.536218,199.637409
173.255338,32.670119,199.338490
173.173038,32.720676,199.207624
173.489356,32.727839,198.722465
173.777591,32.725411,198.146069
173.735555,32.619539,197.851465
173.625687,32.417612,197.651547
173.727394,32.439677,197.353328
173.665874,32.302171,197.066991
173.214594,32.257419,196.312589
173.084150,32.256446,196.151148
173.170071,32.265827,195.966297
172.863255,31.860349,195.749481
172.886054,31.862529,195.688347
172.979011,31.957065,195.538894
173.201627,31.157378,194.789196
173.153043,31.181439,194.733875
173.135944,31.361060,194.367439
173.022497,31.450530,194.192558
172.987558,31.408113,193.900159
172.988059,31.540571,193.355088
173.156729,31.334592,192.100631
173.194448,31.347933,191.809168
173.052701,31.380972,191.554579
173.287644,31.259683,191.343094
173.167021,31.212267,191.138061
172.910519,31.243284,190.982217
172.671753,31.124302,190.524766
172.533728,31.157749,190.136887
172.438839,31.164786,190.043769
172.479652,31.076032,189.984847
172.562035,30.949210,189.834886
172.332803,30.860754,188.990450
171.923350,30.896733,188.058388
172.114752,31.067332,187.475801
171.846948,31.110850,186.359091
171.846314,31.103864,186.350458
171.762558,31.128139,186.052212
171.533002,30.387387,184.937895
171.475595,30.442323,184.912279
171.255636,30.285984,184.641816
171.406640,30.336982,184.541052
171.811566,30.320238,183.407252
171.783563,30.220881,183.364948
171.798410,30.214187,183.361733
171.842485,30.199593,183.295056
171.433122,30.001226,183.052705
170.620611,29.882811,182.675926
170.494667,29.897516,182.523566
170.469732,29.898341,182.522922
169.990957,29.729611,181.822837
169.989240,29.729373,181.822355
169.873922,29.516092,181.314494
169.931124,29.524494,181.274638
169.311778,29.379427,180.981187
169.351273,29.429599,180.672644
169.321383,29.440525,180.673287
169.592212,29.559208,180.576905
169.794453,29.541997,180.511500
169.208439,29.009473,179.389600
169.214644,29.010404,179.366285
169.520397,28.465438,178.845636
169.535773,28.460089,178.838565
169.633468,28.423533,178.707803
169.733868,28.323777,178.545848
169.223674,28.126598,177.580130
169.453959,28.174300,176.927806
169.524510,28.106370,176.863288
168.560008,27.990941,175.711055
168.777251,28.221141,175.506395
168.330002,28.056300,175.129259
167.779936,27.644299,174.807957
167.858782,27.368425,173.280638
167.402987,27.371273,172.280493
167.437806,27.230273,171.390951
166.130588,26.728572,170.224034
166.302224,26.736264,170.148373
165.395788,26.759282,169.029639
165.343213,26.783779,168.798397
165.369543,26.810970,168.764283
165.367452,26.811786,168.763945
165.371797,26.647466,168.566194
165.156717,26.421458,168.095907
164.937758,26.327016,167.539923
164.449971,26.121278,167.152620
164.352137,25.611005,166.612808
164.392747,25.610878,166.574892
164.507680,25.677823,166.209958
164.375062,25.710994,166.204455
163.731815,25.609688,165.556757
163.581465,25.806396,164.963563
162.751819,25.719146,164.219348
162.750278,25.719183,164.219111
162.177948,25.383412,163.740067
162.196426,25.504115,163.235967
161.940887,25.488097,162.497750
161.622506,25.549978,162.171995
161.234989,25.504320,161.298311
160.224965,25.124168,160.070783
159.601457,25.031496,159.452476
159.001348,25.280820,158.658130
158.959497,25.291463,158.672758
159.292546,25.230376,158.526656
159.362616,25.201115,158.423913
159.289739,25.129046,158.412565
158.791042,24.741739,157.895606
158.840873,24.742759,157.891762
158.587582,24.965514,156.855032
158.577398,24.921753,156.838180
157.890699,24.792694,156.489826
157.136256,24.009497,155.582126
156.864571,24.006224,155.468642
156.863877,24.005927,155.468118
156.864083,24.004573,155.467102
156.500310,23.316844,154.804733
156.499159,23.317010,154.804403
155.661539,23.327573,153.616859
154.890981,23.070592,153.068478
154.906211,23.019406,152.922358
153.728791,23.293864,151.892547
153.548847,23.397058,151.646295
152.927008,23.360298,151.093374
152.622580,23.111807,150.987229
152.455257,22.990813,150.754258
152.965694,23.103841,150.706931
153.225917,23.153941,150.252675
152.797343,23.111718,149.830449
152.799950,23.113329,149.826832
151.745365,23.004027,148.121928
152.027604,22.928380,147.964613
151.120395,22.692953,147.278614
150.384004,22.824538,146.529328
149.978915,22.697140,146.229741
149.563326,22.577884,145.096372
148.877439,22.590887,144.328234
148.229872,22.045533,142.958132
148.199221,22.019569,142.925140
148.113470,22.036840,142.497778
148.274136,21.979579,142.293396
147.325730,21.991993,141.484529
146.587585,21.769358,140.693842
146.601153,21.782024,140.655530
146.600389,21.781965,140.655171
146.329600,21.902570,140.048757
145.036880,21.603779,138.838153
145.332814,21.673935,138.358636
145.061085,21.735555,138.298212
145.060444,21.735585,138.297734
144.113224,21.534895,137.627179
144.138474,21.512925,137.590071
143.694200,21.605136,136.912998
143.088748,21.518127,136.526099
143.324052,21.625661,136.261069
142.947810,21.734349,135.457285
142.011774,21.659081,134.752079
142.172191,21.608372,134.549204
142.171592,21.608822,134.548600
141.718631,21.538041,133.823239
141.689510,21.506277,133.815132
140.584676,20.448359,132.010341
140.685685,20.302154,131.787902
140.861090,20.142064,131.338366
140.253324,20.042822,131.203357
140.337003,20.030798,131.001329
140.161799,20.130735,130.220969
139.136982,19.487308,128.864540
139.414633,19.561047,128.329045
138.800476,19.469352,128.228208
138.459955,19.515284,128.138590
138.395123,19.342884,127.394966
137.991765,19.458626,126.771897
137.654510,19.322614,126.335530
137.434537,18.829707,126.079898
137.449654,18.848363,126.052542
137.438345,18.852740,126.056415
137.365229,18.895657,126.006817
137.364617,18.895477,126.006423
137.482987,18.928823,125.813348
137.170069,18.625930,125.195317
136.630490,18.056045,124.571742
136.287668,17.911855,124.365805
136.296984,17.917562,124.351822
135.867716,17.922423,124.185039
135.548424,17.075542,123.417316
135.547737,17.074234,123.417422
135.557254,17.077060,123.406287
135.557027,17.077505,123.405395
135.479373,16.969617,123.007206
134.511527,16.864637,121.892352
134.978976,16.762067,121.192484
134.604561,16.438029,120.960775
134.476638,16.479165,120.893854
134.476115,16.479187,120.893333
134.477188,16.476746,120.890681
133.869755,15.974007,119.605693
133.859849,15.957218,119.568785
133.325800,16.033633,119.251738
133.163385,15.320060,118.996997
132.521705,15.148615,118.124518
132.089891,14.734301,117.888143
131.499989,14.762340,117.423419
129.570061,14.802213,116.690313
128.692284,14.932112,115.947691
128.024513,14.743391,114.704846
128.029109,14.736471,114.695618
128.028424,14.736516,114.695125
127.461039,14.702863,114.490433
127.463843,14.740566,114.192016
127.463135,14.740683,114.191631
126.155512,15.019041,112.788823
126.311665,15.089149,112.465553
126.292253,15.099603,112.461880
126.301862,15.085867,112.450093
125.330755,15.380404,111.093213
124.728690,15.285369,110.514117
124.618454,15.254420,110.420833
124.454928,15.127752,109.940592
123.896364,15.155495,109.447649
123.566862,14.794986,108.678728
123.532420,14.808959,108.673997
122.437501,14.659095,107.736871
121.587438,14.606730,107.886038
121.010458,14.445394,106.534708
120.986239,14.525469,106.491389
120.261784,14.587846,105.960460
119.691950,14.707975,105.228974
119.691294,14.707979,105.228457
120.114612,14.584002,105.083790
119.474557,14.480914,105.056766
118.969035,14.417412,104.629638
118.968843,14.415684,104.628631
118.561554,14.155351,102.796265
118.043692,13.814315,102.461976
117.614480,13.581486,101.610452
117.791488,13.539341,101.400046
117.647247,13.569751,101.383406
117.138630,13.711073,101.139772
117.181428,13.738621,101.029600
116.156996,13.748177,100.492378
115.990079,13.582526,99.706542
115.989136,13.582465,99.706233
115.987398,13.580406,99.705841
114.860949,13.425413,98.803998
114.027849,13.671793,97.902205
113.423788,13.597928,97.378069
113.464677,13.806709,97.126473
113.467631,13.808156,97.123239
113.485423,13.839812,97.093204
113.039650,14.009543,96.699720
112.943688,13.996066,96.752289
112.459062,13.987982,95.810938
112.920143,13.860632,95.182043
111.978078,13.989670,93.823494
111.280984,14.057904,93.265992
110.916257,14.005403,93.139851
110.948487,14.026327,93.089622
110.944129,14.023444,93.092037
110.798869,13.989634,92.983898
110.407469,14.045801,92.122074
110.406766,14.045721,92.121608
109.613404,14.089389,91.924936
108.977287,13.943364,91.336659
108.646456,14.098320,91.285491
108.265703,14.021323,90.832323
107.690773,14.102808,90.057528
107.410136,14.172115,89.834346
107.409362,14.172132,89.833845
107.370440,14.124448,89.825887
107.315924,14.182014,89.856394
107.318058,14.184945,89.852391
106.914850,14.044649,89.215344
105.850839,14.501639,87.787641
105.574349,14.485527,87.567268
105.573017,14.484120,87.567059
105.472752,14.554146,87.544398
105.349506,14.318438,87.206238
105.172545,14.246592,86.826034
103.769290,14.225703,85.272678
103.763694,14.164494,85.248920
102.736134,13.963359,84.457818
102.271151,13.953488,83.812735
101.701405,13.537911,83.157404
101.274284,13.517912,82.949670
100.652920,13.567877,82.776103
100.655500,13.556615,82.769145
100.554135,13.629368,82.730949
100.119743,13.653277,82.760277
100.026199,13.659906,82.767970
99.406006,13.662568,82.541160
99.644589,13.766100,82.024934
99.246156,13.830299,81.616280
98.626613,13.651809,80.764855
97.642602,13.883638,79.550557
97.185704,14.088028,79.171933
96.645910,14.003218,79.191985
96.633668,14.034844,79.106535
96.514010,14.184434,79.022318
95.153747,14.205048,77.506827
94.425760,14.120685,77.033348
94.217918,14.091371,76.867703
93.807565,14.208112,76.546741
93.806275,14.206120,76.545079
93.082136,14.332833,75.752760
92.893524,14.244389,75.413872
92.894390,14.243197,75.410663
92.895829,14.245670,75.406075
92.344815,14.238458,74.975317
91.763903,14.494709,74.177367
91.541548,14.883544,73.693436
91.074976,14.866126,73.167469
90.886004,14.835971,73.198727
90.429173,14.772225,73.121345
90.242872,14.887888,73.138784
89.977154,14.771707,72.692116
89.822064,14.782904,72.571781
89.054329,14.614728,71.915843
89.051780,14.614642,71.915239
88.725486,14.705251,71.488312
88.427090,14.930218,71.196025
88.261399,15.045262,71.111182
87.411416,14.758332,70.136509
87.047717,14.727333,69.710783
86.574521,14.688498,69.478259
85.668625,14.825240,69.152756
85.185351,14.770747,68.741911
84.523569,14.431425,67.593542
84.313519,14.334209,67.321029
84.092172,14.304435,67.177552
83.866673,14.353278,66.942746
83.517180,14.351626,66.835745
83.371884,14.414078,66.750738
83.099088,14.466834,66.673603
82.789443,14.334471,66.080593
82.640938,14.204513,65.557636
82.461465,14.224604,65.392193
82.237182,14.167177,65.140731
81.622481,13.886629,64.438755
81.069827,14.072093,63.779486
80.899087,14.033708,63.736045
80.912407,14.034177,63.695190
80.611477,13.989434,63.429191
80.685001,14.013394,63.235158
80.486181,13.968378,63.026572
80.311496,13.856540,62.649301
79.980311,14.001347,62.238535
79.623398,13.902475,61.750613
79.391109,13.857215,61.413894
79.252157,13.875663,61.371583
79.007950,14.073105,61.063018
78.785970,14.067791,60.881101
78.700617,14.100144,60.768245
78.459885,14.126393,60.517758
78.541901,14.043634,59.797071
78.469075,14.107830,59.669263
78.300985,14.390924,59.242840
78.176137,14.368471,58.704419
78.064229,14.373369,58.528587
78.131048,14.423448,57.871273
78.055919,14.390164,57.731714
77.950050,14.405660,57.537417
77.642958,14.351443,57.169216
77.698111,14.338546,56.072132
78.089664,14.484346,55.431826
78.115943,14.453184,54.607586
78.738813,14.791665,53.672467
78.772138,14.797071,53.320978
78.525876,14.996417,52.226891
79.475392,15.145979,51.579267
80.491358,15.037310,51.316860
81.020060,15.034768,50.962469
81.531091,15.048919,50.513590
81.616316,15.122744,50.165768
82.123766,15.343511,48.957474
82.765339,15.429202,48.941414
83.237737,15.471885,48.579222
83.451404,15.437106,48.627506
83.678903,15.429135,48.675550
83.824834,15.410837,48.573270
83.974671,15.374323,48.668254
84.128153,15.413883,48.637984
84.345629,15.377544,48.696031
84.451677,15.268944,48.635607
84.706694,15.296300,48.716046
85.287073,15.386205,48.527385
85.553851,15.267238,48.526243
85.721304,15.252122,48.584151
85.861448,15.203264,48.547453
85.975598,15.449427,48.438192
86.206314,15.498024,48.511114
86.348506,15.510295,48.616908
86.598514,15.376708,48.652585
86.601518,15.376509,48.653553
86.858041,15.397577,48.568708
87.496810,15.437045,48.587823
87.795549,15.374237,48.559323
87.879674,15.388261,48.605433
88.259529,15.307190,48.330753
88.285616,15.240679,48.290951
88.595446,15.252872,48.481607
88.691590,15.268775,48.533755
89.170988,15.013501,48.399574
89.937064,14.884546,47.869389
90.535314,14.889501,47.942954
90.608151,14.837189,47.982123
90.919341,14.824563,48.045486
91.294765,14.856565,48.105065
91.632925,14.817606,47.997358
91.647590,14.818412,48.028000
91.907932,14.868867,47.900998
92.054083,14.825479,47.962435
92.385127,14.845988,47.698965
92.747031,14.884564,47.409105
93.086794,14.832285,47.485743
93.434243,14.736198,47.533084
93.785669,14.641380,47.317268
93.787322,14.641296,47.317568
94.586072,14.483670,47.236695
94.587629,14.483619,47.236948
94.746829,14.507320,47.270665
95.063008,14.515790,47.318965
95.229960,14.582516,47.337824
95.387997,14.482168,47.275367
96.013562,14.501287,47.248853
96.253398,14.423408,46.795596
96.436543,14.329693,46.885345
96.915553,14.388170,46.597187
97.790423,14.238870,46.321884
98.424032,14.481755,46.444890
98.524632,14.675038,46.247140
98.973607,14.584578,46.151512
99.146151,14.681129,45.718461
99.550668,14.570129,45.806687
100.418227,14.609468,45.105725
100.893285,14.501462,45.360930
101.371866,14.566138,45.446500
102.575623,14.581871,45.639239
103.045365,14.641586,45.854773
103.200087,14.575729,45.854467
103.219648,14.706247,45.529427
103.620165,14.593324,45.186387
103.621411,14.727136,45.111829
104.123148,14.501349,45.215852
104.889794,14.604005,45.510821
105.746235,14.640760,45.949213
105.847074,14.563674,46.019815
106.014067,14.524674,45.978492
106.023383,14.530656,45.999312
106.748110,14.335073,45.686349
106.887675,14.410621,45.573632
106.827202,14.516936,45.195505
107.277490,14.526651,45.000743
108.211476,14.742020,44.628228
108.212189,14.742105,44.628252
108.263331,14.765102,44.627980
108.657733,14.627950,44.050553
109.065837,14.265216,43.834428
110.138583,14.087696,43.606258
110.449797,14.142683,43.646151
110.686289,14.148575,43.306003
111.100582,14.146352,43.110339
111.509600,14.255841,42.777933
111.533983,14.269182,42.817781
111.835418,14.283362,42.898288
112.342104,14.276276,42.839213
112.762551,14.377292,42.535016
112.763425,14.377392,42.534612
112.763991,14.377499,42.534477
112.756784,14.446992,42.499598
112.760906,14.412059,42.471347
113.147744,14.444310,42.234875
113.246997,14.531584,41.801402
113.952114,14.533318,41.415686
114.612968,14.513253,41.218905
114.613840,14.513416,41.218524
114.614723,14.513582,41.218133
114.615311,14.513661,41.218012
114.615675,14.513858,41.217538
115.361887,14.494811,40.889233
115.580802,14.438026,40.732774
115.582951,14.445071,40.727285
116.153254,14.534590,40.683383
116.596329,14.662757,40.788471
116.582620,14.642316,40.730974
116.544260,14.674150,40.467022
117.280974,14.762398,40.089956
117.883448,14.577828,40.036767
117.741668,14.632842,39.810290
117.820190,14.554944,39.884194
117.980295,14.693951,39.682461
119.015631,14.708044,39.158234
119.018676,14.745895,39.121404
119.126950,14.820038,38.567180
119.255272,14.996357,38.263590
119.458660,14.710804,37.007894
119.465376,14.722135,36.986076
120.172841,14.792254,36.902267
120.174037,14.791681,36.902608
121.278888,14.741737,36.186031
121.311298,14.719014,36.218662
121.984857,14.590514,35.701273
121.991860,14.577591,35.709428
122.072651,14.435080,35.781499
122.397354,14.370387,35.501018
122.712727,14.323413,35.190016
123.231254,14.388568,35.347160
123.240320,14.393426,35.349976
123.349770,14.412963,35.141869
123.351398,14.430273,35.136689
123.862052,14.451648,35.082966
124.394247,14.507503,35.250885
124.407833,14.458992,35.123560
124.800743,14.566393,34.611655
124.810732,14.571704,34.629430
126.229763,14.642290,34.679817
126.359226,14.532443,34.790433
127.481432,14.657994,33.868233
128.055055,14.603919,34.007556
128.216995,14.249062,33.612679
128.360813,14.353140,33.414414
129.697875,14.336901,33.422836
130.311965,14.109535,33.618390
130.310720,14.110659,33.622710
130.300523,14.017177,33.190091
130.534159,13.964409,32.938621
131.025213,13.829710,33.141690
131.251605,13.947319,33.119187
131.369140,13.986558,33.089628
131.706646,13.930048,32.983074
131.837279,13.942360,32.612488
132.129165,14.134623,32.451152
132.811633,14.116810,32.839087
133.278524,14.240011,32.756113
134.232586,14.118743,32.592617
134.376471,14.057361,32.549741
134.656881,14.103914,32.667280
135.396829,14.208759,32.760427
135.670510,14.158852,32.684401
135.674720,14.145162,32.672530
136.344605,14.137516,32.273052
136.607463,14.153898,32.364049
136.623665,14.136105,32.323170
136.679487,14.079349,32.282531
136.693829,14.062432,32.254478
137.145006,13.526856,31.744371
136.956216,13.575252,31.156560
136.970035,13.560191,31.122169
136.970584,13.560011,31.121933
136.904276,13.336396,30.538501
136.930607,13.154686,30.206787
137.202492,12.968695,30.269815
137.834048,13.263833,30.129762
137.834674,13.263804,30.129682
138.354916,13.247117,30.191454
139.212949,13.350906,30.118712
139.565587,13.310416,29.939749
139.898819,13.351579,30.051723
140.121914,13.378139,29.919906
140.266968,13.400783,29.893926
140.403619,13.298621,29.587525
140.421020,13.291192,29.570941
140.497596,13.315698,29.413280
141.076380,13.279180,29.592322
141.743930,13.259816,29.347087
141.751503,13.243974,29.310725
141.763757,13.244296,29.311370
142.267090,13.195377,29.024231
142.438412,12.994507,28.614876
142.919114,12.911829,27.878281
143.647533,12.961376,28.032768
144.023372,12.902403,27.831587
144.060044,12.930741,27.629721
144.076414,12.990359,27.587851
144.231170,12.989912,26.839869
144.653632,12.881637,26.698909
144.938341,12.811940,26.375350
144.937016,12.809681,26.369567
146.824896,12.827546,25.687004
146.829443,12.834927,25.628066
146.851477,12.744771,25.644463
149.685642,12.842815,26.179871
150.018865,12.714827,26.325532
150.915987,12.777849,26.058213
150.918282,12.769254,26.065341
150.924341,12.769318,26.086167
150.931843,12.801754,26.080909
151.232721,12.753694,25.892959
151.884072,12.743237,26.460253
153.019164,12.693656,26.738658
154.634891,12.807832,26.746597
154.729665,12.946499,26.730071
154.789981,12.868678,26.798441
155.098370,12.823393,26.622731
155.105956,12.834655,26.642416
155.990426,12.747076,26.833523
156.809697,12.756603,26.539758
156.826186,12.770695,26.563609
158.025473,12.667769,26.463508
158.026245,12.671545,26.461879
158.026722,12.672619,26.461322
158.270732,12.810215,26.287509
158.292523,12.467168,25.978422
158.309974,12.460112,25.934925
158.338428,12.472467,25.961383
158.327587,12.470306,25.957103
159.354879,12.280131,25.694530
159.516395,12.306494,25.709399
159.516351,12.303836,25.706839
159.709562,12.260994,25.742116
159.716211,12.271041,25.763674
160.353760,12.504476,25.723036
161.164142,12.170275,25.686018
162.309165,12.269152,25.804436
162.779462,12.236092,25.703208
162.780502,12.252398,25.691704
162.872682,12.294347,25.782823
163.387349,12.194199,25.584572
163.928736,12.206712,25.704565
164.402966,12.167869,25.709555
164.493550,12.225208,25.656792
165.226701,12.304105,25.425204
165.382490,12.180681,25.511368
165.884951,12.010982,25.410779
167.113233,12.093488,25.242131
167.834876,11.807016,24.629868
167.835342,11.807015,24.629782
168.266718,11.762318,24.452779
168.734844,11.711713,24.279247
169.290424,11.879282,24.010167
170.238484,11.834486,24.111848
171.222176,11.911070,24.314666
171.572789,11.952168,24.300363
171.655893,11.973618,24.345282
172.132825,11.881714,24.149607
172.199990,11.856465,24.144791
172.490388,12.040075,24.055025
173.010690,11.955047,23.909956
173.027544,11.955266,23.901043
173.028024,11.955230,23.901175
174.623843,12.031693,24.228855
174.715552,12.057400,24.280078
174.679048,12.198744,24.179125
174.938591,12.290192,23.774256
174.944026,12.272469,23.784918
175.396206,12.068047,23.897112
175.396708,12.067916,23.897121
176.637560,12.083269,24.123633
176.752939,12.050847,24.018152
176.753403,12.050662,24.018224
177.122601,12.136595,23.898135
177.150026,12.033440,23.937511
177.876847,12.098733,24.104277
177.833511,12.090614,24.091700
178.357521,12.158600,23.979406
178.355695,12.151764,23.954054
178.465236,12.141919,23.880276
178.707882,12.134243,23.435487
178.691469,12.169282,23.244842
179.498985,12.184251,23.179603
179.695657,12.213303,23.187981
180.038358,12.190092,23.269057
180.004171,12.370996,23.136146
181.015083,12.430124,23.264702
181.496072,12.526351,22.986258
181.856989,12.472185,22.835558
181.857899,12.490845,22.573066
183.085699,12.557511,22.371577
183.116441,12.510248,22.381707
183.116888,12.516446,22.368031
183.196921,12.520080,22.394703
183.854753,12.230961,22.515930
185.018378,12.482206,22.373110
185.187472,12.449003,22.584864
185.288719,12.512530,22.158570
185.289168,12.512360,22.158576
185.289596,12.511743,22.158285
185.781176,12.207718,22.258311
186.823200,12.184492,22.215662
188.492099,12.250592,22.025925
188.559690,12.264134,22.017853
188.560099,12.264022,22.017774
188.898179,12.196970,21.911380
188.901046,12.186508,21.893201
189.911628,11.988407,21.826678
190.200851,12.125714,21.380885
190.915280,12.271191,21.164568
190.890256,12.115838,20.957210
190.890533,12.114748,20.955420
190.890189,12.116445,20.948546
190.895230,12.108197,20.932112
191.186879,12.291601,20.816580
192.251794,12.388150,20.994752
192.539140,12.588893,20.872436
193.192921,12.436628,20.984616
194.118620,12.537931,21.103189
194.392641,12.477500,21.441126
195.187643,12.572587,21.548893
195.188151,12.572581,21.549160
195.395067,12.441283,21.627608
195.402575,12.460162,21.648721
195.466090,12.427515,21.591370
196.586677,12.459927,22.061889
197.133087,12.372048,22.036380
197.086306,12.407729,21.991192
197.755208,12.477532,22.022942
198.049628,12.401486,21.919042
198.357517,12.357328,21.839545
198.923458,12.235729,21.613973
199.682329,12.303022,21.734866
200.555598,12.438665,21.551637
200.556057,12.438766,21.551805
201.537763,12.470377,21.638695
201.849950,12.391083,21.581026
201.850338,12.388028,21.576117
202.109057,12.326622,21.469359
203.207258,12.287986,21.376766
203.481585,12.354715,21.254138
203.686718,12.222611,21.333765
203.921948,12.166095,21.466862
203.978937,12.061502,21.436190
204.220620,12.008242,21.351711
204.497018,11.864877,21.697008
204.631156,11.916902,21.586613
204.778697,11.867326,21.825357
205.260383,11.469741,21.920871
205.818911,11.545286,22.022423
206.057574,11.527597,22.024842
206.611954,11.481392,22.013303
206.884584,11.532476,22.120088
206.995049,11.505574,22.314656
207.749542,11.110625,22.428043
207.971784,11.058145,22.336143
208.075283,11.030927,22.526193
208.237464,11.036227,22.392975
208.451922,10.985346,22.294233
208.865489,10.989260,22.285589
209.159446,11.023673,22.345858
209.899475,11.099160,22.448783
210.165382,11.326241,22.338129
210.165782,11.326767,22.337950
210.101109,11.339614,22.200302
210.346094,11.254672,22.058775
210.660837,11.187582,22.187217
210.852340,11.140590,22.092288
210.932696,11.120226,22.259090
210.916654,11.150075,22.247193
211.197315,11.096098,22.299834
211.198142,11.099445,22.295955
211.646267,11.108985,22.229433
211.891168,11.209554,22.120335
211.962136,11.191006,22.272903
212.313060,11.268116,22.262993
212.359691,11.233909,22.137775
212.672290,11.065770,22.129678
213.514113,11.248985,22.211942
214.861572,11.214912,22.330705
215.756904,11.209932,22.401537
215.973505,11.190051,22.366590
216.324920,11.107507,22.216510
216.555620,10.932657,22.457442
216.556077,10.932602,22.457673
217.045870,10.555780,22.540423
217.342873,10.616870,22.638368
217.535172,10.560605,22.667967
218.289405,10.592649,22.862200
218.429168,10.550342,22.782967
218.703978,10.467930,22.627474
218.706233,10.470033,22.622181
219.278486,10.343648,22.542844
219.553689,10.344059,22.431077
219.626584,10.304637,22.539208
220.005767,10.214316,22.486061
220.244790,10.138179,22.340685
220.634363,10.171563,22.358141
220.721746,10.111204,22.220318
220.850562,10.091009,22.078836
221.628810,9.946977,22.159910
221.965249,9.843940,22.109641
221.968600,9.868651,22.109324
222.014479,9.834281,22.029974
222.178739,9.880117,21.966088
222.289544,9.844696,21.898685
223.232260,9.744303,22.126255
223.122225,9.732009,22.095532
223.320479,9.785173,21.981829
224.038025,9.881582,22.085077
224.129519,9.851831,22.171403
224.589752,9.903871,22.258588
224.915863,9.951955,22.832875
224.927261,9.958092,22.868260
225.369101,9.935305,22.820391
225.685634,9.859224,22.874181
225.740229,9.862051,22.727115
225.881712,9.813609,22.754563
225.947929,9.803931,22.850799
226.702227,10.099885,22.860935
226.762066,10.108496,22.918560
226.776090,10.102060,22.960279
226.923751,10.062349,23.026109
227.060823,10.020409,23.245216
227.089248,9.974479,23.273955
227.243450,9.918591,23.163549
227.485834,10.202859,23.196649
227.583624,10.191978,23.172827
227.582490,10.194151,23.158230
227.603415,10.241118,23.147932
227.788524,10.218790,23.100078
227.871106,10.189533,23.080002
228.460654,10.485928,22.963928
228.752168,10.491194,22.940306
228.742755,10.501328,22.914726
229.238945,10.824291,22.624853
229.217999,10.831479,22.558439
229.355711,10.773007,22.482535
229.204876,10.888298,22.078006
229.262514,10.859785,22.041073
229.641829,10.768432,22.060900
229.636215,10.811748,21.942442
229.636436,10.811720,21.941478
229.635625,10.801946,21.914805
229.729383,10.761711,21.850117
229.724052,10.767449,21.823567
229.800953,10.734569,21.795473
229.846797,10.862676,21.721646
230.342584,10.914661,21.698474
230.348850,10.915162,21.648051
230.367577,10.906936,21.660779
230.568716,11.009466,21.540179
230.661711,10.996506,21.609558
230.662279,10.996323,21.609289
230.710039,10.981705,21.578621
230.778927,10.962099,21.364685
230.879668,11.074059,21.288256
231.121503,11.118963,21.290265
231.122743,11.120584,21.291205
231.555524,11.184434,21.350227
231.562280,11.098344,21.232184
231.558005,11.100163,21.187049
231.600844,11.136712,21.025028
231.708297,11.086063,20.933221
231.764276,11.274905,20.727350
231.887378,11.283800,20.584412
231.930685,11.262676,20.565023
231.971303,11.242836,20.419343
232.100289,11.274894,20.370887
232.379093,11.431124,20.457890
232.569448,11.591169,20.557443
232.571445,11.590236,20.558472
232.929340,11.705091,20.518491
232.792440,12.028607,20.023326
232.819557,12.109725,19.990708
232.842633,12.097226,19.964119
232.915860,12.057472,19.894283
233.047941,12.242509,19.489845
233.504977,12.567946,19.133088
233.480954,12.592282,18.945473
234.486641,12.891784,18.914657
234.526991,12.873794,18.628762
234.569701,12.847067,18.544179
234.720507,13.137446,18.371637
234.869499,13.110048,18.329883
234.937621,13.066513,18.268142
235.018884,13.095048,18.270130
235.152044,13.155891,18.269588
235.176149,13.140013,18.205250
235.166180,13.147387,18.187827
235.193445,13.131150,18.162715
235.246611,13.235055,17.899785
235.270686,13.224080,17.875172
235.404910,13.292280,17.924732
235.370978,13.315608,17.731930
235.774365,13.398426,17.765528
235.978022,13.432190,17.743668
235.968488,13.394636,17.594222
236.063268,13.453657,17.525926
236.090792,13.442170,17.460672
236.330705,13.551396,17.260548
236.376603,13.517959,17.229155
236.269279,13.578578,16.915339
236.303226,13.549989,16.882731
236.355245,13.525400,16.840419
236.481085,13.566424,16.785243
236.514038,13.548027,16.760048
236.875637,13.619498,16.792574
237.036154,13.777707,16.733858
237.222433,13.814049,16.829143
237.273455,13.890830,16.613048
237.229198,13.935971,16.662529
237.149298,13.990146,16.686518
237.089643,14.036764,16.648095
237.048846,14.067117,16.681199
237.014059,14.097910,16.712705
237.098169,14.443657,16.712866
237.051899,14.480959,16.740941
237.010954,14.513774,16.768919
236.980755,14.603536,16.813218
237.054702,14.801892,17.009948
236.762322,15.089037,16.869408
236.538396,15.260137,16.535308
236.213339,15.573755,16.521928
236.155627,16.031331,16.510526
236.083344,16.217313,16.506614
236.063871,16.234083,16.523287
236.052773,16.243676,16.532653
236.179726,16.387923,16.523522
236.200517,16.549818,16.266145
236.278853,17.003956,16.216883
236.255256,17.074889,16.283555
236.569171,17.162060,16.317187
236.549170,17.519551,16.335380
236.519975,17.547384,16.360982
236.488962,17.576941,16.369433
236.426028,17.636110,16.424856
236.391745,17.742091,16.454733
236.378346,17.905566,16.506009
236.367222,18.092750,16.534271
236.276110,18.178975,16.614889
236.219274,18.234271,16.665072
236.570860,18.328067,16.691651
236.484008,18.702831,16.442094
236.483553,18.703422,16.442261
236.435248,18.771979,16.522993
236.234502,19.188404,16.397119
236.178503,19.503404,16.221665
236.245866,19.878077,16.220871
236.281875,20.039725,16.187784
236.248780,20.111979,16.216624
236.198148,20.166418,16.239996
236.423534,20.412788,16.219044
236.398750,20.654809,16.252906
236.345699,20.714762,16.289451
236.613267,20.933712,16.031111
236.532658,21.014845,16.101060
236.514552,21.130116,16.079577
236.425754,21.229555,16.149751
236.398082,21.521715,16.269787
236.397717,21.522191,16.269941
236.382066,21.711400,16.253913
236.240621,22.082917,15.934457
236.308281,22.421645,15.975046
236.288064,22.464364,15.992171
236.174197,22.557450,16.039537
236.105387,22.639584,16.097970
236.072056,22.682124,16.131433
236.059727,22.674714,16.102385
236.196581,23.014569,16.549041
236.021029,23.307404,16.822879
235.763353,23.604533,16.754284
235.650078,23.735751,16.582816
235.623657,23.784909,16.616987
235.572888,23.980622,16.619872
235.495264,24.084930,16.628673
235.494127,24.086241,16.629081
235.450700,24.139478,16.665953
235.348435,24.209538,16.539532
235.348689,24.209914,16.538960
235.351518,24.210562,16.536376
235.575303,24.659919,16.378850
235.965944,24.695772,16.274474
236.059556,25.234199,16.111298
235.981388,25.356634,16.200720
236.257891,26.136290,16.195267
236.162771,26.265071,16.274061
236.147303,26.407467,16.295450
236.098901,26.474165,16.336743
236.000975,26.602556,16.420517
235.968629,26.707787,16.408192
235.517363,27.115277,16.282660
235.458563,27.194935,16.217235
235.475304,27.204819,16.221828
235.579382,27.625719,16.301969
235.579222,27.626149,16.302168
235.767996,28.913615,16.195558
235.737907,29.355897,16.256435
235.750236,29.357724,16.251381
235.935831,29.949609,16.526497
235.956940,30.189020,16.762232
235.964541,30.190247,16.755624
235.980704,30.528936,16.777599
236.258217,30.795206,16.936983
236.081971,31.086422,16.878240
236.010017,31.555667,16.898189
236.057439,31.818112,16.896415
236.116436,32.076883,16.880617
236.054887,32.179234,16.934596
236.203037,32.528775,16.931967
236.205148,32.529149,16.930173
236.205206,32.529566,16.930229
236.205267,32.529982,16.930283
236.354083,33.079827,16.949202
236.313238,33.210270,16.983479
236.445053,33.585556,17.380597
236.617795,34.416695,17.293387
236.688639,34.523964,17.230893
236.684929,35.215840,17.284943
236.639728,36.004020,17.737983
236.582487,36.498929,17.428144
236.473467,37.037725,17.043989
236.487093,37.043671,17.028765
236.343502,37.321701,17.145015
236.450776,37.980461,17.280133
236.453091,38.039454,17.238108
236.310920,38.895985,16.790593
236.292087,39.346968,16.691549
236.291948,39.347440,16.691414
236.067585,39.690157,16.820928
236.091950,40.082106,17.094093
236.210525,40.446871,17.026974
236.133194,40.611932,17.092325
236.133042,40.612398,17.092107
236.165931,40.650766,17.062371
236.190681,40.663897,17.040288
236.061914,40.893624,16.475287
235.900270,41.693517,15.950386
235.926977,42.174330,15.964825
235.850994,42.356641,15.957599
235.769014,42.528269,16.024158
235.725312,42.597229,15.956256
235.536080,43.250917,15.787733
235.577174,43.827272,15.776350
235.604037,43.868819,15.744116
235.665347,44.131995,15.557189
235.741137,44.386013,15.480765
235.564328,44.773917,15.430134
235.469355,44.977955,15.110424
235.281861,45.501521,15.189187
234.888150,45.818878,15.111037
234.788342,46.026759,15.008138
235.397767,46.695441,15.748772
235.101451,47.257646,15.741162
235.000394,47.469042,15.817415
234.956180,48.044142,15.643741
234.898012,48.286366,15.672906
234.780936,48.295466,15.673382
234.780756,48.295881,15.673461
234.695704,48.540624,15.498897
234.587481,48.775322,15.243881
234.615164,49.493052,15.240316
234.769712,50.051661,15.177512
234.803951,50.074703,15.221374
234.766055,51.289062,14.939810
234.665143,51.529645,14.931907
234.536640,51.809340,14.641294
234.573017,51.999772,14.797101
234.637542,52.132429,14.751714
234.637540,52.132878,14.751739
234.629607,52.138131,14.761988
234.614050,52.145653,14.774113
234.671824,52.229120,14.733489
234.193860,52.604155,14.656734
234.192197,52.604342,14.657879
234.099200,52.862404,14.728210
233.991875,52.926595,14.745939
233.902099,52.927845,14.736017
233.930327,52.959437,14.734201
233.879147,53.865447,14.722060
233.559113,54.614102,14.676585
233.438778,54.888839,14.749081
233.432256,54.888642,14.753521
233.170427,55.329149,14.826589
233.209996,56.248675,14.448556
233.210231,56.249148,14.448393
233.187834,57.171142,14.027781
233.150820,57.195489,14.050120
232.708692,58.092814,14.469620
232.630172,58.440199,14.521678
232.445338,58.806854,14.632157
232.550840,59.271525,14.564950
232.496189,59.656240,14.568269
232.367485,59.914124,14.642635
232.240188,60.228868,14.400428
232.436136,61.017856,14.415126
232.436190,61.018279,14.415265
232.437659,61.019131,14.416604
232.437624,61.019525,14.416662
232.562027,61.456284,14.350496
232.603568,62.477899,14.796566
232.658064,62.615091,14.730938
232.533965,62.934780,14.822907
232.583495,62.948483,15.039160
232.668608,63.499052,14.969399
232.900359,63.604198,14.989710
232.503424,64.016760,14.904943
232.498823,64.017483,14.908708
232.119149,64.725064,15.161029
232.118940,64.725462,15.161352
231.960770,65.085105,15.242088
231.963260,65.087385,15.242158
231.707990,65.528672,15.351638
231.771214,66.549210,15.322592
231.829607,66.655086,15.390882
231.329561,67.392818,15.045367
231.276780,67.438215,15.077447
231.094185,68.131260,14.852655
231.656818,68.341471,14.992277
231.584938,68.817842,15.036805
231.835770,69.735070,14.922957
231.823554,69.727119,14.903441
231.823699,69.727546,14.903824
232.105649,70.664042,15.434075
231.991912,70.944166,15.375917
231.254500,72.710140,15.632783
231.254247,72.710562,15.633010
231.273119,73.471644,16.124166
231.269460,73.472045,16.125494
231.324140,73.532850,16.109559
231.317139,73.533789,16.114884
231.152758,73.832569,16.277392
231.121104,74.171449,16.411474
231.144920,75.334799,16.558797
231.145266,75.335083,16.560938
231.007224,75.730684,16.647836
230.796094,76.102399,16.574729
230.844459,76.494909,16.487633
230.820846,76.946943,16.481692
230.761333,77.982503,16.724997
230.760372,77.982852,16.722095
230.566393,78.425410,16.679105
230.576591,78.434606,16.651446
230.464250,78.721141,16.561724
230.495743,78.772943,16.591169
230.587749,80.371417,16.332263
230.491031,80.556994,16.224121
230.447629,80.935060,16.411346
230.413704,80.957962,16.363741
230.429801,81.238550,16.445986
230.485690,81.310131,16.408926
230.579528,82.265889,16.184941
230.568211,82.363868,16.216286
230.367326,82.458379,16.224628
230.289298,82.826626,16.275835
230.296591,82.828743,16.271254
230.665160,84.235024,16.166798
230.669896,84.235737,16.166549
230.450628,84.896343,16.215417
230.217561,85.844696,16.139952
230.211337,87.003865,16.139538
230.213963,87.004728,16.139447
230.191455,87.242274,16.330981
229.802402,88.791985,16.530615
229.671037,90.504764,16.640505
229.606671,91.152615,16.841366
229.468590,91.425171,16.734381
229.330693,91.926811,16.805928
229.132795,92.466921,16.729645
228.934825,92.986348,16.832881
228.934447,92.986776,16.832906
228.405344,94.309425,17.275409
228.398871,94.310595,17.269359
228.210053,94.817463,17.375280
228.869904,95.356720,17.381102
228.700634,95.875800,17.490512
228.674478,95.889470,17.512361
228.509487,96.418870,17.622759
228.302007,97.535414,17.962990
228.314346,98.018756,18.490949
228.134426,98.557062,18.601466
228.178134,98.594935,18.618747
228.038821,99.136850,18.731950
228.092038,99.151625,18.699430
228.727666,99.520100,18.745165
228.624195,99.567715,18.766490
229.232327,100.681337,18.751979
228.924027,101.164678,18.613003
228.934413,101.165339,18.605142
229.135983,101.858466,18.710206
229.148911,101.863391,18.696068
229.286895,102.265336,18.607562
229.306882,102.270567,18.593204
229.177035,102.302939,18.549107
228.667428,103.095277,18.877835
228.661761,103.095758,18.881437
228.660836,103.101575,18.866847
228.605173,103.867996,18.786517
228.664121,103.988557,18.743790
228.661199,103.989450,18.745492
228.499544,105.019653,18.540200
228.334587,105.586171,18.236877
228.441280,107.374424,18.337140
228.439584,107.374674,18.338060
228.159105,108.513830,18.542102
228.142829,108.517402,18.504417
228.027736,108.672065,18.428479
228.027281,108.672467,18.428631
228.026700,108.672956,18.428814
227.808739,109.368084,18.303805
227.497253,109.387293,18.267629
227.542504,109.726215,18.562417
228.008710,111.070129,18.629413
228.230629,112.201561,19.128401
228.073650,112.276309,19.129198
228.076685,112.278187,19.126968
228.062344,112.287679,19.135330
228.170982,112.556527,19.028479
228.146346,112.589726,18.922529
227.976253,113.144728,18.233412
227.855881,113.199650,18.203091
227.900711,113.643685,19.058628
227.862286,113.647959,19.087203
227.677825,114.207116,19.190078
227.560711,114.432025,19.273972
227.039257,114.832594,19.609991
227.038819,114.832923,19.610317
227.038286,114.833218,19.610814
227.007788,114.856232,19.574824
227.192500,115.309360,19.637284
227.087344,115.499043,19.715728
226.947476,116.153537,19.494225
226.948806,116.154855,19.490618
226.693853,116.831411,19.624873
226.521984,117.460508,19.712136
226.275383,117.770453,19.615955
226.327993,117.785651,19.628949
225.542676,120.699887,20.132236
225.532167,120.699939,20.131166
225.506380,122.174304,20.047314
225.504090,123.244837,19.832303
225.674632,123.552698,19.863981
225.685054,123.553937,19.867802
225.687000,123.555224,19.869351
225.881016,123.807239,20.246907
226.012155,124.126379,20.423075
225.988431,124.130801,20.439673
226.035118,125.520260,20.732011
225.971343,125.665550,20.674489
225.879590,125.984968,20.759264
226.268210,126.470180,20.851125
225.962174,126.562153,20.859667
225.962296,126.578944,20.882437
226.068098,126.700732,20.833070
225.738086,127.716645,21.057689
225.696220,128.436809,20.947688
225.732437,128.449628,20.957131
225.631806,128.672492,20.879063
225.578034,128.731324,20.913190
225.823771,130.495360,20.988675
225.899015,130.572920,20.934115
225.797475,130.679021,21.008228
225.758583,130.692531,21.004285
225.827573,130.764270,20.970973
225.642044,132.098273,21.197269
225.641177,132.098608,21.197348
225.364291,132.437907,21.096857
225.228885,132.655192,21.046022
224.951058,133.318290,20.805191
224.757426,133.559245,20.779635
224.576927,133.882134,21.015469
224.780980,134.559886,20.769308
224.747130,135.223875,21.562196
224.845042,135.968680,21.383093
224.622416,136.522265,21.549445
224.674737,137.729546,22.598624
224.653125,138.932581,22.584698
224.862284,139.264909,22.413379
224.865197,139.266292,22.411839
224.774726,140.050220,23.240364
224.750509,141.061350,23.966609
224.907678,141.294526,24.374453
224.681956,141.868525,24.496749
224.548519,142.459921,24.541375
224.856129,142.857218,25.516525
224.794166,142.919557,25.473387
224.705783,143.037930,25.549897
224.805744,143.178886,25.769699
224.767937,143.223097,25.776570
224.555255,143.652771,25.858160
224.553034,143.652096,25.861022
224.536259,143.648922,25.873057
224.574287,144.551742,25.787066
224.543248,144.564559,25.812752
224.570544,144.603818,25.790805
225.140436,145.002221,25.905505
225.132742,145.023910,25.869129
224.998593,145.218338,25.898327
224.979515,145.218481,25.915186
225.102118,145.452292,25.818517
225.080913,145.448020,25.837352
224.983679,145.485901,25.782783
225.008827,146.200303,26.186968
225.009088,146.200641,26.187389
225.003563,147.323068,27.367198
225.028358,147.352487,27.337732
225.027575,147.353683,27.337350
225.079648,147.921531,27.259700
225.079546,147.922022,27.259488
225.214211,148.213315,27.150615
225.257128,148.192307,27.322042
225.410119,148.671753,27.186753
225.433648,148.691507,27.168380
225.426460,148.760442,27.273044
225.520707,148.841328,27.185378
225.296310,149.139279,27.134964
225.254392,149.145530,27.171368
225.395394,149.364401,27.300727
225.419381,149.381712,27.290035
225.431599,149.390457,27.276677
225.060925,150.576540,27.356781
225.099466,151.293175,27.678794
225.269289,152.099642,28.019989
225.565447,152.693825,28.459133
225.697715,153.216296,28.503498
225.454730,153.726308,28.694018
225.172477,154.329453,28.814712
224.968961,155.107613,28.803227
224.927295,155.421939,28.662122
225.090960,155.727744,28.750489
224.889524,156.273828,28.856372
225.141897,156.930849,28.718620
225.146371,156.932592,28.714057
225.152748,156.937535,28.707664
225.012200,157.108064,28.689189
225.020729,157.112967,28.680998
225.294965,157.693529,28.630763
225.212140,157.736984,28.710325
225.095639,158.243639,29.595438
224.762946,158.931877,29.715113
224.496754,159.149047,29.867240
224.333392,160.256668,30.227986
224.019713,160.986018,30.298346
224.019380,160.986251,30.299006
223.710954,161.234893,30.134528
223.687809,161.651619,30.804357
223.489853,161.909995,30.873925
223.489549,161.910275,30.874620
223.648782,162.339912,30.972361
223.521352,162.481445,30.934703
223.339319,162.846924,30.550932
223.357824,163.332841,31.433873
223.400721,163.342440,31.539368
223.402095,164.147671,31.763706
223.385097,164.147279,31.784633
223.364715,164.143741,31.817845
223.173939,164.655665,31.977785
223.248837,164.743115,31.909505
223.248963,164.743627,31.909330
223.302144,165.251055,31.863439
223.347705,165.926840,32.009837
223.048341,166.371275,32.186474
222.983356,167.021609,32.213494
222.757661,167.623571,32.328473
222.679170,167.672210,32.189623
222.975008,168.375443,32.316608
222.969515,168.377087,32.308205
222.754472,168.898786,32.396075
222.721157,168.895078,32.429428
222.706688,168.912209,32.376126
222.706755,168.912652,32.376185
222.681158,169.597382,32.265953
222.680675,169.598518,32.267134
222.678529,169.599284,32.268643
222.839492,170.112350,32.501203
222.873097,170.158705,32.531714
222.873168,170.159149,32.531794
222.403131,170.808579,32.615355
222.519139,170.968245,32.760208
222.473770,170.965965,32.805663
222.469450,170.969461,32.804870
222.102226,172.073182,33.052354
222.102352,172.073631,33.052388
222.102478,172.074080,33.052422
222.200005,172.178033,33.229053
222.200137,172.178486,33.229098
222.228066,172.180713,33.267231
222.306788,172.551385,33.023233
222.273767,172.660571,32.923311
221.831461,173.635988,33.194472
222.118351,173.798992,33.321984
222.132011,173.850108,33.334400
222.330947,174.266180,33.576504
222.186952,174.325514,33.537967
222.160031,174.336788,33.542198
222.217260,174.835749,33.211377
222.386434,175.886820,33.249693
222.380796,175.893683,33.239686
222.407417,176.607459,32.953280
222.050536,177.546134,32.950358
221.685000,178.138160,32.852100
221.443137,178.840200,32.964955
221.443051,178.840676,32.964932
221.188826,179.717550,32.944660
221.140354,179.870833,32.807546
221.314598,180.162679,32.686157
221.300213,180.870669,32.942940
221.300242,180.871211,32.942684
221.324166,180.880974,32.924439
221.448586,181.043848,32.910798
221.331531,181.231266,32.830291
221.348321,181.776975,32.486632
221.118345,182.263673,32.664195
220.731154,183.179462,33.136096
220.729303,183.179871,33.137225
220.489568,183.752099,33.291503
220.947031,184.348042,33.404597
221.024444,184.811366,33.458515
221.145491,185.058705,33.486006
221.147212,185.058648,33.496443
221.170740,185.338458,33.404511
221.124023,185.439443,33.387470
220.951958,186.548076,33.448441
220.957182,186.551179,33.443914
221.274139,186.971962,33.612983
221.866352,187.605759,33.917241
222.016033,188.861049,34.389875
222.039299,188.864320,34.398486
221.936802,189.040019,34.448033
221.687309,189.115055,34.927216
221.782111,189.305099,34.828084
221.215773,190.110028,34.980433
221.211025,190.108297,34.985589
221.225887,190.181079,34.992841
221.061312,190.950419,35.173897
221.061367,190.950759,35.174294
221.021452,191.335838,36.312388
221.021506,191.336180,36.312793
221.087574,191.343896,36.367056
221.088280,191.344072,36.367919
220.349535,192.020534,35.975106
220.348269,192.021198,35.974464
220.316311,192.270732,35.871628
220.472314,192.581276,36.891856
220.418819,192.761925,36.747853
220.472450,192.842948,36.720769
220.546027,193.020622,36.780257
220.491945,193.494370,36.482190
220.568635,194.201110,37.561615
220.311289,194.736987,37.740509
220.286192,194.731796,37.767864
220.206198,194.783094,37.755327
219.896596,195.130993,37.587430
219.987358,195.213317,37.753697
219.725703,195.262339,38.205309
219.556933,195.363153,38.182933
219.559613,195.573817,38.048452
219.341937,195.991027,38.286316
218.863454,196.473106,38.615155
218.644424,197.368788,38.597804
218.650093,197.365896,38.615964
218.721313,197.478681,38.540672
218.577625,198.110867,38.512369
218.535549,198.100711,38.554734
218.701894,198.327544,38.379540
218.675529,198.348895,38.389564
218.730182,198.372962,38.452525
218.921200,198.671406,38.425231
219.279500,199.031920,38.657605
219.030036,199.544229,38.737254
218.789900,199.863285,38.909103
218.724700,199.934341,38.922469
218.509203,200.356832,38.921237
218.510054,200.356843,38.923197
218.398695,200.525614,39.021605
218.559110,200.753851,39.857616
218.471159,200.845244,39.877775
218.457306,200.941270,39.815264
218.338527,201.428597,39.713627
218.338632,201.429187,39.713295
218.387718,201.501184,39.660124
218.387838,201.501795,39.659776
218.188994,201.749388,39.376928
218.220624,201.782944,39.410179
218.230985,201.788468,39.400432
218.464267,202.327742,39.673928
218.305561,202.725349,39.183388
218.088788,202.941930,39.191305
218.089162,202.942726,39.190732
217.955123,203.350070,39.234992
218.014444,203.785592,38.971067
217.999659,203.808483,38.944939
217.986229,203.816481,38.909030
217.698507,204.335422,39.517006
217.625599,204.835520,39.385680
216.810595,205.974062,39.314572
216.602212,206.328433,39.372930
216.602268,206.329147,39.372809
216.515863,206.771795,39.822021
216.671598,207.204242,40.132813
216.610234,207.603376,40.310350
216.454923,207.801225,40.272802
216.442872,207.814596,40.290061
216.139683,208.172792,40.185534
216.140176,208.173714,40.185254
216.150706,208.404163,39.991351
215.622198,208.571230,39.878258
215.672645,208.633672,39.871965
215.645905,209.163228,39.839704
215.663286,209.185384,39.812730
215.679533,209.238302,39.773557
215.715116,209.278584,39.757817
215.777739,209.373415,39.730483
215.823733,209.433701,39.732655
215.861560,209.486863,39.734663
215.580690,209.870551,39.827817
215.297005,210.198054,40.009748
214.977396,210.627940,39.950831
215.024228,210.697297,39.939668
215.041012,210.726843,39.913951
215.119813,210.899699,40.045558
214.931769,211.008105,40.091626
214.657661,211.154790,40.290279
214.413203,211.267230,40.379733
214.281987,211.448348,40.955741
214.290625,211.662670,41.062443
214.274824,211.641504,41.093765
214.276064,211.637023,41.105344
214.031930,211.734326,41.298162
213.874752,211.800415,41.471088
213.837093,211.773030,41.489362
213.808308,211.734042,41.526640
213.786743,211.713021,41.539377
213.621660,211.731036,41.554888
213.272808,212.098493,41.712848
213.058007,212.137150,41.840717
212.930060,212.062276,41.929674
212.929341,212.061840,41.930366
212.576426,211.901490,41.717063
212.575685,211.901070,41.717709
212.571377,211.897026,41.732449
212.541821,211.867307,41.761601
212.183493,212.282070,42.009648
212.170440,212.258991,42.045470
212.169904,212.258827,42.046052
212.135151,212.224503,42.080220
211.877723,212.412114,41.995844
211.549020,212.796942,42.577367
211.093700,212.916121,42.837366
211.096936,212.919694,42.841249
210.526311,213.358148,42.762879
210.168110,213.801351,43.347692
210.075254,213.891388,43.264393
209.760713,213.707044,42.994050
209.719732,213.673697,43.039981
209.679201,213.643122,43.098975
208.979384,213.544813,43.347790
208.978964,213.544681,43.348289
208.986812,213.560155,43.353399
208.644282,213.880547,43.571598
208.084127,214.378286,43.656698
208.021423,214.321927,43.717493
207.793374,214.572326,44.507362
207.776202,214.554625,44.496967
207.692624,214.585352,44.762066
207.469004,214.718682,44.788108
207.235316,215.282857,45.021914
206.694499,215.781064,45.254281
205.766084,215.860028,45.463225
205.094037,215.386297,45.321390
204.856176,216.089081,45.990068
204.656003,216.189314,46.030798
204.611950,216.219449,46.010292
204.611487,216.219289,46.010789
204.238925,216.404598,45.781883
203.491018,216.876931,46.708802
203.084925,217.293666,46.524419
202.863863,217.139584,46.807878
202.414323,217.186340,46.960161
202.312812,217.113642,47.033175
202.195311,217.024555,47.113905
201.794152,217.309198,46.966360
201.630888,217.254868,47.038265
201.210149,217.534113,47.470227
200.956230,217.608384,47.399003
200.794099,217.767904,47.288906
200.509579,218.485814,47.551086
200.517067,218.508310,47.643672
200.182030,218.723013,48.179722
199.931589,218.869622,48.252232
199.832627,218.968125,48.310753
199.844651,218.958855,48.404198
199.793718,218.987602,48.319497
199.816998,219.029909,48.477123
198.715898,219.587257,48.945680
198.662020,219.662768,49.041661
198.733478,219.829295,49.283174
198.490988,219.917374,49.413693
198.515343,219.950561,49.509838
198.522837,219.951627,49.528713
197.943843,220.196533,49.302624
197.628038,220.199962,49.498883
197.031257,220.443941,49.760597
196.683037,220.683108,49.639079
196.625136,220.701089,49.482697
196.314766,220.889312,50.154624
196.029076,221.008209,49.566111
195.408162,220.641872,50.131753
195.011447,221.000366,50.202916
194.983441,221.083946,50.435993
194.645241,221.304375,50.316999
194.268343,221.511520,50.923997
194.277102,221.521735,50.961670
193.854207,221.127632,51.123309
193.245457,221.254034,50.854121
193.024024,221.246600,50.866216
192.744634,221.378932,50.502949
192.374171,221.615803,50.119333
192.328488,221.587580,49.996841
192.128005,221.465519,50.163133
191.633239,221.722924,50.025774
191.370729,221.624726,50.179347
191.316888,221.628093,50.044470
190.558186,221.889004,50.287204
190.523296,221.909030,50.415219
190.522637,221.908868,50.414550
189.897518,221.287121,50.691685
189.500954,221.275118,50.449468
189.438674,221.309940,50.493889
188.612156,221.575775,50.263326
188.619438,221.691141,50.552226
188.318151,221.902571,51.033512
188.036171,222.192382,50.748761
188.035501,222.192234,50.748015
186.841908,222.573767,50.397991
186.105571,222.595011,50.417797
185.768925,222.527772,50.492112
185.711636,222.568045,50.447083
185.392041,222.767431,50.598511
184.988465,222.776164,50.769636
184.583224,223.181679,50.241064
184.555533,223.161932,50.137796
184.350229,223.159069,50.091188
183.718112,223.087771,50.464811
183.415912,223.119557,50.074035
182.576873,223.319535,50.085752
182.576459,223.319750,50.086288
182.462701,223.364771,50.111615
182.459870,223.360863,50.118539
181.935734,223.389251,49.806247
181.128663,223.299860,51.553548
181.128383,223.293897,51.547782
180.515488,223.108161,51.229672
180.302990,223.110014,50.895095
180.290178,223.132232,50.852180
180.289664,223.131863,50.851663
180.288327,223.126054,50.849543
180.217564,223.177928,50.973690
179.756929,223.202513,50.300067
179.756413,223.202261,50.299516
178.912120,222.517184,50.664967
178.575286,222.329624,50.494099
178.246937,222.541563,50.359399
178.246454,222.541466,50.359245
178.185515,222.587518,50.310368
177.921994,222.530924,50.178604
177.732866,222.120836,49.952937
177.388305,221.992915,49.840853
176.851776,222.231673,50.229450
176.582007,222.351160,50.597520
176.577197,222.337869,50.618037
176.577207,222.336670,50.623160
176.340579,222.366748,50.807186
175.805851,222.349504,50.612405
175.723825,222.369524,50.601833
175.718577,222.381366,50.593135
175.717947,222.381786,50.592282
174.900680,222.558480,50.500208
174.746190,222.529490,50.261785
173.157284,222.508649,50.864550
172.636919,222.729246,50.888574
172.525630,222.760476,50.978035
171.326661,221.969625,51.045438
171.326227,221.969222,51.046041
170.881814,222.159346,51.291745
170.881812,222.151928,51.303307
170.877568,222.156457,51.304936
170.878451,222.147520,51.318873
170.816799,222.187167,51.341269
170.648658,222.045666,51.646057
170.272844,221.832374,51.608090
170.017599,221.759954,51.969416
169.896124,221.772210,51.706315
169.421843,221.660084,51.652834
169.418517,221.664383,51.654003
169.418070,221.664185,51.654121
169.356907,221.635866,51.708311
169.242393,221.738671,51.552664
169.241940,221.738479,51.552775
169.241487,221.738288,51.552886
169.241309,221.714729,51.589196
169.122061,221.807265,51.441139
168.541597,221.138259,51.174366
168.008571,220.858697,51.124377
167.951478,220.917079,51.081026
167.052504,220.347875,51.563826
166.718396,220.512556,51.395869
166.708494,220.487312,51.492836
166.513545,220.465323,51.615499
166.134269,220.363411,51.607916
166.133169,220.369141,51.606239
165.068856,220.453480,51.778094
164.853984,220.585895,51.594858
164.213305,220.681651,51.614234
164.125372,220.665244,51.677708
164.072822,220.694403,51.754378
162.406436,219.984024,52.018657
162.289908,220.078455,51.962097
161.306558,219.910769,51.908452
161.223393,219.841672,52.016018
161.097098,219.822323,51.962614
161.096065,219.824043,51.963051
160.832741,219.652315,52.171742
160.832857,219.650164,52.167774
160.823354,219.686841,52.165552
160.820194,219.689262,52.166340
160.205312,219.419146,51.628720
160.198677,219.449571,51.549133
159.587189,219.268491,51.612245
159.031885,219.590306,51.773259
158.970411,219.524120,51.811363
158.916561,219.570851,51.989205
158.593558,219.449066,52.344555
158.190816,219.232562,52.569728
158.127414,219.293446,52.582361
157.911999,219.748392,52.580906
157.717246,219.640804,52.190862
157.718164,219.663248,52.157093
157.378019,219.870624,52.490055
157.028142,219.950546,52.230601
156.382381,219.905424,52.322064
156.268870,219.856820,52.330448
156.267089,219.858902,52.334888
156.035794,220.022586,52.282409
155.599062,219.981161,51.973805
155.403778,220.027056,51.766972
155.393001,220.039450,51.720341
155.144852,219.998052,51.467416
155.146014,220.015591,51.438651
155.145515,220.016078,51.437854
154.589946,219.972216,50.530065
153.606791,219.993524,50.306493
153.260958,220.164611,50.298695
152.883532,220.347639,50.080697
152.754620,220.508499,49.949092
152.644928,220.594967,49.830056
152.363062,220.413351,49.623135
151.323800,219.689564,49.349607
150.412854,219.077600,49.006746
149.558718,218.223926,49.169120
149.558257,218.221038,49.177846
149.534208,218.250427,49.141558
149.334773,218.067405,49.357505
149.339270,218.188107,49.599551
148.871648,218.042058,49.839416
147.778067,217.992580,50.244463
147.212425,217.637476,50.064143
146.859743,217.734598,49.400964
145.413674,217.621445,49.741446
145.377818,217.640591,49.768771
145.101145,217.485172,49.107382
145.100473,217.485508,49.107349
145.089034,217.489181,49.092240
144.299516,217.841348,49.201094
143.512182,217.643698,49.652710
142.790920,217.166125,49.899679
142.775545,217.147898,49.942154
141.387886,216.802930,50.279641
141.383750,216.807483,50.290436
141.374951,216.819624,50.255714
139.479465,216.190394,49.491217
139.482491,216.184960,49.480265
138.336780,215.752489,48.769749
138.030877,215.636683,48.907752
137.888883,215.406111,48.895267
136.493994,214.352630,48.529683
134.582712,214.148716,47.569040
133.618280,213.519144,47.314915
133.459160,213.577947,47.234424
132.628056,213.129753,46.942815
132.144333,213.497394,46.659688
132.120393,213.492232,46.717692
132.117374,213.490473,46.731201
131.728151,213.534201,46.846937
130.629953,212.577512,46.878481
129.869035,212.300444,47.061275
129.874734,212.017592,46.711713
129.878135,212.004465,46.719639
129.635262,211.802592,46.918710
129.579407,211.693674,47.059918
129.579174,211.692817,47.059579
129.009402,211.263157,46.744999
127.276406,210.320612,47.015143
127.241578,210.207405,47.081204
127.100781,210.314821,47.049094
127.070580,210.243247,47.122957
127.076529,210.228889,47.119030
126.483219,210.115113,47.198817
126.283883,210.192614,47.083054
125.663009,209.991618,46.114876
125.288611,210.282819,45.909456
124.590894,209.537917,46.040191
124.601518,209.493651,46.036913
124.592961,209.466764,46.069772
123.876485,208.766140,45.909218
123.362774,208.320595,46.270876
123.362449,208.319976,46.270426
122.906662,208.070926,45.945196
122.275594,207.782937,45.741437
122.199762,207.801631,45.610235
121.191039,207.414364,45.351149
121.047585,207.283599,45.207112
120.065111,207.166198,45.069352
119.934581,207.276381,45.047370
118.732466,207.686873,44.358863
118.487068,207.559281,44.275549
117.933034,207.959227,44.336894
116.452127,207.527290,44.219627
116.453721,207.525339,44.211350
116.115037,207.602115,44.050604
114.869281,206.514118,43.609938
114.841950,206.503876,43.419905
114.842660,206.507848,43.403943
114.849813,206.415212,43.159759
114.373094,206.347534,43.138938
113.378200,206.287356,43.613052
113.251832,206.448150,43.413215
113.243279,206.471970,43.396456
113.241933,206.475690,43.393952
112.038517,206.064034,43.443344
111.058860,206.238929,42.723106
111.053809,206.230072,42.742317
111.051871,206.217836,42.754699
110.564162,205.853068,42.916959
110.456129,205.703783,42.692468
109.234832,205.131558,42.245421
108.323361,205.071264,41.844123
107.346611,203.837906,41.507894
107.087617,203.966165,41.285756
106.294144,203.566692,41.179666
105.166828,202.740984,40.791960
105.162278,202.736297,40.773436
104.868659,202.851149,40.693037
104.868059,202.775636,40.594018
103.860971,202.094499,40.183536
102.819815,201.944785,40.237319
102.461536,202.090289,40.155059
101.945509,201.654461,40.040486
101.497570,201.606406,39.825560
101.443539,201.616230,39.860890
101.438812,201.628217,39.853786
100.584701,201.265380,39.527839
99.634277,200.736873,39.487069
98.417555,200.096056,38.993029
98.226919,199.914987,39.047399
97.749830,199.567351,38.801401
97.083001,198.998303,38.568023
97.079873,199.006115,38.563571
96.570545,199.085185,38.495418
95.930469,199.120059,38.543710
95.633560,199.031861,38.217932
94.997115,199.044929,37.919603
94.371960,198.655821,37.685711
94.105290,198.319945,37.699435
93.739258,198.429129,37.516553
93.758378,198.377357,37.478339
92.957912,197.987943,37.117461
90.632881,196.607018,37.057836
90.634827,196.595997,37.063842
90.613357,196.662182,37.256946
89.929318,196.489763,37.479482
89.468178,196.568046,37.456809
87.757935,195.815671,36.907677
87.071958,195.549166,37.075335
86.713623,195.340826,37.296854
86.470412,195.428564,37.183340
86.286869,195.173204,37.370128
86.113492,194.836736,37.509235
85.092761,194.543659,36.954249
83.659525,193.952424,36.147707
82.822896,193.325736,35.969143
82.663329,193.035243,35.901798
82.199066,192.795415,35.679466
82.198701,192.794602,35.679198
82.200588,192.767566,35.697247
82.078340,192.564950,35.602409
81.353166,192.503748,35.827570
81.359184,192.485025,35.792392
80.493505,191.953111,35.513062
80.468562,192.010938,35.462677
80.410661,192.103864,35.488599
79.650426,191.697062,35.359499
79.040153,191.442361,35.154158
79.022460,191.307543,35.050727
78.407925,190.997568,35.513511
78.406406,190.999308,35.514338
78.063324,190.888039,35.327889
76.341803,190.673470,34.751428
76.339096,190.682486,34.722702
76.325171,190.609524,34.771784
76.324509,190.609326,34.771634
76.324468,190.605700,34.769482
76.185420,190.545066,34.705121
75.887399,190.123947,34.564042
74.687685,189.894552,34.350252
73.809509,189.974985,34.378590
73.456445,189.839957,34.193567
73.450147,189.737936,34.251196
73.275246,189.839726,34.156145
72.614346,189.671323,34.168809
71.652490,189.424010,33.382762
70.974173,189.518066,33.364778
70.590308,189.336189,33.152779
70.328319,188.997869,33.209970
70.332772,188.998051,33.194046
70.075056,188.732259,32.887588
69.627223,188.549364,32.814716
69.107715,188.722934,32.463872
68.522695,188.163127,31.610547
68.522601,188.162589,31.608562
68.425489,188.327972,31.508437
68.363573,188.183015,31.576155
67.934052,188.260822,31.268763
67.871092,188.347223,31.262718
67.006960,188.409869,31.528564
66.621545,188.410847,31.255682
65.821755,188.491396,31.048372
65.065292,188.377510,30.962250
64.019262,188.352436,30.943149
62.267289,188.262988,30.976786
61.942757,188.479678,30.799503
61.236991,188.384092,30.406105
60.918444,188.615729,30.213101
60.873438,188.468807,30.288114
60.680915,188.135003,30.186793
60.414985,188.112321,30.017334
60.295738,188.222071,30.130593
59.854958,187.866076,30.340250
59.074628,188.155919,29.899429
59.064661,188.181398,29.918189
58.837515,188.285454,30.354516
58.635058,188.439010,30.456025
58.598029,188.675239,30.331576
58.090454,188.627089,30.580926
57.775677,188.439662,29.968177
57.775079,188.439695,29.967901
57.575879,188.306531,29.840386
56.816496,188.537749,29.426988
56.815222,188.520886,29.425571
56.684981,188.578778,29.529657
56.465440,188.496728,29.636055
56.042953,188.260647,29.760299
55.843218,188.245287,29.810659
55.793281,188.343975,29.732669
55.366389,188.432940,30.059426
55.151212,188.503969,30.066404
55.148989,188.496357,30.075666
55.148442,188.495565,30.075586
55.148568,188.491404,30.071454
54.883155,187.947551,30.080216
54.663554,187.980728,29.959397
53.693503,187.229249,29.846388
53.404314,187.286067,29.671466
52.750486,187.401680,29.500980
52.749452,187.407037,29.502572
52.464937,187.627537,29.327320
52.464322,187.627869,29.327253
52.401173,187.630423,29.386264
52.028733,187.681791,29.174910
51.591519,187.634936,29.276607
51.587708,187.628280,29.286561
51.517725,187.689827,29.288724
50.772993,187.984965,28.966862
50.183015,187.942115,29.134965
49.020400,187.333427,28.676928
48.481248,187.827542,28.330642
47.806164,188.185555,27.806135
47.453194,188.241911,27.549044
47.356393,188.099566,27.640907
46.926939,187.744494,27.250343
46.827520,187.619077,27.194507
46.502991,187.781576,26.991354
45.896169,187.950635,26.565417
45.478282,188.067434,26.292557
45.301125,188.294146,26.032849
45.076466,188.408420,26.055638
44.887518,188.416892,26.080724
44.705370,188.467168,26.295625
44.584998,188.348528,26.240360
44.530050,188.325402,26.293903
44.267729,188.274936,26.388235
44.220302,188.412490,26.421780
43.932627,188.521453,26.222557
43.857976,188.476654,26.264959
43.490944,188.419265,26.234955
42.975509,188.452788,26.282631
42.614867,188.460238,26.278480
42.206517,188.199097,26.612924
41.980906,188.410022,26.440207
41.906605,188.201229,26.361885
41.736912,188.304298,26.384165
40.543935,188.575689,25.446802
40.167503,188.787811,25.238020
39.619248,188.850537,25.385648
39.555822,188.715403,25.321329
38.836914,189.142921,24.808726
38.600248,189.180351,24.906919
38.402337,189.191134,24.818902
38.242552,189.435704,24.530007
38.242182,189.487036,24.434683
38.202039,189.379949,24.446764
37.875975,189.408070,24.318675
37.875793,189.389584,24.309977
37.588406,189.479335,24.507932
37.515933,189.344263,24.477853
37.089700,189.183638,24.682619
36.282503,189.509425,24.038587
36.239851,189.474370,24.010276
35.503094,189.379226,24.284576
35.324964,189.345163,24.324716
35.251576,189.211625,24.305576
33.973208,188.888918,24.072383
33.555814,188.615715,23.749954
33.335987,188.623934,24.253781
33.176142,188.718737,24.331768
32.824175,188.812740,24.976347
32.822652,188.821722,24.981431
32.719204,188.976073,25.025543
32.710255,188.962281,25.040163
32.461641,188.540437,25.313108
31.294778,188.713017,24.443540
31.126121,188.604172,24.811853
31.058445,188.511636,24.809171
29.888418,188.720574,24.982026
29.644498,188.697429,24.948044
29.620700,188.664989,24.947647
29.337237,188.722476,25.109751
28.614094,188.340973,24.692158
28.597186,188.301988,24.687997
28.107603,188.685041,24.787620
27.690935,188.584546,24.622410
27.270052,188.898229,24.517153
26.965058,188.899066,24.402542
26.990518,189.000488,24.447838
26.930444,189.246478,24.562596
26.796847,189.520705,24.424773
26.792821,189.548271,24.465769
26.674060,189.755314,24.331510
26.532179,189.828298,24.383707
26.387031,190.262349,24.138874
26.275826,190.286672,24.196435
25.773371,190.734542,23.993726
25.552816,191.148415,23.739968
25.585476,191.228969,23.770742
25.591094,191.279095,23.761290
25.372056,191.598280,23.818072
25.062260,192.211392,23.490315
24.621724,192.659007,23.885038
24.608001,192.656843,23.875433
24.511782,192.880433,24.366647
24.180097,192.903518,24.406863
23.959245,193.185645,24.454524
23.919986,193.536083,24.549633
23.463803,194.483041,24.515897
22.763964,195.540156,24.258558
22.534183,195.796322,24.331542
22.516800,196.051005,24.286720
22.249588,196.557591,24.150445
22.229936,197.052224,23.823617
21.925706,197.923720,23.310329
21.690745,197.949911,23.265990
21.484106,198.260441,22.998538
21.304489,198.778562,22.678831
21.205603,199.063122,22.515960
20.557075,199.060132,22.407186
20.469479,199.217305,22.258135
20.411491,199.575199,22.254534
20.250024,199.883539,22.002740
19.491286,200.476462,22.042902
19.246730,200.886600,22.501977
18.854949,201.528058,22.316842
18.534134,201.785002,22.838103
18.457928,201.958170,22.743238
18.390546,202.011272,22.814240
18.246986,202.528602,22.561107
18.173737,202.752280,22.492955
18.028928,202.940517,22.441233
17.958476,203.108788,22.351566
17.985298,203.164075,22.385000
17.977465,203.177620,22.391471
17.977668,203.178614,22.391793
17.962227,203.483305,22.333361
17.824153,204.102958,22.384456
17.707394,204.082237,22.556909
17.652297,204.249574,22.520888
17.715105,204.603442,22.601100
17.781621,204.794299,22.504403
17.517776,204.697144,22.605615
17.516965,204.697848,22.604722
17.436712,205.182261,22.492476
17.435797,205.635642,22.486420
17.255045,205.711516,22.756356
17.257628,205.714177,22.754702
17.240852,206.150463,22.517801
16.982882,206.650002,22.862075
17.079837,206.825561,22.855517
16.961320,207.247278,23.269186
17.015074,207.446872,23.342816
16.484753,207.523579,23.723638
16.348469,207.807331,23.495400
16.303222,207.954793,23.426285
16.345330,208.026980,23.376300
16.229497,208.337601,23.176103
16.003065,208.526887,23.415148
15.848195,209.066754,24.126576
15.836070,209.077186,24.132832
15.787060,209.132800,24.179746
15.679352,209.440362,23.981858
15.507169,209.781625,23.973697
15.451614,210.016196,23.999306
15.363229,210.274756,23.886117
15.319846,210.401851,23.814747
15.212139,210.758314,24.325381
15.046175,211.002595,24.244949
15.008922,211.567898,24.093953
14.705427,211.747298,24.427739
14.692510,212.271965,24.973137
14.489193,212.780911,24.776391
14.412214,213.007164,24.638927
14.303222,213.260246,24.844638
14.303122,213.260969,24.844533
14.291696,213.495124,24.824345
14.291579,213.495843,24.824212
14.246265,213.662826,24.737604
14.197202,213.830083,24.630076
14.153580,214.018571,24.532751
14.089974,214.226689,24.432075
13.874658,214.515684,24.497847
13.712675,214.574341,24.584076
13.712577,214.575102,24.583857
13.698933,214.822810,24.634691
13.501338,215.348447,24.422140
13.570750,215.490482,24.740087
13.445980,216.138524,24.710035
13.431221,216.157489,24.683647
13.411014,216.241302,24.630138
13.387086,216.339666,24.581037
13.386991,216.340485,24.580728
13.342076,216.340835,24.595332
13.195281,216.706371,24.476915
13.169489,216.782947,24.427748
12.981963,217.227495,24.413234
12.583077,217.899191,24.164844
12.568660,217.924697,24.104309
12.412969,218.387181,24.704882
12.402036,218.402327,24.682932
12.466837,218.702387,24.757649
12.406965,219.180071,24.579867
12.267066,219.635853,24.672685
12.194427,219.648546,24.683484
12.009904,220.125386,24.715767
11.998995,220.227871,24.795679
11.980197,220.284711,24.755327
12.036504,220.608040,24.841440
11.986276,220.673067,24.860085
11.723152,220.718523,24.907031
11.718646,220.819805,24.833536
11.507940,221.336201,25.033481
11.517540,221.777441,24.927310
11.470472,222.386241,24.777962
11.459002,222.496207,24.746929
11.452632,222.910807,24.704773
11.353389,223.028626,24.693820
11.240038,223.179372,24.740917
11.268108,223.746721,24.734823
11.026620,224.080299,24.447229
10.931529,224.114169,24.495748
10.769344,224.101689,24.548726
10.866548,224.323155,24.581370
10.677239,224.300820,24.636740
10.629726,224.451503,24.747213
10.628440,224.451518,24.750914
10.604445,224.480338,24.715794
10.574824,224.623196,24.791931
10.560987,224.648371,24.766235
10.357434,224.543664,24.897947
10.247444,224.624028,24.770728
9.996301,224.778173,25.143001
9.950109,224.856222,25.078219
9.945740,225.044033,25.083260
9.903949,225.180533,25.016173
9.636957,225.324159,24.896130
9.597049,225.420817,24.841915
9.457121,225.565222,24.833765
9.431227,225.645334,24.767431
9.362690,225.727135,24.741938
9.344843,225.775596,24.696113
9.281234,226.060655,24.751088
9.236390,226.078332,24.733282
9.184315,226.681142,24.956619
9.074925,226.898226,24.935184
9.024465,227.066956,25.076568
9.026519,227.110095,25.035943
8.955979,227.176568,24.946899
9.019071,227.360871,25.197239
9.010620,227.424976,25.146427
8.978113,227.593698,25.212545
8.850882,228.079084,25.028195
8.847676,228.557791,25.116643
8.841598,228.626500,25.063185
8.847828,229.043699,25.323620
8.898133,228.971251,25.513351
8.698102,228.916880,25.706203
8.475582,228.685040,25.997743
8.408397,228.715500,26.361549
8.452890,228.684354,26.524594
8.480435,228.652940,26.635620
8.509657,228.554607,26.734051
8.429055,228.384681,27.291686
8.332721,228.310963,27.484094
8.306092,228.411374,27.916357
8.186704,228.539746,28.273557
8.140983,228.729507,28.926707
8.171942,228.748672,29.086705
8.171285,228.667194,29.170381
8.054023,228.749997,29.468634
7.914041,228.616139,29.626518
7.981423,228.984918,30.140383
7.996656,228.983108,30.683448
7.866286,229.107380,31.196216
7.839253,229.242898,31.885999
7.789076,229.322365,32.272500
7.885080,229.744271,32.632836
7.929526,229.653739,32.818356
7.950716,230.103843,33.349578
7.824164,229.919754,33.592533
7.830784,229.898373,33.621657
7.869294,230.120788,33.764618
7.876555,230.097545,33.796664
7.878720,230.075079,33.833901
7.809707,230.347360,34.158352
7.789935,230.402031,34.232916
7.809573,230.346031,34.308218
7.974173,230.866223,34.744024
7.923121,231.244011,34.953513
7.976050,231.370722,35.307740
7.783066,231.189293,35.632017
7.520285,231.117190,36.639854
7.485035,231.561626,36.963825
7.458486,231.520933,37.025710
7.489636,231.567507,37.406811
7.481436,231.930912,38.436063
7.502132,231.982245,39.407598
7.585731,232.014571,39.831773
7.593256,231.971111,39.975182
7.524587,231.842436,40.186035
7.591362,232.068598,40.473827
7.602751,232.033835,40.536539
7.576109,232.131886,40.912264
7.457364,231.964950,41.147776
7.632689,232.086807,41.637840
7.611499,232.181713,41.811200
7.680704,232.230980,41.845232
7.632236,232.027900,42.166865
7.567870,231.920340,42.359598
7.651459,232.257954,42.976996
7.573108,232.175792,43.109235
7.638341,232.152996,43.196472
7.766825,232.196492,43.254838
7.765568,232.058483,43.505326
7.760939,231.910889,43.716002
7.747817,231.815234,44.167625
7.736585,231.681341,44.490640
7.736198,231.680810,44.491659
7.716599,231.759664,44.878125
7.732953,231.709733,44.974001
7.758567,231.825943,45.490960
7.782572,231.823218,45.643056
7.868411,231.696472,46.115483
7.905376,231.814011,46.291338
7.822000,231.808170,46.420502
7.766733,231.869368,46.659454
7.822150,231.794016,47.226521
7.870893,232.223226,47.498447
7.756243,232.088447,47.681135
7.569475,231.922792,47.989071
7.586365,231.865074,48.105077
7.473655,231.781301,48.370787
7.473972,231.781752,48.371724
7.752771,232.242099,50.082277
7.761457,232.229513,50.227569
7.785200,232.242601,50.395669
7.790421,232.491446,51.103733
7.770701,232.563169,51.502109
7.802422,232.463621,51.690491
7.735522,232.298029,52.047645
7.648538,232.031457,53.058742
7.653728,231.992416,53.209479
7.564387,231.886823,53.432676
7.604236,231.753760,53.733487
7.570408,231.644145,54.184861
7.585838,231.695200,54.745502
7.563355,231.617860,54.894552
7.594331,231.485439,55.249398
7.557111,231.458797,55.519944
7.518652,231.572569,55.777308
7.614600,232.268713,56.101834
7.540765,232.360673,56.421703
7.547051,232.369861,56.427322
7.619569,232.429415,56.696427
7.612947,232.438966,56.703109
7.610419,232.501840,57.332558
7.520479,232.733510,57.425806
7.520593,232.661323,57.899139
7.519076,232.656899,58.411956
7.528017,232.651669,58.420245
7.576428,232.905767,58.765343
7.430982,233.272423,59.231978
7.431091,233.272319,59.232996
7.432675,233.083172,59.573187
7.369438,233.075533,59.995730
7.403204,233.231729,60.194798
7.474842,233.582310,60.525098
7.355850,233.501382,61.080287
7.380317,233.332446,61.595026
7.377716,233.379393,61.817894
7.308676,233.334367,62.229588
7.293702,233.381462,62.294085
7.333458,233.742419,62.295693
7.356052,233.665875,62.441676
7.517263,233.906369,62.938533
7.370293,233.643455,63.280923
7.392708,234.159571,63.351183
7.286050,234.488962,63.603929
7.208245,234.504611,63.679375
7.125767,234.462688,63.755325
6.983768,234.363191,63.938488
6.949034,234.316861,64.645192
6.935364,234.352300,64.864885
6.919495,234.144913,65.641607
6.919436,234.144710,65.642825
6.789231,233.924387,66.201596
6.768350,233.941578,66.320838
6.812781,233.925007,66.564801
6.834661,233.840991,66.767149
6.836545,233.838162,67.130324
6.816636,233.784276,67.363533
6.845980,233.709279,67.578633
6.845946,233.709378,67.579916
6.869545,233.670309,67.680153
6.873308,233.747562,67.740149
6.848529,233.707481,68.001599
6.889432,233.700582,68.241869
6.879775,233.621056,68.314085
6.885940,233.586091,68.586523
6.726733,233.784590,68.910928
6.762861,234.107519,69.090720
6.747616,234.153460,69.235017
6.746634,234.101174,69.341486
6.799036,233.985494,69.839899
6.768083,233.913663,70.138771
6.777332,233.823067,70.288550
6.773961,233.795863,70.291688
6.743195,233.741040,70.639209
6.732723,233.731573,70.778529
6.716557,233.749124,70.923771
6.736392,233.670923,71.228394
6.734343,233.490338,71.872444
6.594426,233.211359,71.958642
6.603494,233.233946,72.014515
6.615217,233.455898,72.044131
6.646325,233.359002,72.455490
6.692065,233.260995,72.764167
6.697179,233.245275,72.818996
6.648378,233.165446,73.043619
6.684743,233.257173,73.134561
6.521500,233.001531,73.440727
6.515113,233.021105,73.521263
6.553787,232.908901,73.768171
6.575760,232.877184,73.841839
6.573893,232.889602,73.925037
6.569925,232.908888,73.970230
6.588237,232.958339,74.114019
6.456358,232.856391,74.001885
6.448404,232.857446,74.083009
6.345391,232.761238,74.352618
6.327758,232.763664,74.446232
6.314378,232.765131,74.369525
6.162086,233.015636,74.323394
6.105692,233.087181,74.183300
6.096153,233.078871,74.094095
6.076139,233.088623,74.040652
6.072493,233.082091,74.009071
6.077713,233.084699,73.947376
6.079508,233.080568,73.939808
