1000
3
39.992241,139.937233,245.436147
40.124287,140.270258,245.451893
40.239321,140.692990,245.379387
40.275421,141.058581,245.312410
40.524729,141.841403,245.204023
40.820205,141.400330,244.852158
41.086249,140.637373,244.588808
42.094932,139.960681,244.685090
42.136705,139.101695,244.713979
42.812983,138.320109,244.743088
43.457466,137.368736,244.672808
43.647058,136.648967,244.703571
43.780721,136.143876,244.733640
43.298831,134.890741,244.761509
43.595865,134.205087,244.792433
44.228729,133.616530,244.740553
45.376192,132.443809,244.786045
45.153080,131.078986,244.982827
45.254576,130.033865,245.083416
45.180753,129.430808,244.932980
44.992385,128.435329,244.825752
44.933145,127.501181,244.642225
46.237010,126.072747,244.583528
45.995533,125.062391,244.543360
47.203999,124.321159,244.454665
47.316944,123.969808,244.037635
47.984750,122.773343,243.754458
47.755885,122.117514,243.753235
47.627556,120.622542,243.799847
47.859780,119.379137,243.773915
48.007451,117.927480,243.997816
47.666569,117.481409,243.992423
48.156019,116.359862,243.886461
47.725647,115.699684,243.845635
47.600931,114.949101,243.872399
47.605240,114.160472,243.780166
47.525861,112.789360,243.675843
48.100116,111.315121,243.998311
47.070554,109.994312,243.878670
47.786023,109.083403,243.832103
47.735991,108.997545,243.840841
47.763114,108.279967,244.167447
48.008555,106.304590,244.273842
48.982771,104.029926,244.259147
49.119566,103.390838,244.347128
49.262513,101.964515,244.220440
49.778530,100.929740,244.051838
50.287871,99.392085,244.191548
50.742663,98.035478,244.104720
51.920957,96.947351,244.075933
52.571567,94.785656,244.352632
52.867697,92.460457,244.558709
52.242465,91.027416,244.598848
52.431628,89.900862,244.630334
53.424117,88.338310,244.475409
53.111322,87.673159,244.583647
53.562987,85.396171,244.555550
54.123290,83.908703,244.667266
54.084723,83.003916,244.719727
53.778269,81.547134,244.633577
53.216056,80.749555,244.738114
55.275016,79.855977,244.784469
54.978616,79.137079,244.887828
56.437345,78.022240,245.023415
57.769982,76.360481,245.169160
58.670554,75.042617,245.326850
59.248470,73.682138,245.179727
59.905576,71.735692,245.250063
59.869238,70.423095,245.412612
62.136139,69.328048,245.339797
61.537449,66.765194,245.546824
62.606937,64.432500,245.969347
63.206086,63.932308,246.152153
64.414338,62.474649,246.111563
67.531879,60.766584,246.116102
68.793732,58.935618,246.203203
69.970760,57.388154,246.169769
71.875574,56.082471,246.221171
72.159318,54.851901,246.313154
74.041812,52.883776,246.415912
74.656077,52.229132,246.451719
74.670572,52.164886,246.322208
75.504705,51.318136,246.307835
76.518480,48.527220,246.178619
78.096891,47.445071,246.019049
78.944731,46.275090,245.913250
80.220034,45.448645,245.457731
82.067841,44.414923,244.891537
84.702472,42.858058,244.960694
86.841538,41.178314,244.766457
87.999686,40.028094,244.705213
88.636533,39.366844,244.368612
89.457468,38.629597,244.272068
91.244796,37.908248,244.309454
92.482064,37.204664,244.461409
93.689577,36.538055,244.385275
94.535085,35.445151,243.674324
98.099914,34.670605,243.991838
98.061416,34.181765,243.868061
98.111989,33.731964,244.067997
98.215163,32.866218,243.797508
98.763804,32.590607,243.765458
98.683122,31.995123,243.663260
98.806865,30.986552,242.931575
99.129006,29.941459,242.619515
99.810646,29.129275,242.458129
98.011416,28.662169,242.176273
96.838959,28.258929,242.147121
94.749983,27.181647,242.127034
92.918438,26.088837,241.801249
92.597888,25.890707,241.706219
92.131442,25.235832,241.353287
92.153895,24.019792,240.716509
91.714402,23.131433,240.496313
90.958275,22.734819,239.387123
90.610522,21.985306,239.141622
89.908589,21.084844,239.016497
89.557369,20.950625,238.873928
89.714529,20.101572,238.357858
89.648665,19.691077,238.123656
89.403721,19.506776,237.808251
87.874554,18.878965,237.442162
86.406104,18.825246,237.385558
86.200955,18.323222,237.188073
85.620950,17.843830,236.840498
85.268993,17.538418,236.742928
85.078081,17.389452,236.673437
83.568350,16.569564,236.315137
82.448192,15.486494,235.788259
80.677333,14.745873,235.341598
79.146209,14.339329,235.327285
78.484756,14.183067,235.344167
78.271759,14.053138,235.194976
77.372142,13.909421,235.395071
76.573466,13.584314,235.262376
75.374353,13.355666,235.454099
74.984499,13.282381,235.291348
72.969732,12.774346,234.637639
72.031450,12.603967,234.476182
71.693550,12.503940,234.420449
70.702697,12.215526,233.938766
69.944659,12.142719,233.580357
69.727324,11.808434,233.108285
69.015456,11.463054,232.713802
68.669850,11.212938,232.474566
67.764437,10.868403,232.257945
66.732012,10.466326,232.059002
66.526945,10.338672,231.523470
66.066427,10.282049,231.537290
65.882775,10.078989,231.191750
64.487389,9.944769,230.438057
63.883094,9.876006,230.342106
61.321931,9.744875,229.680000
59.837756,9.505757,229.512820
59.591261,9.384663,229.350717
57.985236,9.170795,228.937101
58.963562,9.297749,227.857272
59.049971,9.334199,227.162307
59.239902,9.563712,226.447138
59.154980,9.225724,225.231881
59.143566,9.426750,223.506281
59.556182,9.798733,222.294110
60.347962,10.075176,221.256367
61.752056,10.329721,219.046842
61.641952,10.307819,218.039752
63.031365,10.588024,217.220109
63.583963,10.491064,216.365539
64.092110,10.448751,215.502715
64.620501,10.707821,214.706831
64.866713,11.369160,212.375461
65.712909,11.419089,211.302154
66.381995,11.832541,209.632223
66.515099,12.084410,208.850264
66.680194,11.832177,205.697522
67.675122,12.191415,203.315113
68.981251,12.580596,201.752807
69.081846,12.524672,199.865774
69.171393,12.733022,198.283126
69.043183,13.117965,196.658757
68.773398,13.131124,196.207828
67.931779,13.765115,194.114890
67.533869,14.174057,190.266689
67.038543,14.473367,187.146736
67.181636,14.658517,185.020295
66.922570,14.634014,183.544340
67.242900,14.531877,180.854629
67.617925,14.626321,179.575539
67.405143,14.677290,178.871983
67.664338,14.711616,178.685090
67.417240,14.884275,177.705431
67.837131,15.330260,175.758675
67.708058,15.340124,175.063094
66.684390,14.965493,173.007645
66.928192,14.975182,172.048517
66.884228,15.000647,171.395962
67.334161,15.108944,170.075740
67.581032,15.039185,169.286336
67.452679,15.204485,167.124420
66.253707,15.160215,166.416401
65.488517,15.224932,165.055982
63.327198,15.202438,163.147307
61.923858,15.411933,161.443072
60.915429,15.467730,160.083253
60.775498,15.586145,159.068075
60.231282,15.734785,158.258545
59.582586,15.459145,157.709393
57.756466,15.970152,156.287876
57.559254,16.368246,155.566812
57.011755,16.199847,154.319712
56.251081,16.479118,152.988760
55.805827,16.603701,152.350039
55.187257,17.184957,149.715699
54.997459,17.372461,148.039529
55.876592,17.554824,146.326488
55.945577,17.362806,145.569536
56.808345,17.487405,143.344165
56.927768,17.453606,142.687900
55.992079,17.169046,140.584603
55.657779,17.210463,139.311182
55.484293,17.686753,136.828613
55.792809,17.988271,134.411884
56.095653,18.084835,134.144161
56.587477,18.484461,132.825124
56.432071,18.850584,130.058013
57.008694,18.723531,126.900080
57.584315,18.826906,125.160077
57.824516,18.703665,123.996385
57.298677,18.968025,122.668095
56.565537,18.547172,120.825563
56.961324,18.468092,119.011750
55.720882,18.366818,116.485347
56.384542,18.227999,115.439759
56.509417,18.542905,114.385103
56.633004,18.886271,112.150618
55.580366,19.466993,110.281560
55.163081,19.819880,108.619688
54.482496,20.247514,107.326134
54.897899,19.979495,107.124502
53.234799,19.933249,104.786892
52.703099,20.096390,104.199790
52.263329,20.074313,103.379298
52.274677,20.099130,102.547266
51.873165,20.127501,101.739943
50.744555,20.043687,100.544340
50.297253,20.097025,99.948151
50.029428,20.058607,98.668496
49.168662,20.193054,97.866149
49.202910,19.846079,97.425308
48.832211,20.089133,96.126896
48.878542,19.989752,96.062862
49.129697,19.958519,95.365134
48.414932,19.938003,93.177621
48.464337,20.073730,91.793346
47.716421,19.735950,90.494770
47.935778,20.604930,88.689091
47.291752,20.848214,86.810334
47.065854,21.287313,85.768246
47.267608,21.278256,85.048525
46.802381,21.004694,84.039660
47.279130,21.011175,82.810508
45.327588,21.217510,80.271902
45.459902,21.283978,79.987612
45.015195,21.700087,78.008816
45.673178,21.987606,76.986431
45.907575,22.295990,76.298162
46.162039,22.298914,75.212007
46.303959,22.350932,74.823318
46.722929,22.165611,73.921248
46.515971,22.016776,73.023721
46.464992,21.912721,72.801950
45.982067,21.541791,71.672337
46.063168,21.646191,70.760667
46.228331,21.535079,69.920115
46.211758,21.730023,69.360950
46.117056,22.020343,68.710469
46.435302,22.228536,67.060129
45.672660,21.941047,65.818250
45.562465,22.037412,65.190824
44.999828,22.523073,63.634022
44.600944,22.595284,62.432621
45.021607,22.570737,60.873626
45.026466,22.615535,60.658426
45.145181,22.815370,58.871932
45.769909,22.296894,57.412585
45.904900,22.060740,56.610142
46.260715,21.844533,55.414970
46.603468,21.902718,54.593178
46.705960,21.860572,53.867567
46.972496,21.952511,52.952496
47.065048,21.896703,52.761184
46.880569,22.095169,52.261933
47.486016,22.292515,50.878876
47.509799,22.281496,50.594663
48.486741,22.130306,49.578642
48.978794,21.814252,48.345360
49.509745,21.809989,47.206516
49.969610,21.402159,45.782621
50.888159,20.469950,44.634778
51.614599,20.569203,44.216805
52.445889,20.114240,43.770920
53.405429,20.231491,43.422053
54.059544,20.396773,42.989158
55.809747,20.527916,42.104499
55.892730,20.701554,42.055252
57.170607,20.793896,41.257161
57.703135,20.940387,41.382746
58.279861,20.751810,41.415836
58.982262,20.568374,41.029929
59.346711,20.440283,41.142165
59.786322,20.521134,41.356715
61.142633,20.490638,40.980832
62.347110,20.748061,40.674079
62.396131,20.779915,40.698703
63.404979,20.784208,40.705869
65.055937,20.674020,40.263981
66.172736,21.063506,40.358303
67.071017,21.969100,40.210812
68.237687,21.865819,39.735763
69.316281,21.777699,39.137005
69.946059,21.912016,39.317941
71.864822,22.570504,38.873983
72.457686,22.831191,38.974977
73.440625,22.387306,38.384780
74.658087,22.640924,38.114855
75.100633,22.608181,37.999865
75.876850,22.789314,38.366146
75.985139,22.683352,38.207972
77.425946,22.638242,37.901565
77.485241,22.727096,37.883031
78.369949,22.655087,37.891267
78.808829,22.547901,38.080735
79.465894,22.649988,37.791394
80.511583,22.722742,37.722387
80.802274,22.635906,37.898386
82.330097,23.295601,37.193731
82.425050,23.354745,37.112646
82.593548,23.353831,36.982585
83.773763,23.346381,36.885248
84.591161,22.975776,36.856031
85.531722,23.373496,37.528510
86.699592,23.495454,37.641410
87.706000,24.013792,37.334262
89.759118,24.487214,37.831130
91.953566,24.100689,37.647636
92.463953,23.858782,37.685240
93.804940,23.608903,38.233686
94.999610,24.043585,37.722095
96.253006,24.260967,37.525309
97.751731,24.477963,37.344192
99.276443,24.517976,37.548324
99.510379,24.541478,37.298594
100.537930,23.961747,36.967889
101.520581,23.957390,36.591174
102.802746,23.303779,36.851509
104.779204,23.095101,36.487095
105.856772,23.076074,36.457342
106.209204,22.944916,36.454834
107.150135,22.942990,36.199188
107.612121,23.000903,35.981508
108.154589,22.528300,35.946220
109.061395,22.365693,35.587900
110.798557,22.436013,35.198161
111.883361,22.095800,34.942403
113.128991,22.143074,34.944462
114.578389,21.923090,34.228869
115.225302,21.787836,33.443934
116.945097,21.474250,33.461937
120.680190,21.731941,33.850351
121.722890,21.217591,33.989336
122.416331,20.907221,34.579416
123.956206,20.760344,35.113114
124.249681,20.712402,35.110410
124.934139,20.608641,34.915394
127.324830,20.847778,34.544952
130.223145,20.645036,34.809504
130.603044,20.468886,34.840032
131.421926,20.492248,34.123454
131.541000,20.650962,34.151223
131.735868,20.703171,34.241851
132.818444,20.734924,34.189477
134.301457,20.464239,34.250170
136.209814,20.366785,33.997164
137.434607,20.556860,33.882607
138.155161,20.602257,34.088367
138.254931,20.586326,34.261972
139.120124,19.993393,34.415029
140.609922,19.647483,34.298282
142.447328,19.463696,33.599757
143.906529,19.304617,32.983636
145.777661,19.012757,33.029702
145.861149,19.020347,33.095715
146.225880,18.986801,33.390918
146.818375,19.061003,33.192591
147.972994,18.653847,33.447962
148.459784,18.268120,33.701222
149.597444,18.171626,33.984689
150.716283,17.647232,34.255555
151.321018,17.058178,34.622269
152.240324,16.966723,33.681624
154.763600,16.219049,33.582591
156.980903,16.487262,34.095515
158.311251,16.504015,34.371689
158.593396,16.338194,34.069180
160.633409,16.212697,33.916368
163.392651,15.564833,33.700399
164.293898,15.378250,33.821958
165.947188,15.402507,34.372018
166.554985,15.418395,34.145818
167.838287,15.296695,34.220197
170.209441,14.778591,34.226333
171.363979,14.784083,33.506453
172.784814,14.956849,33.482292
173.829504,14.857883,33.114923
174.954953,14.829354,33.139185
175.855892,14.806244,32.669087
176.616438,14.182100,32.491439
177.045599,14.156025,32.354174
178.668184,14.074989,31.816571
181.008715,13.909347,31.169733
181.119319,13.951091,31.123187
181.470598,13.897756,30.957118
182.717652,13.242657,31.176111
183.390024,13.287544,31.278332
184.648628,13.110752,31.268933
185.422068,12.573409,31.893068
186.207238,12.545223,32.150545
187.417780,12.576791,32.291134
188.509333,12.602368,31.846235
189.258436,12.597494,31.414965
190.596176,12.225830,31.275200
191.481439,12.008201,31.277348
192.691025,11.910944,31.219745
193.856881,12.062538,30.729434
194.737710,12.260271,31.240240
196.421312,11.965243,30.293255
198.698746,11.399693,30.254658
199.019218,11.374955,30.185244
199.870799,11.266721,30.882000
200.601161,11.254140,31.062926
201.357615,11.012957,31.774994
203.357776,10.789079,32.236142
204.167802,10.751493,32.273090
204.952281,10.611351,31.738442
204.955854,10.611003,31.738024
205.806429,10.482153,30.952001
206.432984,10.340550,31.336822
206.806361,10.137278,31.317255
208.025597,10.378229,31.631964
209.915489,10.403908,33.152077
210.722074,10.349939,32.852870
211.352856,10.240099,32.966761
212.203165,10.012428,32.621822
213.550725,10.139130,32.577759
214.359272,10.080309,32.719090
215.138647,10.095761,32.797051
216.580418,10.033052,32.986310
216.872879,9.955917,32.726994
217.854801,9.823503,32.030853
218.254061,9.926388,32.050969
218.731302,9.876647,31.945036
220.062800,9.519979,32.197632
221.516987,9.822041,31.544967
222.843418,9.674305,31.134245
224.135439,9.570520,30.470900
224.944302,9.535463,30.133738
225.059986,9.591089,30.015158
226.255923,9.712809,29.722858
226.927402,10.138528,28.801253
227.673931,10.153173,28.424141
228.353301,9.849277,28.742133
229.131747,9.466823,28.752306
229.361354,9.280530,28.863838
230.023041,9.099219,28.909639
231.233793,9.428552,28.398633
232.159549,9.310767,28.063455
232.994963,9.387406,28.228116
234.240737,9.115188,28.593773
234.530893,9.248495,28.442656
235.108309,9.418512,28.293744
235.694912,9.570356,27.890661
236.381187,9.526201,27.934450
236.829359,9.655605,27.492623
237.657124,9.792465,27.320319
238.151156,9.847887,27.017193
238.546757,10.071288,26.825005
238.851676,10.159670,26.826933
239.042199,10.117803,26.760547
239.411275,10.155455,27.175886
239.620854,10.118467,26.860191
240.193940,10.141760,26.789555
240.969996,10.183256,26.687949
241.343498,10.111573,26.352715
241.896476,10.298604,26.041114
242.241149,10.303966,25.931641
242.331497,10.280744,25.762166
242.573952,10.275779,25.660734
242.778236,10.394099,25.278311
242.882439,10.865964,25.906648
242.871718,11.104339,26.057305
242.821755,11.154307,26.212455
242.793408,11.257173,26.375908
243.090831,11.702554,26.652094
243.052363,11.803340,26.855453
243.031780,11.848226,26.985523
243.038369,12.243055,27.046123
242.939531,12.280266,27.686801
242.906797,12.351153,27.914336
243.030359,12.395708,28.476597
243.153663,12.534194,28.860288
243.221846,12.552860,29.779265
243.310305,13.050399,30.006922
243.435299,13.155991,30.212438
243.594161,13.156372,30.519335
243.628426,13.521846,31.405105
243.475035,13.728381,31.474680
243.618272,13.941072,31.107486
243.547371,13.999783,31.266598
243.507359,14.341234,32.173325
243.484187,14.560952,32.126123
243.679784,14.969877,33.901718
243.619184,15.044853,34.535688
243.663041,15.223196,35.236755
243.870083,16.043928,35.138566
244.372792,16.630794,35.701445
244.393124,16.789734,35.661432
244.262619,17.338285,36.718367
244.256901,17.397139,36.817149
244.354693,17.395557,37.705730
244.747852,17.587651,38.115883
244.713097,17.726574,38.766239
244.638418,17.965781,40.206888
244.576383,18.127815,41.170394
244.633203,18.511163,41.527351
244.555911,18.841225,42.442588
244.469750,19.145665,42.936543
244.543018,19.068562,43.373944
244.455589,19.262807,43.875600
244.205845,19.879860,44.789594
244.211756,20.293066,45.507835
243.907846,21.760666,46.185665
243.830324,22.654120,46.926455
244.063890,22.913442,47.436345
243.959807,23.573951,48.520946
243.926862,23.641374,48.981325
244.081682,24.096907,49.761189
244.210342,24.558734,50.537004
244.211178,24.552511,50.563966
244.221572,24.601446,50.964266
244.955511,24.747843,51.296955
244.738382,25.447351,52.702779
244.744086,26.086441,53.197221
244.929465,27.206420,54.200719
245.033965,27.556213,54.773353
245.017540,27.500899,55.057794
245.141618,27.633261,55.600473
245.188147,28.365087,56.267471
245.175474,28.523638,56.998122
245.119721,28.988853,56.004896
245.002844,30.976474,56.172550
244.990832,31.987480,56.871674
244.955584,32.241369,56.610098
245.096823,33.430700,56.498938
245.074918,33.602216,56.464317
245.025667,35.092307,56.445136
244.620660,36.278612,56.218467
244.759303,37.801457,55.769916
244.760971,38.461277,55.737772
244.839572,39.576493,56.320180
244.540201,40.660573,55.636026
244.485490,40.941620,55.522508
244.435558,41.424527,55.611133
244.471319,42.743611,55.044008
244.551816,43.056510,54.907649
244.646683,44.886525,54.643020
244.683628,45.632815,54.093004
244.221096,46.929631,54.498472
243.950670,48.012434,55.332883
243.923576,48.679501,55.912876
243.996066,49.596357,56.015726
243.722633,52.093797,55.426009
243.580832,52.611607,55.557526
243.462716,52.976841,54.949890
243.208479,53.952905,53.831275
243.166645,56.172106,53.926763
243.134677,57.727903,52.987241
243.229513,58.799387,53.313362
242.922204,59.984430,53.275916
243.050436,61.853916,53.361451
242.916497,63.054432,53.035642
243.067330,63.801441,53.130287
243.022655,64.611981,52.259852
242.833251,66.110998,50.653359
242.832846,66.114481,50.649501
242.767023,66.303218,51.147987
242.647124,68.075922,51.862190
242.732833,69.395065,51.567993
242.861398,70.507702,50.963822
243.183387,72.905202,50.081137
243.255166,72.962228,49.870408
243.314265,75.103187,49.033835
243.245807,76.839308,47.294300
243.042687,78.658487,47.335847
242.898469,79.904981,45.966580
242.983166,80.742848,45.612208
242.340383,82.535317,45.979322
242.288929,83.602540,45.917419
242.147741,85.333074,45.475044
241.840486,86.269378,45.657591
241.862542,86.767654,45.842170
241.859159,86.771107,45.842930
241.681398,87.600223,45.775733
241.489590,88.440532,45.402369
241.272397,89.525317,45.869704
240.676136,89.959767,45.487105
240.215879,92.103000,45.434997
240.079862,92.975989,44.260024
239.625633,94.698230,43.239661
239.473503,95.461558,43.743857
239.392487,96.284171,43.741853
239.447217,101.559059,44.418268
239.723096,103.105579,44.571764
239.708894,104.082857,43.755041
239.574716,105.661014,44.782323
239.616047,105.959665,46.011441
239.687244,108.253140,46.071208
239.468186,109.482423,46.233943
239.460747,110.845847,46.233027
238.988404,111.931484,45.981215
238.826598,112.537084,45.524230
238.340965,113.592645,45.504899
238.177899,114.893032,45.443421
237.955420,117.455081,46.657704
237.890971,119.128150,45.996712
237.693469,120.632192,46.623120
237.455751,120.724227,46.452973
237.015271,121.345427,46.524641
237.083602,123.449493,45.362750
236.691472,125.227358,46.548672
236.608527,125.806738,46.667266
236.694510,126.612678,47.890772
236.733254,127.195411,47.253873
236.718131,128.144925,47.237549
236.955705,129.103955,46.461354
236.980736,129.431741,46.566682
237.043831,129.831765,46.088545
236.761386,132.625538,47.045976
236.524446,133.101355,47.073444
236.567532,134.313208,47.114508
236.539530,135.006010,47.237750
235.860515,136.290700,47.089257
235.712779,136.696440,47.775485
235.569686,137.506165,48.394527
234.797160,140.690665,47.832314
234.554234,140.831550,47.556786
234.548675,140.840719,47.542458
234.630412,142.036919,47.959688
234.567770,142.077760,47.890979
234.176368,142.419839,47.743918
234.172457,142.981284,48.061104
233.780161,145.862000,47.605683
234.023174,146.645873,47.619106
233.988415,147.463387,48.792993
233.516861,149.397151,49.214440
233.650724,150.153849,48.732901
232.913368,151.963427,48.114101
232.640002,152.569726,47.929025
232.641788,153.143147,48.039319
232.213732,153.837061,47.587900
231.996570,154.672035,47.803834
231.953969,155.357239,47.535261
231.613447,157.167264,47.851811
231.706563,157.336897,47.922066
231.379027,158.476822,48.021489
231.035848,159.256317,48.026635
230.709767,160.913859,48.755643
230.718771,161.494340,48.808729
230.498446,163.959041,48.988998
230.610096,164.639718,48.986558
230.435984,165.732489,49.066180
230.464467,166.969056,49.662122
230.595468,167.268984,50.690928
230.545536,167.416923,50.747232
230.644644,167.824822,50.531619
230.258125,167.855771,50.373197
229.688589,169.308979,49.534234
229.481844,170.273070,50.107151
229.771447,170.929152,50.082827
230.032220,171.726361,50.336212
229.817782,172.679670,50.787566
229.816237,173.560664,50.574008
229.591353,174.642575,51.393984
229.498134,175.019099,51.774871
229.223784,176.154790,52.696597
229.329014,176.675722,53.308932
229.098504,178.021389,55.080449
228.754357,178.930537,55.341825
229.034909,180.040378,56.381302
228.833640,180.872082,56.912604
228.789349,181.132729,57.195723
228.881339,181.774681,57.613163
228.888747,183.054398,56.947001
228.812926,183.094874,57.085445
228.802901,184.420198,56.785037
228.428335,185.264818,57.516417
228.377591,186.436951,58.096598
228.650192,187.463668,58.488639
228.605530,188.360301,58.713608
228.780435,188.789029,58.617330
228.696566,189.416371,59.131344
228.819493,189.924588,59.715892
228.172352,190.875203,61.182183
228.232481,191.915445,61.068822
227.881268,192.560098,60.687808
227.748397,193.565643,60.555307
227.576893,194.935715,60.401331
227.529944,195.264214,60.360778
227.005506,196.650227,60.608905
226.946301,196.878342,60.584275
227.034325,197.514755,61.176339
226.626838,198.202730,61.224114
226.361521,199.103969,61.242234
225.894839,200.161486,60.761939
225.953040,201.157133,60.189018
225.650773,201.721474,60.482812
225.653483,202.010360,60.177599
225.168105,202.858856,59.472066
224.808529,203.782582,59.208979
224.738166,203.863509,59.432583
224.786240,204.627740,59.409812
224.831418,205.068736,59.146057
224.368369,205.905821,59.032999
224.640207,206.424894,59.052575
224.385901,206.766983,58.918542
224.144857,207.265612,58.897268
224.430664,208.191398,59.049060
224.102399,208.880719,59.195140
223.211318,210.360674,59.489692
222.754396,210.832038,59.067932
222.538655,211.264072,58.941075
222.045021,212.113022,59.291117
221.821448,212.320663,59.568972
221.326550,212.632982,58.610342
220.500583,213.806048,58.918577
219.958963,213.665510,58.977813
219.837302,213.988493,59.043630
219.359130,214.591630,59.116064
218.892008,215.184507,58.587978
218.305006,215.947936,58.830929
217.883325,216.538338,57.630886
217.345165,217.153479,57.154262
216.693371,217.749481,56.973767
215.951505,217.890418,56.067480
215.220529,218.439152,55.414665
213.298661,217.981038,55.776693
213.044434,217.923107,56.095627
212.112721,217.987716,56.346304
210.715249,218.625955,54.663989
210.544886,218.586531,54.713082
209.301061,219.049464,54.963727
208.930214,219.392858,55.275875
208.037831,219.685478,54.775101
206.848613,219.942988,54.212557
205.420551,220.416616,53.708990
204.148186,220.890794,53.748555
202.954569,221.874708,53.551992
202.235977,222.074936,53.227040
200.997642,222.159545,53.331913
200.128345,222.157372,52.632859
198.837880,222.547425,52.740700
198.334870,223.117704,52.775558
197.294509,223.541389,51.925864
196.839672,223.497857,52.399425
195.969938,223.708074,52.658990
195.747225,223.825065,52.495320
195.401556,223.723735,52.500907
195.105257,223.626124,52.555155
193.761070,224.196509,52.941161
192.866491,223.974726,53.290394
192.332691,224.204214,52.537143
191.770300,224.125413,52.354262
190.214413,223.874283,52.276807
188.428573,223.893759,54.274136
187.443814,223.406724,54.920962
187.415253,223.851189,54.821581
186.827722,224.127138,55.071352
184.835421,225.049166,55.903592
184.228892,225.081463,55.868762
182.349077,225.967329,55.888974
180.956771,226.516696,55.195339
180.266665,226.788879,54.718694
179.290285,227.178584,54.896405
178.612907,227.298422,54.359224
177.670606,227.221277,54.299226
177.458675,227.202115,53.602233
176.953231,227.036521,53.317050
175.017312,226.944353,53.777727
174.341478,226.869236,53.659597
174.132195,226.794028,53.753899
173.529166,226.808283,54.155716
172.733968,226.953560,52.867825
171.427515,227.182711,53.176292
168.724572,227.069721,53.847734
167.600921,227.485512,53.135111
166.997394,227.763273,52.125814
165.912477,228.041618,51.641703
165.014984,228.050348,51.358750
163.004244,228.396940,52.845990
162.567975,228.346705,52.796793
162.123447,228.221964,52.990252
161.426901,228.064773,53.381309
160.849576,227.791071,53.533395
159.883354,227.689111,53.043137
156.179054,228.047382,53.709528
154.277481,228.123552,53.940525
153.155965,227.782481,54.306849
151.682312,228.071988,55.481197
150.632417,228.042764,55.671289
149.696475,227.442768,55.749446
148.030016,227.504315,56.788322
147.386789,227.392307,56.976179
145.774394,227.033189,57.311595
144.277844,227.407190,57.742893
143.703415,227.294902,57.908619
143.460967,227.220476,57.983313
142.649215,226.893470,58.419061
139.201278,227.227185,59.759071
138.052007,226.784351,60.348800
136.994154,226.627239,60.938436
136.532179,226.540840,61.368830
135.392832,226.485743,61.645770
133.452815,226.329071,62.769027
132.890583,226.239942,63.281038
132.787450,226.270274,63.166497
131.651236,225.738956,63.192891
130.651042,225.826837,63.042220
128.580556,225.662815,64.511044
126.480478,226.080529,66.125194
126.329566,225.746373,66.278211
125.010115,226.188027,67.355802
124.608230,226.163989,67.889280
121.893555,225.896519,68.242008
120.073370,225.635331,69.427156
119.411587,225.761639,69.403639
116.759392,225.256684,71.060990
114.113283,224.791241,71.678110
112.442899,224.980256,71.784507
110.625855,225.089609,71.995795
106.840746,225.543791,72.732478
105.460473,225.767346,71.738517
104.395024,226.223169,71.638078
103.921027,226.344954,71.717017
101.463514,226.498065,71.206610
100.055440,226.814414,71.904946
96.100984,226.752241,72.815750
95.359383,227.033579,72.489299
94.311264,227.450670,72.820950
91.960814,227.649289,72.453951
90.230641,228.138755,73.135941
86.812055,228.197161,73.793719
86.056612,228.217597,73.697766
85.225018,227.763509,74.315344
82.838364,227.569139,75.061063
82.233228,227.536342,75.508855
80.813144,227.901346,75.962844
77.130554,226.993635,75.999482
75.661788,227.378355,76.494775
73.114244,227.228918,77.595417
71.340321,227.137179,77.990682
69.712970,227.576555,77.934368
69.476269,227.555101,78.187836
68.366988,227.569798,78.857316
66.793057,227.937954,79.477790
65.035223,227.777394,79.178942
64.548470,227.649306,79.373879
62.303621,228.308317,79.667558
60.795992,228.145874,79.588488
59.591846,228.468970,79.705306
57.713406,228.612990,80.284832
56.350101,228.661631,80.465438
55.567366,228.684859,80.477336
54.815559,228.886482,80.400456
52.342394,229.538409,79.709268
51.036342,228.988107,79.637660
50.854592,228.872763,79.805826
49.591352,229.154000,79.442027
47.934671,228.658963,79.355757
46.633790,228.375938,79.523922
45.108504,228.093847,78.410811
44.841620,228.208612,77.962497
44.301032,228.230956,77.508148
42.486883,228.477098,77.430653
40.920827,228.853543,76.597386
40.318925,229.063808,76.396052
39.592285,228.869406,76.030822
37.199341,229.400031,74.462926
36.749483,229.668069,73.942076
36.142806,230.052784,73.379267
35.590116,229.781997,72.704516
33.858083,230.534213,70.983623
33.322276,229.825538,70.327349
32.724115,229.518455,69.777252
31.705912,228.866549,68.203061
30.913131,229.038108,67.202958
30.021845,228.811230,66.517530
29.585505,229.442366,65.562749
28.292522,229.494049,64.204718
27.581382,229.129737,62.854795
27.193606,228.998926,62.222895
26.133192,229.466186,61.205774
25.891057,229.654225,60.523683
25.708437,229.908375,59.501898
25.188040,229.872856,59.130899
24.378603,230.222128,58.956163
24.184360,230.390284,58.288857
24.226538,230.489658,57.301710
23.474551,230.354355,56.041703
22.020521,230.235714,53.856725
21.823301,230.171921,52.702580
21.190239,230.039616,51.768830
20.090042,229.591842,51.003453
20.233506,229.645440,50.109417
20.165787,229.613585,49.543973
19.580181,229.668207,47.998140
19.079321,229.278616,47.648150
18.954737,228.832214,47.288478
18.774631,229.110041,46.873864
18.649341,228.176609,45.632145
18.723217,228.246755,45.016231
18.561092,228.512461,44.739826
18.227346,227.936223,42.641331
17.605080,227.413284,41.771062
17.429552,228.128212,40.653982
17.033472,228.028425,39.838241
16.979977,227.589793,39.031160
16.886731,228.023756,38.355060
16.515398,227.525425,36.682877
16.311240,227.304378,36.433009
16.197265,226.971760,36.126975
16.020737,226.882429,34.832902
15.928321,226.965961,33.836264
15.796687,226.868136,33.523759
15.519715,226.527148,32.779284
15.315129,226.572882,31.784764
15.082062,226.393621,31.299050
14.881974,226.147916,30.054075
15.098783,225.711057,29.545881
15.002769,225.706791,28.654647
14.893851,226.218856,27.943826
14.918926,226.336094,27.528539
14.849405,226.304902,27.155195
14.703981,226.068201,26.026443
14.772937,226.190899,25.320656
14.429842,225.929540,25.096919
14.222446,226.161679,24.625897
13.834917,226.106454,24.373696
13.823192,225.919680,23.730859
13.784966,225.794002,23.497798
13.721557,225.630949,23.198827
13.657180,225.655325,23.046040
13.141914,226.109002,22.247487
12.960166,226.221737,21.582741
13.016280,226.211342,20.775034
12.816914,226.245669,20.767588
12.568322,226.140979,20.601409
12.267373,225.986417,20.546001
11.832304,226.179089,20.536110
11.660078,226.169916,20.428343
11.288848,226.340096,20.230639
11.060452,226.335130,19.906688
10.801386,226.367672,19.435378
10.744288,226.431182,18.994950
10.539915,226.560458,18.702347
10.043756,226.656671,18.188089
9.975935,225.911047,18.265428
9.880427,225.234660,18.202569
9.782206,224.558464,18.275576
9.633181,224.138407,18.269987
9.285388,223.671909,18.623378
9.271455,222.641952,18.743980
9.327489,222.367298,18.931260
9.267739,221.654497,18.996535
8.795384,221.090254,19.365738
8.625723,220.657778,19.484339
8.466187,220.396636,19.564159
8.505160,219.788592,19.659684
8.417420,219.108424,19.930645
8.339242,218.643906,20.219434
8.361704,218.439064,20.239746
8.131876,218.213963,20.184788
7.707281,217.108574,20.147223
7.767170,216.665776,20.173315
7.680780,216.280774,20.492962
7.546913,215.938823,20.680882
7.586235,215.321864,20.719083
7.467245,214.962169,20.979191
7.248285,214.513749,21.253854
7.144330,214.227381,21.309560
7.159650,213.794969,21.414205
7.214035,213.079930,21.672132
7.304299,212.317028,21.883005
