3000
3
13.434284,122.070883,229.872484
13.687769,122.605440,229.964427
13.681488,122.610485,229.976790
13.684739,122.613580,229.971253
13.705036,122.717877,229.939988
13.844850,122.824931,229.981479
13.788044,123.113833,229.599599
13.765237,123.336383,229.580437
13.831399,123.648107,229.657261
14.130922,124.350278,229.470961
14.203412,125.009365,229.562325
14.258806,124.913965,229.633376
14.236633,124.957434,229.673557
14.311145,125.176505,229.629734
14.406354,125.692772,229.743765
14.377869,125.807409,229.790177
14.501229,125.989429,229.797793
14.494803,125.998730,229.809844
14.702233,126.412318,229.844192
14.692560,126.422259,229.857289
14.675653,126.500760,229.833592
14.816466,126.885930,229.406360
14.891992,127.147391,229.505071
15.109491,127.719605,229.574990
15.228947,127.837076,229.650781
15.201654,128.085823,229.692518
15.324356,128.624738,229.785745
15.589129,129.311165,229.958212
15.849849,129.726596,230.219781
16.118805,130.636325,230.420528
16.169098,131.057043,230.441156
16.097645,131.360499,230.299175
16.339653,131.621697,230.120615
16.349343,131.684166,230.049695
16.558042,131.956018,230.113718
16.658071,132.288240,230.059192
16.618011,132.372205,229.829145
16.628940,132.565208,229.800165
16.603646,132.708790,229.840022
16.894026,132.996379,229.923749
16.870983,133.127525,229.903841
17.093975,133.472839,230.013270
17.270654,134.062486,230.096931
17.322513,134.345445,230.086461
17.386893,134.449761,230.115500
17.435792,134.597728,230.111976
17.849320,135.364278,230.266947
17.995926,136.175426,230.386721
17.989609,136.278340,230.324929
17.989039,136.251428,230.049785
18.190191,136.576268,230.150086
18.553769,137.138364,230.327212
18.885474,137.763691,230.471495
18.885593,137.850635,230.485402
19.114932,138.458332,230.625694
19.224565,138.723725,230.654949
19.494524,139.295136,230.807936
20.283014,140.254111,230.367244
20.403031,140.491411,230.330825
20.464456,140.183340,230.366550
20.496933,139.950227,230.307510
20.607544,139.635559,230.321078
20.458476,139.065044,230.579053
20.379109,138.717767,230.584275
20.398156,138.538489,230.590594
20.563024,138.263526,230.532698
20.554513,138.040366,230.490059
20.571933,137.729423,230.530818
20.608643,137.383284,230.482946
20.556164,137.161946,230.430247
20.625876,137.086764,230.358565
20.642700,136.902335,230.338279
20.709302,136.676253,230.435812
20.768039,136.438606,230.316615
20.816331,136.196868,230.347191
20.904455,136.019034,230.386068
20.926364,135.930883,230.311105
20.960583,135.797339,230.281537
20.768211,135.429423,230.267230
20.749945,135.315041,230.205898
20.696500,135.087996,230.188236
20.701966,134.939688,230.227847
20.577964,134.643905,230.214304
20.668861,134.393149,230.319567
20.670502,133.936938,230.263635
20.769240,133.515361,230.280087
20.725311,133.367107,230.110232
20.788349,133.066834,230.120794
20.757464,132.736965,230.105550
20.562322,132.233408,230.034131
20.589101,132.045468,229.898604
20.406315,131.825943,229.863583
20.374573,131.649937,229.668659
20.301705,131.378976,229.598021
20.087794,130.977178,229.524107
20.057684,130.799796,229.591573
20.050173,130.710814,229.691476
19.987058,130.553755,229.636780
20.012738,130.522436,229.601803
19.824542,129.921024,228.950271
19.719857,129.754404,228.915084
19.543212,128.828326,228.784015
19.549851,128.568926,228.520812
19.449864,128.461152,228.475663
19.425520,128.310266,228.540597
19.254053,127.073804,227.636320
19.289681,126.854563,227.754534
19.243294,126.557449,227.667844
19.284522,125.762087,227.877876
19.318400,125.544872,227.884522
19.258969,125.482615,227.844418
19.271482,125.189284,227.986351
19.034399,124.968105,227.940861
19.034118,124.966504,227.940879
19.214029,124.827815,228.148429
19.291991,124.769891,228.058302
19.224736,124.658214,228.007027
19.194736,124.650814,227.979343
19.082345,124.268626,228.036547
19.082073,124.267118,228.036426
18.903787,124.020394,228.019412
18.874986,123.809326,227.990268
18.536467,123.447164,227.850723
18.652212,123.049026,227.634409
18.672223,122.606643,227.664891
18.663817,122.314381,227.640952
18.665668,121.921467,227.520298
18.707141,121.619985,227.458746
18.787864,121.353102,227.565805
18.719180,121.218596,227.502866
18.408782,120.439178,227.535998
18.321655,119.381964,227.273339
18.295634,119.345116,227.312691
18.266211,117.676820,227.221096
18.266106,117.675679,227.221018
18.258671,117.676405,227.180854
18.283051,116.944947,227.229521
18.192287,115.849801,227.209119
18.156298,115.101206,226.857359
18.251098,115.116222,226.896031
18.105200,114.555111,226.567354
17.818112,113.885011,226.417778
17.814301,113.884520,226.415356
17.798656,113.447026,226.555789
17.722618,113.109746,226.329466
17.748704,112.285092,226.339999
17.682180,110.851275,226.165048
17.728705,110.678951,226.087286
17.746864,109.896733,226.048327
17.632460,108.989716,226.197169
17.315563,107.577906,226.494700
17.069926,105.821250,226.385644
17.020063,104.204337,225.775415
17.053302,104.034115,225.801066
17.031565,103.232052,226.026182
16.815460,102.265835,225.289985
16.736982,101.736772,225.290434
16.658941,100.606792,225.390968
16.412735,99.724649,225.353937
16.404000,99.720863,225.369763
15.882469,97.844305,225.049318
15.878064,97.843380,225.024864
15.860398,97.238093,225.315196
15.800237,96.862753,225.464835
15.561256,95.781544,225.344169
15.728727,95.638081,225.164794
15.670941,95.245179,224.957846
15.532249,94.443581,224.977246
15.495391,92.703991,225.004698
15.584359,92.384133,224.535957
15.450698,91.685812,224.700806
15.422096,89.927286,225.283693
15.291981,89.249312,225.531931
15.304620,88.349564,225.570234
15.281155,88.315917,225.587250
15.243659,87.876711,225.922248
15.165999,87.654981,225.576929
15.375690,87.270968,225.040621
15.298155,86.915751,225.145004
15.353541,86.674017,225.107943
15.359035,86.546033,225.266370
15.359015,86.545148,225.266338
15.358995,86.544263,225.266306
15.358974,86.543378,225.266275
15.421015,86.023359,225.351239
14.786474,84.838735,225.399488
14.774807,84.808911,225.422857
14.726898,84.458653,225.514135
14.706178,84.421236,225.555568
14.365671,83.010190,225.427004
14.464462,82.111722,225.218666
14.464358,82.110798,225.217659
14.474781,81.062008,225.196855
14.661852,80.000399,225.261882
14.743336,79.992359,225.286440
15.028592,79.083319,225.318832
15.036305,78.665694,225.222631
15.214621,77.780701,225.271420
15.152658,77.504331,225.384497
15.336870,77.153513,224.777211
15.536708,77.154611,224.687060
15.530636,76.672544,224.576494
15.569763,76.487654,224.849802
15.491148,75.826177,225.150736
15.480883,75.809018,225.167380
15.656592,75.472290,224.880369
15.545849,75.094122,224.921766
15.648592,75.045917,224.954497
15.610377,74.528721,225.117036
15.892834,73.978461,225.403807
15.729969,73.862997,225.290249
15.808562,73.617047,225.151858
15.826821,73.242303,224.568069
15.892380,73.036753,224.821286
16.172980,72.260013,224.222785
16.101869,71.720936,224.343845
16.216901,71.178803,224.627167
16.029374,70.447680,224.649294
16.054069,68.746696,224.664085
16.094994,67.866706,224.331939
16.039449,67.646160,224.434430
16.263618,67.164010,224.287489
16.275666,67.183201,224.265957
16.275673,67.182638,224.265221
16.293123,66.205986,223.825983
16.281147,66.202365,223.802515
16.462225,66.134071,223.415489
16.465524,66.134784,223.408756
16.402306,64.792325,223.504321
16.347563,64.590914,223.591288
16.329868,64.565754,223.547642
16.329864,64.565125,223.547032
16.355940,64.023674,223.344221
16.451015,63.296228,223.187107
16.451071,63.295598,223.186521
16.461415,63.311382,222.704729
16.461476,63.310743,222.704135
16.210303,61.639854,222.030320
16.147239,61.503277,222.157666
16.187949,61.461477,222.110854
16.187405,61.188149,222.100306
16.094332,60.726430,222.063861
16.135558,60.364776,222.004927
16.214393,60.165324,222.098669
16.212653,60.149111,222.351351
16.036839,60.000983,222.027408
15.969364,59.324742,221.866871
15.929121,59.164663,221.996390
16.030428,58.780777,221.922024
16.041425,58.548307,221.843368
16.055544,58.243601,222.030290
16.216225,57.891965,222.151287
16.496127,58.044397,222.387730
16.485004,57.800224,221.903365
16.373440,57.309102,222.126503
16.418196,57.321559,222.187121
16.511758,56.949065,222.123495
16.676521,56.818460,221.564704
16.649284,56.420828,221.763766
16.763881,55.918543,221.835174
16.619216,55.442114,222.117115
16.654506,55.565922,222.150823
16.663110,55.580011,222.303841
16.717972,55.808816,222.243525
17.210192,54.234033,222.493919
17.279608,54.321843,222.395136
17.171873,54.001388,222.606624
17.192157,53.979983,222.588090
16.758700,53.180365,222.835892
16.752003,53.176352,222.848472
16.888794,53.021579,222.890367
17.114715,52.301687,222.780236
16.869470,51.989856,222.801406
16.898329,51.266524,222.568505
16.861686,51.105121,222.734677
16.761065,50.815516,222.911207
16.542475,50.171643,222.461343
16.439257,49.862457,222.504384
16.642250,49.328089,222.525102
16.899777,49.047544,222.915749
16.887749,49.039957,222.939447
16.903955,48.607619,222.691777
16.955625,47.605707,222.391498
16.921155,47.460342,222.325236
16.975403,47.390945,222.226335
16.894164,47.181401,222.274872
16.861776,47.057909,222.298875
16.791065,46.603022,222.127812
16.892783,45.987870,221.862127
16.881829,45.965895,221.893543
17.012538,45.782362,221.673158
17.079099,44.831404,221.355291
17.143895,44.980600,221.404879
17.143075,43.894958,221.568267
17.369522,42.941778,221.817186
17.353864,42.615516,221.881267
17.311868,42.489849,221.960854
17.310676,42.487860,221.962835
17.313964,42.301856,222.108457
17.339093,41.535470,222.007495
17.541746,41.760690,222.039750
17.688310,40.929208,221.893508
17.952957,39.855086,221.859726
18.006208,39.246565,221.800052
17.875324,38.960148,221.823543
17.861471,38.748440,221.683153
17.954634,38.840392,221.584374
18.039515,38.530866,221.436121
18.262165,38.630635,221.563446
18.575528,38.436169,221.604859
18.508919,37.670706,221.621880
18.709076,37.197585,221.144278
18.906547,36.762324,221.462944
18.967479,35.896015,220.987209
18.874775,35.768807,220.982342
19.047149,35.371223,220.971567
19.310776,34.285944,220.640794
19.285330,34.204470,220.690269
19.466084,34.502955,220.739802
19.568543,34.277519,220.878801
19.658105,33.969044,220.775346
19.709573,33.827723,220.713680
19.779095,33.327771,220.755691
20.190215,33.193077,220.916032
20.165324,33.124659,220.955315
20.470076,32.536381,221.326229
20.801708,32.847572,221.203125
20.957633,32.552618,220.972010
21.239168,32.747295,220.837430
21.507193,33.192403,220.540642
21.982579,32.614257,220.514788
21.972014,32.593952,220.243135
21.987814,32.613381,220.169350
22.091648,32.548037,220.009114
22.251265,32.602533,219.776132
22.914871,32.615761,219.017681
22.911978,32.604622,218.829619
23.143930,32.802947,218.633274
23.217447,32.916532,218.526873
23.269200,32.989680,218.444956
23.285687,33.003111,218.419984
23.374435,33.127093,218.188446
23.518559,32.872574,218.216545
23.824066,32.166050,218.269371
23.856153,32.209584,217.929541
23.958932,32.078662,217.471343
24.092200,31.775417,217.206786
24.160124,31.864828,217.099341
24.295957,32.037525,216.764692
24.329798,31.957216,216.114506
24.482996,32.062799,215.803275
24.881905,31.765161,215.554271
25.172598,31.573326,215.278800
25.345774,31.435236,215.429887
25.452846,31.183830,215.448007
25.694679,31.111850,215.172281
25.717360,31.168588,214.948825
25.771326,31.233558,214.864802
25.821672,31.258976,214.682918
25.955080,31.002345,214.152835
25.980470,31.032322,214.031201
26.277010,30.886938,213.691452
26.427766,30.298326,213.527034
26.420394,30.285125,213.431417
26.835928,30.380471,213.235959
27.142434,30.165174,212.695011
27.301559,30.078428,212.652380
27.424465,29.927304,212.458845
27.681547,29.534064,212.265843
27.971459,29.264243,211.910915
28.328939,29.373177,211.630118
28.284670,29.303895,211.384296
28.556426,29.288663,210.990025
28.879306,29.117857,210.873415
29.397792,28.825306,210.647154
29.467615,28.897181,210.452808
29.732594,28.409509,210.024269
30.019103,28.036874,209.735164
30.449773,27.772770,209.858529
30.835760,27.777394,209.409204
31.203661,27.733569,209.680963
31.317045,27.761809,209.718229
32.061442,28.066874,209.692888
32.737707,28.228785,209.126429
33.201428,28.173745,209.379145
33.448141,28.380394,209.203499
33.857258,28.288092,209.127950
33.983173,28.336039,209.174827
34.203728,28.332598,209.129945
34.551291,28.348501,209.037586
34.978098,28.090758,209.130332
35.292857,28.340516,208.806047
35.690546,28.265841,208.997186
36.121991,28.208620,209.064054
36.504229,28.246402,209.325493
36.544340,28.277856,209.399393
36.810058,28.396736,209.403603
37.426503,28.356899,209.592343
37.601905,28.307329,209.589171
37.808383,27.993011,209.841438
38.051163,27.677820,209.842930
38.666545,27.724389,209.928584
38.827999,27.425089,209.871193
39.081753,27.501319,209.819998
39.275101,27.545052,209.887599
40.174624,27.678840,209.903800
40.248868,27.627438,210.061083
40.509203,27.794555,209.882619
40.643765,27.674238,210.022518
41.086474,27.861807,210.158801
41.326991,28.032382,210.210588
41.353663,28.053375,210.288993
41.467089,28.133072,210.183657
41.734782,28.219811,210.439314
42.439465,28.055876,210.612293
43.081389,28.626667,211.100562
43.153199,28.617616,211.261003
43.154198,28.617895,211.262029
43.665927,28.862139,211.227892
44.002708,28.680086,211.339649
44.559503,28.586362,211.607724
44.835658,28.722018,211.428770
45.066401,28.897188,211.392791
45.552559,29.110628,210.902325
46.582574,29.155908,211.429863
46.915691,29.311454,211.213753
46.921740,29.281670,211.259374
47.415486,29.452992,211.421158
47.475833,29.444074,211.405141
48.228112,29.978056,211.416984
48.262942,29.934449,211.479538
48.561155,29.951814,211.510650
48.562016,29.952091,211.511265
49.166430,29.869635,211.447863
49.370892,29.973653,211.753418
49.685824,29.699027,211.734462
50.071197,29.552831,211.843312
50.560151,29.688665,211.509322
50.626985,29.665461,211.706723
51.275596,29.940204,212.261033
51.276333,29.940462,212.261885
51.275904,29.942850,212.270315
52.258465,30.140075,212.402843
52.259224,30.140189,212.403305
52.809706,30.259186,212.456044
53.666317,30.622142,212.647498
54.753589,30.859076,212.867622
55.114459,30.735240,212.729434
55.277800,30.764866,212.748463
55.279368,30.756311,212.760730
55.479688,30.874971,212.953667
56.080845,30.859423,213.300631
56.299391,30.955518,213.129415
56.510203,31.079081,212.995518
56.686098,31.199875,212.916259
57.082718,30.896754,213.239830
57.879166,30.740693,213.776897
58.246285,30.527826,214.004160
58.731363,30.542730,213.650805
58.813363,30.629435,213.537623
59.060777,30.800765,213.281866
59.589456,31.022949,212.884509
60.263958,31.408877,212.681026
60.728249,31.639095,212.467096
61.460100,31.942664,212.747977
61.722005,31.667638,212.518762
62.880363,31.802808,212.435110
62.910240,31.821460,212.431027
63.052360,31.532021,212.547981
63.629189,31.885605,212.826710
64.349035,31.716128,212.786097
64.357246,31.724270,212.757931
64.525956,31.827794,212.828107
64.966318,31.956995,213.470915
65.492213,32.203432,214.099346
65.762222,32.367692,214.058716
66.389144,32.741046,214.076814
66.911552,33.025922,214.081910
67.242493,33.145985,214.006112
68.025558,33.433102,214.311471
68.198665,33.550425,214.178278
68.219311,33.511839,214.212317
68.826805,33.637196,213.829478
69.185606,33.736314,213.754341
70.246506,33.898858,214.224485
70.388209,33.826790,214.123827
70.363186,33.248382,214.273024
70.471575,33.141442,214.363183
70.766658,33.360396,214.334216
70.962408,33.512949,214.199161
71.714764,33.883568,214.433509
71.737737,33.919987,214.336809
72.559947,34.310962,214.470126
72.839758,34.126373,214.418033
73.558292,34.002559,214.785356
73.742597,34.099840,214.670907
74.193396,34.415337,214.835967
74.526107,34.608828,214.665773
75.317872,35.228088,214.695383
75.997573,35.946044,214.724391
76.069364,36.016276,214.714747
76.684987,35.584628,214.763155
77.048203,35.819735,214.538773
77.053717,35.856355,214.466700
77.158999,35.972893,214.525849
77.349757,36.067989,214.395605
77.569845,36.272649,214.395246
78.040041,36.590564,214.262691
78.474965,36.362700,214.449649
78.514519,36.418922,214.373654
79.610145,36.529118,214.190942
80.015334,37.082956,214.313482
80.190348,36.980976,214.412231
80.393079,37.009782,214.175395
81.739193,37.494134,214.462291
82.424379,38.165419,214.844595
82.936731,38.125089,214.992939
82.984250,38.202392,214.914386
83.956866,39.176337,215.169744
83.971730,39.252805,215.104750
84.651102,39.310122,215.736907
85.103121,39.223280,215.658187
85.536510,39.947276,215.705975
85.537034,40.002791,215.672694
85.995782,39.922497,215.723175
85.996392,39.921113,215.724781
86.244030,39.940053,215.548941
86.250989,39.964595,215.582706
86.931611,39.960632,215.950438
86.929022,39.968886,215.972425
87.164375,40.019899,216.495299
87.536353,40.265326,217.012062
87.660720,40.225005,216.931987
88.102433,39.994590,217.153463
88.291679,40.161338,217.148392
89.459834,40.379843,217.287375
89.822404,40.581152,217.918642
89.822897,40.581125,217.919330
90.402561,40.449206,218.324076
90.808983,40.327407,218.320221
91.176269,40.537888,218.828813
91.693099,40.751241,219.458666
92.498245,41.093957,220.031216
93.309766,41.256265,220.822665
93.520080,41.555968,220.958156
93.546213,41.625159,220.948015
94.608040,41.585108,220.884194
94.923695,41.191855,220.561710
95.300486,41.050477,220.824128
95.301281,41.042785,220.825496
96.005273,41.267501,220.856065
96.990489,41.191870,220.664276
97.289163,41.411119,220.436577
97.437256,41.271222,220.474620
97.677276,41.677590,220.386109
97.845116,41.772649,220.277268
97.899370,41.713054,220.282136
97.912302,41.691810,220.240941
98.075538,41.770394,220.162495
98.613100,42.094810,219.957789
98.612812,42.163053,220.058647
100.268564,42.994467,220.433876
100.597274,43.033770,220.529406
100.618374,43.041560,220.702575
100.643441,43.038331,220.782861
100.689217,43.138872,220.704112
100.690028,43.136009,220.713690
101.330160,43.448350,220.443307
101.599295,43.309507,220.605265
102.147680,42.785119,221.164816
102.292249,42.099368,221.059064
103.801670,43.053161,221.101466
103.820528,43.020776,221.073427
103.820522,43.024067,221.074401
103.821318,43.024261,221.074117
105.245972,43.477229,221.380856
105.251371,43.487643,221.375550
106.043904,43.838430,221.366818
106.046041,43.831662,221.361938
106.578013,44.141659,221.115170
106.839537,44.032646,220.885095
107.082466,42.947793,220.432230
108.129769,43.034259,220.228705
108.947966,43.245501,220.470632
109.234974,43.410935,220.489900
110.171910,44.561288,220.342165
110.195703,44.561755,220.305265
110.733179,44.808689,220.108139
111.342225,44.973835,220.174189
112.445166,45.453400,220.219635
113.299697,44.779258,219.819229
113.883635,44.983768,220.229861
114.993585,45.017051,220.759692
115.135573,45.122852,220.669527
115.257418,45.046972,220.675844
115.824338,45.229014,220.854510
116.048529,45.420051,220.713753
116.266448,45.492934,220.877147
116.514976,45.513879,221.164335
116.881987,45.729589,220.979795
117.607761,45.874035,221.559467
117.978218,45.787720,221.923148
118.186658,45.918933,222.472055
119.022137,46.343358,223.560134
120.005335,46.823094,223.532706
121.141487,46.446947,223.068881
122.195910,47.014654,223.647878
122.319796,47.193462,224.032123
122.536532,47.237817,224.109420
123.417637,47.536475,224.363780
124.348064,47.760541,224.475776
124.349592,47.754196,224.480376
124.572377,47.759642,224.407389
124.999183,47.499702,224.600717
125.157404,47.500794,224.707812
125.608603,47.388364,224.526947
126.051611,47.754011,224.265373
126.817586,48.157666,224.534856
127.669895,48.563267,224.595318
127.949641,48.666309,224.393873
128.718536,48.374590,224.573366
129.659275,48.945534,224.875704
129.659736,48.946035,224.875763
130.660565,48.970209,224.855441
131.804471,49.466502,225.342785
132.108280,49.505272,225.464232
132.616817,49.768955,225.277161
133.095745,49.835934,224.891505
133.122528,49.814750,224.904433
133.138269,49.809664,224.953721
133.159164,49.763742,224.971405
133.161460,49.759664,224.968312
133.475918,50.282297,225.046380
133.811454,49.665565,224.862025
134.206992,49.910735,224.691470
135.016693,49.598921,224.838805
135.498333,49.850460,225.445330
135.508850,49.825982,225.462230
136.200080,50.108201,225.728977
137.577901,50.367215,225.432447
137.710412,50.319569,225.393205
138.059722,50.587906,225.016277
138.306183,50.537002,225.188702
138.552243,51.134944,224.983121
139.381439,51.065660,225.124818
140.587294,51.881017,225.586631
141.310477,52.162854,225.448258
141.831930,52.466488,225.403220
141.931076,52.399236,225.353508
142.567117,52.270991,225.552032
143.376603,52.394001,226.485337
143.565498,52.500502,226.524148
144.093616,52.516687,226.941082
144.742480,52.788840,227.321344
144.870895,52.889600,227.250644
145.112396,52.842990,227.154044
145.973227,53.367588,226.805767
146.775585,53.457993,226.053308
146.835056,53.420173,226.105773
147.046211,53.333582,225.741724
148.090849,53.836823,225.436561
148.094901,53.828551,225.434507
148.379879,53.900159,225.706613
149.068360,54.028912,225.703726
150.049488,54.395485,226.153583
150.048994,54.405775,226.144891
150.054553,54.410610,226.142354
150.055931,54.408521,226.143284
150.697119,54.127834,225.944146
150.888966,54.255621,225.863435
151.341142,54.719478,225.775146
151.382547,54.831229,225.777473
151.585267,54.966213,225.694890
152.075942,54.925054,225.846268
152.072497,54.970619,225.828368
152.081297,55.123727,225.863042
152.078956,55.133663,225.865205
153.017150,55.313986,225.719947
153.566440,55.740697,225.478206
154.217060,56.190537,225.609565
154.217275,56.191889,225.610406
154.259639,56.021006,225.250683
154.650455,56.260823,225.018742
154.937855,56.582036,224.843635
155.397759,56.423836,224.543228
155.688873,56.739199,224.398877
155.948276,56.940891,224.624483
156.276361,57.146364,224.419985
156.333465,57.148554,224.344944
156.939590,57.531483,224.102671
157.616007,57.965483,224.319575
158.402275,57.787761,224.165464
158.538160,57.894058,224.144126
159.022661,57.939254,224.036741
159.024347,57.933624,224.033665
159.038334,57.946974,224.055914
159.520085,57.878763,223.820341
159.508580,57.932123,223.791486
159.509044,57.932380,223.791373
159.557706,57.934647,223.763897
159.561733,57.933714,223.760342
159.761601,57.662263,223.738711
159.761849,57.662719,223.734539
161.233801,57.883083,223.265987
161.500278,58.134723,223.141439
161.501301,58.135946,223.147166
164.219013,59.110961,223.954286
164.190133,59.072323,223.849645
165.028569,59.262762,224.082498
165.024636,59.286561,224.088780
165.587539,59.676969,224.095059
166.070572,59.868037,223.708674
166.127167,59.856307,223.760213
167.011811,60.173320,223.992594
167.010628,60.186986,223.996365
167.047911,60.355473,224.044691
167.927446,59.902762,224.066844
168.299050,60.172622,224.137591
169.015032,59.847503,223.975914
169.118939,60.036909,223.869033
169.330409,60.118572,223.728948
169.439579,59.987911,223.723645
169.874893,59.898976,223.320670
169.875321,59.899937,223.320322
169.937645,60.064793,223.226328
169.946162,60.030923,223.216851
170.076937,60.133402,223.206925
170.377882,60.629806,222.593640
170.378247,60.632641,222.593619
170.761044,60.540681,221.977559
171.087841,61.083088,221.897051
171.169303,61.029117,221.797892
171.176910,61.008637,221.787271
171.954239,60.628423,221.759084
171.959897,60.603065,221.727505
172.440986,60.707887,221.439927
173.046663,60.357657,221.214694
173.289768,60.366561,221.315661
173.795806,59.632544,221.134383
174.354423,60.257343,220.885196
174.548052,60.591333,220.849606
174.788276,60.706384,220.745383
175.213876,60.205065,220.997857
175.922829,60.108258,220.500484
176.396847,60.283349,219.986268
177.006514,60.078462,220.271008
177.019375,60.101281,220.295710
177.111916,60.073450,220.305692
177.426668,60.158810,220.188412
177.432635,60.182642,220.194927
177.448842,60.098762,220.206663
177.719860,60.383056,220.307754
178.104616,60.664074,220.195401
178.522916,60.415724,219.910303
178.959240,59.749600,219.650450
178.972930,59.619637,219.645327
179.105395,59.615899,219.648306
179.715084,59.256432,219.425420
179.715406,59.255476,219.425267
180.001970,58.979010,219.513011
180.002363,58.978331,219.512954
179.983972,58.918853,219.494075
180.088654,58.967100,219.275334
179.909339,58.939103,218.699015
179.991060,58.879794,218.530216
179.991428,58.879612,218.529935
179.966014,58.816080,218.357350
180.372044,58.946102,218.215931
180.756265,59.186330,218.104074
180.689649,58.932575,217.832680
181.270888,59.361696,217.835606
181.271285,59.361506,217.835356
181.495264,59.258406,217.889996
181.897703,59.069626,217.545510
182.394765,58.959964,217.797495
182.630717,58.706138,217.407388
182.569034,58.278717,217.166414
182.642973,58.439363,217.154723
182.654319,58.363032,217.194449
182.698867,58.429527,217.152036
182.699373,58.429591,217.151845
183.107797,58.208603,217.000554
183.288915,58.134400,216.404111
183.973734,58.364460,216.540130
184.250707,58.170496,216.668386
184.831086,58.384028,216.310628
185.939738,58.351676,215.389092
185.983903,58.527776,215.296025
185.996338,58.460815,215.257199
186.745551,58.248538,215.110453
186.773563,58.084335,215.036710
186.779844,58.104191,215.036841
186.800691,58.137986,215.054004
187.073304,58.275469,214.723883
187.187258,58.466067,214.769857
187.864306,57.651027,214.735763
188.033394,57.664667,214.838851
188.105211,57.542641,214.910960
188.173975,57.528598,214.960925
188.431339,57.558848,214.920503
188.800428,57.454400,214.500131
188.832822,57.505069,214.519978
189.050332,57.287366,214.662348
189.048358,57.267202,214.675587
189.048591,57.247212,214.694448
190.276554,57.199172,214.855539
190.583340,56.991701,214.514798
190.601809,57.012711,214.524973
190.666371,56.942349,214.530260
190.700892,56.969551,214.471342
190.724900,57.007743,214.486060
190.842795,56.915627,214.292650
190.885721,56.915277,214.302312
191.733208,56.447262,214.025843
191.977601,56.644586,213.819861
192.138651,56.642730,213.931265
192.148893,56.382885,213.989845
192.277281,56.087684,213.801345
192.298710,55.575137,213.689006
192.715686,55.407144,213.419105
193.340187,54.435398,212.863227
193.769146,54.597150,212.437167
193.931380,54.625551,212.568557
194.550570,54.346579,212.224912
195.290920,53.757956,212.172891
195.457380,53.811340,212.182532
195.845623,54.202124,211.713315
196.706742,54.570617,211.137754
196.869083,54.437820,211.258668
196.870271,53.784451,211.171973
196.988195,53.591332,211.267655
197.251200,53.067582,211.338643
197.641070,52.869168,210.999107
198.353210,52.755928,210.948725
198.481434,52.423478,210.700683
199.930127,52.349174,209.482565
199.914544,52.081813,209.241833
200.211895,51.899773,208.791956
200.240705,51.806572,208.595281
200.238730,51.814453,208.586970
200.321903,51.686074,208.500530
200.322050,51.685972,208.499861
200.492330,51.697244,208.230263
200.727638,51.625776,208.088087
200.882355,51.755578,207.997869
201.327703,51.781787,207.440182
201.552058,50.954834,207.331693
201.550305,50.972288,207.316448
201.476143,50.851118,207.249717
201.645258,50.672242,207.262337
201.654668,50.669472,207.270225
201.569765,50.285613,206.966923
201.705122,50.181958,206.767827
201.702733,50.212568,206.735314
201.739345,50.128525,206.741397
201.673680,49.980130,206.636152
203.157174,50.403116,205.257314
203.329639,50.050691,204.833681
203.330860,50.088663,204.794576
202.870489,49.916042,204.170230
202.776532,49.715149,204.078025
202.929389,49.618365,203.809799
203.126165,49.706289,203.726352
203.192702,49.783383,203.680059
203.424527,49.563591,203.125511
203.495538,49.318547,203.004849
203.581565,49.075245,203.004204
203.709579,48.950653,202.960064
203.927789,48.954343,202.671034
203.999296,48.886279,202.743674
204.018636,48.844437,202.713123
204.087250,48.779142,202.780905
204.087314,48.778692,202.780513
204.050103,48.773079,202.699632
204.056419,48.789622,202.689825
204.068325,48.791271,202.676727
204.149489,48.691398,202.781880
204.264607,48.472448,202.648585
204.339236,48.428110,202.689462
204.656603,48.226177,202.235335
204.656793,48.225775,202.234980
205.012548,48.419940,201.855187
205.041729,48.533857,201.743666
204.950131,48.390651,201.648516
205.039474,48.301222,201.745337
205.041607,48.302342,201.744281
204.718270,47.614886,201.180762
204.796486,47.717095,200.910729
204.791482,47.677975,200.911318
204.667803,47.306786,200.872432
204.678157,47.286635,200.894187
204.639740,47.144960,200.819157
204.717818,47.096506,200.846878
205.537049,46.286708,200.506873
205.537639,46.285958,200.507153
205.737182,45.580495,200.219894
205.838955,45.615859,199.920329
206.118553,45.483702,199.604058
206.621266,45.115800,198.714612
206.646820,45.103331,198.705801
207.016608,44.336824,198.802466
207.103249,44.233202,198.825884
207.935878,44.166793,198.956996
207.838990,43.897554,198.669345
207.974505,43.926709,198.267147
208.040379,43.952240,198.268577
208.062168,43.911543,198.248590
208.531890,43.578838,197.774126
208.778663,43.396349,197.448049
209.014972,42.517416,197.394238
208.908848,41.593517,196.728373
209.051092,41.442763,196.785413
209.321756,41.679905,196.268724
209.625434,41.894339,195.846384
209.877721,41.711137,195.532572
209.835478,41.752925,195.464517
209.967881,41.291918,195.019650
210.093737,41.128433,194.668779
210.596926,41.269623,194.470833
210.365782,41.018032,194.142730
210.603624,40.938879,193.720282
210.588858,40.952694,193.699446
210.594018,40.938715,193.641117
210.568240,41.094839,193.453058
210.604169,41.082025,193.391505
209.802656,40.554392,192.301830
209.823231,40.542995,192.228848
209.786875,40.488969,192.000707
209.934415,40.408244,191.659551
210.317036,39.976808,191.111000
210.231156,39.754705,190.715214
210.218752,39.762524,190.698151
210.246529,38.922500,190.268848
210.264872,38.905980,190.279757
210.536181,39.196942,189.946072
210.501870,39.226260,189.896247
210.515836,39.213069,189.902662
210.713528,38.103720,189.505387
210.974978,37.827990,188.799652
211.392978,37.981091,188.989104
211.349328,37.810752,188.825329
211.452943,37.509310,188.300213
211.408697,37.463195,188.272365
211.414407,37.456744,188.276168
211.665774,37.325657,188.034755
211.540657,37.110988,187.268597
212.373822,36.612886,186.373830
212.319813,36.672742,186.274833
212.626568,36.730653,185.757170
212.620219,36.738077,185.750193
212.532223,36.881983,185.154990
212.466909,36.811421,184.947509
212.495900,36.778913,184.780221
212.504508,36.771521,184.783588
212.459238,36.835457,184.681111
212.544789,36.762066,184.598386
212.943964,36.090793,184.163451
212.891746,36.187433,184.026286
212.601704,35.914676,182.834491
213.040719,36.003769,182.121370
213.014145,36.026643,182.100772
213.042218,35.987433,182.070327
213.429467,35.763577,181.446273
213.470076,35.755108,181.385836
213.292006,35.592626,181.096769
213.267384,35.467377,180.017943
213.401924,35.302353,179.330008
213.372874,34.570890,177.852717
213.243020,34.574978,177.518083
213.100822,34.897499,176.607527
213.167751,35.066235,176.170370
213.176628,35.058621,176.161705
213.054294,35.020206,175.836657
213.128920,34.465032,175.666726
213.240701,33.841483,175.147408
213.278195,33.984013,174.883923
213.315781,33.936569,174.879336
213.315619,33.936172,174.878792
213.323525,33.927372,174.879448
213.499394,33.848592,174.537545
213.661833,33.657807,173.867198
213.688591,33.414599,173.388851
213.917616,33.294680,173.372416
213.403780,32.555389,172.637601
213.627942,32.405632,172.177487
213.742380,32.318836,172.107716
213.672652,32.010662,171.905827
213.497384,31.856823,171.682285
213.289339,32.015242,171.260036
213.371199,31.803390,170.735789
213.370898,31.803472,170.735074
213.129207,31.903140,170.265398
213.648831,31.923508,169.334824
213.572705,32.001582,169.099117
213.864735,31.882201,168.592348
213.797467,31.064304,167.753835
214.445243,31.031183,167.071521
214.313025,31.128158,166.402648
214.136603,31.051068,166.080109
214.392494,30.880806,165.589574
214.532925,30.887281,164.666331
214.438540,30.857879,164.563682
214.250062,30.175978,163.513176
214.144943,30.091323,163.200923
214.061552,30.179750,163.069183
214.398402,30.222707,162.358298
214.377888,28.739597,161.704645
214.375646,28.391553,161.045867
214.375762,28.390732,161.045603
214.372039,28.387519,161.046469
214.388482,28.305994,160.705603
214.069093,27.566724,160.159622
214.075724,27.561207,160.161215
214.289433,27.446734,159.917406
214.246155,27.507139,159.835838
214.239275,27.511995,159.833302
213.679919,27.554496,158.916710
213.675042,27.557400,158.915401
213.654922,27.274396,158.554313
213.943551,27.046439,157.178671
213.980341,27.134448,156.545422
213.917687,27.065964,156.138924
213.951260,27.018363,155.440643
213.731226,26.611234,154.962380
213.834813,26.744909,154.847654
213.861170,26.811807,154.805386
213.722380,26.919757,154.425325
213.688190,26.695587,154.317254
213.997793,26.637989,153.282445
214.127944,26.480028,153.133544
214.128046,26.479966,153.133030
214.202822,26.431848,153.003080
214.208695,26.432086,153.001521
214.015150,26.284438,152.179674
213.698885,26.223361,151.869361
213.681115,26.122904,151.880682
213.385439,25.589129,151.289696
213.243899,25.728499,150.863131
213.070988,25.833047,150.453056
213.132788,25.869647,150.409047
213.204113,25.816752,150.144282
213.461830,25.266861,149.151134
213.175104,24.693739,148.518859
213.171782,24.730044,148.446915
212.710815,24.642180,148.043982
212.921769,24.523383,147.730588
212.921596,24.523338,147.730133
213.124538,24.668245,147.164550
212.989034,24.697674,146.897043
212.700982,24.322838,146.171539
212.676949,24.311772,146.171547
212.850245,24.226691,145.793089
212.826790,24.186300,145.787216
212.784941,24.127094,145.759870
212.784832,24.126966,145.759454
212.991174,23.760605,145.238221
213.049938,23.761674,145.122036
212.855431,23.637446,144.921522
212.832397,23.583960,144.889464
212.047423,22.110010,143.492672
212.061097,22.102292,143.493445
212.090789,22.023438,143.366416
212.227859,22.058033,143.187357
212.314925,22.153461,143.133184
212.314945,22.153163,143.132784
212.392499,22.158336,143.014054
212.201533,22.173856,142.623549
212.390397,22.099317,142.288494
212.320256,21.428046,141.398883
212.390118,21.302050,140.741415
212.460075,21.350233,140.622908
212.457427,21.353032,140.621618
212.368960,21.334292,140.437888
212.365669,21.336074,140.406796
211.969423,20.961221,139.664880
212.358708,20.799402,138.965888
212.230220,20.864011,138.385580
212.226833,20.864996,138.385177
211.974438,20.813469,137.747851
211.457454,20.706159,137.343533
211.565632,20.770934,137.216543
211.477724,20.723731,137.136788
211.712278,20.814101,136.386501
211.628836,20.532810,136.309375
212.019600,20.354488,135.684060
211.906630,20.409230,135.605974
211.578862,20.038646,134.965674
211.999178,19.979012,134.367209
211.979361,19.944951,134.372374
211.600284,19.891005,133.660700
211.612705,19.885594,133.659877
211.694212,19.835786,133.605863
211.993475,19.674110,133.052544
212.131608,19.559657,132.528782
212.272994,19.581814,132.253269
211.599650,19.275654,131.788627
211.594379,19.276983,131.787796
211.239345,19.280735,131.067903
211.173241,19.241012,131.018049
211.016834,19.231110,130.264094
211.071979,19.437729,128.961748
210.726634,19.371299,128.326670
210.795428,19.345835,127.954803
210.853580,18.964642,126.452990
211.094402,18.857887,126.040201
210.781218,17.895524,124.818564
210.720697,17.650211,123.707412
210.771528,17.661621,123.688181
210.524505,17.661434,123.567753
210.532414,17.671194,123.564228
210.359043,17.690464,123.259815
210.359330,17.806769,122.017285
210.301907,17.830514,121.983082
210.294092,17.833627,121.982382
210.838318,17.853545,122.135938
210.127758,17.742224,121.873010
210.095078,17.754654,121.863416
209.937246,17.711564,121.505329
209.932741,17.709938,121.505727
209.442257,17.216656,120.627565
209.139599,17.129011,118.760696
209.396028,17.015011,118.174981
209.266245,17.065882,118.066394
209.141543,17.175013,117.265077
209.141145,17.174565,117.264459
209.311366,17.149719,117.018318
209.019187,17.069486,116.564670
208.632705,16.982908,116.068903
208.665641,17.185723,115.100108
208.697828,17.214583,115.051193
208.699255,17.216936,115.050162
208.919497,17.259926,114.768845
208.918147,17.258200,114.768923
208.730229,17.165344,114.478997
208.722246,17.160197,114.479599
208.680909,17.175218,114.471410
208.332016,17.087048,113.830472
208.329381,17.091321,113.829529
208.377349,17.123691,113.767961
208.329526,17.141166,113.757665
208.093532,17.093983,113.707729
207.750978,16.962655,113.283078
207.744631,16.960749,113.284259
208.059450,16.818025,112.786820
208.235793,16.693045,112.285823
208.438707,16.597455,111.766648
207.913005,16.662827,111.436407
208.166705,16.541803,110.931539
207.941146,16.486112,110.251516
208.020358,16.457655,110.213913
208.250248,16.342867,109.743789
208.263624,16.349136,109.739941
208.320716,15.644392,108.580911
208.231747,15.619705,108.578555
208.358894,15.400923,107.515480
208.466913,15.348058,107.412200
207.262337,15.193648,105.358846
207.018012,15.138583,105.328351
207.169225,15.230487,105.066957
206.696528,14.701172,104.151123
206.031300,14.593683,103.742893
205.515618,14.497337,103.375583
205.514324,14.497170,103.375420
205.418617,14.509125,103.349595
205.414540,14.508439,103.350095
205.418059,14.508772,103.348765
205.678947,14.305180,102.357560
205.746555,14.288677,102.313609
206.087144,14.419646,102.020480
206.204206,14.515394,101.835315
205.649202,14.581616,100.788711
205.960558,14.601092,100.688085
205.732535,14.511059,100.296452
205.764005,14.623504,99.701288
204.944923,14.592739,99.157704
204.911727,14.117755,98.271274
205.112150,13.907228,97.415040
205.057174,13.434057,96.966967
204.768591,13.029569,96.112678
204.768560,13.029544,96.112167
204.904139,13.084483,95.832578
204.979208,13.095137,95.776935
204.938314,13.246748,94.543985
204.926337,13.192806,94.468411
203.559411,12.998702,93.875331
203.442085,12.855973,93.779968
203.262751,12.897521,93.626775
203.266958,12.215942,92.910717
203.271527,12.216450,92.909066
203.541878,12.001138,92.667589
203.763842,12.040626,92.475624
203.409273,11.993927,92.326229
203.633296,11.938026,91.703617
203.718560,11.925587,91.654840
203.680521,11.938640,91.638001
203.692978,11.935742,91.637111
204.176871,11.934739,90.560558
204.144169,11.936455,90.531935
204.356445,11.802732,90.007875
204.371293,11.799615,89.953031
204.617879,11.693278,89.495789
204.801136,11.637816,89.106780
204.823240,11.631715,89.098994
204.808084,11.637629,89.097784
204.657285,11.459501,88.178047
204.357819,11.664632,86.597998
204.475550,11.680718,86.535108
203.519898,11.597023,86.073166
203.428371,11.617675,86.033855
202.073154,11.545482,84.595482
202.153896,11.617817,84.246294
201.623276,11.603408,84.103056
201.920352,11.693088,83.757318
200.006805,11.517942,82.818803
200.213538,11.432441,82.389597
200.025826,11.492811,81.576785
200.011157,11.495018,81.579537
200.165376,11.444563,81.203478
200.504982,11.485697,80.734830
200.792754,11.427435,80.205825
199.776368,11.371238,79.441019
199.775884,11.371249,79.440642
199.747559,11.366034,79.448036
199.752250,11.344528,79.365907
199.641538,11.363888,79.298366
199.640890,11.363880,79.298108
199.640243,11.363871,79.297850
199.419311,11.463075,78.432874
198.944000,11.382195,77.982876
198.726362,11.507239,77.406697
198.642750,11.026607,76.368774
198.654316,11.067310,75.653940
198.261123,11.118182,75.098369
198.251398,11.116818,75.101229
198.177748,11.237149,74.457881
196.213091,11.026373,72.714399
196.211993,11.026277,72.714359
196.058454,11.106935,71.901248
196.317391,11.028364,71.529809
196.317681,11.028455,71.529236
196.184980,10.932369,70.749554
196.431689,10.855857,70.393328
196.379074,10.869073,70.388403
196.378969,10.868949,70.387992
196.661698,10.762930,69.320743
196.578146,10.739650,69.303785
196.502200,10.753693,69.295015
196.544854,10.853947,69.226708
196.494249,10.900510,69.096271
196.211851,11.045924,67.880906
196.183684,11.030566,67.813568
196.209559,11.035600,67.800212
196.503120,11.114561,67.377602
196.347307,11.090601,67.262740
195.903468,10.867709,66.025194
195.682561,10.488955,65.655726
195.683145,10.489330,65.654267
195.343079,10.420560,65.304064
195.342825,10.420474,65.303500
195.353004,10.341450,64.944476
195.237403,10.361470,64.905288
195.002568,10.344561,63.509431
195.001862,10.343104,63.501185
194.768799,10.095279,63.322087
194.619677,9.842901,62.697484
194.746970,9.868448,62.577130
194.746700,9.868410,62.576819
194.746430,9.868372,62.576507
194.522077,9.817022,62.359653
194.479152,9.932798,62.205397
193.951469,9.867082,61.880137
193.024588,9.785427,61.469977
193.164240,9.820313,61.275637
193.112284,9.863428,61.044406
193.254147,9.898949,60.846728
193.253752,9.898900,60.846430
193.240013,9.896718,60.841717
193.239618,9.896669,60.841420
193.275840,9.888067,60.823005
193.497246,9.807766,60.495086
193.039823,9.907447,59.747466
193.039432,9.907397,59.747180
192.775678,9.966146,59.339642
192.385051,9.915782,58.776623
192.439394,9.788183,58.192082
192.195731,9.819224,57.669046
192.421037,9.896853,57.287946
192.419923,9.897238,57.288191
191.652175,9.886292,57.001619
191.152143,9.840666,56.756808
191.193303,9.645875,55.767897
190.411597,9.590495,55.486046
190.126853,9.599635,55.191342
189.538882,9.578587,54.701151
189.604674,9.451403,54.453764
189.392982,9.469254,53.667283
189.683002,9.396765,53.379081
188.534561,9.425123,52.368452
187.864654,9.371724,51.273940
187.272196,9.310391,51.007358
187.269902,9.306640,51.006062
186.746026,9.178132,50.483369
186.745298,9.178019,50.483172
186.744537,9.206769,50.476390
186.436195,9.248896,50.246802
186.392132,9.243169,50.268858
185.959499,9.206818,50.077968
185.942386,9.163339,49.830979
185.376569,9.112480,49.596020
185.238618,9.044294,48.973294
185.014895,9.129226,48.792577
184.452913,9.077563,48.533188
184.747965,9.014961,48.273752
184.713282,9.141797,48.104402
184.724464,9.138390,48.095302
184.887083,9.119511,47.797789
184.994116,9.146155,47.630689
184.482183,9.402592,47.175592
184.859892,9.374997,46.819752
184.215633,9.197415,46.001147
184.030235,9.208625,45.539421
184.559710,9.088513,45.201630
184.833925,9.035327,44.955782
184.738727,9.015086,44.561689
184.482445,8.964763,42.789580
184.220469,9.016946,42.368543
184.220526,9.016958,42.368005
184.257593,9.043163,42.085163
184.151623,8.769120,41.251126
183.777578,8.820509,40.845943
183.826954,8.826168,40.815825
183.793990,8.840713,40.819055
183.793715,8.840760,40.818623
183.831556,8.933280,40.045035
183.870769,8.959168,39.936835
183.835533,8.955169,39.941534
183.835159,8.955204,39.941128
183.805425,8.935535,39.751394
183.805420,8.942398,39.115344
183.437917,8.916206,39.001768
183.299099,8.625145,38.553870
183.252094,8.535587,38.388313
183.328521,8.746039,37.742050
183.312819,8.753585,37.737628
183.276540,8.748168,37.731194
183.257717,8.744302,37.722447
182.997280,8.794069,37.253981
182.996499,8.794055,37.253637
182.726266,8.832813,37.039955
182.721575,8.832401,37.040191
182.912757,8.846910,36.934938
183.183421,8.919876,36.552773
183.010049,8.437505,36.120643
182.730536,8.322426,35.795660
183.036505,8.199924,35.446790
183.053694,8.201273,35.443379
183.405362,8.231177,35.177941
183.619871,8.430830,34.907504
183.778777,8.443245,34.861621
183.507410,8.321109,34.649413
183.192110,8.341813,34.276898
182.737188,8.430108,34.089619
182.945809,8.444036,34.010102
182.945596,8.443980,34.009704
183.117302,8.417149,33.792319
182.891000,8.463278,33.430118
182.706685,8.696401,33.097734
182.580460,8.543164,32.896949
183.003652,8.551112,32.497500
183.003549,8.551074,32.497142
182.872187,8.657251,32.425753
183.331694,8.686251,32.125567
183.178793,8.473184,31.608774
183.463430,8.443252,31.392384
183.463728,8.700509,31.177998
183.296740,8.669972,31.066713
182.978412,8.631817,30.966301
182.978046,8.631996,30.965006
183.295912,8.603979,30.731331
183.246792,8.622201,30.725414
183.500052,8.178451,30.251674
183.432199,8.165519,30.203113
183.314742,8.152902,30.155726
182.873453,8.181193,29.919897
182.754273,8.205232,29.875215
182.743554,8.250942,29.632772
182.473882,8.402141,29.373908
182.473356,8.402206,29.373468
182.309403,8.343359,28.927993
182.252779,8.402676,28.885644
182.252712,8.404212,28.884885
182.235398,8.356852,28.710370
182.166390,8.346689,28.674837
182.125517,8.336646,28.639716
181.656405,8.351350,28.446556
181.748266,8.366162,28.189416
181.739826,8.364073,28.190145
181.704026,8.355219,28.159879
181.697021,8.334944,28.103101
181.568701,8.344123,28.051716
181.464885,8.417865,27.703444
181.463474,8.417793,27.702913
181.193158,8.395237,27.628518
181.122816,8.380334,27.580875
181.162420,8.458314,27.137923
181.095523,8.501923,26.909993
181.161017,8.502816,26.747417
181.096219,8.497413,26.725669
181.074537,8.490779,26.705013
181.035222,8.428974,26.615887
180.846491,8.486605,26.257709
181.071738,8.383680,25.925233
181.354437,8.253347,25.701833
181.075905,8.302731,25.318131
180.736329,8.335762,25.137874
180.723111,8.327811,24.754243
180.608769,8.325272,24.698155
181.043574,8.164442,24.265494
180.757096,8.196143,24.158807
180.554740,8.294701,23.716600
180.585925,8.293333,23.446098
180.532383,8.290284,23.427700
180.446018,8.281991,23.398827
180.412176,8.282245,23.387969
180.601320,8.060855,23.021553
180.503574,8.052323,22.989028
180.453830,8.055343,22.973675
180.394313,8.051673,22.949230
180.538254,8.036719,22.814349
180.201645,8.080970,22.476750
180.620721,8.108989,22.406528
180.786506,8.350684,22.293149
181.246007,8.468238,21.620396
181.302090,8.501094,21.564071
181.434558,8.493337,21.592271
181.606421,8.503878,21.611787
181.915732,8.463290,21.505852
182.014817,8.482986,21.115409
182.604087,8.409906,20.909595
183.309660,8.447945,20.722981
183.430738,8.425981,20.759488
183.481960,8.399983,20.691044
183.963997,8.689089,20.179278
184.325262,8.671633,20.103320
184.640019,8.642025,20.022377
185.507655,8.729954,19.757560
185.810484,8.698916,19.672403
185.812226,8.698890,19.672652
185.812340,8.702568,19.669849
186.143746,8.673305,19.778375
186.343074,8.717354,19.378722
186.378729,8.706107,19.400982
186.453425,8.712589,19.415226
186.529471,8.785246,18.866448
186.585524,8.752360,18.881777
186.517523,8.735932,18.864313
186.595974,8.751068,18.897011
186.969127,8.793083,18.946164
186.988467,8.834504,18.934636
186.990970,8.843697,18.928840
187.358693,8.815066,18.929002
187.583944,8.851842,18.744416
187.868291,8.915808,18.409597
187.909028,8.866616,18.321423
188.718498,8.874993,18.300466
188.808428,8.895507,18.332742
188.857202,8.906172,18.354948
189.111137,8.880079,18.293083
189.185674,8.891163,18.316304
189.186400,8.891094,18.316249
189.400531,8.893888,18.090607
189.464900,8.940949,18.073071
189.980899,8.860689,17.850667
189.925529,8.907914,17.562689
189.926476,8.907704,17.563369
190.313843,8.801342,17.535279
190.498359,8.810075,17.565115
191.041751,8.731678,17.498197
191.595218,8.719674,17.233369
191.595838,8.719557,17.233319
191.596441,8.719442,17.233283
191.895284,8.622474,17.188563
192.173866,8.623904,17.065709
192.327082,8.631879,17.082897
192.743290,8.630354,17.074097
193.098359,8.528193,17.093791
193.314286,8.496557,17.023959
193.313102,8.491195,17.014400
193.465700,8.380528,17.020864
193.473165,8.369644,16.999317
194.055744,8.454242,16.554944
193.799426,8.656065,16.486793
194.140535,8.641460,16.454143
193.877984,8.814067,16.348071
194.153007,8.760913,16.242021
194.542324,8.731659,15.907601
195.509373,8.831781,15.597204
195.710057,8.799273,15.538786
196.505092,8.822081,15.424327
196.703500,8.792223,15.369579
197.515276,8.848053,15.392692
198.067332,8.758937,15.367432
198.735181,8.797949,15.212661
199.080134,8.745235,15.260929
199.207221,8.705546,15.200883
199.241652,8.667267,15.204393
199.959418,8.898242,14.899402
199.960220,8.898200,14.899437
200.556062,8.894818,14.798756
200.733652,8.856817,14.748310
200.734430,8.856764,14.748274
200.735206,8.856711,14.748242
200.859689,8.902107,14.661390
200.860479,8.902031,14.661377
200.867996,8.907426,14.670357
201.125005,8.902576,14.661931
201.127225,8.901107,14.664851
201.646332,8.966263,14.555722
202.485794,9.067187,14.200643
203.366107,8.990104,14.330754
203.821453,9.017664,14.254811
203.971543,8.990178,14.214676
203.971855,9.031958,14.001626
203.972281,9.032298,14.000858
203.892871,9.275905,13.652093
204.015549,9.525387,13.323653
204.430123,9.518810,13.043877
204.432541,9.513997,13.037194
204.570135,9.487959,13.001941
204.839733,9.436221,12.931965
204.840521,9.436193,12.931838
205.233802,9.292149,12.929493
205.329178,9.274215,13.000409
205.571078,9.137042,13.006376
205.919033,9.131070,12.900626
206.543004,9.081200,12.854288
206.789389,9.076277,12.672114
206.960704,9.031374,12.610855
207.173235,8.995313,12.625874
207.286372,8.972830,12.598299
207.433002,9.037028,12.544356
207.504546,9.047668,12.262275
208.338481,9.093694,12.336072
208.494470,9.129987,12.147596
208.779904,9.200219,11.992629
208.801098,9.195705,11.989199
208.898865,9.168958,11.954874
209.221860,9.515888,11.806606
209.729371,9.356682,11.819154
209.823965,9.339304,11.797304
210.025890,9.321306,11.854204
210.122216,9.291744,11.816994
210.616834,9.329026,11.859785
210.959046,9.366562,11.902857
211.000355,9.698434,11.753226
211.667029,9.669743,11.839630
211.708299,9.651911,11.817965
211.786483,9.634428,11.796725
212.064944,9.669667,11.713695
212.401378,9.864202,11.589016
212.474410,9.847268,11.569292
212.475351,9.847152,11.569200
212.476295,9.846903,11.568952
213.144506,9.895916,11.620943
213.702920,9.951527,11.681267
213.815412,9.924436,11.715283
214.352233,10.131376,11.529942
214.802934,10.232816,11.377663
214.861858,10.217836,11.361166
215.030868,10.174778,11.322800
215.159663,10.143365,11.322636
215.057843,10.053950,11.155554
215.555767,10.086365,11.206310
215.740666,10.151813,11.162417
215.839140,10.126300,11.172010
215.827146,10.171502,10.973769
216.104818,10.588300,10.931602
216.069743,10.706679,10.859573
216.200009,10.668435,10.821129
216.436069,10.709145,10.891767
216.549052,10.678019,10.886450
216.594268,10.893070,10.827565
216.743338,10.850840,10.786478
216.887809,10.811139,10.745622
217.370385,10.883829,10.608805
217.522709,10.839171,10.618292
217.856960,10.913579,10.464746
218.172158,11.036983,10.493774
218.248571,11.014914,10.515897
218.517389,11.173339,10.627402
219.263700,11.504885,10.715213
219.132691,11.585361,10.535609
219.205736,11.907039,10.613593
219.482239,11.953353,10.586520
219.681071,12.173707,10.537716
219.935702,12.393603,10.459643
219.970625,12.380204,10.448969
220.085093,12.339918,10.439205
220.195132,12.301196,10.410168
220.366530,12.279446,10.381877
220.570113,12.263334,10.166954
220.739380,12.281210,10.236499
221.078790,12.449570,9.962771
221.108363,12.571775,9.765887
221.212891,12.532951,9.743084
221.337659,12.607344,9.720979
221.514465,12.635959,9.704828
221.578924,12.598574,9.659428
221.646440,12.575118,9.643682
221.905555,12.737870,9.621281
222.295428,12.940523,9.501571
222.424517,12.933862,9.345952
222.334838,12.999179,9.378670
222.237734,13.039444,9.371091
222.151447,13.071423,9.383156
222.063731,13.104700,9.374182
221.975399,13.137231,9.369858
221.839902,13.326979,9.303824
221.642297,13.452555,9.156258
221.399549,13.712431,9.142523
221.207214,13.973298,9.124446
221.130887,14.004994,9.144326
220.845616,14.378287,9.053302
220.654409,14.452265,9.076069
220.652216,14.560653,8.993416
220.544133,14.606617,9.018488
220.498133,14.802258,9.012226
220.250092,14.946491,8.779326
220.167096,14.981559,8.803062
220.105674,15.008119,8.818364
220.140437,15.057516,8.798455
220.130297,15.235220,8.797904
220.164319,15.395949,8.773929
220.091351,15.430073,8.775799
220.012687,15.465010,8.795367
219.971553,15.491421,8.815379
219.856326,15.541888,8.844143
219.694440,15.623788,8.865002
219.674173,15.650290,8.777678
219.577849,15.696109,8.801028
219.412695,15.767225,8.815451
219.360386,15.922554,8.778902
219.324169,15.941231,8.787410
219.249263,15.974895,8.805755
219.040262,16.045577,8.759560
219.061886,16.158067,8.825639
219.021466,16.177965,8.832328
218.978314,16.197567,8.842815
219.185162,17.022412,8.733866
218.877233,17.365527,8.614392
218.784394,17.401299,8.635963
218.548152,17.581639,8.406385
218.456277,17.628569,8.403389
218.503044,18.001828,8.422891
218.536839,18.253111,8.586630
218.483650,18.281160,8.598762
218.430149,18.308183,8.611329
218.319620,18.367257,8.636588
218.263359,18.396500,8.641446
218.364188,18.723020,8.588145
218.196236,18.905035,8.564905
218.136985,18.954326,8.363610
218.068115,18.999300,8.286017
218.145281,19.126314,8.335963
218.016546,19.193467,8.365137
217.810367,19.306863,8.326179
217.742779,19.342132,8.341240
217.774710,19.654778,8.235431
217.774369,19.655187,8.235491
217.744728,19.706920,8.200872
217.776300,20.004451,8.323884
217.862260,20.212699,8.144409
218.006795,20.378423,8.138853
217.982756,20.428567,8.144126
218.100284,20.473738,8.133089
218.035121,20.640325,8.037435
217.955775,20.684686,8.054680
217.906822,20.729763,8.072204
217.798961,20.789413,7.958696
217.580376,21.130915,7.945046
217.939369,21.349095,7.815174
217.777740,21.491169,7.662737
217.691840,21.546892,7.679766
217.603578,21.597831,7.697820
217.308974,21.825042,7.679195
217.352799,22.008154,7.644627
217.230071,22.116430,7.682255
216.976282,22.591327,7.888396
216.981287,22.607968,7.884304
216.883949,22.665434,7.904128
217.477696,22.845051,7.964583
217.454460,23.007153,7.929841
217.872726,23.192115,7.991458
218.148674,23.750024,8.083761
218.777425,24.235027,8.062011
218.567491,24.396927,8.069051
218.700592,24.557131,8.100201
218.487024,24.718659,8.016575
218.741323,25.309591,7.954342
218.540828,25.379242,7.851186
218.518585,25.728469,7.775934
218.512951,26.145813,8.052672
218.407255,26.741055,7.937063
218.179543,26.773986,7.998649
218.905763,27.208884,7.999685
218.992975,27.496512,8.013518
218.794263,27.625060,8.053401
219.242593,28.104298,8.057565
219.311043,28.385884,8.023878
219.311047,28.386316,8.022917
219.207680,28.524701,7.892852
219.555153,29.155712,7.801225
219.848024,29.985771,7.806469
219.731954,30.085166,7.831449
220.260129,30.789740,7.854423
219.998359,31.115149,7.891238
219.994817,31.115758,7.892006
219.776255,31.324870,7.902433
219.981385,31.612850,7.851379
219.919995,32.021571,7.879514
219.673968,32.258656,7.930599
219.736146,32.415716,7.902128
219.794049,32.837627,7.892523
219.866981,33.300850,7.863792
219.716333,33.423191,7.897231
220.178732,33.635604,7.929288
220.066917,34.559858,8.072036
220.004665,35.017633,8.070487
219.924225,35.408478,8.011554
219.773776,35.543262,8.046140
219.639319,35.626004,8.139086
219.739287,35.717373,8.116570
219.759198,36.168265,7.943572
219.802015,36.229812,7.923685
219.783212,36.216313,7.802438
219.619359,36.361656,7.837452
219.520311,37.169382,7.633766
219.585032,37.798088,7.615060
220.129981,38.414640,7.616131
220.102492,38.837809,7.802212
220.124784,39.509962,7.788108
220.724053,39.923818,7.841022
220.720554,39.927609,7.829122
220.579245,40.092383,7.852957
220.664489,40.330718,8.052630
220.681993,40.551966,7.987584
220.532798,40.728464,8.017764
220.549837,40.731843,8.012439
220.545718,40.844987,8.081725
220.163347,41.313456,8.064307
220.150498,41.567109,8.280146
220.147080,42.004147,8.281525
220.321321,42.270651,8.232207
220.359802,42.278046,8.223121
220.546026,42.986105,8.197261
221.003533,43.201504,8.250732
221.032484,43.612780,8.358453
220.880084,43.799891,8.395418
221.011506,44.391585,8.227507
221.011650,44.391971,8.227509
221.788588,45.245909,8.351848
221.841210,45.866059,8.275805
221.723370,46.078111,8.182983
221.813881,46.186329,8.167694
221.814169,46.186694,8.167689
221.818826,46.186747,8.166609
222.049154,46.870081,8.595357
222.340510,47.132954,8.709961
222.344367,47.132946,8.708939
222.348679,47.132819,8.707787
222.158900,47.441147,8.668177
222.011624,47.664231,8.711153
221.993453,47.955162,8.964870
221.983287,47.967642,8.962293
221.980778,47.968972,8.966258
222.595034,48.437795,9.073937
222.469828,48.729412,9.126370
222.335087,49.488038,9.088968
221.824256,49.729827,9.123822
221.985116,50.608819,9.025861
221.977137,50.757483,8.901473
222.025142,51.307165,8.819241
222.692375,51.752939,8.850391
222.454849,52.394111,8.975547
222.349748,52.707434,9.011038
222.368103,53.485143,9.001618
223.224723,53.757737,9.061738
223.222414,53.759457,9.062228
223.130279,53.816424,9.090885
223.092500,53.844896,9.104883
223.077466,53.849745,9.097549
222.990318,53.918481,9.031897
222.821431,53.949841,9.012299
222.632720,54.178479,9.324111
222.631188,54.484729,9.386348
222.632043,54.623011,9.408016
222.601605,54.633607,9.416873
222.431297,54.901947,9.467165
223.337713,55.785963,9.466290
223.226321,55.874132,9.498840
223.059047,56.464600,9.418449
222.951995,56.885141,9.451154
223.438710,57.225702,9.538396
223.078237,57.816161,9.512806
223.532240,58.709910,9.684156
223.530935,58.942097,9.684626
223.364324,59.245527,9.715906
223.483356,60.120009,9.905788
223.368482,60.894822,9.937402
223.195250,61.209179,9.994302
222.903991,61.711677,10.090518
222.988840,61.799186,10.198341
222.876511,61.827528,10.186437
222.624536,62.169767,10.251201
222.547400,62.208445,10.265149
222.725475,62.934514,10.170770
222.696772,63.261750,10.238511
222.950561,65.346201,10.163020
222.783889,65.392507,10.268322
222.598462,65.964465,10.205544
222.190199,66.687015,10.202285
222.217893,68.255233,10.440633
222.019210,68.620124,10.496040
221.658733,69.290146,10.468323
221.653825,69.290771,10.466933
221.881727,69.378754,10.510092
221.493239,70.031875,10.643703
221.476509,70.032533,10.644551
221.475038,70.033062,10.644064
221.266459,70.414637,10.716589
221.571579,70.994192,10.636349
221.754261,71.747958,10.562125
221.614605,72.207245,10.571503
222.048359,73.862903,10.403797
221.972125,73.948739,10.333727
222.192518,74.809733,10.420363
222.202560,76.018648,10.404234
222.204865,76.019404,10.403846
222.421603,76.886701,10.357830
222.419697,77.804599,11.048472
222.260693,78.631483,11.198764
222.323974,79.122762,11.664421
222.344162,79.125065,11.669078
222.250613,79.770467,11.704248
222.507959,80.753005,12.048668
222.130569,81.578647,12.107604
221.705520,82.047524,11.926200
221.705001,82.047977,11.926281
221.704486,82.048431,11.926362
221.742900,82.202149,11.970426
221.632191,82.300031,11.876512
221.571260,83.863246,11.786047
221.487177,84.117931,11.676264
221.356741,84.332715,11.722143
221.282192,84.771586,11.941043
221.139623,85.800254,11.945660
221.279354,86.466114,12.388547
221.081678,87.020665,12.484071
221.139959,87.079145,12.460784
221.254773,87.238344,12.452927
221.264580,87.239746,12.454811
221.278757,87.242678,12.448644
221.106419,87.734991,12.525738
221.012201,87.955836,12.701177
221.015837,87.955871,12.701362
221.812637,88.832442,12.724758
221.792695,88.943365,12.806003
221.928549,89.142858,12.881987
221.928477,89.143405,12.882042
221.883493,89.242930,12.916597
221.897637,89.243285,12.919315
222.160346,90.251500,12.893701
222.326280,91.499206,13.038255
222.211970,91.832114,12.945148
222.405513,92.486760,12.862242
223.338286,93.334650,12.883917
223.332931,93.342599,12.873300
223.568435,93.660696,13.170196
223.703659,93.795191,13.193794
223.706629,93.795279,13.192824
223.469481,94.929039,13.280949
223.466247,94.930214,13.282435
223.570266,94.990888,13.295294
223.525021,95.022304,13.297442
223.686259,95.506686,13.201796
223.703580,95.507101,13.203668
223.565622,96.024882,13.293940
223.776572,96.932852,13.211510
223.597936,97.241346,13.122677
224.332838,98.084817,13.370519
224.227157,98.310509,13.335633
224.444371,99.137299,14.245550
224.139030,99.756842,14.395983
225.436196,100.657949,14.389151
225.916125,101.774660,14.372366
225.887912,101.786103,14.358222
225.880423,101.786491,14.361484
225.632730,102.058662,14.331122
225.491862,102.327080,14.228713
225.585769,102.359449,14.254791
225.575641,102.358852,14.259513
225.385507,102.880063,14.433687
225.370405,102.884410,14.431992
225.182856,103.757740,14.572956
225.115618,103.868711,14.606821
225.045974,103.913800,14.633193
225.045799,103.914197,14.633382
225.107953,103.967866,14.595837
225.208354,104.909166,14.478824
225.208333,104.909599,14.478928
225.137499,105.678374,15.170292
225.121345,105.678901,15.178593
225.121352,105.679336,15.178684
225.091389,105.694982,15.166188
225.091084,105.695703,15.166217
225.090789,105.696415,15.166378
225.069556,105.700554,15.177217
224.718858,107.937677,15.489665
224.712181,107.960020,15.481135
224.717836,107.961242,15.478282
224.795967,108.034014,15.438248
224.951049,108.438010,15.615117
225.206485,108.870385,15.693644
225.472575,109.753733,15.553477
225.465052,110.549924,15.456510
225.491119,110.562228,15.441575
225.277002,110.809376,15.535203
224.841350,112.404412,15.781549
225.191236,112.859661,15.864088
225.501167,113.089512,15.818272
225.573238,114.911958,17.094822
225.353035,115.499861,17.154361
225.452714,116.213261,17.168730
225.212553,117.993335,17.568283
225.208414,118.001089,17.563611
225.203998,118.002080,17.561942
225.019792,118.339595,17.806092
224.827307,118.810942,17.918625
224.511395,119.892545,17.830325
224.829360,120.367878,17.908206
224.833607,120.368312,17.909205
224.854228,120.358838,17.947612
225.068135,121.108496,17.822510
225.080589,121.110752,17.820761
225.044957,121.125100,17.842423
225.017987,121.253038,17.779351
225.145281,121.443759,17.703534
225.174087,122.436588,17.615244
225.199627,122.636733,17.590428
225.209015,122.637034,17.590644
225.125607,122.811036,17.543774
225.419177,124.225045,18.909392
225.569399,125.206148,19.111991
225.562911,125.206492,19.116509
225.673853,125.304285,19.535134
225.832952,125.630707,19.970113
226.051641,126.532268,19.776258
225.928331,127.305924,20.390021
226.147014,127.703922,20.758243
226.259136,128.543290,20.578796
226.331926,129.233155,20.609620
226.244565,129.568939,20.816190
226.246917,129.571143,20.824429
226.263736,129.997330,21.569737
226.288254,130.004731,21.587243
226.381428,130.211098,21.685566
226.381330,130.211591,21.685799
226.372040,130.212290,21.692166
226.340347,130.288990,21.645470
225.820569,131.181826,21.838890
225.818405,131.181937,21.841614
225.634345,131.559845,21.904854
225.861926,132.204059,21.933376
225.675317,132.691924,22.027340
225.635630,132.798846,22.027441
225.759047,133.567252,22.213887
225.725637,133.623969,22.142481
225.809985,133.703481,22.199397
225.731289,133.818222,22.138183
225.413223,134.074458,21.977629
225.510013,134.178634,21.905739
225.331754,134.493894,21.815181
225.311395,134.494480,21.824811
225.274546,134.548282,21.851656
225.358435,135.585248,22.096393
225.584845,136.148201,22.227089
225.602050,136.149930,22.219784
226.071663,136.520609,22.222203
225.914568,136.729889,22.232323
226.037165,137.362298,22.316377
226.001684,137.749686,22.407240
226.055493,138.053868,22.622760
226.391805,138.428640,22.618871
226.392277,138.429123,22.618890
226.402667,138.429747,22.623465
226.547662,139.085945,22.837493
226.454620,139.125961,22.827655
226.262433,139.609050,22.909290
226.229942,140.699749,22.985024
226.617472,141.613769,22.974197
226.385225,142.956626,22.902861
226.368496,143.579596,23.241137
226.362802,143.695306,23.195334
226.222297,143.702346,23.196267
226.049162,144.387390,23.019741
225.914145,145.426775,23.400255
225.470450,146.534692,23.630044
225.416449,146.582686,23.583881
225.416130,146.583081,23.584347
225.866228,147.359514,24.159356
225.812256,147.721188,24.052444
225.818405,148.165843,24.385303
225.827877,148.166996,24.396279
225.527134,148.834060,24.583567
225.515347,148.841895,24.592127
225.307076,149.334097,24.688465
225.306978,149.334594,24.688456
225.371011,150.549683,24.783937
225.372508,150.550263,24.785290
225.229421,150.882816,24.674678
225.385936,151.397441,24.862743
225.111067,152.342901,24.697027
225.109985,152.343625,24.694682
225.087783,152.368600,24.649762
225.087612,152.369104,24.649543
225.115429,152.377233,24.697775
224.879831,152.791580,24.743869
224.690168,153.252972,24.816019
224.716796,153.927156,24.949700
225.122299,154.224684,24.983684
225.125579,154.225574,24.983660
225.208039,154.631507,25.001699
225.027266,155.036869,25.252121
225.027409,155.037382,25.252076
224.918788,155.140937,25.196307
224.922960,155.142699,25.192865
224.965449,155.227978,25.244333
224.957966,155.858426,25.337946
224.731573,156.362804,25.488662
224.974991,157.083130,25.231811
225.009571,157.397304,25.383637
224.917021,157.874199,25.515230
224.916929,157.874650,25.515470
224.865664,158.987917,25.956257
224.829025,159.041277,25.908692
224.655655,159.527046,25.760391
224.374812,161.259587,26.287565
224.379572,161.263179,26.299652
224.379680,161.263668,26.299870
224.393081,161.269233,26.288681
224.551978,161.990077,26.484449
224.352538,162.409439,26.569015
224.343915,162.623107,26.612836
224.441502,162.689762,26.645152
224.488901,162.703443,26.744405
224.489275,162.703997,26.744460
224.561421,162.829602,26.947667
224.374414,163.450537,27.023076
224.374874,163.451203,27.022737
223.977535,164.034426,26.880387
224.527480,164.575875,27.012600
224.798023,165.300778,26.986645
224.806889,165.304658,26.978793
224.615488,165.538330,27.052158
224.019829,165.298099,26.840076
224.014751,165.296585,26.844371
224.000744,165.297285,26.833668
223.326782,166.465530,26.847170
223.093490,167.105322,27.715376
222.800890,167.696795,27.935665
223.218351,168.144010,28.096215
223.260043,168.186625,28.125046
223.254227,168.184220,28.137096
223.211870,168.403452,28.094340
223.211867,168.403885,28.094667
223.224063,169.487850,28.107692
223.217406,169.487979,28.143361
223.214775,170.304898,27.928614
222.905265,170.980330,28.371971
223.220569,171.877795,28.625730
223.281839,172.307460,28.891359
223.283694,172.308378,28.891003
223.471592,172.572982,28.664005
223.447023,173.375639,29.188874
223.017855,174.374514,28.916002
222.869456,175.191999,29.197943
222.796632,175.674652,29.336164
222.790017,175.675920,29.332720
222.204270,176.030190,29.689407
222.189871,176.041710,29.713259
222.190052,176.042185,29.713673
222.227619,176.077404,29.684829
222.476970,176.937707,29.916604
222.413460,177.357330,29.849332
222.412829,177.358096,29.847318
222.365630,177.787209,29.628168
221.905884,178.829513,29.579276
221.891730,178.842391,29.572665
221.652862,179.263826,29.702736
221.777436,179.505476,29.597090
221.880406,179.732570,29.506989
221.922066,179.763483,29.534323
221.945130,179.777524,29.526170
221.973354,179.796581,29.528275
221.512550,180.605713,29.718955
221.198529,180.784864,30.275616
221.417356,180.989570,30.300218
221.987918,181.784394,30.402888
221.633995,182.236194,30.333421
221.900740,182.660618,30.472045
222.069183,183.067084,30.724147
222.087247,183.074806,30.709047
222.205110,183.343932,30.650738
222.128617,183.414600,30.670399
222.001153,183.578147,30.624811
221.994763,183.852105,30.510528
221.995813,183.853210,30.508159
222.030772,184.233521,30.319469
221.615108,185.198565,30.633198
221.747509,185.452777,30.763031
221.383420,185.681318,30.748597
220.984871,186.416971,30.863800
220.709548,187.184827,30.634303
220.704107,187.183500,30.639359
220.768493,187.334822,30.586249
220.830354,187.498068,30.724055
220.663966,187.494392,30.589873
220.637015,187.518541,30.597729
220.389316,187.939671,30.818486
220.536460,188.861373,31.380376
220.277454,189.330883,31.587227
220.220408,189.383803,31.501405
220.043932,189.557303,31.528392
219.866467,189.699953,31.532550
219.740145,190.108825,31.601301
219.415803,190.562407,31.486162
219.434425,190.686585,31.418351
219.140802,191.209866,31.252503
219.032352,191.377410,31.276222
219.160672,191.867582,31.831474
219.134575,191.939004,31.835396
218.630590,192.757447,32.096812
218.630592,192.758059,32.096767
218.614074,192.771635,32.106515
218.487249,192.738561,32.234583
217.994328,192.768895,32.096046
217.953081,193.162407,31.917921
217.973494,193.209347,32.021993
217.924706,193.480990,32.079263
217.763274,193.798517,32.053422
217.817241,193.874162,32.007046
217.745862,193.886192,32.025684
217.914217,194.232953,31.936768
217.761132,194.307037,31.988453
217.720879,194.661431,31.812163
217.645056,194.890808,32.072156
217.616442,195.040952,31.989921
217.360666,195.048229,31.966466
216.822435,195.623538,32.249403
216.897553,195.967073,32.090827
216.837940,196.095953,32.073068
216.595695,196.348125,32.224877
216.595522,196.348733,32.224652
216.191340,196.825382,32.104004
215.968928,197.143277,32.235217
215.972037,197.157312,32.306471
216.017902,197.227698,32.408330
216.031439,197.449489,32.268064
216.011251,197.889227,32.502463
215.466498,198.455418,32.427750
215.528543,198.544677,32.416535
215.267471,199.014926,32.565326
215.198846,199.103801,32.503858
215.252446,199.179566,32.460246
215.252842,199.180628,32.460064
215.374626,199.348370,32.490906
215.314818,199.403509,32.495282
215.340709,199.437740,32.497424
214.899752,199.737197,32.336122
214.553860,199.985601,32.274927
214.520663,199.972115,32.301486
213.937520,200.768694,32.759522
213.829257,201.133680,33.225167
213.824651,201.192202,33.229032
213.628433,201.481543,32.930044
213.040031,202.102269,33.675800
213.089203,202.156786,33.689272
213.006733,202.226116,33.666621
212.995112,202.290464,33.624245
212.992765,202.328279,33.606600
212.986164,202.503773,33.799108
212.781167,203.087369,33.392359
212.185101,203.994882,33.599825
211.807887,205.119547,33.443271
211.729191,205.138993,33.557377
211.712728,205.112477,33.591931
210.906468,205.170687,34.661070
210.859128,205.456084,34.475798
210.833382,205.437052,34.475224
210.478221,205.686335,34.401767
210.437762,205.697949,34.391922
210.248843,205.679933,34.518344
209.768826,205.905668,34.496678
209.721369,205.913093,34.491891
209.768723,205.962343,34.602104
209.447656,205.790291,34.445886
209.160225,205.926255,34.609985
209.143105,205.932538,34.597097
209.085697,205.866363,34.647965
208.960950,205.894399,34.758426
208.057574,205.869293,34.809463
207.522789,206.427044,34.949488
207.495018,206.396445,34.949340
206.819680,207.044701,35.729493
206.754425,206.979726,35.778415
206.753625,206.978986,35.779445
206.767518,206.979563,35.969153
206.748071,207.032832,36.219134
206.524534,206.936347,36.371065
206.458737,206.924096,36.376039
206.086214,206.845754,36.590249
206.099895,206.862784,36.612465
205.941841,206.988916,36.727009
205.950496,207.002743,36.737168
205.923891,207.040435,36.727028
205.845089,206.978548,36.715565
205.253596,207.459245,36.433760
204.955410,207.582397,36.403373
204.873592,207.922908,36.895385
204.873207,207.923076,36.896085
204.889941,207.922761,36.964930
204.845934,208.061528,36.875333
204.857337,208.086553,36.888279
204.538630,208.041556,37.030741
204.538028,208.041702,37.031297
204.216200,208.232919,37.101747
203.466570,207.918860,36.956641
203.101616,208.071942,37.267963
202.800500,208.281756,37.842263
202.434259,208.356496,38.326878
202.450872,208.417768,38.554597
201.316443,208.351003,39.614487
201.305607,208.337460,39.607218
201.305388,208.337566,39.608559
200.870854,208.662285,39.745886
200.616854,208.773794,39.969148
200.241113,208.846129,39.663630
199.458319,209.490348,39.728061
199.037693,209.337003,39.766085
198.821248,209.330052,39.902490
198.439558,209.334444,40.116529
198.086861,209.224537,40.030824
198.001520,209.354989,39.949182
197.848865,209.299903,40.027142
197.647582,209.349932,40.057004
197.614564,209.437573,40.197519
197.593815,209.429502,40.155514
197.608738,209.457453,40.214530
197.109919,209.444992,40.557581
196.624276,209.840583,40.628986
196.442169,210.066432,40.812975
196.368453,210.079212,40.780691
196.367521,210.079298,40.779351
195.880033,210.137084,40.502764
195.657366,210.284605,40.288846
195.483012,210.360457,40.258534
195.027333,210.633365,40.158863
194.861065,210.562158,40.234405
194.671075,210.447966,40.307746
194.656860,210.533816,40.348147
193.879537,210.537227,40.527287
193.879497,210.552109,40.549337
192.865165,211.327570,41.223693
192.642718,211.015333,41.062864
192.326026,211.131558,41.111438
191.685271,211.483731,41.251335
191.533181,211.418494,41.518710
191.324454,211.565282,41.559824
191.325450,211.574421,41.575723
191.155862,211.457095,41.691108
191.112756,211.510833,41.545022
190.371306,211.170284,40.977003
189.884264,211.405109,40.794860
189.881114,211.395220,40.777543
189.399467,211.297427,40.546126
188.794141,211.544415,40.195953
188.272860,211.770479,40.377543
188.182448,211.718627,40.254052
187.813961,211.857922,40.542776
187.813207,211.857676,40.541750
187.803195,211.842790,40.505556
187.597542,211.706556,40.624386
186.438203,212.006011,40.434796
186.209416,211.949785,40.171746
186.209972,211.957057,40.163937
185.676751,212.061353,39.701261
184.968972,212.309274,39.736182
184.910305,212.370720,39.723454
184.415158,212.570159,39.874129
184.380005,212.531788,39.714659
184.025703,212.611833,40.082165
183.646161,212.084253,39.921052
183.166805,212.350934,39.767996
183.164842,212.352320,39.763684
182.558619,212.485148,40.049831
182.542334,212.513594,40.022179
182.145534,212.100291,39.778089
181.763562,211.889216,39.984768
181.763056,211.888805,39.985392
181.762548,211.888401,39.986008
181.346213,211.670129,40.447604
180.290248,211.321312,41.248335
179.943630,211.375937,41.384794
179.548884,211.329307,41.328200
178.987878,211.267310,41.631651
178.749132,211.288447,41.759691
178.301702,211.228251,41.902804
178.177315,211.306656,42.073233
177.860596,211.043927,41.877371
177.635812,211.221920,41.897896
177.635233,211.221602,41.897526
177.585551,211.163618,41.676398
177.584986,211.163320,41.676099
177.510897,211.116801,41.549655
176.734801,210.746869,41.537487
176.480587,210.963181,41.561979
176.137780,210.981720,41.259350
175.606963,211.329586,40.943588
175.174352,211.175823,40.702853
175.090994,211.260091,40.681654
174.288991,210.988526,41.040666
174.209118,211.097787,41.234003
174.202618,211.111470,41.228208
173.682400,211.442572,41.264971
173.681695,211.442845,41.264624
173.483208,211.290638,41.021094
172.619352,210.702645,41.089739
172.306809,210.208840,40.933423
171.627404,210.877691,40.892093
171.625829,210.882688,40.889060
171.454104,210.974058,40.991578
171.341945,211.065054,41.044618
170.983515,210.827479,41.162233
170.528939,210.714505,41.506075
169.677609,210.644196,41.840497
169.306423,210.438284,41.858098
168.350594,210.159772,41.823592
168.349934,210.159405,41.824820
168.261308,210.248096,41.968133
168.221342,210.287058,41.929920
167.995786,209.919645,42.119096
167.506238,209.769453,42.003200
166.380833,209.511460,41.798861
166.328726,209.622272,41.832419
166.204074,209.468183,42.001782
166.137410,209.553069,41.923657
165.865345,209.381617,41.929698
165.476300,209.335105,41.836911
165.051523,208.765881,41.874780
165.044059,208.775984,41.903474
164.850820,208.384645,42.044488
164.683574,208.457061,42.070845
164.319712,208.231975,41.647658
163.841458,207.884414,41.398409
163.613007,207.912707,41.393177
163.160550,207.685436,41.414231
162.537576,208.079959,41.558121
162.256769,208.362674,41.531186
162.255523,208.363344,41.533848
162.260911,208.322005,41.550671
161.801699,207.824985,41.459270
160.226007,208.028488,41.524444
159.810221,208.197637,41.641246
159.717077,208.312643,41.535045
159.219439,208.139747,41.652584
158.617884,208.198980,41.815776
157.882493,207.954224,42.039471
157.842849,207.945917,42.081704
157.238835,208.486957,42.149044
157.131654,208.485524,42.312146
157.024138,208.670033,42.417076
156.768573,208.551843,42.648075
155.681366,208.505220,42.240080
155.673886,208.519084,42.198943
154.711305,207.697153,42.094312
154.731217,207.644814,42.098320
152.680466,205.747939,41.608949
152.519037,205.555337,41.312582
152.521955,205.542093,41.324312
152.398766,205.550080,41.315183
151.927201,204.912927,41.225606
151.895142,204.974362,41.173813
150.935442,204.324807,41.186888
150.350877,204.226213,41.594354
149.919046,203.804063,41.902428
149.061938,202.711713,41.635123
148.819948,202.609217,41.479325
148.616151,202.418033,40.996661
148.603792,202.423520,40.966986
148.606914,202.421003,40.951084
147.931595,201.560617,40.517282
147.144072,200.564354,40.287937
146.540841,200.274956,40.345123
146.014871,199.927173,40.203923
145.373735,199.351875,40.172894
145.371502,199.304812,40.104499
144.210652,198.952427,39.817794
143.911782,198.779461,39.744715
143.785359,198.882078,39.717535
143.776669,198.892465,39.719866
143.150208,198.455943,39.652480
142.874236,197.855194,39.513969
142.711500,197.950006,39.506620
142.555562,197.826231,39.734774
142.434850,197.923430,39.707847
142.060503,198.379258,39.863334
141.520478,197.432012,40.015664
140.845451,196.602903,39.848047
140.258523,196.456368,39.987051
139.750579,196.441902,40.197114
139.734434,196.459764,40.210963
139.532785,196.388802,40.107444
139.086085,195.757390,39.829263
139.079414,195.755570,39.851526
138.967311,195.500984,40.047418
138.141477,194.271120,39.888187
137.364341,193.726607,39.773238
137.371392,193.710169,39.789639
137.340404,193.694001,39.847116
136.940775,193.832900,39.620549
136.789282,193.806931,39.584094
135.897242,193.576392,39.888470
133.966544,192.611550,39.866277
133.364694,192.186553,39.741107
133.248256,192.242631,39.822718
131.985558,190.997301,39.842759
131.290796,190.228854,39.662145
131.301353,190.211367,39.659130
130.742289,189.432842,39.472790
130.646405,189.139778,39.350793
130.279803,189.427679,39.432849
129.636727,188.565339,39.250427
129.637620,188.563054,39.244685
129.066915,187.558790,39.020933
128.246278,186.485091,38.976433
127.151075,184.888436,38.459459
125.980804,183.721596,37.974255
124.052224,181.897498,37.749219
124.080257,181.761220,37.688987
123.465263,181.397427,37.876335
122.687438,181.403176,37.774741
122.327933,181.037168,38.076666
121.826931,180.765938,38.141061
121.825864,180.761926,38.149000
121.817938,180.768005,38.156272
121.293621,180.478624,37.758602
121.270282,180.495203,37.762883
119.983308,179.611199,37.777397
119.361378,179.527590,37.592412
119.360911,179.526843,37.592121
118.826786,178.985481,37.486565
118.806740,178.955665,37.540165
118.073645,178.480223,37.281968
117.136180,177.517424,36.977727
116.517918,177.324047,37.024602
116.418283,176.983339,36.818163
116.412497,176.892375,36.747849
116.419493,176.712914,36.646144
115.355040,175.765801,36.596646
115.354509,175.764949,36.596574
113.835519,174.989473,36.721900
113.441333,174.480670,37.161080
113.140492,174.549957,37.376334
111.953192,174.035786,37.014559
110.470327,173.046901,37.055782
110.095426,172.189482,37.007150
109.993088,171.769865,36.921819
109.444641,171.448770,36.569905
109.443928,171.448171,36.569461
109.443213,171.447573,36.569020
109.334645,171.282245,36.692654
108.860589,170.686876,36.673554
108.408825,170.218686,36.301629
107.339377,169.791691,35.831155
106.767173,169.841119,35.752013
106.783398,169.817757,35.732999
106.447236,169.689613,36.003176
105.480195,168.597453,35.961448
105.323199,168.663755,35.843027
104.796010,167.961332,35.680758
104.572816,167.860615,35.577492
104.128905,167.389781,35.608260
103.998977,167.122153,35.345461
104.039184,167.003564,35.201659
103.122383,165.443364,34.882991
102.995353,165.138206,34.835577
102.932739,164.967237,34.926134
101.551075,164.027130,34.797915
101.118097,163.651939,34.626440
101.118201,163.650551,34.626230
101.097635,163.497778,34.716374
100.610432,162.491567,34.606385
100.364948,162.157681,34.769175
99.533874,161.591854,35.036200
98.049742,160.671142,35.035120
97.647898,160.298610,35.054888
96.307051,159.008042,34.682769
95.866958,158.831198,34.495838
95.858500,158.707455,34.576097
95.022551,157.840081,34.376832
94.851821,157.927162,34.324679
94.864917,157.900533,34.345101
94.864387,157.899807,34.344924
94.201383,157.218647,33.918956
93.108862,156.803721,33.408987
92.964810,156.399158,33.294321
92.202325,155.115056,33.016463
92.221381,155.066654,33.058130
90.953056,153.362179,33.235257
89.949864,152.840948,33.447863
89.014729,151.897369,33.402782
88.742860,151.207339,33.471408
88.370896,150.942376,33.092795
88.156323,150.291181,32.914822
87.410131,149.095804,32.232872
87.289861,148.709085,31.646406
86.860410,148.715450,31.705939
86.133726,148.200762,31.358751
85.995844,147.767690,31.218105
85.706797,147.306248,31.204695
85.703505,147.309112,31.206002
84.886564,147.513544,30.962991
84.692391,147.591903,30.857179
83.987384,147.531754,30.455524
83.387115,146.812450,30.404398
83.386510,146.810944,30.406763
82.908269,146.223886,30.303100
82.903411,146.225880,30.288181
82.190084,145.929366,30.278748
82.188152,145.927713,30.283564
80.873573,145.839502,30.375618
80.285862,144.805034,30.606372
79.474242,144.621005,30.490204
78.924161,144.473622,30.767549
78.788453,144.144546,30.822030
78.203810,144.052278,30.618219
78.196644,144.033127,30.593019
77.796250,143.140690,30.452724
77.101048,143.227969,30.427478
76.802626,143.279760,30.596502
76.314517,142.749867,29.794619
76.316651,142.627122,29.832125
75.748803,142.275025,29.586510
74.608381,141.708344,29.771306
74.383182,141.256989,29.869098
72.836416,141.016338,29.885918
72.097499,140.328758,29.821875
71.687940,139.517977,29.586665
70.881697,139.300105,29.804628
70.285517,138.825707,29.962410
69.582702,138.200554,30.026600
69.491889,138.172426,30.066886
68.976653,138.262767,30.436274
68.098962,137.992601,31.077314
67.368389,137.108905,30.766061
67.141933,136.738889,30.861699
66.704694,136.421793,30.945486
66.379903,135.980284,30.587337
65.738262,135.281590,30.605702
65.225846,135.009888,31.057303
63.816302,133.940010,30.910802
63.427384,133.695596,30.762188
62.600833,133.590033,30.919989
62.375149,133.510968,30.870738
61.194262,132.823994,31.071890
60.430967,132.322735,31.370799
60.010053,131.557553,31.249866
59.639103,131.064481,31.321898
59.382993,131.253678,31.503680
59.382468,131.251745,31.504955
59.046844,131.225385,31.739989
58.492019,130.461873,31.699708
57.571483,129.918936,30.507082
57.397573,129.636212,30.587691
56.942302,128.953770,30.531830
56.168425,128.363010,30.810980
55.827481,127.534041,30.581071
55.251183,127.473023,30.590108
54.819380,127.017657,30.774866
54.613117,127.024178,30.653768
54.142305,126.253536,30.373860
53.935819,125.672366,30.221247
53.392847,125.131274,30.116922
53.173306,124.683886,29.973567
52.926462,124.867635,30.221690
52.594159,124.858165,30.334803
52.464662,124.799799,30.047054
52.237958,124.953078,29.981753
52.040256,124.625011,29.970764
51.499003,123.874840,29.748318
51.124081,123.679411,29.710754
50.603155,123.354383,29.613020
50.251140,123.083199,29.600942
50.207492,123.087737,29.534614
49.579712,122.389126,28.916423
48.855049,121.771494,29.034870
48.207206,121.293318,29.025785
47.967278,120.780233,29.081343
47.861843,120.415525,29.028527
47.486978,120.440854,28.933658
47.127220,120.061141,28.994971
46.955744,119.587193,28.987799
46.718557,119.051208,28.964160
46.567914,118.888892,28.999351
46.309013,118.244215,28.833703
45.074879,117.836098,28.442070
44.725409,117.699967,28.327735
44.342023,117.584191,28.602542
43.985682,117.316229,28.684125
43.830049,117.044897,28.353394
43.509389,116.965703,28.335395
43.261897,116.660539,28.193261
42.668342,116.438614,28.117550
42.359222,116.170713,27.939784
42.262040,116.151746,27.977070
42.244219,116.032961,27.980393
41.924856,116.063162,28.418934
41.391302,116.175949,27.992955
41.231807,115.886411,27.948492
41.108145,115.616552,27.949625
40.945475,115.179440,27.909326
40.800845,115.052341,27.781345
40.163008,114.731864,27.343024
39.883867,114.341290,27.392143
39.441542,114.237640,27.229594
38.841966,113.740243,27.394908
38.564040,113.581141,27.258610
38.298491,113.530740,27.386197
38.211741,113.579947,27.343473
37.498977,113.572191,27.166292
37.501538,114.023344,27.241007
36.453905,114.542663,27.347943
36.321049,114.930090,27.252426
36.245875,115.304722,27.224481
36.158848,115.738968,27.338933
36.236702,116.007615,27.331072
36.009472,116.448903,27.476446
35.783146,117.038826,27.688156
35.294726,117.115206,27.431147
34.781480,117.804932,27.452724
34.708062,118.078678,27.333916
34.551081,118.449675,27.316154
34.236177,118.903395,27.133243
34.001444,119.227942,27.063217
33.723628,119.651430,27.218183
32.783607,119.968574,27.409398
32.416942,120.100067,27.381844
31.751062,120.687504,27.852420
31.300829,121.434960,27.467064
30.777228,122.050659,27.198105
29.941141,123.125798,26.992962
29.661070,124.132356,27.271289
29.309311,124.717037,27.017518
29.146074,124.933862,26.899964
28.858539,125.228201,27.291847
28.161332,125.748965,27.870157
27.722166,126.787819,28.119972
26.963422,127.392039,27.853846
26.913321,127.534181,27.755097
26.638072,128.095419,27.534434
26.675479,128.263818,27.576440
25.980159,129.123615,27.560484
25.910466,129.779568,27.443790
25.646983,130.240948,27.627294
25.661869,130.271430,27.640672
25.720577,130.583098,27.736907
25.001903,131.373381,27.380056
24.725396,131.761159,27.130288
24.622038,132.038180,27.302612
24.337361,132.896364,27.087858
24.103595,132.946960,26.795415
23.554831,133.510009,26.397056
23.605781,133.766815,26.366758
23.442465,134.055722,26.323099
23.400326,134.467974,26.436669
23.163327,134.641852,26.796522
23.208062,134.766406,26.801302
23.247699,135.160406,26.769408
23.015492,135.791572,26.338111
23.045075,135.867351,26.266832
22.806879,136.385118,26.034950
22.647192,136.639074,26.205344
22.416747,137.051018,26.001033
22.115164,137.210588,25.842304
22.105524,137.212751,25.824606
21.946270,137.374677,25.747804
21.600830,137.238743,25.349506
21.623395,137.384547,25.375612
21.644931,137.779511,25.298871
21.642357,138.689069,25.241536
21.426598,139.057058,25.112120
21.349472,139.697179,25.627187
21.223951,139.528162,25.478238
21.219977,140.205325,25.572464
21.201395,140.224758,25.550380
21.153860,140.298921,25.500102
20.959852,140.955679,25.639370
20.725967,141.413971,25.496218
20.296899,142.639249,25.794360
20.269231,142.706000,25.833178
20.084055,143.515442,25.924718
19.944975,144.030508,25.758740
19.486998,144.643211,26.248129
19.401138,144.830873,26.178468
19.135085,145.145802,26.332761
18.809861,145.855588,26.329037
18.635578,147.044257,26.594254
18.570947,147.712486,26.574706
18.450572,147.900686,26.644984
18.349869,148.079868,26.520071
18.180421,148.084055,26.521735
18.045035,148.324159,26.378930
18.059472,148.889793,26.463945
17.972060,149.841608,26.863867
17.483438,150.654358,26.810449
17.113866,152.515862,26.671594
16.874109,152.890966,26.787607
16.606528,153.757996,27.109978
16.596113,153.849902,27.093151
16.658193,154.148026,27.085323
16.727852,155.123924,26.986964
16.629807,156.319677,27.043281
16.636738,156.698851,27.061970
16.342889,157.388221,27.039526
16.454994,158.217294,26.917529
16.315635,158.708592,26.866889
16.409125,158.821493,26.737495
16.319521,159.076892,26.762934
16.058340,160.000442,26.918603
15.882882,160.331932,27.112405
15.884164,160.333577,27.115083
15.795321,160.399499,26.999050
15.708140,160.671934,27.227925
15.759169,160.807711,27.121313
15.842355,161.481809,27.151319
15.894745,162.591796,27.541518
16.004830,162.940625,27.552302
15.727258,163.366724,27.377473
15.789422,163.608771,27.353823
15.660786,164.137600,27.153935
15.584458,164.728296,27.110381
15.634507,165.201572,27.183446
15.410221,165.647168,26.941432
15.206809,165.590564,26.945126
15.203872,165.591833,26.943787
15.138642,165.571988,26.849283
15.028557,167.001458,27.391637
15.029203,167.002169,27.395897
14.997843,167.795812,27.721294
14.944040,168.825060,28.225594
14.778524,169.353626,28.044751
14.995029,170.431239,27.929600
14.846365,171.119762,28.085570
14.630892,172.404407,29.164762
14.610314,172.459145,29.136528
14.422622,173.150601,30.219215
14.338380,173.124169,30.252311
14.015106,173.543571,30.107074
14.057546,174.787126,30.444077
14.003339,175.407259,30.509106
14.090683,175.917785,30.771452
14.016496,175.896189,30.784430
13.946659,176.892086,30.680145
13.943529,176.896895,30.667965
13.800204,178.029858,30.699296
13.819455,178.073375,30.696318
13.829507,178.320347,30.582828
13.495230,179.253157,30.588023
13.523454,180.005895,30.775661
13.523223,180.007499,30.772803
13.557842,180.115667,30.849842
13.639743,181.482320,30.602282
13.678092,181.946994,30.417504
13.679775,181.945919,30.425073
13.495682,182.335232,30.688266
13.143883,183.735582,32.216082
13.289759,183.998037,32.084763
13.320001,184.078248,32.193564
13.387074,184.727391,32.237916
13.409060,184.756358,32.295796
13.377661,185.047470,32.296797
13.532167,185.872529,32.337598
13.375115,186.660146,32.446190
13.269767,186.893976,32.865381
13.244252,186.972373,33.064167
13.332937,187.743474,33.206735
13.332179,187.745667,33.199810
13.465973,189.214596,33.154128
13.525347,189.768293,32.950542
13.588847,191.610756,33.073355
13.557317,191.686483,33.256990
13.699531,192.058488,33.319596
13.724789,192.828442,33.419708
13.591968,193.767924,32.889683
13.504564,194.066058,32.676453
13.530483,194.157698,32.530035
13.470577,195.487571,32.704820
13.169573,196.025811,32.701572
13.017519,196.700734,32.899780
13.061348,196.954127,33.010339
12.948473,197.396704,32.754412
12.715168,197.712863,32.569919
12.782846,198.403571,32.802510
12.737444,198.388089,32.812359
12.780496,198.604030,32.959295
12.600323,199.480409,33.301545
12.554476,199.924692,33.717713
12.552826,200.590016,34.110129
12.445362,201.565353,34.245430
12.274643,201.792210,34.129875
12.362923,202.153571,34.362939
12.436569,203.056515,34.925435
12.410143,203.442946,34.700756
12.409188,203.563325,34.840385
12.424602,204.192278,35.012862
12.388462,204.388355,34.889549
12.334762,204.577200,34.807528
12.306012,204.787856,34.738893
12.514455,205.325543,35.095349
12.405495,205.710755,35.154688
12.222035,206.543418,35.462513
12.228975,206.548297,35.518692
12.211767,206.824951,35.516573
12.303291,207.389163,35.413376
12.262806,207.773286,35.245816
12.184363,207.986994,35.542339
12.257127,208.859831,35.758234
12.199668,209.150846,35.850364
12.203584,209.151058,35.863363
12.044946,209.534370,36.208909
11.899516,210.008522,36.960797
11.933420,210.265750,37.069992
12.013238,210.664851,37.272450
11.997256,210.707920,37.349664
11.997998,210.866798,37.195054
11.817934,211.387582,37.164869
11.781706,211.534372,37.049524
11.540724,211.637830,36.826466
11.521096,212.007735,36.982036
11.484272,212.148366,36.876794
11.408050,212.434696,36.951299
11.384687,212.588771,37.059728
11.210290,212.740655,36.814140
11.185004,212.831769,37.034197
11.546687,213.578663,36.900606
11.543648,213.877690,36.558179
11.557434,214.066850,36.324855
11.664702,214.337938,36.142517
11.748369,214.685482,36.182941
11.734393,214.694943,36.243401
11.944590,215.517016,36.174249
11.959528,215.653507,36.296666
11.954849,215.853488,35.985878
11.932596,215.926379,36.157296
11.896724,216.789294,36.216086
11.819701,217.038419,36.136230
11.761673,217.313885,36.225937
11.739650,217.427850,36.108431
11.866283,219.515610,36.518882
11.780077,219.937457,36.123417
11.849465,220.097226,35.962014
11.793732,220.282999,35.791177
11.685183,220.612037,35.814943
11.645235,220.707780,35.833338
11.844669,221.615896,36.049832
11.776841,221.922439,36.022031
11.786062,221.967866,35.943221
11.879077,222.429612,35.847011
11.862791,222.475352,35.992612
11.881499,223.561606,36.118969
11.861707,224.164003,36.217393
11.872998,224.402493,36.242700
11.755823,224.599423,36.462208
11.775139,225.116085,36.626143
11.789471,225.366851,36.617202
11.744501,225.520870,36.478152
11.772692,225.605083,36.458510
11.918711,225.935395,36.489087
11.941414,226.062004,36.587358
12.092468,226.883093,37.115039
12.148224,226.909607,37.143934
12.281684,227.023606,37.158648
12.281759,227.024712,37.159635
12.272173,227.090801,37.212483
12.261890,227.105581,37.235674
12.281085,227.353788,37.488099
12.237464,227.432477,37.658144
12.304975,228.070497,37.829191
12.270886,228.146130,37.995790
12.194984,228.374015,37.984349
12.204561,228.435651,37.987834
12.177828,228.596423,38.083017
12.116003,228.699780,38.305336
12.158407,228.954435,38.481644
12.185501,229.187026,38.708527
12.241936,229.254293,38.710041
12.277414,229.399840,38.564295
12.347828,229.609869,38.370564
12.472278,230.190468,38.482558
12.509582,230.449522,38.547318
12.465373,230.531126,38.605727
12.507626,230.573531,38.604983
12.476101,230.616691,38.571183
12.557185,230.733356,38.737173
12.553391,230.796984,38.792136
12.574448,230.812605,38.646036
12.616696,230.868460,38.695669
12.650314,231.428024,38.883819
12.548944,231.547915,39.054629
12.488092,231.605986,39.147371
12.477659,231.651751,39.248342
12.394890,231.700594,38.743082
12.385303,231.673064,38.673537
12.493115,231.809243,38.505900
12.486657,231.790345,38.430241
12.481187,231.763562,38.328532
12.496813,231.776031,38.247400
12.512264,231.766004,38.068587
12.544117,231.851691,37.713400
12.542668,231.866389,37.629096
12.549171,231.866936,37.544787
12.566716,231.899357,37.456769
12.500834,232.002099,37.163779
12.497083,231.975063,37.089477
12.437989,232.091387,36.794127
12.506333,232.139041,36.574877
12.510097,232.179220,36.392350
12.610537,232.155932,35.888330
12.663144,232.167748,35.822704
12.610950,232.271134,35.790175
12.545489,232.407213,35.573991
12.608828,232.391089,35.129032
12.605944,232.462728,34.854965
12.569538,232.610884,34.835883
12.533925,232.589153,34.558493
12.512752,232.655908,34.495435
12.427547,232.647165,34.375456
12.421874,232.690258,34.311811
12.267194,232.545759,34.171609
12.222185,232.660864,34.005174
12.207042,232.625384,33.692029
12.184690,232.785692,33.477793
12.180858,232.851841,33.289822
12.159227,232.891393,33.247506
12.046451,232.913287,33.292317
12.012535,232.939982,33.253976
11.515627,232.622892,33.071875
11.408783,232.789725,32.808243
11.393393,232.819538,32.774464
11.363396,232.911280,32.626875
11.272049,233.101163,32.555664
11.261171,233.160323,32.296714
11.197375,233.238159,32.330679
11.160102,233.308712,32.231948
10.945489,233.340841,31.917826
10.735348,233.242620,31.824428
10.647344,233.299142,31.726161
10.494095,233.226258,31.531926
10.443814,233.279158,31.469064
10.286368,233.295474,31.229244
10.172032,233.365332,31.119714
10.145238,233.422422,31.049860
10.095094,233.466318,31.008579
10.001159,233.300465,30.440580
9.898340,233.227506,30.263097
9.754912,233.185107,30.243521
9.720123,233.168740,30.058992
9.633337,233.067115,30.083846
9.517799,233.074990,30.024554
9.473487,233.112355,29.946972
9.379599,233.165343,29.893521
9.270605,233.100365,29.546509
9.239670,233.141311,29.484749
9.149636,233.154110,29.299235
8.966034,233.128841,29.314647
8.894157,233.164007,29.182951
8.818824,233.173934,28.697412
8.714804,233.023020,28.822309
8.736483,232.951820,28.886262
8.605115,232.733499,28.935190
8.478476,232.632706,29.108442
8.459329,232.519340,29.190701
8.485252,232.442293,29.213608
8.511998,232.367360,29.311908
8.415547,232.276847,29.431162
8.388620,232.205761,29.534440
8.370505,232.163953,29.566898
8.357775,232.098741,29.641664
8.298896,232.137513,29.688564
8.330082,232.020564,29.503612
