2000
3
41.865266,9.687671,230.348494
41.670478,9.732915,230.342789
41.560955,9.795196,230.397218
41.376936,9.877337,230.285361
41.168199,9.866462,230.295055
40.940003,9.864225,230.144106
40.776198,9.829061,230.264659
40.573106,9.821461,230.278603
40.210487,9.889275,230.308329
39.798337,10.008153,230.429950
39.801394,9.992528,230.105163
39.981608,9.985159,229.990756
40.117144,9.976943,229.902378
40.203015,9.968730,229.683837
40.274715,9.988654,229.590747
40.378281,10.005097,229.437755
40.414100,10.012826,229.249785
40.440578,9.994940,229.016546
40.503041,9.977398,228.879979
41.055380,10.294953,228.799936
41.165169,10.286636,228.700816
41.299040,10.318192,228.632969
41.362873,10.252060,228.227988
41.633457,10.310141,228.083223
41.730107,10.478193,228.012564
41.949358,10.487308,227.889929
42.205634,10.423265,227.672254
42.606523,10.491998,227.485388
42.871316,10.487632,227.284006
43.180544,10.655101,227.387588
43.710720,10.838406,227.540270
44.711166,11.125838,227.727891
45.276800,11.279597,227.727386
46.056552,11.479232,227.810655
46.268829,11.486521,227.665884
46.331575,11.500900,227.709771
47.516429,11.561134,227.152489
47.849096,11.599410,226.968201
48.192161,11.637126,226.868930
48.583662,11.651288,226.573792
48.779311,11.685647,226.567795
49.064062,11.705729,226.457128
49.530866,11.737218,226.510475
49.656102,11.775502,226.564763
49.993608,11.838025,226.671452
50.191531,11.918249,226.681058
51.018676,12.193712,226.711995
51.449924,12.294238,226.875265
51.627865,12.283541,226.409153
53.022196,12.270047,226.749339
53.194483,12.250457,226.597951
53.412053,12.191977,226.731366
53.981911,12.258961,226.620093
55.303446,12.141577,226.606792
56.049477,12.096316,226.539540
56.831437,12.234908,226.212464
57.346113,12.344986,225.965637
58.793821,12.628424,226.322744
59.933518,12.955083,226.400756
60.584065,13.118007,226.192307
61.052644,13.246393,226.074115
61.407036,13.398998,225.965085
61.767779,13.534484,225.803122
62.042297,13.525959,225.866592
62.502330,13.529922,225.824883
62.641845,13.472044,225.767237
63.960655,13.465988,225.510130
64.192759,13.390008,225.368223
64.998157,13.342203,225.177565
65.250143,13.481933,225.089430
65.370383,13.524015,225.249664
65.400031,13.573420,225.177975
66.214205,13.576758,225.405885
66.563095,13.858070,225.327480
67.554429,13.926811,225.391212
67.938794,14.058747,225.338399
68.432540,14.061016,225.238974
68.731075,14.043090,225.215276
68.927371,14.010190,225.198910
69.609104,14.345216,225.434260
70.646310,14.587644,226.292091
71.354365,14.888802,226.545070
71.588074,14.941351,226.475142
72.028257,15.040110,226.506989
73.515994,15.136326,227.043942
74.118759,15.200913,226.863991
75.050123,15.366804,226.426391
76.508454,15.858709,226.387392
76.837374,16.062821,226.256376
77.540810,16.254622,226.589302
78.041118,16.574388,226.791397
78.322488,16.627078,226.722333
78.832799,16.563099,226.705965
79.866498,16.665517,226.706091
81.204787,17.009909,226.854511
81.197268,17.104582,226.870053
82.586320,17.538865,226.990261
83.438291,17.733726,226.700270
83.723207,17.691323,226.470605
84.247826,17.778896,226.772884
86.120994,17.910286,226.830717
86.572745,17.928094,226.936873
86.921697,18.068212,226.927306
87.951121,18.104877,226.830289
87.973879,18.243736,226.829794
89.704677,18.373370,226.797979
90.615626,18.684516,226.461351
90.838650,18.615171,226.348915
92.294680,18.736850,226.466148
92.799649,18.940140,226.643564
92.840614,19.261680,226.699638
92.886543,19.662425,226.944720
93.520249,20.052046,227.207943
94.868758,20.290974,227.108512
95.318158,20.559647,226.727381
96.530651,20.889528,226.596442
97.250170,21.045664,226.498641
97.795548,21.314011,226.895424
98.654743,21.440414,226.949679
99.569081,21.647600,226.996783
99.528744,21.757761,227.039420
99.718580,22.107605,227.268181
100.039130,22.201041,227.235161
100.447865,22.389101,227.081607
101.218463,22.706639,227.221361
101.944642,22.923939,227.256161
102.493388,23.016571,227.163832
103.016232,23.121126,227.200854
103.609447,23.297228,227.154589
105.254063,23.575674,226.911752
105.840456,23.779735,227.219604
106.282239,24.202216,227.575506
106.283525,24.300158,227.650661
106.717092,24.471215,227.660888
107.558907,24.593495,227.893136
107.214087,24.722648,227.999015
107.990770,25.226359,228.125649
109.248948,26.055616,228.167716
109.526850,26.169936,228.173832
109.543137,26.217434,228.205236
110.137851,26.487995,228.158840
110.572712,26.750286,228.154632
111.021075,26.978153,228.159169
110.837528,27.188808,227.932490
111.051896,27.372834,227.748916
111.161229,27.587842,227.726150
111.882585,27.798643,227.705407
112.523800,28.675187,228.003101
112.859114,28.640530,228.044919
113.467179,28.784818,228.126624
113.511901,29.008547,228.339695
113.681112,29.439039,228.352463
114.851124,29.820061,227.993255
115.502263,30.454162,227.954797
116.117322,31.349241,227.868522
116.606944,31.497996,227.888242
117.352765,31.725684,227.910243
117.504386,31.925471,227.989276
118.096958,31.990751,227.855675
118.730946,32.168470,227.731288
119.394139,32.817918,228.058365
119.991678,32.829116,228.112361
120.482339,32.951859,228.074274
120.986567,32.984029,228.125323
121.207086,33.186992,227.964951
121.850571,33.519740,228.035650
122.128178,33.575836,228.046063
122.888004,34.255310,228.264803
123.581609,34.638068,228.329454
123.117307,34.650137,228.253856
122.356888,34.842408,228.107308
121.499837,35.169745,227.797718
120.636819,35.480917,227.502724
119.804225,35.950622,227.427827
118.532863,36.164060,227.218436
117.479898,36.487456,226.913867
117.043084,37.218224,226.392336
116.588771,37.600641,226.069256
115.744328,37.958592,226.109249
115.370382,38.320845,226.675976
115.478116,38.617034,226.798600
114.958510,38.691339,226.743782
112.560694,39.380041,226.588518
111.256830,39.862876,226.636233
111.014229,40.253022,226.340708
110.561216,40.367953,226.471531
109.668957,40.424629,226.475569
108.546286,40.670771,226.249544
107.340621,41.208615,225.880379
106.882299,41.606538,225.896484
106.103075,41.707944,226.048890
105.612523,41.897115,226.170415
105.500270,42.217751,225.706321
104.673975,42.961222,225.403468
104.305877,43.669070,225.478961
103.635866,44.159248,225.238595
103.545427,44.129461,225.198503
102.977249,44.052050,225.048974
102.723590,44.501868,224.792358
102.786454,44.831171,224.753769
102.510886,44.797206,224.591495
101.971421,46.113358,224.631464
101.574647,46.397529,224.550393
99.767359,47.354715,224.596624
99.471476,48.063762,224.805343
98.470152,48.301277,224.621446
97.926462,48.737516,224.728020
97.959887,50.261938,225.087393
97.342135,51.440966,224.721760
96.324403,52.380378,224.692435
96.335267,53.006752,224.826525
96.165716,54.104616,224.768352
96.171238,54.120333,224.773258
95.527184,55.061421,224.946137
95.180405,56.518594,225.517903
95.368988,57.508894,225.308731
94.311473,58.731249,225.330314
92.783820,60.188204,224.827813
92.162653,60.725578,224.529083
90.886898,61.866235,223.953559
90.420784,62.723316,223.850598
89.854325,63.416321,223.996235
89.019901,63.808426,224.262841
86.883114,65.346264,223.977985
86.146915,65.743630,224.055985
86.244153,66.539394,224.113419
85.762998,66.516736,224.163915
85.267783,66.703893,224.077262
85.265515,66.704659,224.077233
84.931533,66.937731,223.915691
83.075959,67.593591,223.659064
83.058153,67.640036,223.622965
81.678812,69.018244,223.736343
81.455435,70.391286,224.060681
80.970739,70.603285,224.114917
79.647351,71.935022,224.682001
79.148514,72.099606,224.712696
79.217657,72.939885,224.911393
78.869046,74.266455,224.794929
77.917832,74.207054,224.522323
77.553460,74.936635,224.772787
76.242443,75.128842,224.545799
76.512522,75.867859,224.288824
75.187233,76.458132,224.003156
75.336323,76.887081,223.678930
74.804317,78.343074,223.327034
74.338001,78.473893,222.896692
73.948120,79.086258,223.069004
72.653478,79.537295,223.139771
71.932283,80.489989,222.991758
72.064319,80.767572,222.608282
69.554862,82.697349,222.898618
69.663341,83.037456,222.774836
69.426794,84.100953,222.819806
69.654698,84.429353,222.664997
69.749103,85.776558,222.585468
68.901078,86.452135,223.031230
68.837527,87.131115,223.008916
69.118922,87.573107,223.153942
68.665516,88.005774,223.179812
67.441498,88.526874,222.924020
66.168571,90.039120,222.653066
66.009580,90.826138,223.154576
65.265609,90.723536,223.258086
65.378782,92.677005,223.314500
65.534832,93.611380,223.445015
64.986098,93.798410,222.972767
64.359631,94.960715,222.941194
63.771492,95.446462,222.706708
63.443393,96.268203,222.495486
63.448588,96.275442,222.501831
63.685232,96.736985,222.500830
64.310220,97.458284,222.704155
64.284006,98.589419,222.751605
64.060811,99.415451,222.996797
63.967111,99.403213,223.026165
62.828240,99.890777,222.937517
61.469291,100.843942,222.558804
59.050901,103.828015,222.326808
59.057714,103.846299,222.315218
57.270745,105.481313,221.916467
57.599498,106.171943,222.282066
55.589792,108.200059,222.345733
55.483178,109.213123,222.089328
54.491581,109.381050,221.956240
53.765724,110.415294,221.782688
52.335039,111.766381,221.562826
52.392865,112.547260,221.172246
52.325060,112.538392,221.244069
52.368395,113.303958,221.749765
51.704905,114.590249,221.555878
51.547172,114.303773,220.833162
51.064242,115.891066,220.894970
51.051088,115.895331,220.890397
50.301785,116.859343,220.902305
50.336045,117.259159,220.865185
49.139202,117.435864,220.609861
49.346683,118.967748,220.649904
49.483437,119.479145,220.200889
49.443178,120.661148,220.608144
48.964046,121.931934,220.676181
48.974290,121.936124,220.669277
49.001585,122.618085,220.423810
49.016266,122.623428,220.413434
47.976322,124.444438,220.241166
47.860324,124.432123,220.147909
47.751734,124.847512,220.005246
47.730889,124.916466,219.906689
47.836729,125.155555,219.684401
47.237999,125.653346,219.448479
47.248460,125.685553,219.425617
47.215094,125.703262,219.382253
47.184499,126.583880,219.050832
46.800527,126.874837,218.802400
46.854863,126.941517,218.756139
45.355295,128.238721,218.962989
45.597853,128.564095,218.564612
45.744660,128.774685,218.719391
45.811862,129.079238,218.581027
45.668635,129.131917,218.518653
46.088402,131.056243,218.370241
46.369543,131.693250,218.548662
45.944052,132.981607,218.483545
45.844409,133.794061,218.394421
45.702244,134.599264,218.464864
45.807412,134.830333,218.150406
45.731190,135.550867,218.217337
45.916475,135.714244,218.226271
45.876103,135.729889,218.259870
44.177964,136.609008,217.937333
44.136930,137.317906,217.544797
44.185379,137.677265,217.263983
44.453298,138.308405,217.160682
44.098750,139.067644,217.271731
43.140664,140.303642,217.483620
42.804449,140.854714,217.506399
42.894266,140.884694,217.427202
41.925432,141.377889,216.638371
41.922574,141.873887,216.534608
41.790126,142.784260,216.291200
42.173702,143.614383,216.400090
42.166887,143.621957,216.414790
42.157862,143.651288,216.378781
42.051800,144.902191,216.436600
41.360251,145.687070,216.679836
41.546598,145.986426,216.585819
41.596965,147.218598,217.082600
41.615079,147.485646,217.012573
41.895764,148.078297,216.736910
42.113644,148.475795,216.582622
42.389881,149.055732,216.450911
42.424753,149.190555,216.230904
42.308678,150.838611,216.027417
42.280418,151.027936,215.720108
42.029217,152.321086,215.446789
41.855902,152.894438,215.284763
41.881025,153.573105,215.240725
41.836150,154.246508,215.405021
41.633817,154.768409,215.367523
42.025244,155.159698,215.291845
42.037792,155.187638,215.326960
42.014064,155.394450,215.214458
42.208886,156.283666,214.857099
42.187121,156.700924,214.277752
42.036313,157.238770,214.120602
42.927830,158.584247,213.682547
42.802655,158.739927,212.847191
42.674734,159.188381,212.883179
42.657825,159.550695,212.993106
42.822492,159.615474,212.982814
42.703171,160.687612,212.534947
42.674743,161.289980,212.124508
42.867288,161.402305,212.122641
42.918131,161.530689,212.063828
43.430785,161.929765,212.109569
43.543138,163.370687,211.945600
43.949804,164.305240,212.006703
43.818120,164.888563,211.838428
44.199620,165.717385,212.178362
44.154194,165.720379,212.190226
43.935079,165.932900,211.991573
43.741585,166.431493,211.593375
43.482827,167.052119,211.368993
43.224921,167.513771,211.358451
42.590644,168.292129,211.049820
42.871130,168.825182,210.576747
43.025318,169.058683,210.457570
42.407427,170.233730,209.834415
42.588785,170.564459,209.554944
42.401148,171.373499,209.194027
42.450257,171.384923,209.198559
42.375060,171.752339,209.191911
42.714514,172.286208,208.922037
42.658133,172.777375,208.246373
42.662390,173.089814,208.411527
42.885495,173.990360,208.225988
42.894457,174.182732,208.241118
42.832037,174.663019,208.230780
42.836385,175.290956,207.814497
42.664806,175.637232,207.776561
41.655301,176.848312,206.834190
41.394885,177.582643,207.060824
40.928946,177.410759,206.645547
40.810810,177.836002,206.753858
40.811373,178.311219,207.057478
40.787036,179.147233,207.000035
39.932920,181.436048,206.733102
39.926177,182.388893,206.437304
40.459975,183.483638,205.697797
40.317977,183.847886,205.765711
40.576356,184.825699,205.946385
40.740103,184.961625,205.827635
40.614932,185.274779,205.854589
40.605707,185.393727,205.938874
40.686224,185.660863,205.848822
40.590069,186.052781,205.833101
40.638490,186.233398,205.649973
40.697128,186.278594,205.676157
40.312142,186.674076,205.329035
39.946789,187.194344,205.316896
38.823668,188.234350,204.968785
38.795865,188.677272,204.872796
38.718092,188.818464,205.031201
38.541313,189.007796,204.854029
38.699227,189.455004,204.563191
38.823475,190.095554,204.437555
38.758277,190.109476,204.356226
38.220526,190.548892,203.733890
37.823552,190.268745,203.428140
38.188196,190.900900,203.042341
38.115253,190.978219,203.119139
37.965088,190.969263,202.974078
37.872571,191.123545,203.004094
37.616623,191.782591,202.528312
37.480433,192.157196,202.557987
37.149538,192.202673,202.600939
36.534757,192.039616,202.098298
36.027695,192.682196,201.741694
36.033691,192.998479,201.271407
36.004361,193.734692,200.959372
35.959110,193.850666,200.925420
35.759660,194.218723,200.712441
35.482664,194.381846,200.351969
35.475295,194.401133,200.345750
35.443950,194.669766,200.267715
35.531760,194.571893,199.987317
35.474467,194.654227,199.841841
35.522921,194.659734,199.425506
35.556675,194.683363,199.225662
35.782301,194.886827,198.694181
35.819571,194.829126,198.630031
35.855786,195.051924,198.361101
35.741225,194.857939,198.190359
35.564932,195.648712,197.197071
35.871545,195.875605,196.595916
35.639197,195.838402,196.400630
35.617684,195.894161,196.369216
35.175890,196.309454,195.811915
34.373593,196.767239,194.607326
34.287908,196.818243,193.917877
34.129178,197.407660,193.313277
34.126800,197.447518,192.947824
33.665743,197.564401,192.359728
33.464013,198.062667,192.164716
33.468897,197.834425,191.714881
33.411256,198.308825,191.151038
32.849547,198.396697,190.511912
32.290558,198.568069,190.013977
32.050185,198.683449,189.935221
32.130367,198.743914,189.413777
31.901765,199.352096,188.755915
31.695654,200.088433,188.332336
31.489848,200.366056,188.062319
31.202388,200.696145,187.347850
31.240547,200.926694,186.473678
31.179156,200.923618,186.438094
31.228712,201.082001,185.844509
30.323926,201.496305,185.162063
30.226982,202.197937,184.369211
29.939560,202.322584,183.785776
30.321621,202.862790,182.902534
30.177334,202.915702,182.556710
29.680278,203.116321,181.964984
29.473111,202.891858,181.663788
29.164291,202.926802,181.419372
28.661381,203.783189,180.282806
28.644027,204.530631,179.549553
28.436518,204.522301,178.583044
28.325436,204.739124,178.372674
28.336922,204.821227,177.755289
28.043928,204.815672,176.722714
28.061517,204.788912,176.036861
27.942039,205.169715,174.739020
27.684981,204.768548,173.319201
27.714450,204.608613,172.607843
27.513996,204.428036,172.352454
27.043012,204.604657,171.669132
27.171176,204.559917,171.531068
27.256024,204.594858,171.065923
27.275784,204.605016,170.923365
27.469871,204.363403,169.098161
27.483308,204.369535,169.094089
27.573372,204.622924,168.575318
26.899667,203.745429,167.586003
26.527160,203.727888,166.988375
26.490633,203.560860,166.724599
25.733610,203.427906,165.428761
25.500167,203.630409,164.776009
25.312699,203.477958,164.369706
24.601401,203.313085,163.613371
24.601008,203.312971,163.611944
24.647467,203.227929,163.481792
24.267370,203.367222,162.840199
24.267010,203.304875,162.693229
23.852196,203.095803,161.851556
23.760540,203.050678,161.680582
23.604098,203.206352,161.491682
23.398422,203.159578,161.067659
23.359520,203.328356,160.828941
23.377429,203.290897,160.814237
23.303207,202.884036,159.732263
23.328763,202.890322,159.582093
23.382604,202.781623,159.428998
23.381469,202.783794,159.411533
23.618082,202.697774,159.264623
23.583569,202.716507,159.241387
23.573294,202.738017,159.238253
22.694478,202.717510,158.607204
22.707035,202.923849,158.098824
22.742606,202.815741,157.830971
22.725745,202.934466,157.726022
22.717087,202.923087,157.680547
22.703640,202.655130,157.230747
22.678798,202.733442,157.177658
22.327955,202.770394,156.481155
21.952801,202.332468,155.910371
22.021308,202.165885,155.663712
21.137625,201.745017,154.910494
21.089331,201.822329,154.833200
21.065199,201.578289,154.572149
21.112896,201.439655,154.421407
21.256005,201.496681,153.108901
21.227477,201.591960,152.773749
21.176871,201.406301,151.835992
20.260052,200.415971,151.048346
20.325680,201.111948,150.960889
20.312616,201.090138,150.182358
20.246404,201.121122,149.905266
20.307217,201.384495,149.519516
20.271699,201.560107,149.328958
20.413987,201.441815,148.855077
20.320783,201.133120,148.144259
20.349742,201.064377,147.164326
20.410964,200.912523,147.111699
20.554946,200.723451,146.265721
20.579790,200.265268,145.481033
20.309924,200.028164,145.369969
20.298938,200.138873,145.257694
19.366339,199.000546,143.789840
19.355581,198.553251,143.508241
19.581627,198.085439,142.408352
19.709782,197.928735,142.047982
19.735639,197.933792,142.022162
19.748687,198.003234,141.964827
19.720113,197.933097,141.206491
19.872859,197.520145,140.844570
19.680058,197.023277,140.530806
19.642898,196.930451,140.122899
19.783418,196.314730,139.438032
19.802895,196.355952,139.399204
19.867951,195.408736,137.393243
19.996563,195.045443,136.773890
20.042311,194.935781,136.737906
19.959141,194.853391,136.311247
20.065361,194.473602,135.713223
20.004157,193.718323,135.100932
19.317634,192.737093,133.789348
18.835165,191.902153,132.640981
18.854564,191.939272,132.588745
18.748564,191.935029,132.116493
18.828268,191.660991,131.900039
18.707501,190.799576,131.322651
18.804117,191.104223,130.824281
18.809260,191.097949,130.798540
18.810629,191.092218,130.801355
18.620142,189.308045,129.656833
18.601898,189.240661,129.687175
18.606610,189.215302,129.694807
17.759883,187.779432,127.175863
17.789436,186.333833,125.805059
18.304569,185.723675,125.498292
18.188826,184.705415,124.279450
18.165610,183.918532,123.666958
18.135750,183.895323,123.667113
18.129218,183.897555,123.661496
17.992252,183.278600,123.262781
18.094936,182.751813,122.949597
18.217515,182.625484,122.460610
18.150388,180.385670,121.359070
17.532070,180.227391,120.464815
17.544360,179.468077,119.917294
17.375351,177.830747,117.987547
17.588219,177.413270,117.349075
17.543687,176.624765,116.525638
17.224005,176.313411,115.026983
17.394038,175.330909,114.385487
17.227904,175.749723,114.285289
17.388353,174.708234,113.701080
17.440435,174.430999,113.312449
17.581249,173.654021,111.439814
17.532976,172.056480,110.474206
17.503791,170.997357,109.039012
17.437414,170.707915,108.542735
17.320684,171.096535,108.626011
17.317009,170.339704,108.387860
17.422204,169.943906,107.546679
17.402579,170.084493,107.375003
17.094164,169.260242,106.723694
17.092581,168.404095,105.844551
17.246289,166.715370,104.319484
17.260177,166.862794,104.113844
17.222466,166.870471,104.095617
16.980790,166.373380,103.214169
16.996225,166.304210,103.033366
16.903654,166.022541,102.480710
16.862577,165.199792,101.965498
16.835918,165.364762,101.788982
16.929530,164.918771,101.301783
17.021384,163.857783,100.632552
16.905020,162.786880,99.461222
16.805148,159.531984,97.855725
16.728096,159.171653,97.638986
16.709801,157.694813,96.589591
16.800652,157.249564,96.034131
16.694283,157.058301,95.684790
16.365634,156.567058,95.332016
16.495371,155.520426,94.640800
16.461247,154.276554,94.316087
16.456877,154.273758,94.317642
16.445226,154.032958,94.264671
15.890391,153.600455,93.760516
15.852190,153.179833,93.809212
15.531738,152.773154,93.226213
15.459012,152.638599,92.733614
15.470904,150.629645,91.231765
15.551185,150.438618,91.249770
15.677622,148.520629,90.231188
15.406452,147.967524,89.374390
15.280102,147.534833,89.049086
15.420971,147.330809,87.936057
15.665303,146.962016,87.469370
15.770107,145.370743,86.883816
15.886035,144.870696,86.692919
15.765124,144.882672,86.157217
15.983280,144.856703,85.962518
16.179170,143.561518,85.436888
16.132522,143.201011,85.460696
16.083803,142.302961,84.850549
16.188124,140.707641,83.946083
15.831645,139.315478,83.275618
15.786819,139.143555,83.214662
15.332169,138.686961,82.818256
15.531077,138.162158,82.373914
15.483728,137.984852,82.383583
15.496903,137.964253,81.942488
15.345561,136.264607,80.597736
15.425356,135.806422,80.249518
15.438792,135.807549,80.243736
15.539855,135.967099,79.609655
15.605174,135.589775,78.834537
15.642218,135.047544,77.491365
15.804488,134.639149,77.386452
16.007468,134.094879,76.455610
15.923378,133.585491,75.973028
15.836568,133.015872,76.115033
15.764626,132.572564,76.129711
15.945687,131.225411,75.148348
15.854302,129.686706,74.688462
15.597367,128.640188,74.137721
15.506052,128.237764,72.818243
15.547101,127.492194,72.370713
15.547104,127.489847,72.369872
15.194920,125.003797,70.069714
14.930022,125.272743,69.788014
14.930036,125.270225,69.787386
15.181500,124.647613,69.040757
15.179801,124.200349,68.419875
15.183068,124.206597,68.424426
15.182515,123.494386,67.934877
15.046381,123.088029,67.383354
14.850649,121.907129,66.629679
14.882399,120.577162,65.972488
14.958722,118.369568,64.402780
14.915806,117.369766,62.536353
14.932253,116.869776,62.306609
14.994155,116.540030,62.317073
15.133660,116.414328,61.964482
15.060298,116.380557,61.772698
14.923990,115.359537,61.419314
14.800193,114.684434,61.007471
14.787724,114.021917,60.500566
14.672692,113.750373,59.633076
14.648058,113.393117,59.477380
14.522152,113.004902,58.782063
14.756786,112.916637,58.568966
14.460959,112.319091,58.165073
14.366432,111.785873,57.763685
14.338818,111.118447,57.070258
14.375511,110.541210,56.888373
14.470586,110.187955,55.871977
14.422510,110.439827,55.031334
14.420789,109.832518,54.955306
14.438729,109.390789,54.647455
14.360006,109.018457,54.186386
14.416407,107.990765,52.767163
14.564787,107.118301,52.676020
14.594878,106.735138,52.146928
14.614552,106.718263,51.918639
14.506388,105.658270,50.890413
14.175676,105.310642,50.282872
14.054677,104.728780,50.028813
14.090297,103.734046,49.674063
14.174061,103.409101,49.326149
14.133494,102.994304,48.941663
14.207913,102.363700,48.920117
14.234920,101.760082,48.635987
14.173798,101.369357,47.919158
13.948308,101.148608,46.934397
13.717843,100.801972,46.059450
13.862038,100.279550,45.365865
13.777366,99.801582,44.992957
13.797898,99.056391,44.418412
13.986025,98.735999,44.222742
13.623318,97.723414,43.451528
13.624686,97.225523,43.304031
13.690308,95.869681,42.203882
13.352546,94.687838,41.149615
13.387385,94.433098,40.644610
13.402721,94.058173,40.228295
13.493496,93.900421,39.964554
13.380329,94.022735,39.604244
13.608089,93.675407,39.386718
13.663544,93.412801,38.933374
13.717399,93.114731,38.749142
13.751940,92.482024,38.239723
13.827042,91.978000,37.822999
13.710987,91.525658,37.309572
13.715464,91.008019,37.065360
13.779617,90.631432,36.762208
13.762865,90.425456,36.716166
13.912317,90.358789,36.411021
13.931375,90.577609,35.802224
13.947814,90.491680,35.590590
13.992201,90.218576,35.248584
14.133057,89.901964,34.587934
13.930694,90.528994,33.900130
13.929364,90.734440,33.920823
13.861122,91.172306,33.817496
13.866394,92.210327,32.905325
13.899160,92.742213,32.737983
13.972002,92.984521,32.628773
13.927313,93.175056,32.633785
14.056320,93.506387,32.422049
14.019235,93.778587,32.536698
14.029797,94.077654,32.565699
14.028649,94.366338,32.511598
14.036623,95.057156,32.400924
13.753025,95.459546,32.208215
13.685197,95.842031,32.059999
13.537228,96.058293,31.585823
13.557007,96.211707,31.500892
13.554320,96.533130,31.411582
13.591852,96.989387,31.234612
13.188481,97.749638,30.702949
13.127106,98.168690,30.588236
13.177401,98.506013,30.321512
13.315178,98.865516,29.443992
13.351301,98.880444,28.581811
13.298834,99.496661,28.312889
13.469211,99.880145,27.974023
13.519074,101.493700,27.224142
13.807295,102.767310,26.631589
13.776293,102.894915,26.662853
13.428328,103.491348,24.963493
13.534353,103.930608,24.980802
13.440385,104.945010,24.446757
13.089852,105.499813,23.893199
13.183042,106.166482,23.380741
13.201741,107.252254,23.174343
13.300871,107.693325,22.970252
13.354763,108.313463,22.469381
13.260814,108.723041,22.419425
12.940630,109.051637,21.833057
12.610502,109.299846,21.545835
12.652605,109.781581,21.150321
12.438624,110.294279,20.804572
12.425400,110.316026,20.822823
12.421298,111.056091,20.607466
12.566639,111.643141,20.346290
12.579732,111.959838,20.297208
12.469858,112.193295,20.293657
12.499798,112.789182,19.782598
12.484051,112.805276,19.760988
12.523399,113.091769,19.585844
12.519134,113.279393,19.373051
12.575103,113.701621,19.034413
12.573873,113.899572,19.073499
12.454187,114.610993,19.039176
12.530784,115.226274,18.807728
12.487679,116.490465,18.287108
12.548733,117.106914,18.143354
12.558474,117.130413,18.150125
12.610328,117.591972,18.118204
12.606937,117.645642,18.065926
12.616945,117.985671,17.716575
12.636265,118.129390,17.751280
12.634455,118.133495,17.752707
12.612574,118.462007,17.598051
12.529750,118.846828,17.651922
12.402212,119.965079,17.014537
12.440208,120.619171,16.732954
12.220836,121.064386,16.378611
12.221481,121.068841,16.383349
12.208446,122.594051,16.385318
12.091713,123.518668,16.514908
12.152776,123.661244,16.297126
12.058480,124.581710,16.115308
11.823775,125.232538,16.038914
11.800691,125.236437,16.044664
11.731997,125.887853,16.132541
11.566988,127.740854,16.063975
11.437941,128.296960,15.669511
11.470388,128.478598,15.597494
11.488408,129.102734,15.649285
11.332277,129.658941,15.696822
11.347450,129.894237,15.535898
11.379849,131.186104,15.290581
11.382377,131.192720,15.294264
11.372310,131.806747,14.916001
11.285286,132.186530,14.964427
11.089909,134.119132,14.705522
11.035373,134.468129,14.577189
11.042785,135.347316,14.393197
11.036432,135.962846,14.332925
11.042446,135.967717,14.339686
11.014459,136.977661,14.375133
10.744672,137.626691,14.405909
10.792169,138.250817,14.384148
10.758997,139.047653,14.271532
10.712842,140.203479,14.141640
10.755253,140.315453,14.192660
10.678092,141.064603,13.996042
10.780458,141.728180,13.691972
10.760592,142.070457,13.612603
10.615143,142.774167,13.316775
10.614939,143.455301,13.271788
10.541391,143.532672,12.887272
10.358205,143.531214,12.730990
10.401911,143.952227,12.787948
10.332907,144.487013,12.637936
10.245930,145.041359,12.634144
10.174094,145.113945,12.570087
10.193492,145.636215,12.432021
10.118640,146.922753,12.550887
10.038717,146.968978,12.480096
9.795351,147.570071,12.445778
9.779566,148.294504,12.235630
10.183838,149.652738,12.065721
10.272590,150.020238,11.967528
10.257761,151.008680,11.990801
10.188388,152.322293,11.765408
10.252254,154.087114,11.854676
10.316327,154.114347,11.831266
10.322823,154.161340,11.841131
10.371975,154.491614,11.840962
10.466783,155.487947,11.726008
10.486325,156.044283,11.609736
10.393293,157.220154,11.359244
10.410764,157.224975,11.359547
10.371732,157.498438,11.281645
10.476783,158.391185,11.374922
10.339774,159.493053,11.541058
10.315489,159.741134,11.655953
10.308148,160.776371,11.515437
10.388687,161.548678,11.614154
10.148510,164.426972,11.334685
10.217512,165.116897,11.377181
10.330257,166.162247,11.680340
10.276491,167.365103,11.639082
10.454321,167.853275,11.765102
10.372654,168.318317,11.776624
10.439950,169.115216,11.800273
10.548039,170.665888,11.793765
10.766164,171.455780,11.807356
10.895269,172.334564,11.710115
10.931395,172.684856,11.759280
10.947225,174.167030,11.882555
10.813589,175.487582,12.142559
10.698977,176.120492,12.147305
10.531317,177.461822,12.141429
10.333790,177.702442,12.194116
10.270767,178.073206,12.116461
10.151998,178.790748,12.364098
10.318564,178.920015,12.285358
10.227154,179.670567,12.558874
10.173663,180.332729,12.216912
9.947149,181.117891,12.440502
9.897617,181.467532,12.371412
9.846917,181.812066,12.300684
9.797732,182.127291,12.231965
9.670800,182.837333,12.169601
9.687175,184.072397,12.179552
9.786919,185.043425,12.080450
9.822906,185.114974,12.089377
9.739750,185.593153,11.967219
9.789825,186.460958,11.982961
9.789173,186.462431,11.982124
9.830783,186.860299,11.672225
9.860634,187.782025,11.849515
9.966006,188.304802,11.945332
9.923665,188.611518,11.961894
9.991962,188.643118,11.927389
9.934236,189.751546,11.854809
9.864407,190.096897,11.910426
9.863538,190.098201,11.909760
9.697487,190.994807,11.950893
9.709702,192.157338,11.976981
9.643032,192.658512,11.909504
9.746212,193.895987,11.910704
9.491439,194.709457,11.920524
9.488428,194.712862,11.926132
9.523256,194.796749,12.041241
9.490746,195.059933,12.009263
9.186060,197.052319,12.054784
9.224859,197.217672,12.082026
9.022715,198.163735,12.454057
9.051781,198.657327,12.396906
9.034013,198.952500,12.374111
9.078917,199.117740,12.361588
8.993189,201.079128,12.515586
8.958798,201.193045,12.466818
8.985488,203.011867,12.430969
8.935411,203.243404,12.367319
8.863944,204.327558,12.113722
8.826037,204.525443,12.063519
8.795992,205.141346,12.224670
8.795875,205.142673,12.225089
8.796410,205.144214,12.226412
8.891807,205.681552,12.477126
8.550917,206.544281,12.539945
8.606830,206.611926,12.470059
8.580723,206.869239,12.540450
8.722591,207.599555,12.556689
8.931866,209.404833,12.082945
8.838635,209.882317,12.063390
8.759087,212.024688,12.243596
8.758863,212.025951,12.243682
8.744395,212.070970,12.224188
8.846553,212.468372,12.196431
8.837415,212.681126,12.185304
8.936831,213.569877,12.309781
9.013642,213.986884,12.304253
8.962470,214.249788,12.473421
9.067396,214.279263,12.450047
9.175100,214.997784,12.639789
9.152054,215.762823,12.440717
9.184805,215.776396,12.466999
8.893564,216.425318,12.469363
8.986013,217.692236,12.365933
8.949638,217.911004,12.293500
8.870424,218.234026,12.229056
9.043654,218.409739,12.316417
9.018125,218.684225,12.443669
9.186989,219.210306,12.308823
9.271164,220.210983,12.333379
9.224429,220.390728,12.452587
9.415266,220.756793,12.323468
9.447584,220.766086,12.278771
9.426597,220.852765,12.240080
9.486267,221.044994,12.133380
9.719100,221.198705,12.241690
9.689016,221.285330,12.205358
9.642951,221.631959,12.260725
9.690515,221.977684,12.287406
9.746936,222.526247,12.317029
9.725665,222.596853,12.290988
9.837045,223.153705,12.399565
9.913230,224.173951,12.519630
9.887393,224.254661,12.539651
9.918467,224.525200,12.565223
10.049623,224.864990,12.672224
10.003303,225.193067,12.910820
10.102122,225.178643,12.901341
10.153529,226.245775,12.914150
10.339631,227.659510,12.898282
10.271666,227.871806,12.788783
10.435133,228.796873,12.805229
10.490665,229.052779,12.932039
11.041294,229.274911,12.934854
10.920372,229.559185,12.915939
11.259330,231.215189,12.979947
11.386769,231.555712,13.042585
11.599993,231.734742,12.941846
11.565931,231.869508,12.869895
11.572041,232.733574,12.846317
11.522221,232.817560,12.793552
11.496870,232.954361,12.738992
11.436323,233.056570,12.743869
11.412151,233.109486,12.694488
11.009092,233.672125,12.890626
11.055824,234.349135,12.912820
11.124588,234.708056,12.823115
11.092595,234.828536,12.892252
11.142192,234.835926,12.895404
11.103593,234.910022,12.882049
11.146065,235.615120,13.051404
11.021957,235.855825,13.124155
10.982393,236.579855,13.247753
11.086820,236.858180,13.219921
11.064349,237.236274,13.277956
11.025565,237.289707,13.271793
10.978198,237.376295,13.356334
11.052324,237.434171,13.281535
11.031465,237.547341,13.205714
11.072547,237.736903,13.236083
11.109398,237.977602,13.256951
11.070251,238.042285,13.215515
11.109698,238.656276,13.282201
11.154407,238.866255,13.219492
11.222054,238.776263,13.264713
11.679175,238.891790,13.338050
11.873458,238.849346,13.302664
12.160098,238.888863,13.283548
12.198782,238.838978,13.323697
12.376535,238.813742,13.324514
12.670236,238.737943,13.337059
12.732573,238.694881,13.380237
12.918316,238.653806,13.578169
13.011814,238.600627,13.587468
13.287505,238.670605,13.591684
13.510370,238.724319,13.782540
13.517339,238.713943,13.838519
13.617676,238.840566,13.945293
13.765759,239.001085,14.048362
14.097244,239.122706,14.280286
14.492151,239.149089,14.183993
14.510204,239.126387,14.185241
14.617521,239.078042,14.279896
15.690796,239.199023,14.378163
15.825497,239.126667,14.385629
16.066577,239.098234,14.550093
16.251977,239.089582,14.490395
16.529933,239.119649,14.515525
16.654181,239.016355,14.581159
16.731473,238.934308,14.651433
17.034794,238.914859,14.658362
17.628618,238.972822,14.656779
17.786103,238.983469,14.700862
18.036796,238.900218,14.805743
18.316225,238.639996,14.728243
18.913944,238.692957,14.642457
19.119790,238.705419,14.811292
19.332793,238.538407,14.839516
19.433064,238.453302,14.864146
19.469218,238.423521,14.890604
19.506370,238.413872,14.800456
19.587356,238.641403,14.891314
19.687812,238.753707,14.942073
20.438912,239.282668,14.986721
20.661336,239.236490,14.907931
20.996758,239.115970,14.716230
21.337052,239.235361,14.733807
22.511692,239.332236,14.861564
22.811106,239.157434,14.937849
23.538966,239.492227,14.995311
23.542189,239.487429,14.987255
23.711460,239.529011,15.076923
23.878791,239.529694,15.175973
24.142607,239.651185,15.104466
24.204047,239.612117,15.140029
24.638634,240.118676,15.041960
24.939630,240.008303,15.039324
25.438032,240.053078,15.100525
25.507761,240.011785,14.980135
25.690617,239.905450,14.941087
26.668971,239.823560,14.972893
27.589102,239.847090,15.283117
27.830530,239.712512,15.371292
28.329079,239.637536,15.361701
28.468182,239.561361,15.239864
28.695720,239.512773,15.361841
29.151927,239.602319,15.466655
30.637560,239.620904,14.729387
30.831286,239.521639,14.555655
31.062052,239.650803,14.656672
31.162241,239.600410,14.702849
31.163141,239.600137,14.702841
31.662055,239.716180,14.889966
32.109843,239.664798,14.657730
32.219121,239.611142,14.636766
32.216001,240.162184,14.709140
33.089541,240.224567,14.560665
33.237966,240.172841,14.605949
33.496708,240.134089,14.715148
33.498614,240.139318,14.709901
33.807743,240.291465,14.828384
34.098103,240.042297,14.794518
35.112577,240.170689,14.638559
35.246079,240.117413,14.689540
35.360524,240.069631,14.508567
35.728169,239.879504,14.569760
36.522882,240.327175,14.544414
37.104715,240.278241,14.600652
38.143712,240.228113,15.016667
38.296179,240.165797,15.085904
39.209882,240.424997,15.150300
39.737064,240.559130,15.317817
39.786535,240.595382,15.352205
40.536809,240.332439,15.316482
40.552049,240.340703,15.293346
41.274173,240.081515,15.088932
41.668457,239.993108,15.110720
42.010440,239.857290,14.911809
42.229635,239.972078,14.989527
42.801106,240.171038,15.185881
43.480384,240.193524,15.227804
43.514043,240.217074,15.204892
44.421801,240.547226,15.242906
44.822794,240.471881,15.265861
45.287440,240.255730,15.049663
45.978921,240.243797,15.124929
46.265878,240.367349,15.180150
46.456145,240.195390,15.117404
46.541383,240.186096,15.182056
46.806945,240.082789,15.218528
47.294986,239.723670,15.176775
47.553887,239.986505,15.041254
48.390212,240.009027,14.945143
48.391283,240.009158,14.945043
48.898095,240.015754,14.902874
49.627978,239.774650,14.964764
49.653413,239.834244,14.976391
49.859928,240.079839,15.034993
50.549508,240.008921,15.354500
51.047523,240.067219,15.536281
51.048518,240.065776,15.538514
52.231932,240.073001,15.671744
52.788489,239.956421,15.791726
53.995115,239.916873,15.606682
55.522889,239.340309,15.803808
56.284423,239.453221,16.077549
57.391318,239.805226,15.984326
57.932920,239.649983,16.124202
59.399076,239.248250,16.406464
59.423860,239.217464,16.388220
60.036339,239.224681,16.562215
60.647942,238.932720,16.567430
61.344559,239.064158,16.502346
62.869587,238.801468,16.024121
63.523600,238.911329,16.216253
65.151396,238.784566,16.977931
65.183567,238.803549,16.992300
67.290142,239.446070,17.211957
67.774472,239.437484,17.571931
69.728271,239.476534,17.850202
69.751565,239.462466,17.785865
70.251869,239.322703,17.831954
70.256353,239.321211,17.824166
70.344210,239.214933,17.945013
70.713329,239.132322,18.036161
71.641393,239.070617,18.020954
72.764356,239.241039,18.421622
73.314054,239.108639,18.400033
73.408427,239.067902,18.484539
73.800086,238.987281,18.584525
74.258079,238.757197,18.831333
74.752131,238.804573,18.864869
74.751802,238.807704,18.871647
74.751055,238.806232,18.879408
74.770698,238.839131,18.976701
75.867855,238.692217,19.657376
75.868366,238.692912,19.659745
76.294534,238.601569,19.789003
76.361819,238.551632,19.790047
76.448561,238.475693,19.905183
76.449120,238.476448,19.908047
77.457100,238.318700,20.081959
78.796845,238.362187,20.211119
79.598757,238.156975,20.337713
80.220573,238.231927,20.632759
80.507819,238.347814,20.630391
81.576905,238.380231,20.662036
82.900017,238.365791,20.133778
85.178520,238.091559,19.874920
86.641915,238.008889,19.884139
87.275343,238.061499,20.230818
87.481620,238.136730,20.322671
87.667524,238.119678,20.364297
88.174285,238.004196,20.448019
88.723041,237.876480,20.477079
90.726847,238.018801,21.643919
90.941598,238.004716,21.733649
90.945693,237.987109,21.727258
91.918897,237.993151,21.597973
93.132608,237.672940,21.781808
93.652514,237.492024,21.724802
94.270728,237.365609,21.831818
95.639167,237.282805,21.773772
96.341271,236.935131,21.915849
97.058381,236.870719,21.881440
97.137047,236.795378,21.795512
98.121612,236.897069,21.929944
100.046084,236.700419,22.477504
100.648336,236.475793,22.644472
101.727398,236.357932,23.034551
102.181052,236.237905,23.107470
104.412194,236.458926,23.016735
104.960299,236.336247,23.158199
107.342683,236.201229,23.520897
107.994298,236.127705,23.688311
108.374502,236.042982,23.513486
109.956678,235.802859,24.387272
111.350804,235.878126,24.152548
111.873377,236.237463,24.048909
112.320808,236.361287,23.854947
112.889484,236.238400,23.693589
112.980176,236.210282,23.575386
114.281668,236.257217,23.618897
114.840581,236.128029,23.795956
115.307398,235.989425,23.908234
115.569015,235.846285,23.770352
116.564437,235.645991,24.077235
118.150720,235.684270,24.119398
119.748901,235.259934,24.086864
120.023237,235.342247,24.153231
120.539186,234.985443,24.173180
121.305467,234.791409,24.060965
122.132224,234.359344,24.084218
125.481836,234.374485,25.306583
125.552818,234.341213,25.254679
126.463367,234.600839,25.220554
126.895702,234.502722,25.336093
127.556329,234.691945,25.644648
128.747692,234.811499,25.542615
128.746118,234.760869,25.616880
128.820538,234.786061,25.596225
129.336706,234.620815,25.725495
130.588033,233.939081,25.623023
131.823644,233.662515,25.866422
133.650738,233.388972,26.314923
135.049212,233.151292,26.352646
135.772086,233.209915,26.164246
136.156198,233.173034,26.232623
136.194222,233.173621,26.250599
137.059246,232.964658,26.253266
137.271869,232.887445,26.349336
137.841018,232.844897,26.521042
138.318344,232.758526,26.283078
139.048668,232.916039,26.074084
139.681178,232.896601,26.116161
140.776541,232.726687,26.314745
141.413301,232.876113,27.176361
142.066264,233.025711,28.288988
142.808979,232.852454,28.100569
143.173370,232.600384,28.037906
144.267056,232.603398,28.039443
144.268514,232.599840,28.045803
144.733824,232.699894,28.241950
144.778692,232.747511,28.270639
145.206885,232.675198,28.420652
145.208382,232.675627,28.420101
146.465584,232.717133,28.546106
147.858462,232.353100,28.606391
147.859703,232.347842,28.603294
149.266232,231.777553,28.538521
149.407435,232.003120,28.655209
150.150349,231.999582,28.480825
151.735025,231.928713,29.616712
152.118180,231.941422,29.464594
152.738318,231.684065,29.374910
152.862099,231.653739,29.190034
153.501606,231.565641,29.320616
153.501223,231.561442,29.324064
153.869378,231.423717,29.393750
153.869144,231.425484,29.404062
154.853395,231.460521,30.695214
156.074263,231.039485,30.798234
156.511545,230.839534,30.929157
156.510499,230.829490,30.947007
157.221653,230.733835,31.144572
158.893511,230.342247,31.432321
159.517067,230.142988,31.604230
160.197648,230.127704,31.437220
161.384304,229.828677,31.962644
162.439460,229.637872,32.486808
162.870280,229.768667,32.356843
163.380734,229.671833,32.354311
164.556839,229.786521,32.609715
164.688758,229.640103,32.491357
165.623341,229.540651,32.285575
166.741138,229.339352,32.092432
167.226331,229.467703,32.431472
168.327879,229.193332,32.668019
168.849538,229.029030,32.540747
169.823093,228.653996,32.904347
170.297704,228.687473,32.862309
170.345511,228.528901,32.750752
171.067760,228.406578,32.679950
171.132823,228.465088,32.693750
171.720781,228.230232,32.784596
172.530975,227.966108,32.885762
173.430007,227.551658,32.652059
173.423658,227.220727,32.542466
173.838521,226.878414,32.776742
174.538791,226.679351,32.931687
174.600338,226.658274,32.925202
174.616724,226.609499,32.982624
175.112587,226.777597,33.300648
175.483370,226.817720,33.239099
175.488281,226.828534,33.248903
176.059706,226.796628,33.417957
177.383973,226.391831,33.005121
178.506413,226.096832,33.097284
178.560468,226.124514,33.175330
178.692051,226.226679,33.411726
178.693490,226.228435,33.413769
178.991574,226.126635,33.480018
179.192272,225.691603,33.552050
179.467138,225.759908,33.524410
179.961125,225.109393,33.372003
181.100018,225.229254,33.744778
181.934135,225.006291,33.830611
182.087881,224.943591,33.687372
182.090587,224.946075,33.684217
182.139484,224.976498,33.627122
182.850641,224.837785,33.743563
183.200664,224.771542,33.937801
183.476703,224.699415,33.989838
184.001228,224.326210,33.936558
184.043921,223.949792,34.016694
184.239891,223.921192,34.013849
185.318984,223.277871,34.055086
185.949299,223.054251,33.941849
187.078467,222.768773,33.896344
188.068045,222.182392,34.585505
188.307801,222.090421,34.562766
189.322462,222.068721,35.137218
190.201425,221.881980,35.095564
190.584425,221.841440,34.975379
191.072084,221.679373,34.537666
191.413504,221.059750,34.745565
191.866468,220.804273,34.579125
192.101217,220.730115,34.644808
192.495619,220.640725,34.550360
192.584025,220.731536,34.913870
193.007200,220.586703,34.797960
193.013988,220.596161,34.789744
193.026081,220.551475,34.795044
193.222007,220.604815,34.815646
193.423655,220.570998,34.910531
193.997886,220.517662,35.099615
194.518587,220.380275,35.208131
195.393371,219.869113,35.567538
196.396974,219.602745,35.902185
196.523905,219.650878,36.420585
196.887277,219.569966,36.495339
197.178543,219.694287,36.655209
197.960939,219.251166,36.647949
199.063949,218.751920,36.837132
199.580007,218.258872,37.044236
199.578981,217.537229,36.729944
199.596349,217.511252,36.714328
200.045498,217.086981,36.373837
200.347220,216.759332,36.302146
200.456541,216.682402,36.414911
200.501067,216.691486,36.415147
201.232756,216.449353,36.220633
201.441824,216.507041,36.242292
202.280682,216.076592,36.499637
202.982430,215.612203,36.402905
203.041560,215.262815,37.009694
203.044930,215.280154,37.117023
202.961771,214.970898,37.557200
203.056075,214.744832,37.745127
203.086697,214.731342,37.846289
203.185126,214.914210,38.216708
204.023998,214.448513,38.177887
204.162069,214.459176,38.322920
204.797016,214.164504,38.428391
204.832459,214.042057,38.615441
205.247252,214.105261,38.755781
205.782584,213.308303,38.884782
205.820830,213.220408,38.937003
205.970144,212.788749,39.602138
206.068939,212.771795,40.030319
206.223235,212.643371,40.091451
206.420107,212.021746,40.578918
206.544765,211.894629,40.672515
207.141584,211.369205,41.823783
208.000835,210.567124,42.220443
208.059621,210.580547,42.264246
207.996803,210.575173,42.572906
208.056953,210.131835,42.549738
208.570779,209.835752,42.523701
209.315804,209.513965,42.603536
209.460084,209.504871,42.756157
209.505381,209.475743,42.734461
209.716077,209.611065,43.229072
210.395464,209.060975,43.083195
210.687298,208.880990,43.169465
210.628258,208.813170,43.227530
210.703268,208.639181,42.960719
210.743228,208.676838,42.989436
210.901151,208.606018,42.966321
211.128181,208.353721,44.137761
211.084879,208.278687,44.304419
211.136800,208.267091,44.381269
211.426037,208.416728,45.155397
211.593615,208.034888,45.151432
212.179138,207.871201,45.556109
212.204871,207.844640,45.589611
212.413279,207.851697,46.386756
213.195190,207.237025,46.943815
213.591629,206.880548,46.398232
213.710396,206.846109,46.453474
213.723159,206.813049,46.522401
213.725592,206.727396,46.693125
213.558292,206.581906,47.009308
214.145607,205.942563,47.612649
214.226896,205.431720,47.964707
214.129486,205.254660,48.141447
214.231167,205.223024,48.030524
213.824954,204.822748,48.003358
213.827401,204.792041,47.933411
213.834663,204.736979,47.958679
214.054728,204.099515,47.762028
214.316552,203.710224,47.949385
214.533079,203.041824,48.097365
214.541188,203.033003,48.072506
215.141730,202.386062,47.358851
215.438222,202.169607,47.025306
215.286217,201.986476,47.165635
215.426419,201.856455,47.210767
215.577733,200.873894,47.302166
215.537224,200.569054,47.469613
215.476914,200.163472,47.605169
215.512144,199.979061,47.381304
216.021411,199.570091,47.607221
215.952412,199.392265,47.825007
216.311705,199.044588,48.599941
216.255657,198.930499,48.624327
217.110060,198.118315,49.021056
217.067107,198.053113,48.923730
217.334641,197.768872,48.664323
217.337235,197.767543,48.661590
217.431289,197.427199,48.786875
217.498580,197.334852,48.860777
217.371413,197.189945,49.028063
217.263841,197.091197,49.078974
217.290931,196.614470,49.467645
217.183255,195.773146,49.418111
216.555723,194.803460,49.059171
216.536344,194.470853,49.112498
216.142217,194.188602,49.398850
215.987869,193.951738,49.578139
215.942669,193.946779,49.643669
215.944358,193.854653,49.708498
215.967439,193.137693,49.977515
216.182983,193.095026,50.367063
216.196003,192.955889,50.480541
216.085485,192.347579,50.393467
216.293526,191.956191,50.994299
216.941813,191.606874,50.768665
216.700427,191.267302,50.909309
216.847477,191.180485,51.296252
216.862232,191.204470,51.369149
217.398826,190.666020,51.416299
217.527445,190.567393,51.760564
217.124426,190.263493,51.945058
217.247553,189.868244,52.668723
217.727145,189.147797,52.665993
217.746054,188.856764,52.219464
217.813808,188.715981,52.122832
217.983252,187.338339,52.018302
218.036826,187.224617,51.916980
218.383900,186.588190,52.238705
218.471734,186.582208,52.625135
218.471918,186.581091,52.624427
218.579042,186.441798,52.903585
218.518055,186.226778,52.869234
218.434757,186.173928,52.980736
219.023944,184.769782,52.843768
218.976279,184.559127,53.063590
218.931057,184.165447,52.783207
219.025757,183.350464,53.632142
218.899701,182.302554,53.274479
218.232430,181.734135,53.347631
218.225152,181.732678,53.353035
218.233111,181.733598,53.367265
218.397173,180.987144,53.105594
218.499105,180.328792,53.377968
218.777798,179.090987,53.479185
218.721934,178.907623,53.710155
218.794336,178.820948,53.701084
218.823737,178.817014,53.677863
218.871523,178.841416,53.852646
219.484921,177.993178,54.018780
219.389212,177.839017,54.146657
219.227744,177.362830,54.431264
219.288150,176.878849,55.006001
219.288226,176.882006,55.022732
219.287930,176.881632,55.025414
219.363192,176.812612,55.232651
219.345010,176.613805,55.489537
219.470406,176.466968,55.346338
219.363583,175.708393,55.232709
219.515523,175.243130,55.061565
220.021607,173.618741,56.050694
220.092448,173.260212,56.032394
219.811247,172.820164,56.376283
219.833316,172.073182,56.205388
219.914444,171.333698,56.135083
219.955689,171.201603,55.873311
219.877759,171.169439,56.052031
220.207302,170.403392,56.863252
220.395496,169.704038,57.035356
220.399480,169.705745,57.051681
220.428777,169.705408,57.112299
220.302834,168.409396,57.097551
220.570156,167.306883,56.744349
220.862605,166.653105,57.146979
220.856435,166.490674,56.639015
220.932830,166.196738,56.918361
220.757389,165.899954,57.223565
220.799964,164.507954,57.112942
220.870221,164.402276,57.072342
220.969181,163.797841,57.053018
220.791352,163.448025,57.304976
220.833026,162.912765,57.480814
220.853472,162.834243,57.344048
221.021426,162.047549,57.162736
220.571110,161.325175,57.555732
220.554552,160.046257,56.787573
220.029698,158.923449,56.959216
219.971421,158.449943,56.759056
219.918768,157.920193,57.092296
219.907892,157.918381,57.084989
219.725977,157.850853,56.901503
219.418394,157.235606,56.893169
219.458195,157.181550,56.996956
219.390875,157.125348,56.864238
219.594722,156.727860,56.548797
219.182833,155.726230,56.464488
219.336434,155.650205,56.355395
219.153940,155.445604,56.574135
219.190781,155.427323,56.577579
219.159806,154.526627,56.572450
219.094567,154.174820,56.541731
219.085085,153.203582,55.751743
219.285260,152.227604,55.128718
219.346609,151.699256,55.353876
219.191462,150.921042,55.075602
219.196698,150.920369,55.073889
219.534899,150.500969,55.064624
219.536283,150.500186,55.063224
219.514103,150.466072,55.055653
219.419458,150.060389,55.073224
219.381873,149.820020,54.928193
219.422832,149.776608,55.053071
219.328687,149.030216,55.199933
219.584844,148.230457,54.046297
219.469139,147.874806,54.137714
219.578838,147.706428,54.060970
219.463193,147.083599,54.129172
219.067540,146.402455,53.630028
218.822287,145.737098,53.506097
218.645128,145.332578,53.633139
218.640725,145.148903,53.442520
218.832916,144.846583,53.279422
219.144517,144.642186,53.098619
219.168925,144.636445,53.074675
219.140886,144.439639,52.889301
219.247489,144.335869,52.994279
219.519430,144.212494,53.247513
219.520303,144.211316,53.247384
219.599872,143.729621,53.175878
219.855691,143.472855,52.882545
219.810627,143.030913,52.569468
219.864869,141.871268,52.785929
219.916405,141.116117,52.939276
219.727190,140.324245,52.770581
220.052626,138.752838,51.557313
219.646615,138.257090,51.255539
219.995736,137.443108,50.367934
219.457907,136.807078,50.047300
219.053655,136.012108,49.912413
219.022083,135.527596,49.886034
219.021010,135.524300,49.891312
218.825291,135.121093,49.819583
219.000952,134.735154,50.363378
218.901191,134.129181,50.162933
218.500960,133.373077,49.997171
218.258965,132.119266,49.489887
218.230464,132.126463,49.408569
218.256457,132.123752,49.374226
218.293950,131.913168,49.233788
218.043266,131.423179,49.194798
218.166273,131.035003,48.981530
218.279364,130.523799,49.267338
217.841795,129.744297,48.886075
217.041226,127.999581,48.799387
216.757830,127.668168,48.697388
217.250156,126.571526,48.330020
217.326449,126.525825,48.085142
217.468026,126.302302,47.823247
217.119621,125.702704,47.396282
217.434670,125.014706,47.379408
216.888658,123.669278,46.835915
216.713374,123.450630,45.856147
215.961191,121.117026,45.102769
215.839016,120.672257,44.920672
215.598320,120.431246,44.910807
215.450842,119.716901,44.759938
215.574159,119.566102,44.793782
215.196139,119.360730,44.617339
215.007010,118.649781,44.545313
215.434573,117.806949,44.346464
214.618142,116.504200,44.716120
214.696793,115.920731,44.726680
215.078718,115.248608,44.416120
215.103839,115.236757,44.394185
215.105659,115.231254,44.398249
214.651816,114.907800,44.227283
213.796270,114.247710,43.816414
213.659504,113.025529,43.472113
213.219382,111.918346,43.375517
213.309957,111.862505,43.282354
213.124384,111.298955,43.182906
213.174812,111.225742,43.141991
213.196516,111.216576,43.122921
213.019992,109.264302,42.141310
212.953929,108.477857,42.096618
212.819686,108.459904,42.121311
212.309883,107.787380,42.263281
212.112148,107.158692,41.924136
211.600663,106.604992,42.426608
210.730844,105.849389,42.366859
209.602415,104.203328,42.205173
209.002996,103.177166,41.858449
208.109044,102.165119,41.542013
208.094647,102.172018,41.534573
207.988028,102.206191,41.590509
207.251200,101.626345,41.394419
206.822090,100.832634,41.412846
206.610430,100.783908,41.527189
205.801901,100.308279,41.369680
205.229853,99.371186,41.579765
204.930824,99.154028,41.903718
204.676831,99.192875,41.938738
204.208669,98.632919,42.010635
204.156619,98.599704,42.079822
203.670613,98.208313,41.937075
203.083854,97.289212,41.772926
202.992015,96.715461,42.000586
202.957120,96.546834,42.107839
202.650695,96.112949,42.001058
202.575507,96.148138,41.952650
202.672215,95.968853,42.048668
202.531270,95.931937,42.161227
202.386285,95.523935,42.488781
202.269810,94.791212,42.581790
202.208851,94.826342,42.542327
202.096128,94.581977,42.533303
201.976677,94.593852,42.565415
201.551261,93.668975,41.281495
200.630163,92.914317,41.545454
200.261130,92.835312,41.494761
199.314168,91.363092,40.978770
199.029322,90.320930,41.437416
198.343948,89.452557,41.880599
198.193793,89.283515,42.013856
197.954436,89.180112,42.525887
197.724875,89.155213,42.010716
197.632088,89.174774,41.932913
196.881688,88.532014,41.396110
196.876561,88.540053,41.355100
196.869486,88.539470,41.357553
196.863564,88.542883,41.352278
196.915191,88.405829,41.189956
196.290595,87.600285,40.706919
196.442974,86.714032,40.459111
196.316212,86.738395,40.296364
196.578957,86.305569,40.280268
196.553133,85.702097,40.378840
195.418008,84.202454,39.887649
195.088605,83.919605,40.170665
194.167038,83.157535,39.862933
194.365996,82.545485,39.690012
194.389466,82.525931,39.700628
194.220472,81.900934,38.820325
193.125061,81.129349,38.665443
193.103962,80.806127,38.448217
192.335019,79.353158,38.630473
192.055137,79.321005,38.695630
191.990107,79.312737,38.617716
191.280994,78.008538,38.758770
190.769806,77.247606,38.380300
188.606950,75.914710,38.075222
188.830702,75.608836,38.015329
188.002333,74.622341,37.968791
187.694914,74.437049,37.349232
187.830514,74.340365,37.512386
187.615726,73.924834,37.096362
187.211273,73.334920,37.194833
187.240196,73.020102,37.112917
186.909709,72.375436,36.266564
186.447018,71.398191,36.146767
186.062116,70.869461,35.876945
185.946361,70.571046,35.770911
185.492320,70.129089,35.954734
185.487618,70.127343,35.961807
185.719051,69.654430,35.931390
184.791651,69.056683,35.950237
184.218577,68.738819,36.260243
183.854160,68.237815,36.465534
184.067825,67.554353,36.230165
184.194422,66.390266,36.243810
183.902309,66.119691,36.238023
184.025162,65.482432,35.836717
183.734975,65.331178,35.232828
183.317756,65.167682,35.179806
183.316719,65.166630,35.179130
183.153207,65.095320,35.188767
182.572516,64.493761,35.137263
181.848057,63.862018,34.956576
181.658078,63.051763,34.822479
181.611016,63.021945,34.893259
181.319367,62.440304,34.506718
181.127759,62.206280,34.003762
180.627251,61.249004,33.741555
179.739857,60.225664,34.006739
179.313166,59.660434,33.153486
179.172024,58.723720,32.734974
178.852446,58.259391,32.251053
178.847537,58.260314,32.247600
178.627883,57.722143,32.178682
178.663811,57.086335,32.253203
177.857110,56.523957,32.354927
177.846253,55.701177,32.025625
177.940889,55.242114,31.878329
177.870050,54.843635,31.672937
177.728833,54.539044,31.766159
177.286606,53.931101,31.520332
177.460704,53.546728,32.096326
177.474204,53.074637,31.981095
177.568658,52.723228,32.017912
177.827874,52.397864,32.091904
177.919393,51.997528,31.701290
178.198028,50.372150,30.562542
178.311408,49.182874,29.751331
178.222717,49.134201,29.722153
178.149472,48.410395,29.399358
177.848567,48.183493,29.553427
177.707679,47.821783,29.506675
177.525245,47.114651,29.929951
177.351311,46.778643,29.688280
177.427278,46.208940,29.215998
177.584986,44.933395,29.089564
177.493274,43.785477,28.855687
177.681312,43.478516,28.695997
177.639511,42.259231,29.163651
177.456984,41.660705,29.084490
177.682339,41.388520,29.101075
177.222825,40.543662,28.879292
177.345000,40.244499,28.631153
177.389969,39.879720,28.506354
177.467251,39.678487,29.065628
177.973705,39.217005,28.628647
178.069937,39.179535,28.504916
177.385957,38.153192,28.688454
177.593091,37.612035,28.804697
177.769870,37.145980,28.897267
178.788986,35.568498,29.011921
178.695966,35.527818,29.064938
178.670889,35.078907,29.055745
178.805759,34.757281,29.264801
178.595748,34.547720,29.442943
179.084751,34.035314,29.789844
179.263392,33.815257,29.588247
179.227174,33.441192,29.627941
178.849856,32.919959,29.560929
179.088261,32.707736,29.823632
179.302179,32.268374,29.529998
179.520257,31.567624,29.418139
179.731993,31.011665,28.238444
180.268939,30.542748,27.746963
180.091812,29.596868,27.734594
180.784060,29.053528,27.578618
181.587194,28.608774,27.469083
181.654446,28.396776,27.502701
182.064310,28.209148,27.235016
182.388739,28.237865,27.200624
182.916365,27.920707,26.865260
182.955728,27.753508,27.253736
183.364745,27.622810,27.182787
183.477425,27.667044,27.208207
184.171248,26.943581,26.869624
184.995559,26.578483,26.380475
185.338403,26.465583,26.463678
185.920043,26.261439,26.534297
186.699651,25.317428,27.623104
186.855604,25.373476,27.651628
187.464227,25.170957,27.423558
187.751757,25.226504,27.513079
188.582881,24.988192,27.319287
189.090247,24.898551,27.366277
189.282111,24.634797,27.273291
189.436342,24.646698,27.152015
189.570107,24.694340,27.228820
190.467166,24.868863,27.280502
191.025670,24.654039,27.539409
191.145201,24.621272,27.639689
191.146981,24.621153,27.639866
191.460862,24.523373,27.491937
191.647259,24.513196,27.484718
191.768303,24.091838,27.677988
192.007494,23.938660,27.336595
192.367941,23.694527,27.757250
193.479337,23.363769,27.344046
193.745324,23.249803,27.309064
193.982573,23.137956,27.150268
194.695474,22.683588,27.422476
194.591123,22.404265,26.899130
194.393342,22.396245,27.121466
194.981392,22.076053,27.219577
195.302100,21.958859,26.862852
196.059188,21.809177,26.751513
196.698932,21.489140,27.145002
197.416015,21.344522,26.949264
197.806525,21.167116,26.881049
198.580528,20.729055,27.785253
198.783948,20.640536,27.660041
199.326817,19.947637,27.555872
199.246516,19.686440,26.912694
199.462498,19.562763,26.741770
199.792910,19.517828,26.797177
200.075445,19.123421,26.861368
202.123851,19.054261,26.828922
202.703697,19.087420,26.619150
203.524134,18.532460,26.542958
204.022124,18.384359,26.172845
204.860295,18.129054,26.226802
205.815934,17.855745,25.929474
206.345993,17.709496,25.846312
206.470514,17.503628,25.968871
206.471420,17.495266,25.962677
206.491691,17.155681,26.131143
207.469038,16.834627,25.980452
207.362349,16.766592,26.323247
207.821975,16.610198,26.473379
208.230901,16.467765,26.232115
208.878294,16.300312,25.761693
209.367260,16.129321,25.466603
209.650836,16.028854,25.592926
210.134074,15.860843,25.308825
210.830817,15.615820,25.094363
211.311462,15.355768,25.731564
211.864123,15.121274,26.233246
212.562413,15.045140,26.170431
212.786679,14.904556,26.150391
213.135245,14.744568,25.907889
213.712017,14.580208,25.981219
213.919091,14.549205,25.896881
214.162888,14.464532,25.740554
214.497592,14.382813,26.103953
215.306720,14.043667,26.210991
216.077842,14.047763,26.229298
216.567005,14.011138,26.025828
216.745611,13.832023,26.741827
216.751892,13.840969,26.744208
216.991768,13.732186,26.628201
217.103176,13.734308,26.637426
217.735023,13.760260,26.685954
217.845847,13.522697,27.189762
217.801390,13.368760,27.229012
217.892944,13.327839,27.161803
217.984437,13.292268,27.106135
218.423458,13.137165,27.948070
218.479233,12.879002,27.533881
218.814176,12.726373,27.469111
218.877114,12.716981,27.552005
219.224606,12.429919,27.726770
219.424472,12.249777,27.995558
219.852145,11.798656,27.833808
219.765878,11.627042,28.206417
220.042168,11.453475,28.598900
220.378851,11.273653,28.534308
220.748201,11.250220,29.024091
221.016322,11.159744,28.924137
221.218260,10.999604,29.147433
221.249984,10.691276,29.228991
221.507500,10.338973,29.106562
221.566125,10.197871,29.183751
221.903791,10.123680,29.293718
222.172426,10.122811,29.128400
222.447802,10.090223,29.052237
222.549408,10.076448,28.959766
223.200056,10.066882,28.926962
223.618975,10.073921,28.697924
223.853112,10.087946,28.914179
224.358092,10.128369,28.935883
224.455168,10.076377,28.881468
225.464211,9.966719,29.038226
225.535423,9.765641,29.570145
225.845684,9.741358,30.090874
225.790064,9.663032,30.689206
225.862032,9.364919,30.877069
225.777730,9.324943,30.993815
225.831391,9.322757,31.412790
225.987038,9.190168,31.684271
226.017479,9.135106,32.014055
226.022490,9.136637,32.325862
226.543294,8.840466,33.307481
226.757580,8.744772,33.774065
226.597002,8.680171,33.981905
226.527278,8.700560,34.068295
226.824832,8.613082,34.239584
226.733235,8.409374,34.541727
227.280518,8.428979,34.912215
227.195735,8.238793,35.496401
227.171512,8.175003,35.821332
226.962775,8.138173,36.348382
227.119137,7.929012,36.642696
226.923450,7.984536,36.888919
226.874118,7.985186,37.187556
226.901316,7.933252,37.240944
226.836235,7.973283,37.492109
227.389434,7.967200,37.844515
227.733759,7.841727,38.778065
227.579793,7.820553,38.998529
227.692940,7.841850,39.309077
227.796383,7.828961,39.564722
227.769735,7.774020,39.670672
227.942942,7.715832,40.329891
228.052665,7.676028,40.513740
227.943134,7.646197,40.912089
227.741061,7.490108,41.230335
227.651631,7.475920,41.551433
227.639341,7.473739,41.553099
227.281050,7.310608,42.074713
226.989105,7.378933,42.460366
226.854097,7.498848,43.081584
226.732491,7.461074,43.526149
227.051723,7.345087,44.175786
226.858217,7.395059,44.434101
226.853177,7.393489,44.992676
226.693041,7.334598,45.544637
226.548744,7.300123,45.788749
226.261984,7.349878,46.142787
226.373986,7.321816,46.370360
226.128191,7.191022,46.394475
226.087260,7.066842,46.649450
226.047013,7.132301,46.850134
225.855189,6.985654,47.588302
225.886107,6.932005,47.983300
225.878029,6.898761,48.436079
225.849929,6.904759,48.604921
225.685431,6.898689,49.140009
225.669241,6.965412,49.555684
225.559436,6.933233,49.663170
225.378818,6.716281,50.316408
225.413249,6.702935,50.462475
225.560598,6.585543,50.622561
225.371952,6.620666,50.988413
225.322582,6.624483,51.140922
225.036859,6.549230,51.416060
225.011162,6.589134,51.710963
224.802561,6.438861,51.955324
224.623496,6.473135,52.450367
224.476518,6.404772,52.740977
224.248573,6.314151,53.101412
224.145035,6.271546,53.391546
224.121767,6.277260,53.489204
224.101581,6.288265,53.890879
224.041356,6.190258,54.145454
224.059711,6.121949,54.433825
224.037230,6.114325,54.526603
223.941325,6.123161,54.725561
224.058844,6.129765,54.857283
223.978643,6.134363,55.141276
223.889838,6.149922,55.409480
223.836759,6.160080,55.427758
223.846691,6.158292,55.523458
223.851804,6.046497,55.788655
223.877627,6.062610,55.876322
223.798748,6.079514,56.032444
223.687870,6.037965,56.441072
223.711988,6.042738,56.538165
223.753281,6.049579,56.681396
223.498432,5.958520,56.597170
