1000
3
9.548586,24.057853,215.086531
9.823141,24.501899,215.553128
10.062381,24.558376,215.945802
10.148390,24.672141,216.477040
10.405773,24.508745,217.233049
10.461043,24.368763,218.012393
10.717536,24.459286,218.702520
11.159961,24.659452,219.485118
11.205155,24.943043,220.194024
11.204095,24.749665,220.623288
11.441801,24.752065,221.283347
11.472155,24.598630,221.665355
11.638666,24.554772,222.420461
11.707293,24.530173,223.416615
11.927963,24.793981,224.073828
11.941970,25.347927,224.696210
12.000501,25.570403,225.595963
12.517823,26.102083,225.742835
12.428078,26.955758,225.981761
12.523205,27.206591,225.751444
12.687512,28.218874,225.493604
12.908780,29.314283,225.385185
12.834031,29.654381,225.063388
13.005894,32.306884,225.318901
13.051958,34.283453,225.350207
13.302141,35.322346,225.406569
13.305204,36.683227,225.375509
13.537876,38.157802,225.028039
13.905774,39.552432,225.042956
14.387601,41.104956,224.388000
14.640798,42.788792,224.396093
14.763628,43.465393,223.843581
14.622826,44.553659,223.623467
14.379002,44.807308,223.471023
14.297247,45.250964,223.845675
14.134777,46.544507,223.765960
14.254042,49.008687,222.916699
14.055606,51.359998,223.982637
14.349202,51.563630,223.720323
14.335331,53.025847,224.002353
13.956134,54.064590,224.059552
13.920315,55.124911,224.056669
14.089094,56.186607,223.925219
14.155433,57.489191,223.534953
14.973585,59.008744,223.979585
15.034386,59.826092,223.746531
15.169961,60.643293,223.604618
15.153580,61.326051,223.360979
15.072089,62.355371,223.109718
15.021254,63.394040,222.932257
14.720599,64.997258,222.665008
14.635808,66.562295,222.947069
14.594296,67.867285,223.719686
14.879208,69.910035,223.733506
15.265250,71.805718,223.245956
15.400007,72.617747,223.058941
15.777191,76.552979,222.997749
16.164650,77.064342,223.374323
16.175925,78.574077,224.058724
16.226785,79.603268,223.853789
16.249369,79.592831,223.861961
16.890899,81.493588,223.611609
16.967043,81.792008,224.266052
17.054524,82.361654,224.246220
17.257839,84.569808,224.127571
16.684183,87.369749,224.644609
16.682655,89.027751,224.452639
16.409658,90.249573,224.310199
16.441312,91.250778,223.805051
16.600412,91.693268,223.441965
16.567948,92.752515,223.654505
16.620128,92.834907,223.747852
16.704259,93.441452,223.414743
16.423129,94.172097,223.366654
16.376010,96.125091,223.061262
17.434223,97.907003,222.845053
17.565216,98.305903,222.593901
18.197404,99.080288,222.663295
18.664695,100.258550,222.953831
18.909373,101.695291,222.985478
18.835664,105.237963,222.476139
19.118025,107.011654,222.336255
19.416424,108.881881,223.146797
19.632630,110.524773,223.955929
19.635067,111.979386,223.896465
20.594580,114.425944,224.717277
20.709160,115.546864,224.702975
20.751215,117.464072,225.012809
21.130565,118.226906,225.244948
21.131877,120.045339,225.912830
21.312215,121.139405,226.691777
21.678871,123.174793,226.566068
22.380990,124.502294,226.626312
23.170323,125.525501,226.604138
23.455954,125.996195,226.594543
23.863561,126.884461,226.688891
24.224846,128.312676,226.577616
24.901693,130.097719,226.703837
25.133568,130.620080,226.736008
25.630889,131.629811,227.618075
26.427074,132.626735,228.059079
26.864832,133.119615,228.540500
27.028410,133.737465,228.777442
27.332928,134.682424,230.204606
27.736252,135.358460,230.515670
27.648231,135.777891,230.572860
28.382746,137.560651,231.042540
28.684906,137.810268,231.258700
29.168752,138.299516,231.363643
29.867701,139.526756,231.870536
30.334025,140.548970,231.521217
31.564466,141.741916,231.336124
32.085622,142.719671,231.100796
33.593429,143.416884,231.247564
34.711036,144.843164,230.963806
35.746679,144.782573,230.960615
36.620810,145.953624,231.088612
36.837476,146.359089,231.099648
37.763650,146.816078,231.825922
39.465789,146.830841,232.061762
40.860241,146.937418,231.974998
42.391378,146.973133,231.950556
43.824934,146.682883,232.377701
45.065618,146.608442,232.583372
46.025843,145.535105,233.026671
46.967244,143.870891,233.509606
47.395171,143.356309,233.376391
48.294307,143.294159,233.133651
50.528926,141.470327,233.204272
52.055200,140.530506,233.119725
53.360025,140.268335,232.958462
54.086299,139.514394,233.096844
54.868369,137.656296,232.903291
56.033226,135.684922,232.537354
56.647366,135.591712,232.249106
57.023890,135.281861,232.306913
58.709860,135.483617,232.592481
61.069781,133.708964,232.579079
61.629424,132.726266,232.182423
61.864176,132.106534,232.108644
63.978916,130.833793,232.177272
64.895110,129.562985,232.259811
66.512287,128.159143,231.951116
67.648246,126.459968,231.841053
68.709446,125.560859,231.548624
69.212618,124.473189,231.061940
69.799600,123.434581,231.375915
70.920260,121.875725,231.559812
71.843745,120.263960,231.489481
72.967825,118.348679,231.384982
73.138421,117.330156,231.223487
74.526632,116.796623,231.146512
75.295115,116.370626,231.210977
75.419401,115.903186,231.377156
76.640475,115.131353,231.573141
77.654244,115.235496,231.643945
78.545129,114.063139,231.427702
78.518941,113.109455,231.429320
80.601375,112.785302,231.431400
80.547582,112.476404,231.344262
80.294617,111.379879,231.132293
81.177909,110.286950,231.208249
81.900227,108.945485,231.274168
83.393417,107.955052,231.381764
85.272179,103.524893,230.875805
86.640401,102.698859,230.507142
86.659305,102.273278,230.411511
87.136584,101.592780,230.485164
87.671557,101.047864,231.086232
88.458148,100.884455,230.878812
89.480205,99.767881,230.103945
90.924963,98.649522,229.996602
90.983630,98.302206,229.816041
93.483850,96.241905,230.192932
94.611852,94.482302,230.537578
95.542851,93.343547,230.133334
97.272287,92.152031,229.635039
99.079325,91.433513,230.173685
100.537154,90.250413,230.270101
101.605650,89.545824,231.045157
102.357000,88.514383,230.759451
104.115308,88.247845,231.178188
105.820988,87.346431,230.944386
105.826600,87.344319,230.943957
106.532280,86.087018,231.106602
107.420090,85.124300,230.852670
108.608150,84.193167,230.767261
109.809146,83.929700,230.813971
111.984763,82.338565,230.858620
113.907917,81.983872,231.251470
115.669673,79.319164,231.644501
115.887554,78.630728,231.692408
117.024909,77.556801,231.610458
118.187354,76.020153,231.342495
118.655169,75.285657,231.587326
119.818603,73.631858,231.294619
119.971463,73.606151,231.223941
121.967247,72.662568,231.640930
123.370371,71.922103,231.720159
124.955612,70.735666,231.995734
125.573737,69.991347,232.182656
127.329630,67.581234,231.757262
130.157920,64.048750,231.907995
130.497925,63.472902,231.673107
131.696055,61.908711,231.235566
133.512137,60.801148,231.655398
134.009061,59.064674,231.083008
134.587118,58.079772,230.754209
135.615126,56.959756,230.419934
138.428805,56.122564,230.165178
139.310001,55.027641,230.326345
140.211077,55.510975,230.001508
141.143946,55.222201,229.978458
142.382326,54.501991,229.831909
143.011329,54.818358,229.678035
144.080245,54.820411,229.555080
145.111758,54.198918,229.419126
146.529472,53.098890,229.006022
147.379848,52.552949,229.004177
148.455312,52.567613,228.709480
150.938216,50.583682,228.281101
151.395434,50.151582,228.380146
152.102705,49.272224,227.777360
153.002980,49.023435,227.467772
153.167787,49.137329,227.380780
153.679482,49.477069,227.057679
154.698686,49.502971,227.249769
155.254445,49.394993,227.221075
156.266486,49.538254,226.775444
157.243515,48.845164,226.527278
157.756611,49.562041,226.292051
158.899575,49.595536,226.088691
160.240759,49.820836,225.669466
161.780546,50.367494,225.623321
162.637057,49.817741,225.607328
164.290008,49.414053,224.666268
164.592395,49.298374,224.659651
165.051600,49.371025,224.822491
166.015951,48.939180,225.051089
166.450858,48.602722,224.848885
167.186410,48.883726,224.635490
168.137917,49.118822,224.696220
170.302254,49.125965,225.112228
170.863623,49.579233,224.846800
171.843943,49.517339,224.417722
172.629286,49.594963,224.296847
172.644452,49.650211,224.288403
173.939112,49.315679,223.452323
174.544354,48.793084,223.227762
175.472019,47.686773,222.985031
176.756436,47.945543,222.482987
177.264918,47.124551,222.017281
177.926690,47.046909,221.878886
179.355821,46.714482,222.282933
179.625946,46.894576,222.128620
180.692766,47.693274,221.611498
180.936311,46.970593,221.567502
182.540930,46.466639,220.971263
183.478102,46.777512,220.410669
183.940047,46.939950,220.100085
185.474741,47.052189,219.274819
187.139390,46.156915,218.951052
187.900680,46.490822,218.655333
188.048684,46.390297,218.555615
190.220071,45.512066,217.597073
191.488040,44.834307,217.195292
192.460525,45.214334,216.787314
192.865547,45.586648,216.675246
193.237985,45.668009,216.696252
194.063943,45.574758,216.172601
194.926000,45.483551,215.622043
195.601125,45.129183,214.697782
196.734187,45.615540,214.400459
196.861280,45.266022,214.151578
198.482343,45.216664,212.823029
198.430850,45.088353,212.359952
198.597187,42.781730,210.422239
199.139066,42.562540,210.040239
200.146161,41.858513,209.077491
201.086491,41.784730,208.141681
201.959280,41.942374,207.506686
202.270588,41.903625,205.884104
202.769720,41.610452,204.991986
202.754903,41.393080,204.356747
203.747553,41.319726,202.950537
204.228879,40.765933,201.536156
204.283901,40.634622,201.237434
204.307291,40.403384,200.787510
204.932684,40.529552,199.707657
204.862720,40.402408,198.848585
204.619374,40.123315,198.265211
204.615982,40.157786,198.180658
205.378201,39.622045,196.408485
205.542584,39.489400,194.963068
206.356098,39.624799,193.829701
206.551265,39.596369,193.053902
206.694769,39.664253,191.978226
208.162552,39.796184,190.125752
208.634798,38.921734,189.638916
208.809538,39.227563,188.879034
208.888352,39.293670,188.530867
208.757749,39.193941,188.001355
208.727111,38.898491,187.247666
208.997137,38.167621,186.189833
209.331606,37.722285,185.939315
209.734472,37.707701,185.077176
210.103795,37.570049,184.080754
210.350874,37.486246,183.854435
210.563493,36.998824,182.776623
210.398567,36.961441,182.208912
210.563371,36.910488,181.495810
209.796484,36.585908,179.673767
209.820143,36.520950,178.893198
209.687115,36.658498,177.542715
210.633033,35.567836,176.168315
211.400926,35.452213,174.574907
211.447418,35.559980,174.525142
212.291374,35.675930,172.818133
212.573743,34.472143,172.000964
212.627816,34.780975,171.249532
212.261062,34.466092,169.983343
212.181995,33.422460,166.719337
212.643348,33.046302,165.768493
212.110670,33.015967,164.435148
212.550693,32.445680,162.706981
212.216026,32.259929,162.499444
212.022515,32.045204,162.009664
211.824378,32.234066,161.063583
212.013378,32.177138,160.834616
212.082138,31.840298,159.784993
212.274329,31.218363,158.468133
212.552912,30.996055,157.583903
212.431205,30.847290,157.529636
212.762757,30.459209,156.729691
213.425967,30.077581,155.346256
214.483727,28.945765,151.782198
215.172738,28.563994,149.589546
215.671403,28.271972,148.217573
215.827379,28.504242,145.895776
216.284208,27.843377,144.507256
216.262722,27.707095,143.218911
216.719962,28.034193,141.487438
217.723146,28.011951,139.521032
217.997336,27.622011,137.889441
218.249093,27.178209,136.889406
218.548552,26.624923,135.285465
218.626122,26.387091,134.680091
218.952757,25.653703,132.125225
218.898481,24.765810,130.167339
219.495218,24.599561,128.588534
219.766446,24.507176,127.247747
220.257061,22.689434,125.459347
220.588269,22.047344,123.995511
220.885916,21.946594,122.202875
221.274154,21.742620,121.245555
221.750225,21.484830,120.276261
223.101678,20.880933,117.418687
223.080120,20.840505,116.259806
223.332383,20.964539,115.917261
223.471424,20.556494,115.485304
224.003639,20.230518,113.488025
223.462563,19.885318,112.156553
223.398463,19.318568,111.287723
223.250391,18.665124,109.976237
223.822418,17.726605,107.407789
223.745782,17.426566,105.849008
224.501447,17.030671,103.234448
224.429278,17.087927,101.988806
225.666222,16.576334,99.127782
225.240404,15.571457,96.804652
225.311920,15.563102,95.801682
225.707017,15.669382,94.357204
225.571400,15.621557,91.725339
226.330056,15.263714,90.237172
226.299239,14.979885,88.130811
226.663076,14.569793,85.676173
226.770075,14.658652,84.131625
227.370157,14.373156,81.963237
227.037648,14.415169,80.723477
227.161913,14.075406,79.893651
226.915250,14.098834,79.104671
227.174332,13.740775,76.405009
227.220819,13.647418,75.473193
227.205500,13.640635,72.683847
227.431284,13.484749,71.363424
227.990402,13.392700,69.017037
228.657790,13.198571,67.461608
228.108490,12.789690,65.944413
228.268323,12.580234,64.738185
228.476366,12.018605,62.316536
228.693280,11.866942,61.137034
228.709747,11.835651,60.039512
229.336629,11.231702,58.669601
229.388164,11.195363,57.162793
229.522998,11.199321,56.778047
229.047906,11.068082,55.893397
229.070998,11.110910,55.482363
229.542563,11.017238,54.084312
229.764813,10.869789,52.272970
229.493880,10.668814,51.101544
229.214446,10.609203,50.326498
229.177105,10.592335,48.939629
229.578657,10.536647,48.300818
229.742484,10.503503,47.984326
229.691153,10.540569,47.368299
229.774684,10.556538,46.365407
227.928265,10.006852,44.680450
227.866436,10.039686,43.334468
227.995272,9.831102,42.822524
228.155879,9.482181,42.140107
227.805096,9.606922,41.312466
227.942829,9.629351,40.780244
228.093345,9.675560,39.801830
228.182029,9.706256,38.905060
228.113285,9.759388,38.459909
228.421295,9.807467,38.056955
228.581211,9.807993,37.822511
227.836037,9.832566,36.951007
228.292437,9.513479,35.360784
227.721835,9.439762,34.461572
227.785414,9.503776,33.888910
227.789565,9.502989,33.345249
227.833222,9.257712,32.262238
227.165063,9.171333,31.391679
227.152484,9.279276,30.446448
226.618037,9.025287,29.222340
226.856141,8.969291,28.775156
226.523247,8.971278,28.239857
226.827929,8.979771,27.781561
225.780558,8.850602,27.451408
224.796126,8.876033,26.748354
224.165218,8.937184,26.411163
223.522561,8.943034,26.578236
222.615907,8.954512,26.528520
222.201207,8.985306,26.445296
221.744973,8.968824,26.367785
221.703764,9.022593,26.296894
220.893275,9.041444,26.002027
219.701859,9.064899,25.863581
219.269411,9.020569,26.007921
217.342486,8.858442,25.519519
216.734216,8.835602,25.408142
216.071984,8.764673,25.543753
215.488860,8.876424,25.011870
215.076663,8.882228,24.493554
214.285447,8.867355,24.292711
213.294200,8.904863,23.988862
213.066565,9.002520,23.602503
212.144355,9.024876,23.060375
211.840424,9.008370,22.365770
211.805847,9.061053,22.106905
210.706811,8.989750,21.711365
209.945335,9.140895,20.882391
208.733159,9.189525,20.495557
208.451389,8.970194,20.294433
206.927012,8.991720,20.292974
206.475707,9.038399,20.526407
203.368280,8.740812,20.324989
202.016655,8.777715,20.246959
200.092891,8.687807,20.637795
200.027728,8.711154,20.128911
199.602585,8.796913,20.205305
198.184056,8.310935,20.033974
196.102616,8.349069,19.497605
194.884508,8.415965,19.470898
192.243114,8.375618,19.620873
190.576195,8.414941,19.267506
189.824313,8.415512,18.650488
189.598693,8.478929,18.664965
189.302177,8.528346,18.780416
188.498715,8.609205,19.107882
187.244778,8.657308,19.088948
185.819463,8.538213,19.473856
185.007188,8.725083,19.144148
183.113027,8.662273,19.099782
181.641976,8.646169,19.436073
181.069938,8.595350,19.779757
179.189359,8.350723,19.619642
177.811524,8.429807,19.920273
177.790308,8.481793,19.871592
176.919485,8.458592,19.525228
174.762106,8.274029,19.604158
173.199320,8.329257,19.681783
172.725636,8.490690,19.333525
172.171396,8.537301,19.441129
171.059898,8.493920,19.063824
169.626106,8.316137,19.251202
168.217456,8.486312,19.441445
167.984533,8.654753,19.308504
166.883174,8.886840,19.354702
164.177534,9.190991,18.786702
162.012634,9.463529,18.890808
160.117342,9.658243,19.099973
156.800325,9.401399,18.966081
154.478218,9.519518,19.435885
152.941587,9.418811,19.339374
149.529492,9.268200,19.311658
148.549275,9.324085,19.493280
147.809455,9.318785,19.356588
146.304238,9.262823,19.357751
145.475424,9.313369,18.787925
144.397177,9.116349,18.913282
143.319017,9.196237,19.031113
142.837722,9.431785,19.173058
140.881847,9.542727,18.983159
139.814023,9.495778,18.766703
138.401711,9.468952,18.940340
137.876184,9.469801,18.799002
137.134381,9.389301,18.645819
136.594087,9.360559,18.800560
134.929345,9.450884,18.729241
133.885501,9.441021,18.607505
133.201951,9.461571,18.339322
130.934607,9.241260,18.316808
130.607381,9.304731,18.187099
129.561637,9.375317,17.836884
129.042818,9.495409,17.716857
127.818339,9.828457,17.768898
125.514244,9.997944,17.900057
123.859868,10.270282,17.451041
123.466683,10.538608,17.251734
122.023337,10.757040,17.550286
121.543595,10.828790,17.395073
120.078317,10.679264,17.571355
118.440488,10.780229,17.500771
117.764721,11.159222,16.971087
116.541708,11.203617,17.002354
115.502597,11.171816,16.956966
115.070106,11.226076,17.050793
114.441122,11.245215,17.229382
114.302109,11.443434,16.949277
113.123837,11.748969,16.898469
112.261915,12.270656,16.556319
111.537242,12.772280,16.795306
110.384819,13.294069,16.530905
109.297001,13.907496,16.381351
108.112235,14.060792,16.557622
107.273085,14.218864,16.702432
106.429932,14.993406,16.583898
105.672664,15.273869,16.791353
104.917504,15.435078,16.663942
103.770047,15.896522,16.707643
103.349812,16.315671,16.528623
101.917577,16.848528,16.450651
100.971000,17.157198,16.613463
100.353017,17.436782,16.718654
99.640045,17.793057,16.846748
98.556344,18.323664,16.599218
97.279675,18.838866,16.501855
96.566827,19.977309,15.957290
97.610995,20.221779,15.716793
98.199622,20.406353,15.616939
99.154273,21.063362,15.592153
99.648035,21.314878,15.549812
100.273185,21.542024,15.455464
101.122906,22.107807,15.250226
101.830589,22.241341,15.153835
102.372793,22.289673,15.070587
103.130023,22.530544,14.819752
103.703307,22.971966,14.709516
104.715578,23.486140,14.604357
106.023906,23.884570,13.942090
106.612254,24.228328,13.625013
107.924832,24.707833,13.571631
108.437064,24.826297,13.675879
109.594074,25.033841,13.857722
110.212130,25.529307,13.732645
110.292489,25.719518,13.821790
110.981340,26.624557,13.627761
111.210607,27.537462,13.776899
112.721267,28.334007,13.734109
115.698377,30.246075,13.916924
118.760018,31.078148,13.226856
119.493716,31.547877,13.189387
120.656743,32.137391,13.315623
121.406365,32.592358,12.985615
123.517427,33.408523,12.767490
123.856684,34.027224,12.823254
124.796334,34.842011,12.712253
125.503992,35.019533,12.742580
126.547943,35.445360,12.640815
127.431567,36.038356,12.618644
128.356392,36.244183,12.366228
129.169594,36.901508,12.419229
129.913643,37.582480,12.300854
130.958814,38.571910,12.345195
131.386820,40.114841,12.399546
132.561143,40.133828,12.229471
133.362212,41.022199,11.825663
133.872033,41.816128,11.753527
135.327115,42.002897,11.768647
135.500145,42.995627,11.704131
135.506016,43.003124,11.697495
136.901001,43.910231,11.787437
138.149868,44.673412,12.028374
139.695594,45.801459,11.533849
141.149835,47.543335,12.036074
143.268729,48.803999,11.997747
143.486902,49.380288,12.097049
143.535362,49.332349,12.005180
144.836248,51.028522,12.073707
145.980454,52.088618,11.823314
146.842527,53.129551,11.479736
146.757459,53.561194,11.529127
149.423919,54.908187,11.489895
150.108326,56.526511,11.538987
151.611041,58.410962,11.194419
151.950865,58.560221,11.046212
154.147339,61.249607,11.040081
155.549958,62.084108,11.044267
158.352106,63.251353,10.837905
160.111974,65.034577,10.965500
162.049966,66.318437,10.606696
161.740766,66.702327,10.712100
162.603193,67.122167,10.647277
164.142414,68.337559,10.585183
165.566861,69.093839,10.686615
165.404126,69.782018,10.551020
165.569229,71.113462,10.554867
165.682116,71.822687,10.899441
166.290897,72.878555,11.092124
168.841863,75.809019,11.161230
169.138641,75.733933,11.015805
171.012534,77.596581,10.973588
170.221561,78.964061,11.174845
171.636725,82.118778,11.750610
171.878126,83.130400,11.837349
174.844869,84.568696,12.004033
174.743546,85.505793,12.011741
176.253636,87.882646,11.899360
177.669963,88.895863,12.083946
178.723395,90.513453,12.246869
178.998243,91.345143,13.106819
179.201724,92.676707,13.071148
180.749236,95.184703,12.914142
181.141020,96.172688,12.792067
181.890780,97.091168,12.766467
182.868145,99.632559,13.634617
184.640521,101.373779,13.717349
184.753312,101.529524,13.626232
186.119403,102.882324,13.893154
186.925132,103.489260,14.344967
188.806474,105.593780,14.351227
188.949302,105.561058,14.323310
189.887812,106.604211,14.482885
189.972402,106.795669,14.529519
190.531090,107.127811,14.417144
191.061407,108.381396,14.384918
192.691178,110.229958,15.559181
193.374730,110.821475,16.107974
194.903159,111.611632,16.620213
194.919109,111.842408,16.692733
195.935058,112.355747,16.696232
195.963968,112.548232,16.634360
196.563586,114.236332,17.552826
197.117497,115.125721,18.237587
197.177036,116.288251,18.189269
197.843072,118.109814,18.961578
198.833060,119.624507,19.398295
198.759963,119.673724,19.422989
200.100344,122.381871,19.084175
202.838646,125.355857,19.934425
202.897060,125.465202,19.870613
203.300627,125.558124,20.034652
203.299465,126.070538,20.375933
203.897552,126.641994,20.208574
204.288574,127.346311,20.392440
205.905006,128.781599,21.336295
206.271287,129.050063,21.752916
206.528175,129.870748,22.236045
208.061255,130.822585,22.076916
208.186959,130.984168,21.841470
207.960659,132.277184,22.155464
207.941895,132.628726,22.012204
207.881324,133.233523,22.007210
208.758216,135.486946,22.180518
208.684829,135.595828,22.080959
208.765813,136.361228,21.951299
209.582033,137.437053,22.248643
210.183690,137.905098,21.924414
210.641723,139.496340,22.389566
210.794812,140.929401,22.569677
211.585873,142.186015,22.766116
212.079223,143.169015,22.633444
212.467886,143.567809,22.532843
212.207543,144.977058,22.549046
212.387732,146.029246,22.784345
212.172719,147.126200,23.456889
212.581142,148.601389,24.035434
212.384715,149.064319,24.229567
212.336942,149.082099,24.257693
212.133696,150.748743,24.374003
211.805732,152.559813,24.984992
211.581982,152.973936,25.130729
211.548366,153.633316,25.323368
211.552509,154.400641,25.748801
212.230538,156.464516,26.092611
212.202331,157.010107,26.223844
212.236606,157.065209,26.209379
212.011977,158.141695,26.685150
213.005504,160.235206,27.059380
213.163581,160.516251,27.140041
214.050326,161.941260,27.614109
214.301916,162.318252,27.697711
215.846290,164.051784,28.188076
215.949053,164.304171,28.242667
215.838848,164.514348,28.268577
217.283567,166.418292,28.695991
217.104108,167.140694,28.548690
217.693117,167.576877,28.614216
218.268171,169.136084,28.552972
218.258630,169.276836,28.536485
220.002161,171.781929,28.879556
219.679531,172.249631,28.880954
219.229316,173.174921,29.116391
219.251785,175.037314,29.366926
219.802153,175.910524,29.308039
219.554758,176.592616,29.367506
219.840024,177.365757,29.077535
219.684600,178.292047,29.351271
220.503882,179.285272,29.465141
220.211715,180.427650,29.549618
219.485703,181.487664,29.749955
219.509382,182.192264,30.202212
220.036628,183.232534,30.894893
220.153062,183.970971,30.947067
219.975326,184.850915,30.695896
219.288724,185.330986,30.564890
219.024826,186.537390,30.271391
218.832269,186.844386,30.170356
217.915117,187.783600,30.010920
217.471406,188.440468,30.581880
217.945466,188.929890,30.705435
217.626479,189.874286,30.645853
216.975083,190.762646,30.573058
216.472655,193.295197,30.871205
215.988244,194.528204,31.311592
215.858673,194.643799,31.386964
215.815647,195.065597,31.265553
215.243609,195.798469,31.334671
215.375119,196.121276,31.483745
214.987461,196.640281,31.274860
214.668120,197.508124,30.843813
214.569815,197.772265,30.784607
213.737330,199.061096,31.020219
213.745245,199.699525,31.287398
213.189966,200.626435,31.343704
212.481034,201.152469,31.327674
211.755212,201.635102,32.084686
211.686638,201.915930,32.601371
211.475930,202.357486,32.386372
211.737862,202.666385,32.470553
210.828516,204.311830,32.625521
210.761945,204.591533,32.937543
210.642529,205.066306,33.444166
210.231451,205.805532,33.646589
209.371752,206.908186,33.665546
209.298291,207.311329,33.983799
208.877931,207.902581,33.721618
207.960447,208.489334,34.554969
207.341840,209.203540,35.003321
206.896141,209.738024,35.295389
206.530261,210.562076,36.610349
205.364816,211.487866,37.519941
204.698011,211.756457,37.520382
203.806300,212.326797,38.334740
202.523122,213.227711,39.071601
202.064619,213.511757,39.379147
201.509746,213.861407,39.151837
200.894485,214.074374,38.649755
199.455633,214.927534,38.349640
198.847068,214.916742,38.517472
197.161731,215.722268,39.103836
196.185577,215.809412,38.824203
194.815307,215.446278,38.908738
193.622536,216.209586,38.980028
192.942399,216.574907,38.950149
192.513232,216.926612,38.494400
192.006130,216.715902,38.747493
189.620581,217.396804,39.471382
188.416857,217.511294,38.973886
188.063244,217.801517,39.688892
186.856527,217.671927,39.842706
186.614256,217.907103,40.152824
185.718426,218.279384,40.535527
184.939036,218.582582,39.949666
183.198148,218.919001,40.419947
182.766541,219.013254,40.485432
182.117522,219.222172,40.599039
180.491466,219.834061,41.132815
180.179116,219.697453,41.351435
179.484094,219.791090,41.348164
178.632843,220.421956,42.170132
177.951553,220.501053,42.535984
176.927195,220.307791,42.484627
175.995220,220.026605,42.034383
175.774143,220.451909,42.047191
175.551237,220.805788,42.143820
174.993271,220.663319,42.083835
173.788705,220.171564,42.814632
172.554749,220.879790,42.438003
171.654830,220.929402,42.421488
171.058096,221.037864,42.557870
170.088068,221.148359,42.141628
168.716341,221.485992,42.651177
168.606044,221.922109,42.772998
167.778145,222.232195,43.339002
166.161854,223.151656,43.537489
165.322713,223.155702,43.237174
164.485273,222.852694,42.673776
162.905885,223.224554,43.374190
160.627653,223.352167,42.594053
160.015870,223.527165,42.429710
159.607752,223.539205,42.659087
158.092682,223.651353,42.372277
157.246449,223.560646,42.991330
155.836671,223.505912,42.948428
154.754423,223.340246,43.395963
152.871865,222.439898,43.155914
152.361846,222.732111,43.408818
151.108034,222.842050,43.224801
150.036748,221.827673,43.525726
148.900072,221.729173,44.327726
146.992897,221.152469,44.975480
146.646943,221.139239,44.811085
145.237684,220.406278,44.907512
143.219790,219.925059,45.080048
141.917391,219.171413,44.751357
141.418704,219.148321,44.602226
139.594457,219.851453,44.544281
137.843314,219.285960,44.723832
136.449399,218.931174,44.840504
135.841973,219.207572,44.616218
132.930391,219.017548,44.600136
130.351106,218.753890,44.135336
130.293346,218.834451,44.140826
129.008936,219.121215,45.200858
127.366538,218.918856,45.107537
126.290834,218.647938,45.398071
123.424872,218.087154,46.558894
121.702373,217.855524,46.178369
119.339597,217.166776,47.258899
119.321859,217.187108,47.237245
117.894522,217.561978,47.197832
115.988157,217.040323,47.100125
114.331059,216.322332,46.637471
113.501221,216.163898,46.928539
111.078819,215.662424,47.823022
106.955017,214.738167,48.289611
106.697360,214.886489,48.716634
103.860935,213.789056,48.899002
102.530870,214.055783,48.968692
101.703156,213.815336,49.074535
99.100050,214.517639,50.908348
98.522801,214.625507,51.232846
96.358335,213.527875,50.453568
95.637963,213.364435,50.265188
95.262487,213.327592,49.934494
94.213663,213.353408,50.192148
90.890300,211.074149,49.151575
88.763065,209.807644,49.304659
88.296939,209.812435,49.567366
85.708759,209.547726,49.599753
85.190781,209.194145,49.585639
80.868684,209.097209,51.498829
78.763321,208.839030,52.551441
77.725268,208.647982,53.171135
76.380425,208.895103,53.908853
76.363833,208.917681,53.921621
75.061047,208.334496,53.218380
74.119843,207.949146,53.498018
72.841824,207.477747,53.907402
69.515701,206.266454,54.275224
67.553306,205.979847,53.928235
66.891004,205.524718,53.785977
66.885590,205.515747,53.774926
65.740018,205.208133,54.108006
64.623490,204.842874,53.679774
62.927894,204.742461,54.274721
60.771532,204.163812,55.032046
58.413998,204.768244,55.905103
57.668853,205.048738,56.578261
56.851209,205.342868,56.912266
56.000584,205.134859,57.248756
55.511615,204.933798,57.309225
53.694101,205.532542,56.271328
52.573377,204.771518,56.691411
50.757909,204.851249,55.724395
49.651235,204.776861,54.804897
49.083730,204.411819,54.610401
47.074565,202.933694,53.879252
46.128297,202.210042,53.216414
43.868037,201.966468,53.003709
41.961710,200.734430,52.373513
41.008060,200.860395,52.099377
40.288376,201.280995,51.646292
39.961526,201.312335,51.438766
38.767919,201.535145,51.384364
37.779582,201.622463,51.525460
36.997191,201.853274,51.003900
35.858417,201.864368,51.421156
35.029386,201.742205,50.839292
34.180283,201.902879,50.039550
33.218367,201.609354,50.665139
32.562054,201.479362,50.041339
30.724740,200.703606,50.532173
30.209609,201.404876,50.870244
29.098950,201.650566,50.346474
28.337166,201.763151,50.638069
27.381478,202.321550,51.210283
26.271926,202.168017,50.702516
25.942021,202.184946,50.634413
25.232219,202.554753,50.926850
24.015808,203.640885,50.867931
22.703822,204.609427,50.868811
22.048199,204.699189,50.186822
21.042932,205.492246,49.964190
20.680742,205.763223,50.328916
20.399248,206.161174,50.343563
20.141348,206.434221,50.046495
19.817041,206.708567,50.014629
19.175446,206.934392,49.967044
18.873466,207.388750,49.559144
18.687768,207.928536,49.679492
18.402492,208.414289,49.925080
18.438012,208.767754,49.262695
17.738106,208.300795,47.743846
17.297146,208.090354,47.332552
16.557654,208.546610,46.061923
16.217283,208.986629,45.681827
15.862256,209.335608,45.151179
15.523882,209.465880,44.706038
15.471466,209.821675,44.134495
15.214439,210.521971,43.209450
15.145240,210.542280,42.482459
15.118978,210.600546,42.059948
15.077939,210.575175,41.432070
14.862906,210.289920,40.530593
14.775794,210.329250,40.456460
14.426641,210.315479,39.553736
14.243598,210.283716,39.402530
13.924308,210.912037,38.918292
13.699435,211.167177,38.513123
13.592844,211.096676,37.533214
13.308088,211.297883,37.014603
12.858681,211.318191,35.727629
12.536635,211.331885,35.478923
12.466114,211.393363,34.917659
12.217100,211.673993,34.477313
12.056806,211.776869,33.684980
11.932355,212.370285,33.643327
12.113830,213.119439,32.890061
11.925229,213.775754,32.821613
11.657567,214.319182,32.306845
11.481048,214.714149,32.175524
11.115112,214.868927,31.969592
11.080722,215.719126,31.003103
11.083682,216.150986,31.003820
10.882371,216.840132,31.145049
10.807802,217.697212,30.288972
10.440604,218.175737,29.770277
10.540360,218.310686,28.182469
10.440895,218.521263,28.076688
10.245199,219.247528,27.276776
10.081760,219.280783,26.989672
9.899660,219.593371,26.110420
9.922785,220.708555,24.535888
9.937774,220.629092,24.086554
9.763596,220.652909,23.695456
9.854196,221.231172,23.253037
9.826729,221.333630,23.206829
9.540054,222.323023,22.379993
9.444887,223.692173,22.352904
9.476066,224.188366,22.333631
9.500631,224.994886,22.166311
9.293928,225.385194,22.157245
9.265264,226.374331,22.081932
9.103712,226.913077,22.106841
9.141882,227.039037,22.058707
9.154590,227.173151,21.731702
9.230700,227.421281,21.203365
9.013247,227.998221,21.096529
8.821894,228.532330,21.018008
8.711150,228.821147,20.930549
8.642987,229.020890,20.813575
8.616479,229.302098,20.850818
8.576846,229.443992,20.820434
8.246282,229.880229,20.555822
8.103610,230.269853,20.444181
7.672100,230.382382,20.506807
7.511029,230.627993,20.580287
7.343095,230.944576,20.568204
7.134460,230.991165,20.349668
6.964259,231.189334,20.300430
6.673361,231.363190,20.006948
6.679324,231.132823,20.225057
6.489911,230.938481,20.583199
6.367203,230.716309,20.816086
5.990361,230.447373,21.135515
5.880305,230.124869,21.196485
