1000
3
6.208576,32.362325,218.111665
6.300680,32.718381,218.536269
6.438168,32.599314,219.025511
6.407407,32.300906,219.678737
6.848798,32.543355,220.611543
6.815202,32.447681,221.096964
6.816131,32.284833,221.805639
6.832942,32.073770,222.254604
6.934485,32.002538,222.840737
7.107982,31.763412,223.115266
7.254581,31.617427,223.779953
7.235614,32.222342,223.801081
7.239811,32.729896,223.986669
7.481256,33.594717,224.433559
7.713039,34.799052,224.276575
7.978600,35.849215,224.379667
8.335918,36.979638,224.752014
8.866469,38.664179,225.290615
9.258644,40.318975,225.238935
9.380862,41.255941,225.083898
9.635751,42.323758,225.270616
9.932662,44.306576,225.348050
10.088035,44.911706,225.341500
10.610170,46.671375,225.058972
11.157415,47.971387,225.030646
10.875329,49.590992,224.840205
10.885441,50.913840,224.648382
11.023029,51.150052,225.012013
11.110578,51.261239,224.927489
10.993721,52.180055,224.816217
10.983560,53.044712,224.204754
11.051362,53.684934,224.584732
10.880714,54.440287,224.182154
11.042087,54.996249,224.398607
11.168743,56.146633,224.643453
11.290922,58.235901,225.040378
11.572290,58.771644,224.419504
11.587586,60.708336,225.009549
11.544375,61.150602,225.344030
11.539771,62.538755,225.100160
11.418875,63.261526,224.893681
11.204880,65.020611,224.542147
11.589650,68.204170,224.356899
11.678538,68.851407,224.773662
12.031089,69.763585,225.186066
11.909028,71.519271,224.824308
11.701599,72.222029,224.576627
11.601665,73.794199,224.711069
11.456986,74.273880,224.860068
11.890254,75.005890,225.136205
11.950204,76.476119,225.068939
12.180224,78.723530,225.577865
12.410943,81.315207,225.050248
12.663993,83.302748,224.160267
12.913737,84.024389,223.920720
13.217589,85.224347,224.168027
13.486678,85.311950,224.253472
13.679107,85.899484,224.511578
13.899529,86.666466,224.948882
14.048792,87.938185,224.791854
15.660257,90.203415,224.994796
16.417538,91.085234,225.241718
16.792028,92.586030,225.452100
17.144646,93.910968,225.221053
17.118681,94.322174,225.185284
17.287717,96.106035,225.130827
17.385998,96.927553,225.334844
17.710597,97.879521,225.265411
17.731383,99.474540,225.189872
17.709177,100.527801,225.304828
18.282068,101.895866,225.238314
18.529819,103.734106,224.729472
18.872310,103.663172,224.620790
19.155133,105.111028,224.607707
19.125476,106.128033,224.483091
19.505661,107.140141,224.344291
20.110150,109.846459,224.661170
20.573314,111.429108,224.642614
20.970018,112.516037,224.098417
21.434172,113.431661,224.090259
22.006483,114.184570,224.422406
22.432880,115.845265,225.288495
22.763217,116.654908,225.778901
23.521960,116.335086,225.886197
23.763579,117.414837,225.695036
24.638710,117.835851,225.745266
25.548860,118.326198,226.232046
25.547093,119.110137,226.510550
26.242603,119.963078,226.693440
26.840851,122.013830,227.422874
27.179007,123.096721,227.694060
27.498725,124.022373,228.086804
28.260784,124.957553,227.963311
28.507825,125.790840,228.224493
29.321519,127.279559,228.097539
29.589724,128.104828,227.919733
29.893655,128.576240,227.790820
31.148650,130.627300,228.775568
31.568043,131.438169,228.913637
31.951517,132.173481,228.886232
32.532672,133.105401,229.188098
32.986544,132.333005,228.910244
33.399392,132.194354,228.890100
33.900975,131.500566,228.638347
35.447083,131.160301,228.692998
35.803736,131.392184,228.763595
37.016298,131.504951,228.987397
37.419645,130.002690,228.760086
38.045839,127.477001,228.303194
38.276512,126.067978,227.912641
39.821278,124.944344,227.240064
41.021223,123.298613,226.924549
42.061695,121.710074,226.566600
42.687480,119.667262,226.501837
43.830577,118.756076,226.609196
44.504928,117.412619,226.558375
45.371487,116.994267,226.758074
46.653950,116.142869,226.978359
48.817499,114.988383,227.202095
49.000768,114.473841,226.972240
50.278027,113.673812,227.136626
50.914440,112.304570,227.393774
51.222159,111.287363,227.128946
51.571842,109.788923,227.579744
52.099669,107.882928,227.251442
53.612902,105.980263,226.682280
54.312976,103.967718,226.450896
55.269373,103.475696,226.232285
56.117661,101.179491,226.102646
56.898480,100.935415,226.894240
58.066800,98.916455,226.881198
58.945166,96.890382,226.693055
59.425941,95.888064,226.752718
60.937581,93.702899,226.389203
61.849594,92.763277,226.353892
62.175202,91.853642,226.564831
62.213320,90.807022,226.372479
62.054985,88.977116,225.958342
62.684386,88.425632,225.872942
63.895698,88.706348,225.982087
64.640342,87.188539,225.778951
64.843133,86.540726,225.626548
64.763389,85.793841,225.451831
65.516189,83.738822,224.987484
65.469614,83.051719,224.752804
65.434338,82.998207,224.704067
65.533246,82.617705,224.501640
66.827423,80.698538,224.272525
68.993676,78.757204,224.025177
70.595986,77.650024,223.806429
71.655120,77.147929,224.587441
71.655879,75.884950,224.524078
72.020466,74.760638,224.554791
73.444010,73.069146,225.668048
74.783559,72.216320,225.714232
75.951263,72.600778,225.576860
76.656149,71.379475,225.865931
77.911430,69.836382,226.872180
79.658158,69.526556,226.659973
80.353530,69.738393,226.694487
81.909037,68.792981,226.204996
82.294866,68.227194,226.319000
83.456175,65.846836,225.842554
84.804869,65.761885,225.310122
87.586276,64.772121,224.921096
89.690193,63.714823,224.870334
91.253166,62.889090,224.734286
92.301157,62.820199,225.225931
93.131877,61.791069,225.067977
93.838012,60.955148,225.215343
94.989811,60.615775,225.486648
95.810570,58.818712,224.811871
97.636264,58.766335,224.786383
98.617673,58.894668,225.100155
100.499637,56.231525,225.088734
101.531670,54.646030,224.559142
102.240942,54.031295,224.646540
103.747514,53.009887,225.092163
106.092168,50.993916,224.956354
107.296090,50.441238,225.298352
108.860707,49.237055,224.712836
109.586883,48.614038,225.040751
109.987466,48.694003,225.089776
110.591442,48.829490,225.540593
112.147246,48.541368,225.957977
113.026290,48.367921,226.315011
113.813669,48.723703,226.780579
114.347522,48.460978,226.697982
114.605594,48.511391,226.618819
115.641773,48.153726,226.490561
115.816366,48.159353,226.507588
117.328895,48.364269,227.158184
118.132602,48.237480,227.129331
119.155735,48.489723,227.384133
120.153004,49.459829,227.686555
120.910138,49.782322,227.422916
121.195141,49.868387,227.553121
122.052405,49.985760,227.386953
123.171203,50.195935,227.433264
123.779561,50.200373,227.600669
124.469491,50.150896,227.504350
125.988019,49.945477,228.028792
127.496939,49.260690,227.565298
130.001146,48.773262,227.047566
130.914585,47.627233,226.861224
132.889250,47.771676,226.579795
133.121084,47.997947,226.451281
134.188961,47.933129,226.558900
135.169687,48.519312,227.130885
137.116010,49.622137,226.535395
139.003518,48.093803,226.954530
139.741011,47.590284,226.686181
140.767806,48.350852,226.582247
141.800893,48.692338,226.377345
144.022461,48.503176,226.592014
144.266272,48.406686,226.530097
145.171992,48.481144,226.214926
145.921300,48.503824,226.729652
146.168127,48.603978,226.745066
146.489882,48.823019,226.780695
147.854436,49.035209,226.639244
149.686630,49.290521,227.072478
151.342879,49.027776,226.850039
152.530300,49.269355,226.755125
153.959637,49.834397,227.190551
155.732861,50.401653,226.824010
156.556291,51.211570,226.597603
157.145707,51.266993,226.256935
157.967876,51.286515,225.753906
158.747327,51.871258,225.184869
160.072596,52.062347,225.129003
161.735338,51.882966,225.235042
162.289015,52.251509,225.616260
164.064650,52.416932,225.215344
165.081623,52.039087,225.297975
165.655828,52.270970,225.493786
166.507407,52.519711,225.677691
168.414802,52.396135,225.029025
169.450719,52.340534,224.972625
170.431264,53.226420,224.880318
172.071804,53.196536,224.090295
172.853890,52.814319,223.539439
173.889067,53.745550,223.142269
175.198443,52.562840,223.488777
175.797261,53.021449,223.512134
176.127564,52.783746,223.176499
176.774023,53.187519,222.938388
176.907586,53.019655,222.946894
178.353247,52.552219,222.427247
179.011527,52.835876,222.297841
179.714352,52.591141,222.142630
181.727755,52.052654,221.649598
183.036489,52.278287,221.434971
185.239503,51.742971,220.662218
185.780095,51.099498,220.346834
187.055919,51.359667,219.844959
189.247609,51.507480,218.456487
190.722129,50.664320,217.624185
191.183793,50.916078,217.823577
192.299629,50.434358,217.646855
192.783538,50.510767,217.430761
192.966768,50.849352,217.422549
193.278390,50.984832,217.236271
194.656618,50.714765,216.641200
195.164525,50.836839,216.581481
196.993877,51.618568,216.528009
197.502820,51.737675,216.639545
197.627739,51.818991,216.540390
197.921907,51.952190,216.661341
198.277364,52.230055,216.540091
198.553289,52.565672,216.472610
198.832163,52.048448,215.992563
199.265923,51.669082,215.759702
199.626420,51.322577,215.439014
200.179993,50.689082,214.960301
200.751812,50.786199,214.864065
201.645133,49.838526,214.199431
201.875931,49.609231,213.961146
202.648049,48.780199,213.335710
203.817570,47.420619,211.914177
203.815109,47.082895,211.177315
204.768539,46.806212,209.406220
205.198208,46.510392,208.430017
205.145916,45.814655,207.653677
206.303063,46.384883,206.391534
206.598843,46.219210,205.932886
206.184874,45.780625,205.197026
206.465151,45.610445,204.130138
206.609319,45.442305,203.038292
207.963796,45.623129,201.260673
207.766509,45.218952,199.884057
207.887956,44.532963,199.361886
208.458234,44.122108,198.555318
208.488822,44.193978,197.390416
208.581011,44.074150,197.077636
208.510074,44.239887,196.161215
208.439365,44.308092,196.067957
208.155447,43.582773,194.286926
208.245829,43.682636,194.237978
208.312097,43.223790,193.582928
208.174340,43.180696,192.469014
208.626191,42.900936,191.642704
209.055744,42.133020,191.284682
209.062387,42.098652,190.958618
210.050949,41.710982,189.354177
211.687485,41.874607,188.210108
211.606357,41.331688,187.083340
211.987103,40.941711,186.596862
211.839642,41.100906,185.795547
211.775193,40.784215,184.705907
211.820683,41.098342,184.317920
212.795325,40.075358,182.997782
212.699363,40.142379,182.191344
213.031684,39.758891,181.249350
212.952521,39.766075,179.585648
213.076765,39.810110,179.585811
213.222300,39.719402,179.206917
213.218602,39.737079,178.920088
213.834526,39.553826,177.170365
213.411332,38.740827,175.779296
213.601915,38.637772,175.591315
213.502251,38.840082,173.692778
213.510976,38.287317,172.398435
213.675496,38.138831,172.347561
213.964297,37.834255,170.328556
214.639543,37.711345,168.409701
214.616948,37.272527,167.358470
214.666086,36.054792,166.668313
215.644632,35.481715,164.839256
215.691545,34.941375,163.740644
215.704176,34.209675,162.256923
215.848048,33.917387,160.312409
214.956548,32.901343,158.635549
215.473154,32.496530,157.334781
215.412556,31.340560,156.282340
215.951092,31.321458,155.397625
216.191479,30.538208,154.338547
216.809391,29.864049,153.129284
217.049606,29.889211,151.055830
217.149264,29.890641,150.218210
217.748913,29.479751,148.641829
217.878419,29.331688,147.253575
217.652537,28.800607,146.545302
217.362298,28.662983,145.664944
217.687404,28.289484,144.697970
218.434173,28.450287,143.241347
218.566400,28.383445,141.987708
218.521013,28.166836,141.906008
218.853926,27.680547,141.540220
218.899925,27.495160,140.186123
219.857949,25.848371,137.398008
220.311346,25.857509,135.662103
220.352593,25.865814,135.587181
220.521919,24.968804,133.979584
220.739228,23.774455,132.403458
221.308855,22.842648,130.461018
221.007069,22.336617,128.992322
220.856925,22.409257,128.665519
221.648365,21.126466,125.108160
221.824518,20.960818,124.378500
221.581733,19.403717,122.214427
222.266685,19.037525,120.321328
223.163426,18.510054,117.206584
223.519784,18.114535,115.027678
223.201967,17.706890,113.737181
223.473006,17.352124,111.835621
223.813500,17.259302,110.465364
223.954295,16.972313,108.939286
223.822235,16.745363,107.608306
223.791262,16.700748,107.518225
223.824028,16.753175,106.153998
224.027705,16.768757,106.093378
223.999717,16.606797,105.210145
224.414223,16.462138,103.316973
225.134857,16.444804,102.094424
224.789623,16.385908,99.484609
225.165241,16.281229,97.948832
225.407699,16.262787,96.898356
225.977052,16.382326,94.796539
225.857064,15.853197,93.442541
226.195777,15.697951,91.610263
226.262310,15.461215,90.434410
226.614185,15.273584,89.523408
227.049133,15.344347,86.951437
227.505785,15.268711,85.679764
227.567876,15.031252,84.217790
227.552112,14.284369,83.211230
227.679227,14.442286,82.340335
228.286319,14.423178,80.964634
228.270583,14.270197,79.692621
229.205373,14.176257,77.911766
229.519410,14.136917,77.374541
230.301377,13.989861,75.455249
230.066058,13.895627,74.795939
230.348982,13.850323,72.890948
230.498673,13.789376,71.793506
230.378877,13.387340,70.969581
230.039226,12.817929,69.359372
230.159082,12.664242,68.252607
230.371016,12.748720,67.244589
230.997664,12.197998,65.318427
230.548813,12.209352,64.469928
230.556692,12.128170,62.512297
230.265502,11.942936,61.676446
230.178676,12.019854,60.979471
230.204492,11.884243,60.257371
230.361193,11.867913,59.334154
230.681524,11.830611,58.495751
230.402098,11.956270,57.495096
230.395389,11.449976,55.929728
230.863063,11.093157,54.696479
230.988519,10.999648,53.983177
230.420951,10.950852,51.951507
230.552395,10.799087,51.383116
230.670643,10.489212,50.575993
231.456403,10.300909,49.460417
231.429214,10.364114,49.072524
231.454139,10.364651,48.500381
230.651215,10.030652,47.230395
231.045267,9.938635,46.492092
230.663058,9.914061,45.664844
230.761879,10.179433,44.603703
231.001136,10.179283,43.433734
230.348477,10.078663,42.524353
230.800678,10.018759,41.178559
230.613106,10.089102,40.573185
230.526291,10.261286,39.662516
230.678236,10.287366,38.789228
230.776138,10.362137,37.722148
230.049773,10.477221,36.268618
229.309789,10.242365,35.315910
229.124967,10.130141,34.544851
229.355459,10.127842,34.254464
228.380227,9.898850,33.294604
228.172650,9.888934,32.661991
228.360660,9.956680,32.393789
228.126914,9.982290,31.051558
228.071897,9.945494,30.670044
228.230268,10.032920,30.311044
228.360035,10.112614,30.027506
228.473146,10.157942,29.790680
228.776591,10.008200,28.916692
228.265760,10.008289,28.015632
227.415834,10.076062,26.704993
227.128357,9.728931,25.135475
227.022563,9.652695,24.503255
227.145098,9.633293,24.368156
226.815509,9.559431,23.912332
226.936023,9.589978,23.732853
227.071096,9.502960,23.315763
227.088383,9.616581,22.671945
227.009582,9.595293,21.899330
225.667151,9.244641,21.541165
225.293811,9.292201,21.587932
224.809782,9.225410,21.385234
224.037931,9.168869,21.379610
223.572497,9.285905,21.149509
223.346867,9.230352,21.301801
223.136783,9.254885,21.414619
222.475881,9.303978,21.437061
221.683039,9.349242,21.367571
220.232443,9.142482,20.929497
219.270929,9.167421,21.045106
218.452082,9.170321,21.026019
217.266196,9.146738,20.487102
216.988314,9.171162,20.611285
215.449308,9.173954,20.190376
215.080091,9.277376,19.954062
214.014761,9.237254,19.784057
212.377534,9.174756,19.538441
211.711538,8.872518,18.939010
210.951540,8.936363,18.635696
210.824557,9.036353,18.491675
209.841929,8.964278,18.008525
209.348016,8.970881,17.479377
208.018465,8.913227,17.289539
207.699641,9.024633,16.716581
206.911058,9.042933,16.486603
206.296318,9.041009,16.430547
205.344854,9.197725,16.218032
204.298184,9.154001,16.457276
203.482766,9.113765,16.484715
202.814643,8.948547,16.445006
200.895555,8.877620,16.291866
198.960449,9.081856,16.360900
194.704300,9.096126,15.712402
193.232432,9.139466,15.416359
192.522469,9.162162,15.332820
191.222332,9.187226,15.078068
189.724395,9.220131,15.390923
188.942542,9.281162,15.413459
186.677246,9.245690,15.181048
185.293576,9.428689,14.757740
182.740836,9.226413,14.893187
181.075772,8.941309,14.963476
180.321048,8.770593,15.090645
179.539240,8.704517,15.499415
178.996593,8.845359,15.299095
178.527888,9.135947,15.380606
177.362228,8.899304,15.564049
176.899235,9.035952,15.373894
175.682676,9.163475,15.477565
174.087087,9.290348,15.563095
173.515180,9.533197,15.443175
173.024992,9.521362,15.487413
172.105914,9.588830,15.905972
172.069063,9.572763,15.861212
170.891732,9.903095,15.862720
169.552183,9.628869,15.902079
169.072795,9.701047,15.969180
165.504307,9.707646,15.549767
162.397916,10.082157,16.307619
160.333339,10.116392,16.520624
155.600917,10.154875,16.889499
154.525119,10.432121,16.842436
151.918826,10.319980,17.086974
150.772518,10.193062,16.933960
150.018096,10.390584,16.449926
148.953977,10.388497,16.596997
148.079476,10.620727,16.661912
146.948868,10.506980,16.560984
144.263348,10.361148,16.758790
143.832440,10.431799,16.817249
142.588379,10.477338,16.926021
142.209213,10.895979,16.784750
141.285153,10.738158,16.889905
140.312096,10.739022,17.180243
139.761679,10.878751,16.982699
138.379378,10.945259,16.836439
136.764147,11.150888,16.575288
135.249014,11.616868,16.603812
134.676535,11.824471,16.484465
134.268796,12.135354,16.146104
132.819332,12.003502,16.286467
131.818006,12.004659,16.461974
130.673905,11.974311,16.399500
130.560381,12.126818,16.308351
129.413555,12.238383,15.949131
126.879503,12.470359,16.014188
126.244013,12.531195,16.215220
125.064720,13.014038,16.085793
121.711988,13.827382,15.998357
119.661634,13.961409,16.544086
118.752535,14.051814,16.184674
117.264826,14.505788,16.113617
116.231047,14.614570,16.204431
115.442068,14.866949,16.027067
114.484141,15.354510,15.768560
112.766667,15.824225,15.768739
111.999867,16.057301,15.771658
111.214798,16.266521,15.941340
110.551714,16.307034,15.846525
109.343749,16.369714,16.055255
107.825795,16.506507,16.165050
106.772929,16.717756,15.969864
106.140761,16.603691,16.081754
105.207310,16.606275,16.032226
104.022234,16.674473,16.085662
103.450317,16.640132,16.192098
101.732830,17.513834,16.390592
100.194178,18.093288,16.830689
98.997838,19.088541,17.028525
98.596564,19.368959,16.988071
97.094147,20.086951,16.993871
95.535716,20.866940,16.564595
94.625838,21.704886,16.158729
93.550388,22.396422,16.071906
94.182423,23.376948,15.838834
95.126629,23.655497,15.461885
96.002865,23.743981,15.343376
96.770729,23.840339,15.257075
97.231960,24.238936,14.984751
97.994341,24.329684,14.912020
98.602571,24.791150,14.962928
99.689695,25.422924,14.705156
100.362542,25.534014,14.571532
101.156951,25.820740,14.442875
102.007879,26.358381,14.264647
103.024157,26.943184,14.339361
103.931167,27.163658,13.872288
104.764024,27.454761,13.839472
105.938429,27.812196,13.693584
106.409871,28.746560,13.938667
107.311389,28.858025,13.948514
107.678684,29.089040,13.909930
109.401074,30.069943,13.660418
110.207134,30.382092,13.545761
110.642052,31.502855,13.809187
113.219311,32.591142,14.049520
115.015952,33.678035,13.704101
115.757145,33.733769,13.581388
117.262320,34.748403,13.623455
117.854543,35.652803,13.965811
118.363234,36.212231,13.996907
118.688036,36.633220,14.015297
119.536296,37.152572,13.805294
121.372886,38.082817,12.809309
121.794000,38.300937,12.662036
123.264078,39.153089,12.621647
123.521227,39.504370,12.516727
125.829573,40.438927,12.311827
126.766108,42.083797,12.579260
127.749937,42.517287,12.353201
128.402011,42.854597,12.113657
129.681646,44.265091,12.275499
131.341779,44.683722,12.226859
131.877254,45.055729,11.877099
131.913065,45.681692,11.766670
133.822941,46.816347,11.501196
134.140841,47.334612,11.446998
135.393770,47.760831,11.387693
138.543837,49.048522,10.971531
139.626822,50.322921,10.745885
140.427004,51.005538,10.708133
141.726782,51.318212,10.859458
142.765645,52.953392,10.899996
143.538128,53.763766,10.614229
144.123602,54.643757,10.502438
146.133809,56.134047,11.014887
148.160316,57.654814,11.138473
148.059792,58.241181,11.286194
148.316662,59.323565,10.940894
149.412181,59.934514,10.870816
149.674907,61.038415,10.763121
149.748726,61.619009,10.675538
150.741350,62.492436,10.378415
151.291034,63.660254,10.593095
152.008723,65.571725,10.509067
153.668381,67.070881,10.039711
154.247174,67.834148,9.975504
156.536824,70.375197,10.562010
156.917169,71.189787,10.435212
158.188706,72.231750,10.036499
159.608064,73.340324,9.628294
160.831826,73.819127,9.696829
162.117213,76.021107,9.965513
165.816267,78.677475,10.169884
166.037824,78.951378,10.092232
167.898703,81.240239,9.998250
167.674404,82.206385,10.119774
167.260326,83.056673,10.137791
167.146333,84.406941,10.027196
168.279545,85.745720,10.101672
168.015889,86.167609,10.160185
170.614006,87.408918,10.201597
171.977504,87.641622,10.350088
172.963409,88.344265,10.641281
173.172223,88.836708,10.717946
174.128427,91.060238,10.723823
174.761313,92.397938,11.002121
174.905841,93.889593,11.056709
174.915486,93.888073,11.059321
177.889979,96.576869,11.283993
178.581641,98.177667,11.397984
179.643350,99.337633,11.299910
181.689838,102.231495,11.410452
182.368749,104.264543,12.580813
183.012277,106.191564,12.668405
183.262835,106.251040,12.609029
183.462485,106.316875,12.539672
184.759111,108.057560,13.280326
185.791039,109.143131,13.310707
187.048817,109.692304,13.355877
187.554630,110.991577,13.372506
188.196576,111.478399,13.824835
189.124650,111.890522,13.952018
189.920387,112.758857,13.961388
190.637108,114.144212,13.987064
190.784607,115.519325,15.309648
191.177235,117.194962,15.623904
191.552404,118.414550,15.854370
192.102007,119.637093,16.093285
192.054788,120.886742,15.995599
193.298424,122.046609,16.200581
193.673142,122.858893,16.150456
194.493236,124.866089,16.915376
195.425862,125.752916,16.647672
195.695160,126.953688,16.566769
195.995313,127.728543,17.540047
195.995425,128.524023,17.684278
197.203511,129.130161,17.862322
197.863785,129.801900,17.681166
197.983700,130.340351,17.694089
198.803841,133.348629,19.312695
199.623173,133.982619,20.165463
199.792961,134.412005,20.630328
199.992561,134.487904,21.090818
200.355668,134.956727,21.188037
200.723535,136.348454,20.938552
200.583048,136.652188,20.904905
201.389062,137.604077,21.065105
201.661997,138.105602,21.062049
201.534482,138.538613,21.032649
200.951405,139.714538,21.168704
202.196229,141.781323,21.367214
203.739445,144.068780,21.189495
203.889611,144.544081,21.309715
204.383395,145.138154,21.441198
206.824378,147.689086,22.109941
207.091250,148.445057,21.946999
207.876179,149.954678,23.881728
208.596473,151.091519,23.856641
208.900290,152.260430,24.118422
208.660936,152.560307,24.056274
209.189500,154.047929,24.597773
208.996140,154.874904,24.840767
209.519915,155.589793,25.119066
209.594464,156.132540,25.247090
210.355649,157.141541,25.510911
209.841283,157.481763,25.727944
210.308282,158.829538,25.578093
209.695907,161.020818,26.287516
209.359459,161.638344,26.127443
209.830571,162.185876,26.163431
210.013233,162.605092,26.256907
210.189572,163.105575,26.457807
209.591901,164.322535,26.329931
209.878328,164.769003,26.376009
210.490818,165.733565,26.656329
211.446054,167.284188,27.538693
211.490901,167.748038,27.564021
211.327343,169.033687,27.489084
211.277509,170.188787,27.474188
211.933000,171.490648,27.365379
212.802734,172.321993,27.590328
212.949769,172.570323,27.653633
213.685726,173.855130,27.695056
213.975364,174.665853,27.492917
214.604571,176.396667,28.404096
215.042046,178.225689,28.228377
214.923900,179.539848,28.607274
215.169583,180.036325,28.425617
214.947148,180.331238,28.920716
214.349730,180.622941,29.516674
214.782748,182.184891,29.920634
214.328287,182.950442,30.190784
214.566004,183.806498,30.344683
214.362239,184.591158,30.660641
214.945320,185.677118,30.929261
214.607930,186.733821,31.116691
214.542961,187.555319,31.049366
214.214445,188.833433,31.182830
214.603812,190.059935,31.280716
213.674749,190.843612,30.966926
213.444694,192.255679,31.430860
212.320585,194.441826,32.197273
212.491152,195.507869,32.095018
211.919860,196.056765,31.898508
211.735245,196.387900,31.776630
211.377256,197.086245,31.867962
211.132725,197.819060,32.227308
211.471160,199.130127,32.395027
210.774717,199.269592,32.561509
210.319045,200.445233,32.774329
210.091724,200.693832,32.802234
210.025849,200.995871,32.494408
209.780522,201.486421,32.373756
209.630476,202.116611,32.460836
209.681518,202.545558,32.780608
209.516934,202.912574,32.516989
209.118819,203.207353,32.600526
208.880519,203.644740,32.835839
208.636282,203.819778,32.628898
208.112780,204.222685,32.796197
207.908701,204.705766,32.621440
207.561745,206.178954,33.092587
207.068339,206.626100,34.107513
206.559234,207.121014,34.547599
206.417356,207.316189,34.509078
205.807633,207.766354,34.787711
204.793010,208.778108,35.632496
202.663027,209.583701,36.293903
202.306797,209.975017,36.657155
202.134845,210.246543,36.811365
201.330076,211.451255,37.650551
200.893660,211.497448,37.850547
199.436558,212.493471,37.856045
199.181580,212.555667,37.785881
198.085459,213.008675,37.762717
196.699516,213.098091,37.552183
196.016139,213.250680,37.649708
195.841770,213.339958,37.547428
195.431983,213.926820,37.889533
194.514090,214.525208,37.221343
192.873829,214.481645,37.890902
192.041811,215.020201,38.143438
191.627415,215.333005,38.817834
190.971605,215.290815,38.956913
189.994112,215.836855,39.249218
188.738679,216.266924,39.621613
188.351932,216.569305,39.539502
187.163142,217.336820,39.422714
186.027089,217.886583,40.443647
185.516681,217.922271,40.147655
184.329266,218.858516,40.384225
182.274079,219.685973,41.121119
181.963697,219.525618,41.090549
181.300635,219.787743,41.864725
180.849896,219.731101,42.160652
180.312848,220.218789,42.762891
178.569735,220.809617,44.059743
176.846296,221.219816,43.657878
176.670043,221.212387,43.859905
174.704639,221.825713,44.716835
173.252453,222.772178,45.677450
171.727667,222.532291,46.464623
171.412548,222.665201,46.606695
170.281107,222.872761,46.326636
168.595165,222.626965,47.291275
167.453149,222.591532,47.187427
166.916764,222.647427,47.160020
166.256945,223.135910,47.247044
165.626961,222.946954,47.670801
164.987005,223.203931,47.818096
163.551955,223.141670,48.276447
162.697570,223.216936,48.675337
160.843480,223.653581,48.859342
158.984406,224.180731,49.542264
157.843064,223.990778,49.380081
157.585588,223.772105,49.582555
157.294220,223.939187,49.746574
155.239365,223.924665,50.597167
154.370209,223.618528,51.080420
152.929769,223.026828,50.604541
152.240250,223.091306,50.716686
150.986920,223.528490,50.725546
150.404081,223.434345,50.402152
148.956909,223.788789,50.082685
148.019281,224.260171,50.656136
147.463474,224.291385,51.110589
146.538898,224.080079,50.889402
144.890352,224.237716,50.798497
142.319293,224.632974,51.775911
139.305639,224.303554,53.144902
138.682216,224.600254,53.037804
137.020350,223.995336,52.348262
134.862538,223.952046,53.243072
133.185481,223.931838,54.024405
132.413128,223.703053,54.598557
131.350599,223.284571,54.392924
129.873722,222.711967,54.910307
128.394964,221.724999,54.755710
126.738407,221.371725,55.415140
125.129001,221.663024,55.692232
123.987991,221.929135,56.029090
121.093197,222.304237,56.948230
120.072561,222.653844,56.434203
117.086177,222.924488,56.903903
115.180385,223.490536,58.668019
112.316795,224.034917,59.696890
111.155033,224.584849,60.168820
109.625146,224.280173,60.420415
107.409036,224.409208,60.377689
105.589265,223.078093,59.777676
103.604759,222.640535,60.430065
102.129332,222.166705,60.270690
99.511209,222.964920,61.683372
97.498792,221.920523,61.254197
95.092862,221.511639,62.340774
94.286253,221.558026,62.411442
92.236760,221.661966,64.073163
91.924601,221.817454,64.303569
90.267577,222.093815,65.341392
89.407715,222.230972,64.968229
86.627000,222.334351,65.402663
85.812522,222.362024,64.959606
83.941615,222.380410,65.664416
82.336682,222.099420,66.609151
80.781353,222.452340,67.197869
79.991765,222.814964,67.031140
78.462778,222.775167,67.102319
76.404434,223.325602,67.914011
75.510025,223.175163,68.079784
73.940728,223.406568,68.160290
73.388198,223.500165,68.568279
71.559914,223.737894,69.094560
69.469666,223.331484,69.501386
68.160563,223.216111,69.477691
67.550929,223.022342,69.868198
66.069552,223.158225,69.807509
64.923513,223.089195,70.274217
61.596729,222.908604,70.723217
59.372942,223.381018,71.076699
58.184135,224.087995,71.243551
57.126178,224.235976,71.735597
56.481563,224.182200,71.514118
55.413705,224.684921,71.183850
53.555813,224.910105,70.797374
51.812816,225.077907,70.576093
50.286347,224.731333,70.445870
49.081503,225.071406,70.830676
47.730192,225.725661,71.847013
47.017155,225.999530,72.153225
45.668864,226.084250,71.838982
44.204010,225.321358,71.520975
43.357428,225.925343,71.660064
41.391189,225.797601,71.046994
40.651440,226.302166,70.573643
39.587052,226.175424,70.429017
38.118446,226.239750,70.153605
37.290598,227.006193,69.548639
34.496663,226.884102,69.408607
33.221742,226.953160,69.042202
32.322689,227.805514,69.079956
31.180858,227.614442,68.116024
31.209616,227.622514,67.978634
30.857126,227.944993,67.417343
29.544571,227.471143,66.784771
28.779753,227.734875,65.745091
28.698494,227.813736,65.641064
28.074801,228.197235,65.044469
27.356628,228.231661,64.655126
27.179436,227.897227,63.757803
26.795312,227.789148,62.489994
26.109000,228.042185,61.787343
25.295777,227.621140,60.889573
24.760253,228.033515,59.850741
23.952079,227.247380,58.354592
23.560351,226.754586,58.022419
22.734373,226.962276,56.537159
22.704254,227.116114,55.686471
22.443876,227.209123,55.254803
21.979539,227.321641,54.493516
21.466017,227.272625,53.761914
21.070972,227.641350,53.059325
21.049478,227.396281,52.460674
20.808960,227.442456,51.782139
20.465429,227.152334,50.306714
20.167942,226.580630,49.823495
19.739314,226.033094,48.104626
19.399787,226.232962,47.607859
19.301080,226.646893,46.598491
18.811211,225.439700,44.086359
17.851485,225.702804,42.474458
17.463457,225.957359,41.022118
16.814491,225.600843,39.940774
16.534840,226.234462,38.231570
16.386547,226.477628,37.127007
16.123139,225.786848,36.324231
15.941836,226.326873,35.594276
15.556530,226.319655,35.007482
15.433716,226.024319,34.537032
14.852695,226.087415,33.022700
14.367853,225.950331,32.595033
14.198984,226.357919,31.829058
13.613712,226.992913,30.936385
13.393136,227.405009,30.026274
13.337972,227.127305,29.524414
13.357759,226.966852,29.219371
13.155001,226.716303,28.563294
12.995311,226.582846,28.187413
13.084587,225.729667,27.036902
12.937913,225.252936,26.468734
12.369379,225.048241,26.210380
12.164008,224.988545,25.479543
12.090721,225.183339,25.164993
12.127255,225.068739,24.589186
12.177395,224.828916,23.953676
12.086590,224.582816,23.188257
12.082961,224.078443,21.957069
12.003804,224.179639,21.444357
12.009783,222.919161,21.596155
11.933537,221.867219,21.435479
11.894941,221.490700,21.347498
11.606407,221.491701,21.067357
11.557606,221.147520,21.187263
11.638992,220.467662,20.723382
11.678450,220.149714,20.908478
11.619088,219.828802,21.113750
11.587388,218.882643,20.605520
11.434380,218.441610,20.185112
11.415398,218.268850,20.058129
11.351243,217.736732,20.227646
11.138508,216.784010,20.179982
11.227177,216.481612,20.336781
10.925304,215.177926,20.594882
10.868189,214.117898,20.699739
10.941362,213.290402,20.557994
10.977398,212.693695,20.462073
10.998042,211.910950,20.327558
10.871821,211.595344,20.006149
10.729671,210.910749,20.309305
10.685540,210.296037,20.233622
10.665078,209.934672,20.438395
10.674075,209.220660,19.809965
10.394856,208.480890,20.026734
10.020546,207.487581,19.818144
9.760176,207.240432,19.739062
9.628070,206.943599,19.885236
9.395659,206.718362,19.990714
9.150611,206.116800,20.121267
8.940096,205.684031,20.134745
8.579828,205.397395,20.355744
8.502140,205.291302,20.382962
8.074421,204.887301,20.599455
7.993060,204.716624,20.612198
7.839878,204.459050,20.533192
7.654938,204.346482,20.213777
7.341042,205.217739,20.486216
6.750886,205.467310,20.702878
