1000
3
222.066402,6.907632,35.686536
222.719415,7.013704,35.541669
222.943276,7.134811,35.314853
223.157048,7.388171,35.164477
223.740420,7.534204,35.132383
223.896217,7.511404,34.602766
223.979214,7.547843,34.293056
224.319884,7.720949,34.033044
224.656508,7.828029,33.744305
224.912914,7.879751,33.516833
224.939240,7.881487,33.089684
225.305639,7.949715,32.687075
225.586280,8.022850,32.170313
226.046173,8.136153,31.907748
226.423969,8.180915,31.563416
226.719301,8.431782,31.153685
227.028809,8.532050,30.879228
227.177736,8.561488,30.497365
227.282235,8.647520,30.093608
227.544753,8.654946,29.769029
227.744404,8.639942,29.509519
228.155834,8.763019,29.230788
228.401799,8.799144,28.738268
228.109282,9.131697,29.085893
228.150070,9.426812,29.270229
227.868986,9.739368,29.167737
227.627258,9.743223,29.374428
227.258457,9.722260,29.564283
226.845604,9.946465,29.527201
226.343537,9.871178,29.573943
225.981325,9.918725,29.546757
225.712530,9.919050,29.621630
225.131083,9.999692,29.559712
224.648352,10.096170,29.879080
224.174106,10.179668,29.820557
223.842365,10.252661,29.520775
223.550211,10.353970,29.798485
223.052711,10.366757,29.765187
222.293413,10.422955,30.570299
220.847146,10.432356,30.927672
219.687725,10.350191,30.994548
218.819366,10.465172,30.826167
217.308978,10.411273,30.658686
216.856848,10.580624,31.043553
215.477479,10.578153,30.670086
214.600175,10.428903,30.728179
213.246185,10.416577,30.201942
212.150985,10.457557,29.989919
211.413640,10.445732,29.884649
210.149182,10.577501,29.675396
209.113786,10.667817,29.972993
208.419909,10.821429,30.366692
206.541433,11.037410,30.376580
206.310770,11.121108,30.462669
203.933942,11.109228,30.840807
202.018302,11.039066,31.064183
201.038772,10.925251,31.091557
199.630282,11.138875,31.053762
198.901911,11.065821,31.389863
198.051479,11.258686,31.537574
197.190115,11.703377,31.398712
196.091305,11.649307,31.586235
194.802916,12.164465,31.680900
191.801017,12.085575,31.359845
187.503758,12.820523,31.455059
185.622310,13.104345,31.750086
182.988646,13.106058,31.451204
181.012074,12.979735,31.578953
180.185544,12.994618,31.385853
178.755730,12.936844,31.523473
177.123862,12.983694,31.472504
174.830267,12.909366,32.031539
172.437475,12.853153,31.904600
170.488930,12.873021,31.631010
168.551498,13.200428,31.804833
166.720654,13.228900,31.561354
163.871908,14.049018,30.810305
162.742898,13.854940,30.906535
161.791747,13.855732,31.113459
160.161161,14.030554,31.043299
157.718581,13.991447,31.451813
156.878639,14.654413,30.512869
155.126248,14.632649,30.421761
153.047446,14.875844,30.049946
150.953770,14.872854,29.890636
150.358011,14.910632,29.898567
149.784399,15.123781,29.305348
148.354622,14.951697,29.588111
147.913013,15.136320,29.190577
146.795013,15.185009,29.430924
144.648031,15.239370,29.444108
142.562173,16.339226,29.660939
141.678285,16.349987,29.306246
139.238834,16.792883,29.327642
137.255888,16.759809,29.521779
135.328134,16.881891,29.574698
135.057327,17.127044,29.569784
133.813212,17.419901,29.757163
133.070713,17.662887,29.536208
132.769405,17.987762,29.645199
132.099582,18.046595,29.543496
130.645620,18.293348,30.052207
129.639649,18.496119,30.039008
128.466675,19.236104,29.700910
127.417862,19.649516,29.441405
126.650229,19.697949,29.425344
125.539005,19.772886,29.276061
123.994297,20.230045,28.956272
121.789145,20.444942,29.258803
120.911929,20.874260,28.541126
119.028725,21.548911,28.273367
117.808696,22.594157,28.389335
116.829888,22.850284,28.575008
115.311465,23.188684,28.105752
112.579277,24.372830,28.326951
110.867958,25.177642,28.389959
109.705177,26.082070,27.876749
108.141177,26.975189,27.203722
106.883103,27.909310,27.018165
105.410067,28.462756,26.839080
104.134627,29.234264,26.219857
103.193878,29.237934,26.258339
102.029623,30.248648,26.308076
102.289034,31.745881,26.374421
102.896824,32.766420,26.080243
103.882262,34.042898,25.978908
104.408369,34.547743,26.109608
105.113062,36.203498,26.335361
105.999651,36.960860,26.098900
106.217865,37.815306,26.531904
106.790632,38.578143,26.336624
107.714323,39.147879,26.237984
108.735796,39.802736,26.008728
109.400991,40.217632,25.906880
109.339864,41.206162,26.054413
110.856274,42.403789,26.485426
112.400344,43.414363,26.837511
112.916184,43.544900,26.903169
114.030042,44.738358,26.486905
114.242887,45.584518,26.496023
115.062594,46.177740,26.039798
115.530517,46.654508,26.112324
118.058053,48.566704,26.521305
119.463551,49.366094,26.227210
121.016061,50.602370,27.014999
122.841083,52.500195,26.912184
123.716035,53.608875,26.834754
125.005555,55.646538,26.248957
126.718691,57.253796,26.356779
127.245184,57.790951,26.435861
128.334706,59.173607,26.979295
128.986172,60.022152,27.534508
129.757468,61.133597,27.817011
131.210180,61.966375,27.945082
131.718745,63.256909,28.136545
134.522586,65.261389,28.745707
135.786028,66.029657,29.117178
137.252568,66.718188,29.049756
140.710760,69.811517,30.147687
141.930165,70.561791,29.947102
142.696010,72.228356,30.375600
144.254245,73.573047,30.190186
145.735865,75.119111,29.966394
147.442329,76.597783,29.941098
149.102300,77.864347,30.148814
150.298784,78.781335,30.171696
151.918358,80.085406,30.361153
154.167114,81.449805,30.876307
154.499296,81.814961,31.104659
156.297316,82.831060,30.898185
157.589595,84.289309,31.163012
159.240338,85.598559,31.666063
160.595034,86.944619,31.740226
164.012382,89.173051,31.336088
167.675154,92.693104,31.613096
168.743012,93.534582,31.651575
171.234277,95.079766,31.559839
172.242352,95.966584,32.093501
174.009611,97.911849,32.328223
175.234229,98.382684,32.425824
177.180717,99.523434,33.050034
178.021313,100.148719,33.614531
179.185792,101.419570,34.829366
179.906488,102.102536,34.749253
180.675852,102.704706,35.112947
180.962972,103.231334,35.266338
180.983040,103.653212,35.372730
181.132936,104.479014,35.515213
181.936294,105.565066,35.954427
182.344618,106.687205,35.816697
182.707394,107.473754,36.184464
184.522926,109.704291,37.218281
186.436023,111.974273,37.977921
188.293364,113.588398,38.219821
189.160505,114.798461,37.866190
192.834795,117.411023,38.094358
194.044386,118.080347,37.877556
195.898554,119.969997,38.120551
197.549226,121.420793,38.374787
198.888540,123.134199,38.255788
198.992396,123.848072,38.690038
199.125956,125.465077,38.896698
199.792850,127.192596,39.035976
199.695882,127.639963,39.173171
200.185522,128.634675,39.287096
200.342135,129.393179,39.031895
200.786186,129.822649,39.343325
202.849054,132.597704,39.771121
203.403245,133.359998,40.416250
203.788999,134.043765,40.090962
203.939791,134.224234,40.595513
204.096020,135.095967,40.128074
204.775135,135.972703,40.396039
205.516211,137.615930,40.209631
205.691103,138.431545,40.401957
206.384976,139.579197,40.105017
206.381647,139.595457,40.088453
206.899828,140.631834,39.681342
208.399979,142.420903,39.692348
211.058528,144.776302,39.808451
211.406005,145.534606,40.289258
213.787505,147.577990,40.393895
214.493480,149.142251,40.592868
215.348689,149.922394,41.155674
216.485568,151.832340,41.493063
216.446141,151.962498,41.554856
216.612864,153.786688,41.658072
217.077845,155.085096,42.531141
216.653980,156.053675,42.454613
216.810905,157.309090,41.863701
216.361298,158.255442,42.137404
217.189411,159.913187,43.153975
216.970549,161.011984,43.208200
217.240097,161.773343,42.589633
217.496684,162.765377,42.834190
217.386034,163.966816,42.837418
217.264649,164.809594,42.862851
216.802437,165.292155,42.757214
217.323398,165.957143,43.325381
217.364084,166.825747,43.275581
216.907308,167.749648,43.019525
216.631264,168.494289,42.871858
216.189670,169.710002,41.672241
216.077259,170.658077,41.603530
217.056958,173.077316,40.886373
217.138792,173.299329,40.796422
217.083483,173.481812,40.776476
217.230750,173.935409,40.661773
216.881458,174.739160,40.129474
216.872493,176.067765,39.785496
216.912701,177.712171,39.266034
216.536791,178.105273,39.056497
216.526537,178.932032,38.815023
216.871979,180.257146,38.014540
217.055454,180.597793,37.589066
216.659098,181.680722,37.614501
216.472190,182.598478,37.212806
216.073646,183.723749,36.639477
216.140371,184.006725,36.867202
216.617087,185.012612,36.004909
216.509250,185.077967,35.956509
217.019197,186.697201,36.033946
217.216311,186.992410,35.898216
216.673552,188.326586,35.936677
216.961775,189.217663,35.426835
216.568998,190.044522,35.281743
216.097379,191.039843,34.826614
215.874966,191.699727,34.927954
215.949443,192.292182,35.046965
216.333120,193.204703,34.637968
215.948051,194.720879,34.964760
215.194008,195.853574,35.434146
214.879917,196.410755,35.684659
214.589088,196.770591,35.355112
213.245100,198.142514,35.200110
212.607233,198.869187,34.683022
211.871037,199.878406,34.196699
211.872097,200.509204,34.213626
211.577726,201.790815,33.592013
210.795147,202.662161,34.121893
210.779444,203.484394,33.961699
210.669526,203.863194,33.801637
210.615437,204.511504,33.719935
210.031202,205.137764,33.519145
209.661927,205.834757,33.918790
209.459079,206.501844,34.219886
209.279904,206.556829,34.434690
208.259539,207.295032,34.338267
207.793696,207.302206,34.364948
206.950589,207.703764,34.611063
205.624400,208.337492,33.902951
204.283213,209.532296,33.237457
204.103593,209.701248,33.062823
203.611961,210.231177,32.717325
203.154367,210.544306,32.703354
202.781852,210.547338,32.867224
201.198387,211.774296,33.488117
200.078531,212.409221,34.144594
199.923889,212.606342,33.892642
199.562988,212.864438,33.983461
198.995906,213.143251,33.852169
198.564150,213.578821,33.506929
197.958916,213.809496,34.019719
197.214967,214.034508,34.191187
196.896451,214.463110,33.960853
196.561410,214.709603,33.794192
195.544578,215.206618,33.775666
194.303406,215.302243,33.666556
193.019981,215.170640,33.786970
192.668420,215.281924,33.792624
191.704675,215.506343,34.077082
191.109746,215.778261,34.070298
190.154410,216.225050,33.801758
189.614379,216.500195,33.450569
188.455436,216.624274,33.191316
186.496283,216.660551,32.611852
185.449996,217.323295,32.720911
184.944788,217.888169,33.004505
183.599284,218.253612,32.029954
182.839770,218.405254,31.983405
181.269965,218.761007,31.935001
179.025920,219.527943,31.589690
178.400491,219.519385,31.430660
177.101330,219.643401,31.036017
176.301921,220.306470,31.163624
174.929032,220.138156,31.261629
174.164906,220.395024,31.332176
173.016584,220.991861,31.478811
172.547052,221.007889,31.004178
172.091789,220.771264,30.932143
170.975294,220.900227,30.799241
168.784418,220.160706,30.601976
167.930802,220.632377,30.858098
166.562379,221.199447,30.994399
164.831369,220.778287,31.063022
163.270221,221.008366,30.033053
161.558144,220.804461,29.194039
159.160395,221.582335,28.876175
158.492609,221.913837,28.728638
157.747860,221.985495,28.677179
156.695394,222.126233,28.990922
156.289511,222.335270,28.924568
155.141920,222.413425,28.247707
155.146141,222.430851,28.212085
154.744694,222.698155,28.038559
153.631196,223.262855,27.328989
151.432758,223.326431,26.197251
148.148392,223.995090,25.614808
147.830939,223.852441,25.776076
146.744472,223.629220,25.797419
145.733167,224.073246,25.908645
144.992046,224.303494,25.483891
142.830551,224.835334,25.060716
141.628020,224.156135,24.959984
141.203781,223.842634,25.025434
139.661163,224.849673,24.805696
137.859955,224.616233,24.761625
135.810555,224.981302,24.421106
135.227717,224.553328,24.333945
133.277433,223.945592,23.929352
129.999535,223.357694,23.923000
128.361969,223.943093,23.630261
126.737705,224.170438,23.348699
126.094934,224.365473,23.627919
124.275100,224.060313,23.689474
121.702046,223.424330,23.424011
120.533761,223.774611,23.267298
119.819736,223.978451,22.729020
117.619150,224.100473,22.137151
113.990183,224.587207,22.200149
111.986024,224.780625,22.138470
111.474643,224.614320,21.952150
110.399777,224.192806,21.389447
109.903053,224.215357,21.233263
109.247168,224.398094,21.045083
108.626336,224.199971,20.469421
106.609344,224.995420,20.101262
104.955043,225.477320,19.734557
103.277298,225.903788,19.382035
101.253894,225.823489,19.345006
99.748292,225.720796,19.550893
97.975866,225.928432,19.425609
94.672643,225.705334,18.676514
94.230045,225.404546,18.000451
91.673797,224.904193,17.895129
88.622936,224.917122,17.946851
87.638673,225.153105,17.293098
87.231774,225.314678,17.396154
84.958697,224.925642,17.305609
82.808663,225.364002,16.214210
81.037803,224.816173,15.894124
80.580686,224.773267,15.503916
79.077180,225.385136,15.128389
78.644814,224.901520,14.987513
77.716976,224.510293,14.216411
75.325690,224.222557,14.022398
75.002455,224.193823,13.946818
73.882889,224.371915,14.120390
72.776430,224.726649,14.166164
68.930145,225.614681,13.598759
67.082827,225.643615,13.299321
65.934211,225.521843,13.418912
64.459138,225.752322,13.077570
62.725138,226.033699,11.957231
60.934746,225.267135,11.991496
60.557628,225.080268,11.557518
59.175790,225.063682,11.330113
58.798518,224.982931,11.491562
58.041762,224.319289,11.348902
56.378876,224.808466,10.816109
55.754887,225.198684,10.706057
55.056127,225.084700,10.900784
54.753024,225.262306,10.851158
52.525121,225.269848,10.261879
51.426300,225.200268,10.085340
50.822106,224.929350,9.388196
50.030681,224.999900,9.159498
49.456669,224.975105,9.041119
48.167964,224.152760,8.721384
47.122590,223.858680,8.712529
46.277669,223.286408,8.760668
45.223974,222.474191,8.752008
44.979416,222.635922,8.697571
44.504618,222.456141,8.621560
43.441812,222.660100,8.681248
43.201630,222.836051,8.644988
42.470444,222.500421,8.729754
42.014071,222.473864,8.725942
40.586323,222.595037,8.653765
40.583201,222.596416,8.653456
39.287141,222.596177,7.972011
38.156370,222.811385,7.540895
37.350316,223.084690,7.607249
35.767932,222.702281,7.071515
34.834908,221.939627,6.992510
33.067872,221.416218,6.615735
31.604158,222.204166,6.685708
31.125328,222.594386,6.617860
30.408638,221.993665,6.516736
30.278115,222.141860,6.490332
29.370434,222.822508,6.435241
28.542369,222.216124,6.434371
27.935298,222.117893,6.252264
27.551403,222.197226,6.356419
27.144012,222.124367,6.205362
26.861589,222.127923,6.122832
26.062664,221.846737,6.013385
25.787799,222.073004,5.983844
25.072998,222.591180,5.675782
24.602579,222.476614,5.487994
23.703057,222.899439,5.454112
22.837831,223.637030,5.401799
21.447749,223.454710,5.668932
21.383045,223.548020,5.652072
21.263760,223.722976,5.620459
21.030260,223.822260,5.791098
20.588193,223.954641,5.531384
20.379010,224.185809,5.503121
19.954806,224.249500,5.523843
19.101773,224.118693,5.270065
18.574181,224.878341,5.251266
18.471079,225.048644,5.275157
17.847226,224.899062,5.407451
17.337646,224.903060,5.424254
17.212623,224.728540,5.384735
16.866966,224.731782,5.388933
16.671997,224.891821,5.378345
15.806013,225.118776,5.551326
15.120157,225.249495,5.541316
15.007097,225.431937,5.496569
14.962429,225.660745,5.460463
14.671695,225.663502,5.481664
14.561907,225.741999,5.584667
14.320803,225.793745,5.588834
14.096603,226.101719,5.551741
13.669799,226.073000,5.753055
12.862560,226.270962,5.708247
12.437344,226.561428,6.013136
11.859314,226.667118,6.227198
11.422218,226.804556,6.286480
10.954710,227.003248,6.485831
10.673065,227.343946,6.646817
9.707247,227.482188,6.616526
9.728180,226.975774,6.758605
9.724343,226.705506,6.891788
9.682481,226.539291,7.248260
9.693044,226.311681,7.318246
9.457082,226.041954,7.375112
9.042167,225.745509,7.642697
8.654355,225.082005,7.984215
8.630253,224.889183,8.067792
8.417693,224.664853,8.534139
8.267796,224.498876,9.015599
8.213781,224.466914,9.233539
8.209114,224.295368,9.314586
8.108158,224.115163,9.453989
8.063472,224.121278,9.733438
8.020105,223.797831,10.018966
8.091466,223.377726,10.105429
7.970845,222.740929,10.261659
7.891896,222.561106,10.347563
7.765526,222.217166,10.437436
7.773209,221.582735,10.411806
7.819185,221.426718,10.369979
7.510284,220.735434,10.806884
7.553485,220.401408,10.992978
7.460023,218.623256,10.931548
7.234913,217.380932,11.335384
7.119900,217.070941,11.457837
7.092430,216.607291,12.011686
7.092674,216.102535,12.125270
6.943649,216.010159,12.370210
7.037863,215.702128,12.604485
6.956206,214.968714,12.918500
7.038827,214.501075,13.111610
7.345988,213.434564,13.246847
7.342654,211.993475,13.505877
7.430077,211.676556,13.864800
7.396674,210.720683,14.437044
7.421560,210.421991,14.652314
7.698558,209.642131,15.222203
7.657083,209.495729,15.819519
7.376746,209.248396,16.369430
7.394178,208.515088,16.683215
7.338330,208.085023,16.763387
7.297386,207.362577,17.451481
7.240767,207.471781,17.773845
7.026924,207.261555,18.002559
7.044710,207.217928,18.047868
7.053290,207.419449,18.983385
7.145573,206.969552,18.941063
7.121449,206.019800,19.375877
6.916913,205.024025,19.816739
6.915571,204.519805,20.005001
6.672065,203.997686,20.229126
6.792577,203.541125,20.612702
6.855876,203.098273,20.816466
7.082108,202.482391,21.057831
7.107243,201.954737,21.355726
7.070674,201.950261,21.518432
7.008859,200.888705,21.496411
6.949720,200.324594,21.509554
6.903723,200.046977,21.977575
6.914404,199.304226,22.524305
6.960530,198.915795,22.887504
7.165178,198.207928,23.411831
7.314750,197.851182,23.559067
7.288309,197.109413,24.759037
7.366657,197.094539,24.855650
7.613774,196.086839,25.461456
7.561025,196.041635,25.611360
7.475635,195.699794,26.033690
7.288563,195.352551,26.508762
7.325056,195.178109,26.457264
7.358679,194.809418,26.382004
7.495808,194.114264,26.732198
7.457527,194.059919,27.646572
7.393799,193.770053,28.084733
7.487193,193.455255,28.444861
7.506095,192.840246,29.461486
7.402756,191.466482,30.649765
7.551708,190.601815,31.649800
7.526545,190.977929,31.940342
7.514026,191.075742,32.366885
7.536272,191.073803,32.941778
7.515433,191.512861,33.320155
7.367899,192.151446,34.452057
7.393324,191.861641,35.239094
7.442651,191.344843,36.112746
7.485721,191.540929,37.151628
7.346801,192.230502,38.839485
7.291562,192.139526,39.078104
7.373589,192.880795,40.524355
7.461788,192.088352,41.945935
7.531847,192.346549,42.333483
7.679178,192.287361,43.320653
7.709671,192.399260,43.716015
7.728650,192.352011,45.315084
7.880821,191.910407,46.993995
7.686875,191.512429,48.106138
7.704181,191.563936,48.759686
7.739797,192.477657,50.522973
8.145225,192.557652,52.486515
8.316520,192.036344,52.834977
8.986817,192.590741,53.728500
9.099306,192.954156,54.943700
8.995333,194.169804,56.154333
8.817380,194.954788,57.339906
8.831303,194.786767,58.204033
8.843101,195.812923,60.295227
8.849898,195.952614,61.008671
8.811731,196.382669,62.057252
9.231265,195.910612,63.328015
9.299518,196.189879,64.326197
9.382072,196.251967,64.573719
9.388257,196.304852,65.299894
9.610255,197.149688,66.731042
9.697822,197.876942,67.360284
9.761324,198.188274,67.734704
9.844480,199.425180,69.496498
10.042495,198.963454,71.164603
10.151019,199.073617,72.835934
10.085581,199.381217,74.616328
10.153999,198.650964,75.561518
10.060277,199.353287,76.906167
10.089104,199.163647,77.429353
10.522346,198.552599,78.289427
10.573722,198.776099,79.554712
11.022869,198.550732,81.015612
11.481507,198.569057,82.609737
11.632601,199.028834,83.942023
11.760378,199.095068,85.512670
11.951399,198.962083,87.311329
12.452720,200.219108,90.190793
12.361092,200.340367,90.757080
12.661336,200.359995,92.876500
12.702510,201.829395,97.124337
12.713470,201.816827,98.335301
12.957658,201.832617,100.124946
13.025269,202.115964,100.601608
13.048812,202.189311,102.493982
13.671545,202.796731,104.300841
13.598927,202.584696,105.123685
13.994460,202.478319,106.093624
14.126791,202.478792,106.980678
14.016813,202.136384,107.621129
14.105660,201.970401,108.311767
14.802443,203.030741,111.541483
14.750445,203.390358,113.134502
14.762658,203.227656,115.549058
15.199932,204.222764,116.975968
15.316156,206.356675,119.148373
15.568911,206.074184,119.561447
15.855511,205.275828,120.543047
15.891933,205.161828,120.657732
16.191383,205.533506,123.218788
16.212959,205.718773,123.559954
16.406278,205.798182,125.377462
16.413502,205.954659,126.653953
16.529419,205.684915,128.415994
16.682783,205.398953,128.830034
17.078802,205.194885,129.186676
17.568059,205.344445,131.513201
17.564914,205.397270,132.011664
17.625583,205.587830,132.331737
18.419135,206.641395,134.230026
18.439100,207.156489,135.273581
19.150139,207.216776,136.088496
19.795397,207.430038,137.753538
19.749548,207.370632,137.999877
19.783793,207.355060,138.014959
20.242298,207.802686,139.277481
19.897828,207.704959,141.158351
21.858861,207.607032,143.336697
21.761380,208.185493,144.992165
21.645156,208.487205,145.902840
22.784276,209.488965,147.829009
22.745182,209.112033,148.717107
22.843203,209.376124,150.204522
22.730664,209.752736,151.326439
22.587758,209.629456,152.519111
22.938905,209.638831,153.613583
22.998308,209.584643,154.792960
22.906382,209.772868,154.938191
23.376865,209.489860,155.972950
23.860028,209.420850,157.082930
24.580011,209.523975,157.915637
24.779521,209.658433,158.507942
24.875045,209.162164,159.372927
25.190093,208.689087,160.069000
25.377524,208.653231,160.808299
25.374951,208.877091,161.673792
25.612469,208.768252,163.014879
25.532710,208.594824,164.754847
25.645588,208.864532,165.820242
25.906657,209.035853,167.042089
25.994787,208.794957,167.858934
26.405787,209.203699,169.272004
27.357017,208.693232,171.043488
27.424444,208.138960,172.446607
27.848636,208.735254,173.300412
27.588783,208.669986,174.118625
27.940728,209.916895,175.867626
29.068546,208.541877,178.399694
29.056759,208.188393,179.106398
30.553897,207.679536,180.643500
30.804673,207.486745,180.664308
30.976896,207.654461,180.962169
31.120857,206.774735,182.746588
31.352358,207.251693,184.001489
32.828383,207.036407,184.689439
32.788376,206.688844,185.434592
33.490825,206.515271,186.571155
33.377752,206.752462,186.809179
33.560892,206.597104,187.065513
33.802171,206.771923,187.852304
33.919353,206.430292,188.288535
35.574221,206.013704,189.241705
35.596662,205.771198,189.705065
35.593069,205.801304,190.266137
35.275997,206.187704,190.845218
36.203411,206.496562,191.721719
36.221714,206.341773,191.917801
36.378062,206.502231,192.778615
36.290513,206.529982,192.991864
35.974286,206.957546,193.619103
36.530070,206.693224,194.788618
36.537908,206.799724,194.882094
36.445597,206.573194,195.496035
36.394868,205.940925,196.590623
37.283294,206.050219,197.407627
37.843758,205.775525,198.307776
39.685032,204.832594,199.355336
40.336527,204.372082,199.652178
41.716028,203.945946,201.083118
42.427153,203.553643,201.696417
42.862199,203.370678,201.980453
42.908344,203.357740,202.174263
42.996960,202.859315,202.292499
43.409777,202.256943,202.429920
43.316540,201.667248,202.910975
43.118888,201.116672,203.532705
44.014577,199.862314,204.659098
44.791876,198.889271,205.252649
45.044042,198.520281,205.469807
45.565035,198.027454,205.706086
45.483709,196.955330,206.597918
46.650718,196.677077,207.393914
47.275361,196.341551,208.854220
47.486810,195.771889,209.735535
47.578144,194.619636,211.023619
48.018592,194.406340,211.847082
47.996447,194.180655,211.967355
48.167112,193.208414,213.112023
49.232209,191.817263,214.083469
49.728506,191.820632,214.312590
49.542018,191.668089,214.442755
49.457355,191.424019,214.602146
50.076429,190.254698,215.656530
50.016381,189.837349,215.838398
50.064463,189.578235,216.015589
50.563950,188.614599,216.072093
51.063412,187.696786,216.392958
51.165129,187.607317,216.744444
51.409525,186.854444,216.732993
51.819830,186.093296,217.119665
53.107292,184.869503,217.679083
53.618870,183.807122,218.113750
53.867902,183.088449,217.981528
54.119233,182.977634,218.030487
54.617398,182.369872,218.447318
55.158022,181.052793,218.919981
55.913646,180.446922,219.380084
55.992905,180.072065,219.749680
56.669090,178.675513,220.724999
56.865840,178.805466,221.339415
57.792688,178.416127,221.540934
57.455834,177.951374,222.080697
58.446304,177.090348,223.479870
58.301353,176.136450,223.861666
58.698824,175.942250,224.652037
59.009447,175.324246,224.915772
59.021486,174.267648,225.673539
59.557798,173.244792,225.691908
60.013014,172.242699,225.771774
62.450109,171.151817,226.043307
61.849690,170.421612,226.248610
61.877913,168.848809,226.342664
60.693928,166.675631,227.559106
60.166764,165.229316,227.795409
59.659513,164.803337,227.789487
58.415535,163.691214,227.969877
57.673466,162.360205,228.154087
57.106050,162.021611,228.094797
56.467695,161.029929,228.352680
55.866901,160.380516,228.572872
55.595437,158.891949,228.902622
55.093038,158.146511,228.953276
54.530628,156.610001,229.215643
54.136856,156.289805,229.319513
53.260064,154.353598,229.511503
52.570753,153.144413,229.473513
51.459207,151.477476,229.356360
50.941669,150.666685,229.582696
51.115375,150.415706,229.641265
50.672372,150.207533,229.774020
50.402823,149.598080,229.838490
50.747686,148.950514,229.798338
50.424561,147.339909,230.003817
50.820445,146.401889,229.911983
50.403956,146.211488,229.807656
50.224161,145.764778,229.757829
49.895096,144.642300,230.121495
49.402781,144.106261,230.704740
48.609738,140.160187,231.207519
48.602389,138.181680,231.143652
48.152115,137.235718,231.453575
48.444473,136.074567,231.793952
47.668766,133.935674,232.104787
47.329881,132.486662,232.501531
46.287541,130.620385,232.454178
45.808939,129.954378,232.713615
45.314214,128.563937,232.407868
45.571468,126.147897,232.743346
45.126177,125.051715,232.706786
45.245791,124.811722,232.509077
44.726651,121.788539,232.975690
45.355728,119.633279,232.703852
45.092496,117.533051,233.190523
44.784063,116.824038,233.573609
44.636427,115.970710,234.596558
43.165981,113.490631,234.809849
42.985445,112.863069,234.673481
42.274641,111.693885,235.014850
41.641440,109.407099,234.158661
40.876338,107.970037,234.225114
40.428234,106.986423,234.126360
39.847216,104.844700,233.969365
39.280237,103.400289,234.105074
38.689218,101.032835,234.643969
38.441819,98.341105,234.647893
37.457013,95.669828,234.270091
36.150246,93.121090,235.131968
35.999400,91.373222,234.552308
35.955819,90.882295,233.983720
35.777333,90.040065,234.063325
35.458394,88.506193,233.592306
35.337746,88.428288,233.580280
35.199288,88.019212,233.661965
34.934263,86.969559,234.137734
33.989131,84.799701,233.592104
33.556201,82.864691,233.288414
32.853057,81.096360,232.893462
32.734195,80.136354,232.726809
31.243161,76.530645,233.206724
31.301067,76.035703,233.222964
31.314422,74.182498,232.576751
31.098300,72.898871,232.322956
30.581884,72.198147,231.940513
29.677195,69.991457,231.803022
29.120390,68.599204,231.485617
27.989036,66.763070,232.061516
28.072208,66.040095,232.194553
27.925483,64.973399,231.426577
27.704175,63.332597,230.604160
27.872673,62.278217,230.719377
27.790935,60.941266,230.258158
27.628743,59.751335,230.177831
26.935828,57.707573,229.492060
26.206657,55.717959,229.233246
26.043181,55.245865,229.011699
25.293064,53.897085,228.698203
24.948502,52.417869,228.199880
23.951152,50.148854,228.019464
23.140764,47.733607,227.567903
22.995446,45.651357,226.982273
22.094124,44.321632,227.076384
22.218644,43.128177,226.430878
21.980610,42.072578,226.450305
21.534709,41.254298,226.633329
21.186897,39.811093,226.243775
20.747795,38.007280,225.650589
20.641733,36.861727,225.573989
20.596390,35.158865,225.500546
20.570871,34.881735,225.336583
20.508437,33.240084,225.285330
20.818535,32.160635,225.212294
20.807099,30.985725,225.027626
20.826450,30.722431,225.258927
21.444085,30.077137,224.962667
21.425167,29.209126,224.330926
21.163792,28.172729,224.266777
21.356989,27.446830,224.083753
21.460127,26.984744,223.466770
21.767957,26.341109,223.658528
22.029678,25.517464,223.425809
22.978748,23.889120,223.163098
22.946105,23.503215,222.983071
22.826372,22.082611,223.106761
23.647449,21.689919,222.655932
23.833209,21.628338,222.202764
24.384208,21.520227,221.876534
24.570780,21.528750,221.563856
24.987686,21.164168,220.983813
25.685210,20.108476,220.889763
26.061692,20.025959,220.587949
26.852625,19.888991,220.247432
26.994123,19.735494,219.859338
27.398057,19.699274,219.511242
28.006725,19.772256,219.280710
28.294850,19.666137,218.735701
28.383018,19.388429,218.310263
28.562680,19.512533,217.947767
28.842018,19.359864,217.438104
29.763760,19.483919,218.044043
30.441664,19.357384,218.350209
31.177174,19.170643,218.604797
31.872189,19.196348,219.437320
33.869425,19.174871,220.049312
34.452704,19.387051,220.792137
35.189405,19.084196,221.263583
35.841572,19.298837,221.568547
36.762191,19.306982,221.677211
37.366078,18.980391,221.401001
38.428710,18.878362,221.175454
39.119338,19.096341,221.593496
40.052957,19.163073,221.823620
40.917766,18.906993,222.105492
43.512422,18.768151,222.381673
43.529013,18.544343,222.290402
44.111815,18.578138,222.791331
44.790721,18.438397,222.482970
45.774744,18.135515,222.345965
47.369889,18.036197,222.186222
48.222774,18.241796,222.472378
48.846601,17.709608,222.472609
50.010461,17.758165,222.792296
51.802697,17.966466,223.110046
54.752613,18.242779,223.177899
56.744864,18.182571,223.162802
57.921048,18.192477,222.928405
59.163112,18.015314,222.432734
60.774578,17.853140,222.813775
62.687329,17.719377,223.025766
64.245270,17.665536,223.133681
66.151004,17.777552,223.876727
66.438109,17.838302,223.742615
67.775804,17.740327,223.329244
68.043723,17.582373,223.183615
69.150312,17.599489,222.703956
71.137660,17.461498,223.172332
72.807099,17.608266,222.737926
73.450095,17.541587,222.636207
76.545574,17.525200,223.422517
79.506803,17.737634,223.584943
81.532442,17.261259,223.064933
83.190692,17.711409,222.490080
84.450734,17.834048,222.752427
87.394391,17.340377,222.660480
89.574171,17.666124,222.477330
90.256428,17.744853,222.521690
93.235489,18.037180,223.007242
94.877010,18.152507,223.016783
96.507495,18.731883,222.707088
98.239601,18.896919,222.612054
99.676340,18.936625,223.473766
100.824667,19.076096,223.093474
102.275559,19.291101,224.090460
103.078499,19.026344,223.964680
104.216139,18.984858,223.431829
105.858390,18.656929,224.270618
107.736519,18.404350,224.367750
108.569876,18.495790,224.255620
110.801541,18.267362,224.603439
113.082794,18.848183,225.100765
114.369603,18.966530,224.855071
114.874637,19.036790,224.930511
116.111529,19.120347,224.692419
117.141588,19.375938,224.955172
118.631078,19.135333,224.746443
119.478344,19.074372,224.679791
120.724706,18.908500,224.612577
122.279450,19.443385,224.368585
123.424037,19.424226,223.987407
124.948140,19.649080,223.884482
125.532962,19.635472,223.706551
126.441640,19.352755,223.463021
127.049325,19.275704,223.593571
127.525832,19.362762,223.813452
128.920703,19.472850,224.163176
130.277253,19.827733,224.394091
130.674450,19.904833,224.413057
131.156471,19.811889,224.373271
132.115736,19.847259,224.298389
132.412935,19.903313,224.301471
132.989869,19.916102,224.488401
133.655805,20.114193,224.882845
134.355239,20.122902,225.254058
135.211292,20.106114,225.426697
135.872053,20.028694,225.578616
136.541374,19.959058,225.625438
137.129228,20.084737,225.707765
137.873601,20.134202,226.049683
138.672679,20.248968,226.553937
137.442915,19.732521,226.721556
136.711713,19.691483,226.633937
135.205086,19.039120,226.630188
134.445338,18.994465,226.653877
133.910033,18.816395,226.556371
133.174604,18.644392,226.462326
132.973984,18.457600,226.480078
132.146995,18.122825,226.077183
131.730409,17.960843,225.814395
131.559490,17.968452,225.882165
130.935370,17.964334,225.805280
130.474358,17.717491,225.746096
130.225664,17.453032,225.681720
129.045715,17.156124,225.499946
128.194019,17.058612,225.536882
127.785704,17.031591,225.829136
