2000
3
22.450640,247.893069,27.121570
22.337589,247.780778,26.857886
22.043812,247.576115,26.469835
22.316093,247.448709,26.467097
22.426846,247.419330,26.516645
22.837309,247.253221,26.480702
22.926059,247.240705,26.646795
23.015991,247.215187,26.747064
23.309990,247.111757,26.881243
23.438951,247.089439,26.992344
23.513317,247.086867,27.042085
23.764617,246.929051,27.286266
23.800290,246.820323,27.438314
23.934942,246.793854,27.496886
24.031633,246.774531,27.611117
24.090139,246.761892,27.674823
24.107400,246.547670,27.597852
24.277521,246.544185,27.847343
24.785758,246.421599,28.281172
25.006814,246.390691,28.356216
25.046092,246.283171,28.542579
25.203825,246.221122,28.742729
25.389095,246.209214,28.824791
25.495336,246.094713,29.085041
25.651999,245.886015,29.347938
25.800404,245.860486,29.356975
25.902096,245.788913,29.397828
26.183582,245.717306,29.578841
26.136119,245.735699,30.015740
26.422657,245.651980,30.260197
26.250225,245.331102,30.639301
26.183897,245.286285,31.068462
26.187031,245.298422,31.229308
26.526606,245.250927,31.617075
26.394914,244.998511,31.936424
26.356668,244.847250,32.329219
26.530929,244.596885,32.398271
26.419099,244.587990,32.446551
26.396328,244.311251,32.740991
26.366644,244.189748,33.122295
26.337273,244.075731,33.484172
26.529191,243.722767,34.216506
26.473771,243.408588,34.852736
26.946565,243.121936,35.651660
26.804351,243.051874,36.009080
26.490052,243.017274,36.402665
26.377129,242.976418,36.571941
26.239542,242.733069,37.028173
26.112917,242.746602,37.152154
26.321282,242.506682,37.405639
26.412190,242.450912,37.940158
26.280977,242.429819,38.485063
26.261386,242.393621,38.565069
26.154640,242.294824,38.875668
25.954643,242.190925,39.253305
26.217665,241.959971,39.581436
26.173031,241.921479,39.721565
26.451702,241.825107,40.258365
26.858899,241.762706,40.981249
26.831537,241.776206,41.002208
26.795502,241.797462,41.052817
26.772638,241.480354,41.603286
26.461613,241.182346,42.094083
26.633601,240.890035,42.477659
26.914522,240.776569,42.778608
26.695879,240.580116,42.975520
26.904594,240.494375,43.240215
26.978584,240.462513,43.364578
26.947304,240.448814,43.416256
26.451904,240.232157,43.675584
26.380436,239.990614,44.153762
26.125644,239.738111,44.417896
25.841846,239.614519,44.520406
25.867757,239.588056,45.078231
25.840589,239.500113,45.120874
25.872260,239.493590,45.408870
25.798165,239.377119,45.488156
25.820604,239.280031,45.776974
26.060592,239.132597,46.157125
25.947547,238.961130,46.839372
25.751525,238.700805,47.103530
25.986493,238.301349,47.733650
25.814405,238.077640,47.902924
25.875172,237.759535,48.277821
25.722036,237.612512,48.677445
26.126007,237.191471,49.056899
26.271181,236.692098,49.641349
26.183433,236.269523,49.531940
26.240971,236.127762,49.649227
26.250165,236.125945,49.654228
26.076167,235.978715,50.025126
26.061639,235.990462,50.076422
26.225999,235.798278,50.370053
25.661363,235.799218,50.746667
25.744643,235.699061,50.878014
25.673082,235.443158,50.919624
25.592821,235.246155,51.077779
25.452116,235.204650,51.201577
25.252235,234.777463,51.568117
24.987486,234.570185,51.903790
25.039300,234.160709,52.312284
25.072072,233.758415,52.575303
25.180318,233.654332,52.787617
24.792835,233.182188,53.461004
25.281944,232.902452,53.477464
25.189041,232.591632,53.366342
25.304650,232.263298,53.153635
25.350306,232.164749,53.097267
25.301259,231.694950,53.151093
25.276141,231.648069,53.101369
25.386196,231.383593,53.140414
25.027386,230.955022,53.090729
24.776409,229.999484,52.717537
24.524084,229.627265,52.458599
24.342205,228.786943,52.369495
24.370180,228.296552,52.284617
23.902122,228.142534,52.165080
23.582673,227.630342,52.340906
23.481814,227.450742,52.206169
23.223152,226.701896,52.149541
23.532601,226.108425,52.347401
23.467435,225.944369,52.540333
23.590349,225.588465,52.498446
23.554270,225.342395,52.439800
23.675479,225.094238,52.553406
23.520544,224.671938,52.681169
23.167989,224.331059,52.504131
23.092240,224.122998,52.572674
23.027488,223.801099,52.627526
22.917269,223.384811,52.535370
22.984086,223.023848,52.277384
23.110818,222.818834,52.320860
23.066059,222.499664,52.155288
22.603249,222.197470,52.086453
22.780379,221.902304,51.703354
22.872389,221.009655,52.088439
22.926513,220.662206,51.864508
22.801519,219.935190,51.103885
22.452888,219.357780,50.595135
22.800648,218.880034,50.282341
23.006704,218.538089,50.257221
23.278325,218.058589,50.440313
23.035435,217.643249,50.100116
23.094214,217.409751,50.145100
23.288281,217.020232,50.189565
23.400598,216.452351,49.759538
23.509845,215.765868,49.171414
23.497866,215.362674,49.233456
23.494438,215.362449,49.229923
23.123921,214.753673,48.515263
23.144534,214.339802,48.926141
22.810819,213.961676,48.490952
22.446567,213.172533,47.841337
22.635345,212.711850,46.872530
22.702735,212.166328,45.961237
22.702381,212.165599,45.959357
22.713693,211.786739,45.592782
22.665863,211.450504,45.297776
22.574358,211.136647,45.113478
23.373351,209.844944,43.197084
23.030566,209.005394,42.182109
23.167272,208.319316,42.127778
23.138312,207.913727,42.107027
23.571805,207.320500,41.842139
23.302474,207.085574,41.702200
23.485865,206.684835,41.451555
23.645968,206.055934,40.422707
23.770087,205.727806,39.884462
23.807308,205.719215,39.849245
24.129161,205.149812,40.007629
23.874939,204.692874,39.591079
23.872187,204.691404,39.590758
23.218750,203.651004,39.353655
23.295568,203.091890,39.476747
22.913001,202.247778,39.584825
22.988864,201.965634,39.045679
22.371375,201.306947,39.090148
22.978154,200.708753,38.690784
22.604473,199.699543,38.164167
23.078992,198.394113,36.633572
23.443195,197.184441,36.906846
23.453439,196.593502,36.578479
23.503002,196.560499,36.518237
23.534541,196.565452,36.478327
23.601667,195.927251,36.369492
23.738186,195.542324,35.766112
23.551465,195.169505,35.863764
23.822630,194.154903,35.302172
23.258750,193.502964,34.809915
23.292336,193.140698,34.662771
23.963019,192.214865,35.159171
23.964977,192.213750,35.153692
24.015344,191.378870,34.457544
24.059505,191.371156,34.448995
24.162214,190.638484,34.516264
24.294571,190.521748,34.679904
24.477286,189.794511,33.884498
24.593140,189.534633,33.690722
24.809570,188.858756,33.716150
24.765580,188.834493,33.666289
24.804766,188.315529,33.718812
24.409655,187.714261,32.965829
24.781096,186.708788,33.401051
24.224398,186.509638,32.811629
24.181932,185.650889,32.367041
24.230480,185.347839,32.589978
24.077071,184.588026,32.378066
24.137566,183.000482,32.055322
24.206045,181.871048,31.482799
24.223276,181.843365,31.577872
24.188633,181.017203,31.424574
24.661310,178.779152,31.227217
24.749250,177.466745,31.387501
25.103325,176.888309,31.410136
24.800805,175.167266,31.256214
24.795110,175.158761,31.265879
24.993074,174.399120,31.427905
25.009515,173.746319,31.886958
24.968043,173.415450,31.988175
24.946414,173.400616,32.050094
24.583167,172.496782,31.558858
24.453744,172.131501,31.707388
23.922087,171.565995,31.516252
23.915156,171.335846,31.549310
24.253684,170.483170,31.333891
24.254858,170.035239,31.124170
24.254601,169.937339,31.157689
24.305841,169.740646,31.318912
24.293022,169.053073,31.330957
24.271648,169.001314,31.304411
24.387084,168.687381,31.474067
24.684065,168.238062,31.303737
24.644162,167.612413,31.559067
24.655796,166.223971,31.088009
24.572763,165.829942,30.599416
24.714274,165.378423,30.423121
24.730217,164.249927,30.421411
24.710406,163.836807,30.522977
24.940710,162.960905,30.692331
24.959886,162.956744,30.710016
24.972341,162.956200,30.676031
25.085450,161.392153,30.402463
25.264135,160.861361,30.266221
25.835648,159.581387,29.581777
26.551576,157.986729,29.505528
26.643151,156.267975,29.988932
26.845270,155.717075,29.654096
26.983646,155.439897,29.601761
27.217655,154.770876,29.481089
26.743148,154.461900,29.640270
27.105193,153.244552,29.311161
27.586375,152.417712,29.255379
27.768869,151.802668,28.855431
27.875047,150.967194,28.561945
28.159786,150.177347,28.445146
28.236292,148.967774,28.310187
28.018677,148.036493,28.287781
28.179808,147.315483,28.147482
28.544061,146.874967,27.826912
28.468079,145.367612,27.779879
28.362937,145.135392,27.276190
28.559499,144.982563,27.514557
28.477623,144.872465,27.456213
28.280795,144.304795,27.556810
28.277831,142.336814,27.961512
28.471709,141.916261,27.732566
28.560831,141.487948,28.006456
28.649412,140.011646,27.781440
28.647116,139.939536,27.703780
28.661545,139.927914,27.718861
28.368004,139.738723,27.857827
28.537353,139.172226,27.756866
28.460345,139.098751,27.748449
28.178873,138.844812,27.933517
28.308713,138.126033,27.962305
28.362750,138.075619,28.015347
28.647630,137.456267,28.122944
28.868102,135.963831,27.955619
28.712911,135.501254,28.088381
29.065760,134.944824,27.872429
29.159570,134.587936,27.851734
29.194085,134.328135,27.967070
29.508982,133.638013,28.333675
29.356324,132.279741,28.672935
29.511446,132.016708,28.796386
29.738362,131.411232,29.172010
29.793061,130.546963,28.926977
29.962479,129.797393,28.848752
29.932496,129.275259,28.666147
30.020740,128.486187,28.885930
30.107578,127.655393,29.112271
30.340785,127.204208,29.472736
30.435853,126.935601,29.652197
30.638177,125.194152,30.172471
30.647499,125.186206,30.204807
30.777329,124.513305,30.129097
30.494921,124.388193,29.945270
30.533822,123.617759,30.029255
30.831073,122.821289,30.172743
30.779298,122.710300,30.065263
30.270191,121.881420,29.952404
30.243107,121.344016,29.951172
30.086074,120.559802,30.182475
30.153512,120.487952,30.192713
30.423589,119.773859,30.425143
30.445399,119.259802,30.417481
30.843952,117.736506,29.644295
30.350323,116.291701,29.652819
30.413414,116.063524,29.775442
30.517358,115.674571,29.873004
30.770349,115.167998,30.192169
30.817712,115.120018,30.296312
30.948933,114.591860,30.248943
31.213142,113.840939,30.192840
30.916854,113.464403,30.281408
31.098163,112.503846,29.867317
30.661799,111.578806,29.788204
30.760899,111.266971,29.620755
30.836949,110.956052,29.171866
30.832444,110.119834,29.232940
31.512675,109.060986,29.101543
31.597253,108.970136,29.178752
32.148469,108.036516,29.125546
32.078374,107.683475,29.366483
31.854649,107.174766,29.361776
31.879037,107.165543,29.385052
31.754198,105.274216,29.194556
31.975236,105.022294,29.108129
31.450917,103.368431,29.171287
31.551518,102.810665,29.046848
30.903052,101.828849,28.784038
30.939481,101.258521,29.103918
30.989379,100.994160,29.215338
31.088488,100.850947,29.345365
31.133486,100.039913,29.443456
31.264555,99.102007,29.517276
31.264574,99.100776,29.517579
31.597778,98.451604,29.518457
31.142927,97.926020,29.824046
31.419229,96.507265,29.951779
31.699413,95.995800,30.246031
31.877841,95.223906,30.188354
31.894231,95.201110,30.145453
31.753456,94.764090,29.977967
31.460476,93.799796,30.034449
31.555414,93.613920,30.153601
31.687408,92.339117,30.504743
31.929011,91.534448,30.421994
31.958965,89.963777,29.317286
31.843582,89.809571,29.232612
31.963213,89.183336,29.203373
31.871082,88.463337,29.071180
31.980131,88.286784,29.203658
32.416004,87.212155,29.075019
32.166612,86.501855,29.303480
31.708423,85.896041,29.310212
31.656369,85.525861,29.294576
31.609337,85.307507,29.422972
31.983873,84.498802,29.666872
32.183200,84.408442,29.598827
32.195616,84.364416,29.655754
32.197866,84.140762,29.455378
32.443601,83.820210,29.350076
32.260084,83.355892,29.496648
32.051457,82.840191,29.484956
32.105527,82.783970,29.499270
32.372976,81.396712,29.903896
32.366307,80.959878,29.836293
32.512975,80.461151,29.629974
32.543302,80.457405,29.619406
32.602427,80.002768,29.601332
32.694105,79.394818,29.897548
32.635901,79.123648,29.846378
32.812160,78.691308,30.107212
32.858715,78.538359,30.202614
32.906663,78.401867,30.220525
32.790427,77.372768,29.605483
32.555733,76.750886,29.721659
32.178457,75.845609,29.778089
32.205000,75.198251,29.602913
31.808089,74.800569,29.759889
31.625961,74.171034,29.846495
31.604498,73.464180,30.043506
31.718362,73.102022,30.335370
31.780914,72.704189,30.513246
31.833723,72.249914,30.718248
31.908960,71.967958,30.651698
31.705591,71.615120,30.455736
31.709468,71.347081,30.474565
31.829782,71.160010,30.612940
31.862048,71.009161,30.646983
32.112724,70.157993,31.056014
31.955024,69.738152,31.298241
31.915257,69.542541,31.189815
31.898050,69.097480,31.079849
31.868567,68.509981,30.945609
31.596040,67.942485,31.228126
31.344159,67.724202,30.916835
31.155885,67.050100,30.927106
31.110247,66.885233,31.014934
30.943058,66.202854,30.772128
31.335692,64.800755,30.478450
31.291722,64.007449,30.285482
31.211846,63.783328,30.199719
30.981115,63.315628,30.316313
30.990531,62.890158,30.109673
31.196405,62.707620,30.009040
31.313254,62.084149,30.050510
31.374559,61.547305,29.982493
31.346289,61.414998,29.911560
31.414696,61.353384,30.076053
31.402709,60.755868,30.630965
30.830930,60.039336,30.652424
30.856506,59.329954,31.013959
30.981647,58.578004,31.176559
31.019411,58.443641,31.101216
30.921994,57.587149,31.654483
30.650252,56.720229,32.205242
30.634463,56.557382,32.147443
30.476318,56.254688,32.163620
30.423632,56.250720,32.191821
30.722658,55.299736,32.493560
30.675973,54.462492,32.991015
30.599447,54.295597,32.889223
30.698006,53.823076,32.773533
30.759560,53.630588,32.949641
31.179036,51.914894,33.793353
31.313719,51.456461,33.476315
31.247727,50.909100,33.741583
31.464158,50.031932,33.988211
31.502205,49.917931,33.909407
31.767399,49.642583,33.872503
31.634068,49.211702,34.115254
31.593548,49.136164,34.168803
31.730237,48.369144,34.359557
32.170111,47.454257,35.137210
31.771395,46.698239,35.754195
31.748321,46.272948,36.077355
31.569018,45.713250,36.380314
31.700405,45.555715,36.319176
31.775664,45.255162,36.536335
32.004648,44.431341,37.279334
32.329870,43.753244,37.720096
32.340215,43.113133,38.264666
32.457527,42.368869,38.774370
32.071541,41.587001,39.352010
32.284655,41.427209,39.308067
32.282762,41.231583,39.257123
32.514861,41.029896,39.305491
32.441202,39.904518,40.159232
32.356931,39.445074,40.589532
31.982080,38.941819,40.799594
31.800966,38.665872,41.476711
31.284648,38.148008,42.078441
31.252372,37.860461,42.690276
31.078356,37.647950,42.994003
30.869275,37.427798,43.179058
30.269139,36.930630,43.378660
30.613456,36.474869,43.923843
30.537942,36.547097,44.054415
30.528124,36.555935,44.258558
30.444808,36.564405,44.417997
30.097964,36.440271,45.130589
30.231795,36.376160,45.510132
30.187414,36.348042,45.771403
30.324842,36.067447,46.032810
30.219547,36.049524,46.221750
29.817498,35.248355,46.936732
29.665643,35.283848,47.222140
29.545960,35.170626,47.797440
29.104473,34.920928,48.078855
29.125376,34.599072,48.884072
29.223553,34.419912,49.148212
29.383715,34.410795,49.789759
29.410846,34.500449,49.914968
29.400447,34.510553,50.444172
29.396133,34.550852,50.610311
29.180520,34.571113,50.771293
28.925733,34.325287,51.721583
28.962825,34.408687,51.847935
29.186889,34.097689,52.542640
29.189885,33.872157,52.832632
29.049346,33.468320,53.423633
29.093123,33.471792,53.525839
28.920350,33.514615,53.800501
28.830420,33.363913,54.148680
28.930259,32.994319,54.930455
28.923342,33.241408,55.425774
28.809124,33.304993,55.578640
28.914668,33.194469,56.130908
29.027828,32.845829,56.594510
29.021861,32.463275,57.449314
29.208191,32.124815,57.962816
29.507036,31.975990,58.548784
29.413432,32.003788,58.837081
29.157459,32.151568,59.253315
29.043636,32.024522,59.412011
29.084755,32.047095,59.536438
29.036254,32.116802,60.111113
29.105037,31.709455,60.720168
28.933919,31.675189,60.873592
28.990808,31.704346,61.042857
28.957172,31.415863,61.425193
28.987857,31.470044,61.810573
28.999778,31.178211,62.046192
29.008042,31.090940,62.091128
29.090870,30.575308,62.346625
28.909757,30.226915,62.816333
28.911646,29.962275,63.158445
28.698399,29.545369,63.808112
28.678062,29.491040,64.146275
28.743408,29.356699,64.358721
28.674986,29.183988,64.451813
28.647426,29.088595,64.582771
28.761076,28.906807,65.096378
28.824581,28.973249,65.239113
28.946520,28.899156,65.539041
28.871228,28.971578,65.948155
28.764014,28.975703,66.353150
28.693941,28.543408,67.126212
28.656259,28.476593,67.637372
28.742120,28.494303,67.679180
28.882865,28.456744,67.940691
29.058258,28.066665,68.286976
29.032081,28.077316,69.694141
29.210693,28.299390,70.332845
29.200961,28.377394,70.393476
28.825254,28.174100,71.125694
29.084420,28.236076,71.884460
28.773238,28.326035,71.999756
28.998036,28.354672,72.672663
29.024932,27.992392,72.997618
28.984441,28.082447,73.064165
28.992278,28.245092,73.774796
28.839034,27.607531,74.874654
28.575218,27.315820,76.138928
28.024945,26.820525,77.631438
28.628358,26.497319,79.119263
28.629087,26.500701,79.121463
28.788759,26.633002,79.627523
28.674296,26.494674,80.081989
28.431627,26.541806,80.208005
28.443527,26.517536,80.234017
28.460026,26.509725,80.539555
28.585536,26.612236,80.872972
28.320323,26.385733,81.587016
28.053262,25.947383,81.542995
28.107148,25.928535,81.550314
27.757741,25.979749,82.338095
27.757756,25.979762,82.339430
27.621066,25.822739,83.013994
27.691603,25.950053,83.574969
27.691438,25.779110,83.687869
27.647615,25.872155,84.065533
27.774618,25.801203,84.480496
27.637725,25.935547,85.064831
27.625734,25.806016,85.270394
27.432048,25.453502,86.892177
27.051195,25.122490,88.204424
27.073985,24.336463,88.943782
27.421872,23.812085,89.662744
27.433337,23.695653,90.167515
27.494698,23.710235,90.601904
27.142702,23.028094,91.465688
26.879817,22.953407,93.833834
27.353348,23.039251,94.557919
27.115103,23.131870,95.885605
27.125492,23.242935,97.282319
27.116767,23.329949,97.457495
26.696369,23.261106,98.749796
26.494054,22.940507,99.883745
26.564494,22.742056,100.152318
26.647714,22.823239,100.639143
26.812129,22.351261,102.232866
26.793511,22.567283,102.957152
26.969796,22.654958,103.624032
26.931464,22.668149,103.685328
27.046125,22.465466,104.113938
26.845911,22.345570,104.695799
26.839313,22.348468,104.696898
26.710112,22.476224,105.222648
26.654097,22.323580,106.230742
26.438596,21.959053,107.247662
26.403172,22.008685,107.348169
26.162896,22.137580,107.900013
26.270194,22.192047,108.512509
26.402358,22.233857,109.422134
26.361639,22.309072,110.255106
26.354168,22.444292,110.778087
26.615418,22.648656,111.881922
26.612114,22.861519,112.316588
26.517778,23.010286,112.963403
26.471679,23.023693,112.990769
26.336225,22.901118,113.119836
26.212598,23.236409,113.506668
26.085080,23.048381,114.242857
25.736248,22.493326,115.056995
25.879273,22.448664,115.660380
25.682450,21.989015,117.114277
25.431566,22.693550,118.310839
25.175359,22.095800,119.856409
25.016282,22.007170,121.016225
24.919239,21.835429,121.696010
24.793355,21.943666,122.192143
24.478784,21.303768,123.772753
24.305041,21.691164,124.767146
24.470890,21.474485,125.941682
24.128847,21.490910,127.591998
24.077877,21.743189,127.873679
23.913103,21.562907,128.819029
23.814011,21.205733,129.452395
23.840702,21.102719,131.373127
23.858865,21.042228,132.744974
23.665315,20.936310,133.897477
23.467292,20.957697,134.837114
23.243805,20.957894,135.168861
23.266043,20.504338,137.741257
22.873195,20.767522,139.425439
22.719068,20.587147,140.378602
23.178278,20.487866,140.688178
22.587212,21.049300,142.089348
22.631962,21.106756,142.161748
22.923947,20.970752,143.480877
23.098932,20.774279,144.801701
22.779861,20.872892,146.079192
22.478512,20.906443,146.509985
22.463972,20.857348,146.553672
22.219807,20.867641,148.019491
22.424149,21.122012,149.253021
22.446249,21.146701,149.275498
22.371754,21.116526,150.693966
22.351202,21.089189,151.084000
22.612576,20.874418,151.769179
22.438806,20.423056,153.341381
22.448796,20.432955,153.344078
22.575770,20.819143,154.190194
22.647002,20.909010,155.807309
23.036186,20.884997,157.669010
23.034044,20.856068,157.675308
22.607988,20.757116,158.398536
22.655530,20.378047,159.449655
22.759359,20.317390,159.495011
23.175928,20.226854,160.414375
22.906054,19.988041,161.436337
22.486083,20.006196,162.724529
22.443002,19.803924,163.517489
22.328669,19.503599,164.266495
22.046041,19.616823,165.629229
22.183959,19.698513,166.364878
22.149115,19.629844,167.554048
22.087551,19.433951,168.478522
22.135535,19.835275,168.931687
21.694844,19.980225,169.697502
21.702871,20.036347,169.753902
21.968183,19.857446,170.113820
22.017398,19.848441,170.183760
21.961246,20.454021,170.417178
22.004318,20.560002,171.607873
21.546717,20.980719,173.559447
21.558397,20.918469,173.570049
21.232751,20.949016,174.573516
21.135262,20.841280,175.014262
21.045326,20.944108,175.949525
20.568672,20.630051,177.760266
20.270453,21.084532,179.216727
20.228221,21.074383,179.598573
20.243576,20.648834,180.853216
20.170937,21.096076,181.312532
19.901830,20.877107,182.051787
19.911079,21.575673,182.434924
19.851958,21.505361,182.534620
19.889633,21.489673,182.551270
20.034023,21.359067,183.172606
20.138880,21.468172,183.489276
19.952826,21.370957,183.823826
19.920662,21.469944,184.231923
20.261019,21.368719,185.240042
20.280783,21.357968,185.250834
20.193364,21.639886,186.010956
20.339728,21.430312,186.649060
20.452307,21.198571,187.268053
20.439256,21.767868,188.161628
20.389691,21.846171,188.534783
20.371153,21.846802,188.535110
20.059591,22.031881,190.075724
19.997083,22.750566,190.424215
19.806920,24.213740,191.284309
20.262446,24.869658,192.211375
19.883243,25.806579,192.812677
19.779361,26.080868,194.616536
19.528409,26.220605,195.282432
19.345338,26.492264,195.907807
19.319097,26.303168,196.450254
19.391428,26.023527,197.230486
19.298248,25.955166,197.625075
19.202771,26.106112,198.152332
19.015239,26.959878,198.363914
19.018298,27.032886,199.113186
19.017985,27.033218,199.114299
18.672043,27.829987,199.826502
18.046887,27.929649,201.243929
17.976676,27.797692,201.465135
17.642307,27.879282,201.720028
17.712306,27.687337,201.999006
17.545597,28.341563,202.456892
17.340960,28.495694,203.192836
17.267801,28.353805,203.404686
17.270815,28.351173,203.406432
17.503801,28.046446,204.918390
17.192057,27.927132,206.219201
16.801799,28.044087,207.171390
16.735487,28.081604,207.411038
16.569393,27.866454,208.330532
16.477396,27.699204,208.539510
16.380194,27.630227,208.626954
16.339799,27.782024,208.811525
16.290518,27.771813,209.586424
16.351025,27.907754,209.984832
16.446791,27.970570,210.160042
16.416079,28.030836,211.230912
16.076161,28.102659,211.404266
15.835378,27.876650,211.608336
15.903235,27.712480,212.592366
15.907160,27.718757,212.881499
15.815528,27.784743,213.330060
15.814595,27.783543,213.331547
15.483941,27.461756,214.407616
15.489933,27.346859,215.296181
15.392113,27.484339,215.764050
15.773726,27.426218,216.132240
16.043288,27.136801,216.765696
15.937178,27.118575,217.531139
15.930941,27.107474,217.533180
16.133407,27.026260,217.651196
16.341768,26.974479,217.929107
15.986887,26.906791,218.760156
15.826084,27.163302,219.556894
15.811925,27.141699,219.782349
15.872793,27.114876,219.789702
15.762433,26.907504,220.432222
15.872861,26.830551,220.527060
15.936994,26.859158,221.891610
15.649007,26.974857,222.390788
15.885431,26.805216,222.921035
16.060714,26.680957,223.346381
15.984972,26.519645,223.508929
16.266727,26.449892,223.697371
16.282635,26.256589,223.918428
16.326059,26.445156,224.665722
16.375120,26.151569,225.009264
16.437577,26.208831,225.630664
16.352955,26.533968,225.880665
16.474462,26.707124,226.627245
16.817438,26.626418,227.122786
16.766928,26.522351,227.235948
16.738826,26.476601,227.291454
16.854054,26.429721,227.349349
16.503138,26.752975,228.288146
16.632646,26.458432,228.555305
16.530202,26.611819,229.077542
16.574142,26.708702,229.161988
16.591166,26.607346,229.193469
16.535884,26.376890,229.393011
16.565637,26.155969,229.559929
16.789620,26.040961,229.708570
16.742265,25.934091,230.429797
16.799201,25.928794,230.716703
16.807055,25.734645,230.884412
16.924966,25.934498,231.258212
16.920639,25.832921,231.354958
16.929869,25.587624,231.574569
17.028682,25.535977,231.779203
17.022132,25.651841,232.069141
17.102902,25.730094,232.713268
16.918443,25.674244,232.911839
16.782266,25.598482,233.289424
16.779794,25.561835,233.461376
16.867433,25.277712,233.731745
16.918467,25.342045,233.945428
16.924871,25.439194,234.306155
16.654229,25.476069,235.340468
16.663884,25.445983,235.371818
16.611577,25.364137,235.433232
16.537472,25.246299,235.518220
16.387930,25.276368,235.693656
16.531157,25.209725,235.843496
16.573117,25.155281,235.973537
16.647463,25.084479,236.267874
16.694728,25.251555,236.808754
16.737087,25.206672,236.909690
16.718786,25.297480,237.278430
16.763370,25.218860,237.501126
16.752178,25.319253,237.874012
16.818189,25.416624,238.359506
16.789357,25.284931,238.485306
16.956313,25.771500,238.863903
17.095654,25.797314,238.943987
17.334046,25.984112,239.006074
17.137950,26.165010,238.967753
17.069722,26.361362,239.076253
17.094212,26.853487,239.280710
17.076770,26.939612,239.229826
17.175696,27.327880,239.297645
17.232130,27.398622,239.258621
17.251598,27.562969,239.181728
17.352886,27.950762,239.472357
17.394963,28.254782,239.460410
17.253185,28.545581,239.702172
17.178057,28.619738,239.654854
17.150461,28.776496,239.569226
17.011866,28.893263,239.505456
17.135229,29.195704,239.497306
17.232116,29.545914,239.644315
17.271224,29.602102,239.618556
17.337836,29.724796,239.568822
17.318705,29.847380,239.509905
17.245472,29.954060,239.447477
17.272810,30.648802,240.115547
16.818075,32.078910,240.422191
16.796710,32.190383,240.367354
16.799520,32.269795,240.338938
16.754025,32.707252,240.370484
16.848263,32.895014,240.274634
16.590038,33.340053,240.666336
16.624229,33.611002,240.543070
16.608402,33.712130,240.714563
16.609348,33.866601,240.649127
16.637369,34.116055,240.604367
16.585230,34.239249,240.665121
16.456051,34.373155,240.930362
16.400808,34.548013,240.863249
16.404093,35.168390,240.843784
16.155137,35.501264,241.111696
16.197690,35.610939,241.112667
16.338090,36.209945,241.179256
16.322808,36.629226,241.024852
16.315682,36.767362,240.976854
16.167448,37.366336,241.024357
16.250353,37.469155,240.983197
16.215809,37.535150,241.117107
16.410885,37.787670,241.128531
16.421764,38.227174,241.145652
16.181256,38.582258,241.027926
16.502090,38.754834,241.161926
16.374991,39.229456,241.075299
16.515469,39.423569,241.160371
16.497849,39.985798,241.217027
16.219084,40.576501,241.418649
16.299696,41.065248,241.443376
16.331192,41.058657,241.450494
16.467845,42.419679,241.240053
16.327268,42.552624,241.344805
16.374885,42.677292,241.314771
16.326591,43.390102,241.506484
16.314681,43.626938,241.614316
16.101970,43.732121,241.608617
16.056532,43.809013,241.624220
16.174535,44.212487,241.520276
16.267349,44.626501,241.511506
15.910068,45.539514,241.162470
16.041011,45.781228,241.350942
16.041013,45.782293,241.350695
16.093287,46.491767,241.365853
16.161888,47.000831,241.223916
16.134059,47.064212,241.205389
16.198991,47.511030,241.354133
16.130432,47.996718,241.186681
16.025770,48.161569,241.164565
15.764939,48.335446,241.138051
15.863454,49.118030,241.103920
15.439970,49.807413,241.105854
15.357362,49.870049,241.058964
15.343055,50.378743,241.079444
15.409287,51.385139,241.203909
15.412578,51.386147,241.201939
15.479353,51.549086,241.153109
15.523879,51.717904,241.201370
15.613143,52.596211,241.275501
15.634424,53.121723,240.829401
15.396164,53.538371,240.894363
15.233706,54.139864,241.043898
15.525245,54.494280,241.472403
15.559457,55.282585,241.588985
15.526414,55.881119,241.882726
15.603235,56.128945,242.094536
15.684663,56.379521,242.269542
15.747992,56.611846,242.216935
15.803965,57.353108,242.309342
15.935590,58.201077,241.988548
15.526243,60.449331,241.930130
15.882770,61.742169,242.093945
16.022166,62.401044,242.199604
16.061978,62.825082,242.352522
16.132422,63.089201,242.296298
16.187380,64.495374,242.411832
16.156361,64.647163,242.548982
16.096829,65.047585,242.443316
16.394803,65.700246,242.652753
16.271613,66.181137,242.874190
16.319233,66.476149,242.829441
16.511025,66.437750,242.895593
16.560702,66.455288,243.038510
16.546746,67.060043,243.005583
16.774660,67.529053,243.082816
16.850424,67.862471,243.144687
16.976419,68.881803,243.164474
16.773633,70.019762,243.039101
16.852762,70.346015,242.991176
16.834223,70.750002,243.016769
16.931134,70.807804,243.035647
16.995002,71.165315,242.987168
16.895044,72.039721,242.839609
16.818026,72.487577,243.001237
17.106863,74.220141,242.658515
17.249070,74.522583,242.752597
17.256094,75.626862,242.750730
17.322662,75.436378,242.880164
17.406116,75.445217,242.923393
17.575668,75.331375,242.953852
17.604936,76.148081,242.954364
17.807074,76.531889,242.926308
18.016812,76.963082,242.971297
18.628328,77.696252,243.168772
18.454075,78.137633,243.273420
18.247996,79.523510,243.388902
19.122480,80.637047,243.201116
19.058507,80.821128,242.880152
19.439146,81.630646,242.567731
19.849936,81.536560,242.696139
19.933383,82.458581,242.817617
20.152512,82.749858,242.783028
20.195693,83.423961,242.517911
20.192875,83.425712,242.517313
20.193678,84.759520,242.352820
20.469013,85.176485,242.308584
20.601792,88.218466,242.254256
21.081275,90.707973,242.220445
21.201498,91.174848,242.147011
21.080185,93.320839,241.995909
21.143417,93.398799,241.989392
21.273030,93.386416,242.178354
21.765687,94.122243,241.722784
22.346271,96.455196,241.257583
22.231549,97.049554,241.208635
22.390316,97.106809,241.273659
22.441913,97.127828,241.376149
22.597134,97.032732,241.496741
22.291882,97.501602,241.434393
21.839540,98.261957,241.298680
21.781618,98.471904,241.270783
21.950165,99.101713,240.881674
21.978435,99.101019,240.878421
21.998883,99.289921,240.885301
22.150524,99.771124,240.818278
22.709206,100.028339,240.754065
22.909200,100.528797,240.768382
22.807167,101.027611,240.959792
23.133872,101.160631,241.017101
23.044872,101.769703,241.067031
23.213285,102.270639,240.999630
23.418010,102.775343,240.914904
23.877589,103.065204,240.975405
24.224016,103.068065,241.030454
24.250547,103.070937,241.031600
24.203437,103.172506,241.061219
24.193258,103.176920,241.050474
24.344460,104.408310,240.989098
24.067331,105.679512,241.069065
24.059028,106.363811,240.851438
24.456940,108.747103,240.521784
24.548789,108.972924,240.211517
24.446999,109.555328,240.040549
24.787268,110.825209,240.225572
24.631845,113.130709,240.248499
24.532679,113.696458,240.044250
24.686894,115.086767,239.678540
24.880437,115.595650,239.833662
24.973774,115.852925,239.582900
24.948271,116.734775,239.901943
24.893655,117.306223,239.882042
24.989045,117.304220,239.892588
25.704915,118.081698,239.787437
26.221957,118.350716,239.942350
26.451426,118.276293,240.060979
26.442421,118.283637,240.065818
26.745135,118.837838,240.177791
26.832902,119.639969,240.253059
27.007091,120.191290,240.318007
27.355864,121.109743,240.143512
27.797362,121.438350,240.252990
28.364581,122.132863,240.146731
28.235009,123.488960,240.087559
29.071759,124.924708,239.657261
29.127206,125.306418,239.366449
29.461122,126.021295,239.166873
29.458609,126.488768,238.988313
29.883052,126.835948,239.137870
30.302668,127.706292,239.204213
31.028048,128.262139,239.053929
31.296442,129.565984,239.018577
31.313732,129.560570,239.008347
31.633574,129.991679,238.909593
32.129267,130.196088,239.023443
32.453981,130.789217,238.912633
32.971129,131.902522,238.913005
32.942280,132.380585,238.818252
33.143141,132.669247,238.722165
34.398007,133.687738,238.427948
34.339588,134.159674,238.450735
34.282446,134.209340,238.442890
34.749188,134.224371,238.381583
34.744508,134.570143,238.370771
35.155648,135.045548,238.236645
35.168713,135.808298,238.242646
35.375955,136.029156,238.200125
36.122923,136.859206,238.206832
36.133005,137.272846,237.994913
36.412023,137.652841,237.906820
37.016245,137.538071,238.069572
38.290616,137.828225,238.276425
38.239195,138.045336,238.298844
38.287729,138.055938,238.394136
38.290652,138.055596,238.414917
38.263747,138.137066,238.371505
38.866127,138.623248,238.262964
39.125959,138.915681,238.218465
39.151277,139.386200,238.187695
39.122593,139.409973,238.133819
39.091494,139.775059,238.090933
39.494557,140.182275,238.024440
39.871356,140.957894,238.106670
39.991042,141.608082,238.209838
39.878372,142.288319,238.285133
39.943288,142.736686,238.428398
39.890280,142.887026,238.449821
39.882800,143.187017,238.455037
39.760699,143.663095,238.385438
40.249345,144.138240,238.449590
40.181558,144.280439,238.358335
40.154687,144.307884,238.369988
40.148367,144.314886,238.360752
40.067528,144.529443,238.329025
40.201865,144.930026,238.247847
40.991734,145.475758,238.125969
41.212887,145.639595,238.275966
42.478404,146.660707,238.358372
42.445292,147.110116,237.948855
42.477470,147.203646,237.937416
42.997492,148.260950,237.803896
42.995537,148.267779,237.801730
43.013706,148.566641,237.778272
43.648937,148.899093,237.916355
43.617736,149.046994,237.955624
44.045158,149.286479,238.008347
44.291460,149.742642,237.856295
44.190152,150.442111,237.803980
44.159382,150.662448,237.785222
44.552590,150.911477,237.780426
45.017571,151.712714,237.932763
45.004549,152.315643,238.003236
45.479058,153.131792,238.196655
45.390539,153.412069,238.193747
45.945899,153.137573,238.153322
46.334563,153.353782,238.459998
47.234140,153.599816,238.454004
47.362478,153.403305,238.528408
48.300797,153.643775,238.507756
48.692976,153.447038,238.783415
49.547738,153.688678,238.889640
50.308917,154.039128,238.920786
50.673559,153.798553,238.917433
51.370821,154.167731,238.876906
51.593538,153.836479,238.877780
51.970283,153.846655,238.899141
52.222225,153.395714,238.952979
52.496196,153.158237,238.988308
52.579234,153.021270,238.959799
53.523682,152.306179,239.356540
53.620253,152.150022,239.388594
54.236852,152.236791,239.266346
54.392809,152.321902,239.107677
54.483745,152.334743,239.152315
55.093276,152.469394,239.158894
55.381698,152.392876,238.820504
55.411188,152.484645,238.807959
55.703995,152.162032,239.062674
56.107330,152.035235,239.104066
56.850256,152.070662,239.138237
57.420041,152.149252,239.024227
58.515662,151.295862,239.037189
59.749454,151.260784,239.114465
59.812851,151.231148,239.062527
60.258153,151.305714,239.148352
60.678286,150.997053,238.949330
60.712067,151.058240,238.969201
60.718467,151.059974,238.980362
60.763891,151.006242,238.954756
61.369737,150.947005,238.782666
61.961660,151.016304,238.822307
62.660555,151.153316,238.416590
63.479302,150.851302,238.540646
63.602677,150.645811,238.538296
64.230569,151.117680,238.537807
65.218534,150.896184,238.252580
65.745977,150.811318,238.208852
66.343814,150.293440,238.410288
66.784514,149.981671,238.228932
66.930841,149.743724,238.329918
67.334521,149.335673,238.382864
67.918177,149.454119,238.350484
68.898455,148.994611,238.420508
69.824545,149.571218,238.471653
69.827545,149.571912,238.473264
69.964747,149.614383,238.420761
70.027675,149.591072,238.397874
70.728458,149.892359,238.458607
71.311784,149.991293,238.162465
71.685440,149.743032,238.235274
71.746841,149.744551,238.273000
72.807325,149.711645,238.262943
72.821784,149.749526,238.269369
72.883736,149.605179,238.319410
74.506233,148.705916,238.147438
75.364721,148.135609,238.063946
76.202108,148.952048,237.840710
77.176475,148.738336,237.554684
77.466252,148.533135,237.684606
77.963640,148.954057,237.752163
78.736599,147.696409,237.688033
80.162863,147.783614,237.729390
81.028815,146.561781,237.803924
81.861161,145.436107,237.547178
82.202316,144.246602,237.567022
82.857279,144.562286,237.474792
83.646065,143.769920,237.360031
84.817743,143.683570,237.301953
85.178505,143.064805,237.201091
85.186306,142.850811,237.141660
85.561248,142.342542,237.016684
86.054417,141.544917,236.977941
86.993828,140.248861,236.970187
88.931683,138.385648,236.757428
89.708240,137.101727,236.707804
90.650979,135.800583,236.647273
91.516219,135.729116,236.655518
91.790476,135.019268,236.557526
92.628334,133.793390,236.600815
94.239218,132.521631,236.927199
94.970397,131.488098,236.785566
95.054353,131.577225,236.761535
95.446384,131.093147,236.923895
95.431593,131.056376,236.941826
96.396195,129.914568,237.017198
96.464456,129.992666,236.993764
96.909151,129.501991,236.894093
97.538631,129.815116,236.607417
97.554002,129.830844,236.607558
98.726354,130.081110,236.722970
100.944005,128.731388,236.793579
100.936283,128.718215,236.794862
102.707097,127.117055,236.908426
102.882177,126.908716,236.766591
102.839335,126.792202,236.762066
103.752095,125.285156,236.561097
103.738964,125.265438,236.544272
104.061822,125.305885,236.430253
104.031124,125.159454,236.463366
104.050275,124.900140,236.455256
104.316320,124.743948,236.507855
105.353252,124.342785,236.359368
105.733809,124.599526,236.269388
106.895860,124.572987,236.161848
107.538855,123.497154,236.181904
107.528890,123.479340,236.190505
108.039563,123.177041,236.285610
108.616758,122.197747,236.364231
109.456969,121.912578,236.428207
110.096726,121.556401,236.391397
110.187939,121.613944,236.423517
110.618606,120.442912,236.745833
110.672644,120.290655,236.700649
111.107890,120.437534,236.664532
111.498638,120.005287,236.736432
114.040295,118.111745,237.022393
114.696681,117.185150,237.351823
114.662883,117.122753,237.368202
115.922498,115.589539,237.142092
116.722498,116.186048,236.930186
117.989021,114.686449,236.906893
117.954389,114.606445,236.935002
117.757927,113.863163,236.925833
119.244667,114.087953,236.514399
119.629101,113.471694,236.448009
119.874207,112.749307,236.539591
121.057120,112.897366,236.421743
121.120305,112.431396,236.362110
121.411967,111.567953,236.214850
121.691607,112.080239,235.770940
121.752506,111.906255,235.825391
122.849949,112.402447,235.451570
123.287488,111.629345,235.453585
123.363401,111.063546,235.264501
123.549531,111.182762,234.982205
123.565392,110.710599,234.990498
124.215852,109.886322,234.955760
124.987405,110.004373,235.087983
126.296078,108.790040,234.734393
127.756829,107.721395,234.741532
127.745999,107.685686,234.721932
129.702853,107.200294,234.480142
131.561900,105.416167,234.266911
132.132425,106.045983,234.071542
132.544565,106.280162,233.963698
133.020362,105.732874,233.812629
133.549660,105.376110,234.055703
133.526451,105.315573,234.077743
133.890159,105.147409,233.979077
134.199930,105.103507,233.883507
134.949788,104.515571,233.910031
135.339139,104.230642,233.782339
135.591371,103.606110,233.532597
136.326720,102.228205,233.247920
136.691467,101.572165,233.142425
137.380654,100.659361,233.174663
137.955191,100.724548,233.108294
138.487657,100.273331,233.111224
139.625191,100.093935,233.022858
141.272718,98.572894,232.876869
142.292673,97.655024,232.781597
142.776485,97.936789,232.876171
143.932198,97.753981,232.746343
143.864438,97.557856,232.886171
144.903598,97.489625,232.855967
145.910813,96.859880,232.654873
146.231465,96.828440,232.545666
147.285733,95.975461,232.841486
147.279884,95.959140,232.846706
147.454725,95.772578,232.820909
147.455707,95.772055,232.820957
147.568037,95.855292,232.686595
147.594460,95.870053,232.717368
147.558304,95.573061,232.810792
148.039634,95.836014,232.635819
148.181341,95.984883,232.616265
149.128557,95.187472,232.379256
150.033335,95.375301,232.099550
150.316675,95.243983,231.782827
150.829304,95.032433,231.105520
151.142087,95.032180,230.973704
153.390135,93.505979,230.859749
153.421602,93.403546,230.833820
153.585322,93.308907,230.885838
154.549212,91.845623,230.518305
155.279062,91.723068,230.054253
155.580360,91.761748,230.205646
155.695013,91.857826,230.230115
157.547084,90.214323,229.393019
159.215983,89.180090,229.296713
159.789370,89.456427,228.845371
161.114110,88.240226,228.709495
161.533562,88.469043,228.455502
161.628629,88.214117,228.567439
162.207337,87.990428,228.722328
163.443806,88.470737,228.816538
164.313115,87.387070,228.788141
164.726590,87.000769,229.160553
164.672534,86.766686,229.187192
165.255092,87.076362,228.970305
165.351107,87.122537,228.947421
165.920220,85.686340,228.648204
166.714645,84.807035,228.657673
166.697010,84.569213,228.396937
167.672750,84.728836,228.089719
167.761675,84.388741,228.211571
167.947138,84.536671,228.269450
168.238134,84.350908,227.955583
168.834713,83.523986,227.767105
168.858195,83.274901,227.851749
169.308909,82.332194,227.973171
170.168009,82.558270,228.036342
170.112084,82.318913,228.009145
170.696434,82.336626,227.727625
170.917730,81.451235,227.919276
171.007951,81.352163,228.067873
172.230362,80.235180,227.709447
172.663268,79.848663,227.860855
172.954083,79.941078,227.744746
173.753501,79.403303,227.488148
174.602853,78.042216,227.190828
175.024669,77.637208,227.383979
175.227817,77.553048,227.353080
175.144898,77.311446,227.444044
175.980374,76.992515,227.122634
176.910067,76.048679,227.115418
177.202343,75.480114,227.173817
177.978478,74.858542,227.467740
178.514962,74.637661,227.506689
179.066267,74.465638,227.309123
179.159984,74.142916,227.350365
179.642356,74.241062,227.127125
179.656991,74.255711,227.120216
180.294653,74.170715,226.773199
180.518737,74.160021,226.528841
180.621053,73.932722,226.374090
180.885701,73.845456,226.481050
180.975052,73.546361,226.508213
181.010844,73.541290,226.523661
180.873494,73.138219,226.260652
180.802236,72.767521,226.277480
181.355917,71.978685,226.194621
182.056847,71.326490,225.749780
182.024658,71.261195,225.776175
182.818277,70.486766,226.098733
183.406962,70.361906,225.754161
183.717754,70.146690,225.562618
184.259874,69.592950,225.763909
184.426362,69.216925,225.896690
184.971612,69.420452,225.510351
185.193292,69.463339,225.452737
185.371487,69.480417,225.339610
185.783005,68.741104,224.792429
185.846431,68.646404,224.879945
185.823627,68.576342,224.909054
186.526895,67.781592,224.740888
186.848650,67.117579,225.017853
187.105984,66.539538,224.646816
187.481023,66.056358,224.777894
188.330600,65.578048,224.300057
188.987945,65.146793,224.170093
189.230368,65.129202,224.271070
189.751386,65.056763,224.480937
190.518823,64.236799,223.982605
190.857038,63.926740,223.676323
191.259122,63.786775,223.487687
191.365350,63.554580,223.596612
191.213088,63.220011,223.531527
191.258018,63.252153,223.485935
191.624236,62.568057,223.140120
191.737615,62.524914,223.012975
192.373756,61.684591,222.748674
192.492316,61.811730,222.609185
192.511206,61.793345,222.570145
193.334453,61.507355,221.991895
193.861713,61.278849,221.602349
194.326445,60.873832,221.258378
194.707880,60.462220,220.970802
195.155070,60.855740,220.705888
195.697214,60.881461,220.442851
196.257502,61.196256,220.364676
196.416750,60.858373,219.890696
196.435449,60.895370,219.859193
197.229246,60.332687,218.824083
197.796087,59.754626,218.665340
197.908722,59.847661,218.640554
198.318462,59.555122,218.277193
198.517255,59.255685,218.011951
198.775772,59.393062,217.845046
198.652401,59.287337,217.364948
199.064730,59.158190,217.066994
199.318955,59.431668,216.978203
199.410544,59.553609,216.943382
199.747432,59.548765,216.133467
199.941588,59.527866,216.002241
200.015410,59.656061,215.886906
200.312360,59.906531,215.711049
200.594468,59.737786,215.271692
200.654141,59.816181,215.209155
200.766020,59.695278,215.063338
200.925742,59.430371,215.007429
200.981638,59.420598,215.032988
201.408616,59.913906,214.622671
201.282896,59.850587,214.511456
201.087785,59.124850,214.556565
201.278369,58.147608,214.212248
201.271211,58.134696,214.207226
201.662398,58.406130,213.956840
201.855032,58.264933,213.477772
202.313728,58.575025,213.184092
202.463261,58.624802,212.983272
202.970002,58.679007,212.549157
203.022563,58.725242,212.506555
203.447477,57.807023,212.462827
203.337318,56.879700,212.246851
203.599055,56.734207,211.656505
203.897170,55.869754,211.227737
204.357521,56.116293,210.482004
205.430680,54.727663,209.471101
205.225959,54.524894,208.731510
205.154280,54.596551,208.618142
205.372830,54.392225,208.233278
205.373883,54.525664,208.036704
205.407562,54.505340,207.373420
206.152063,54.118336,206.583570
206.222057,54.158004,206.266472
206.240949,54.208692,206.187140
206.357492,54.076004,206.168679
206.561810,54.007063,205.845221
206.619228,54.113945,205.827977
206.983411,54.208241,205.403314
207.209741,53.983420,204.797697
207.480671,53.791995,204.338165
207.432968,53.157918,203.565263
207.633428,52.857727,203.076697
207.656291,52.940769,202.945558
207.539224,52.951660,202.314433
208.120113,52.846931,201.675495
208.590053,52.798962,201.352345
209.518476,52.743917,200.738995
209.560756,52.380074,200.405421
209.589901,52.421473,200.337832
209.433386,51.982970,199.462790
209.827103,52.455044,198.955239
209.623027,52.508131,198.737320
209.876661,52.372519,198.342180
210.005551,52.508951,198.191705
209.938177,52.740229,197.898157
209.401084,51.537678,196.722201
209.618911,51.586935,196.455935
209.241982,51.580842,195.751998
209.133644,51.154447,195.143716
209.144214,51.335586,193.927865
208.952629,51.404912,193.674948
209.001877,51.583867,193.449269
208.750138,51.282825,192.731089
208.932215,51.094363,192.217553
209.134210,50.873539,191.997303
209.310364,50.691621,191.446044
209.279822,50.680760,191.435126
209.388741,50.824031,191.343778
209.311898,51.031863,191.107842
209.476635,50.840960,190.971459
209.386455,50.865671,190.919720
209.237003,50.642726,190.429990
209.335649,50.514140,190.260075
210.124560,50.050609,188.776357
210.387876,49.883477,188.273752
210.544499,49.708826,187.725589
210.564344,49.684552,187.702776
210.574588,49.693106,187.677351
210.481169,49.535057,187.059717
210.376477,49.572132,186.634087
210.744561,49.991988,185.829649
210.546979,50.045477,185.327273
210.565957,50.046934,185.324186
210.718981,50.094769,185.229391
210.986188,50.531784,184.569117
211.542603,50.450209,184.111445
211.888656,49.752693,182.817744
212.035511,49.417355,182.312817
211.985863,49.390076,182.156078
211.836654,49.355704,181.855445
212.542923,48.773227,181.120881
212.254953,48.525544,180.251476
211.957464,48.340825,179.511502
211.998600,48.446417,179.421937
212.068217,48.535986,179.269569
211.818470,48.264944,178.557191
211.974906,48.174814,177.661539
212.095081,48.425572,177.153158
212.349463,48.482371,174.871778
212.352604,48.589931,174.754695
212.240892,47.849339,174.103582
212.308766,48.043865,173.952419
212.923628,47.361494,172.307932
213.282562,47.442763,171.872334
213.174021,47.338565,171.394102
213.171226,47.680233,170.875959
212.959807,47.944087,170.099778
212.521351,47.731300,169.568102
212.816071,47.491977,169.128813
213.314296,47.704996,168.087142
214.495183,47.880424,166.897112
214.589660,48.125405,166.638193
214.367702,48.540653,165.944742
215.106226,48.059796,164.790155
215.325889,47.751389,164.128108
215.615734,47.179235,162.823208
215.742063,47.336702,161.740688
216.047464,47.544924,161.498659
215.936842,47.577187,161.391476
216.509338,47.882734,160.436027
217.008490,47.172319,159.454014
217.004010,45.930074,158.360251
217.016146,46.149922,158.150823
216.924012,46.234750,157.971759
216.916611,46.242178,157.967090
217.039437,46.430888,157.290513
217.185831,46.216702,156.148028
217.022750,46.344857,155.439242
217.103534,45.498143,154.774260
216.757758,45.302552,154.358769
216.595015,45.524685,153.917968
216.420426,45.733730,153.437888
216.352009,45.677804,153.369168
216.440008,45.387166,151.988380
216.433862,45.508566,150.415512
216.459469,45.514180,150.361856
216.696986,45.764508,149.639092
216.649663,44.955678,149.229598
216.603348,44.886227,149.210444
216.532044,44.656371,147.815678
216.715364,44.188551,147.431556
216.753391,43.930394,146.784200
216.739756,43.315954,145.580371
216.842833,43.792969,145.071595
217.206944,43.627209,144.037481
217.262671,43.425100,143.891954
217.356228,43.472546,143.508676
217.566162,43.586475,142.899492
217.626801,43.805073,142.475563
217.708729,43.680070,141.208364
217.723700,43.421676,139.952811
217.966543,43.163047,139.528391
218.788830,43.124173,137.791591
218.533058,42.798962,136.766353
218.671510,42.630129,136.664816
218.635044,42.441017,136.327311
218.694832,42.022866,135.678593
218.877085,42.061266,135.461296
218.975478,41.925589,135.413968
219.070018,41.124107,133.477767
218.853267,40.932174,133.261692
219.054676,40.620409,132.579591
219.058755,40.719898,132.319598
218.873075,39.765596,130.727648
219.082296,39.491887,130.129807
219.002631,39.547308,129.400307
219.279038,38.672782,127.626832
218.851909,38.232127,126.466319
218.693684,38.752068,125.104145
218.759509,38.320452,123.748711
218.850864,38.216561,123.213488
218.821446,38.148047,123.181678
218.781815,37.988192,122.956460
218.801464,37.944347,122.931567
218.461433,38.171588,122.183897
218.410379,38.190301,122.170333
218.490255,38.402309,121.415279
218.290862,38.406488,120.718903
218.558642,38.363844,119.856577
218.748251,37.648619,118.910438
219.044739,37.960916,117.911151
219.418511,38.101994,117.608314
219.518361,38.134123,117.452752
219.591548,38.031397,117.364151
219.862205,38.179133,116.610469
219.322638,38.137164,115.888059
219.354481,38.068178,115.819838
219.273916,38.200183,114.310218
219.275739,38.271036,114.281360
219.350363,38.190979,114.218144
219.783634,37.519040,111.828695
219.786958,37.259178,110.434234
219.832764,36.939564,109.781208
219.742473,36.899225,109.717402
219.856659,36.712553,109.009172
219.885659,36.697751,106.508349
220.283771,36.390947,105.645550
220.456500,36.274579,104.601744
220.506093,36.180468,103.846656
220.950835,35.892567,102.949959
221.075238,35.723071,102.441296
220.134806,35.519672,100.369742
220.271047,35.062921,99.377068
220.451199,34.773191,98.674774
219.921221,34.311740,97.908268
219.652399,34.168314,96.754472
219.663286,33.899894,96.151434
219.570603,34.014139,95.969000
219.866568,33.732925,94.947082
219.612278,33.828232,94.183640
219.679258,33.656513,93.705673
219.590976,33.617895,93.257760
219.591665,33.155078,92.365455
219.582378,32.967162,91.635024
219.611043,33.061828,91.073873
219.600723,32.183347,90.349192
219.823373,31.625186,88.926784
219.859248,31.300471,88.723039
220.113882,31.098363,87.832837
220.037211,30.438612,87.009731
220.220825,30.268805,86.809577
220.725003,30.099735,86.172193
220.675936,29.761515,85.743787
220.961636,29.195130,83.735355
220.961527,29.194821,83.733857
220.624787,28.976903,82.917124
220.855858,28.687784,82.403284
220.437010,28.497603,81.599958
220.520092,28.050872,80.687256
220.663488,27.850080,80.453957
220.728579,26.989111,79.728144
221.059975,26.897875,79.224036
221.324243,26.291229,77.979564
221.512970,25.656756,77.417744
221.735215,25.312073,76.922353
222.030625,25.044858,75.905958
222.151310,24.721549,74.411392
222.456485,24.118274,74.117269
222.075105,24.175251,73.337187
222.057415,24.221645,72.421005
222.120370,24.094985,72.233197
222.566713,23.729671,71.158562
222.651237,23.692079,70.951963
222.652576,23.692045,70.950563
222.885658,23.480223,69.917489
223.485997,23.433646,68.038769
223.754687,23.128863,66.975503
223.800932,23.195176,66.225195
223.981852,22.990607,65.734925
223.892680,23.062457,65.617080
224.197714,22.801998,64.137117
224.298816,22.559809,63.433614
224.523826,22.482374,62.543576
224.778466,22.283867,62.044031
224.530183,22.137985,61.121669
224.528959,21.965028,60.089385
224.642420,21.876935,59.831900
224.792482,21.690981,59.350501
224.709773,21.750130,59.255576
224.737242,21.407666,58.882380
224.822484,21.160616,58.379676
224.798090,21.238069,58.120493
224.805530,21.239563,58.120549
225.151500,21.187635,57.305541
225.313807,21.587999,56.850539
225.330863,21.596347,56.808038
225.562554,21.417100,56.377300
225.832326,21.465838,55.802191
225.685472,21.495648,54.700057
225.606070,21.595109,54.378418
225.963639,21.371539,53.349836
226.203868,21.491978,52.673240
226.401640,21.262164,52.161701
226.566336,21.198926,51.978371
226.766598,20.979149,51.599227
226.803579,20.756115,50.724967
226.833178,20.767655,50.724919
226.975651,20.558729,50.342119
227.029162,20.790134,49.967767
227.153064,20.753248,49.523210
227.726735,20.753758,48.634755
228.034285,20.844322,47.760461
228.232905,20.683086,47.489922
228.447539,20.251142,46.844289
228.779141,20.276963,45.877599
228.920676,20.552315,45.104054
228.723437,20.379803,44.653889
228.450958,20.892787,43.187837
228.608756,20.808378,42.486141
228.764337,20.862279,42.437801
228.847167,20.705164,42.227737
228.441757,20.579589,41.265014
228.722033,20.713334,40.672846
228.937972,20.580821,39.917948
229.268883,20.493383,39.788275
229.405534,20.395126,39.565663
229.520007,20.440985,39.448015
229.464821,20.385214,39.245970
229.513634,20.270323,38.901232
229.639625,20.107268,38.575722
229.519801,19.838216,38.160538
229.569385,19.587413,37.624715
229.849312,19.842399,37.116756
229.990504,19.836025,36.155997
229.832671,19.911902,35.874154
229.689895,19.932878,35.333564
229.682337,20.511150,34.120758
229.723905,20.793222,34.021164
229.722284,20.949282,33.719985
229.867752,20.514478,33.170389
229.973717,20.511297,33.039988
230.098912,20.408391,32.894027
230.351232,20.106736,32.521489
230.368389,20.160929,31.950413
229.782811,20.254805,30.855746
229.782178,19.721749,30.266273
229.814856,19.671877,30.114650
229.940528,19.519922,29.463593
230.315738,19.628346,28.979981
230.312826,19.986062,28.676253
230.437351,19.878797,28.491185
229.954677,19.718721,28.226841
229.791178,19.570196,28.008443
229.776677,19.604141,27.832843
229.827324,19.729999,27.520467
230.073401,19.605491,27.150463
230.002802,19.477455,26.987474
230.044623,19.435614,26.764497
230.118945,19.425375,26.248026
230.172282,19.344154,26.161188
230.324425,19.251272,25.806179
230.460393,19.213475,25.658874
230.400636,19.260764,25.616747
230.273235,19.191169,25.520041
230.333507,19.149486,25.454197
230.300584,19.240545,25.120294
230.042582,19.243006,24.875746
229.760254,19.102706,24.661512
229.439950,19.471709,23.994957
229.208496,19.750077,23.492302
228.829671,19.847452,22.939948
229.043921,19.722363,22.594219
228.856532,19.720792,22.299525
228.915298,19.708898,21.869308
229.116899,19.820679,21.530941
228.951650,19.798353,21.344697
229.035654,20.065771,21.121476
229.385670,20.045294,20.846332
229.353317,20.041164,20.668863
229.387008,19.964379,20.579722
229.434745,19.953217,20.251980
229.615923,19.875917,20.026487
229.261919,20.355721,19.651097
229.204891,21.153615,19.358914
229.029976,21.257280,19.388579
228.883246,21.394872,19.413953
228.841666,21.466269,19.462555
228.816247,21.598263,19.477961
228.706647,21.940826,19.434753
228.657315,22.124492,19.480148
228.626237,22.251911,19.464850
228.475361,22.512690,19.267878
228.065768,22.805248,19.262781
227.844852,22.858686,19.270808
227.383912,22.926579,19.135942
227.201473,23.087585,19.111444
226.851399,23.664325,18.729742
226.337824,24.186439,18.323804
226.194362,24.221690,18.350132
226.116614,24.276289,18.395578
225.762342,24.366174,18.438013
225.578580,24.532245,18.258561
225.419153,25.005735,18.126745
225.343849,25.271768,18.027870
225.235157,25.358924,18.040277
224.922751,25.533046,18.164841
224.631312,25.568842,18.185750
224.348022,25.711700,18.178557
224.392492,26.597626,18.136303
224.375225,26.723035,18.020949
224.248996,26.987769,17.958098
224.122785,27.066710,18.026139
224.054692,27.101405,18.048496
223.954171,27.147031,17.932047
223.923548,27.606770,17.685521
223.830965,27.843837,17.825493
223.637808,27.910101,17.849788
223.573542,28.093571,17.763561
223.287296,28.099806,17.489230
223.558373,28.132383,17.277387
223.501475,28.386686,17.290336
223.398917,28.570572,17.391897
223.689997,28.881139,17.312301
223.866052,29.047111,17.233296
223.777388,29.782977,17.015952
223.440383,29.971666,16.901183
223.552359,30.372219,16.844533
223.243482,30.790756,17.052546
223.404865,31.326924,16.984621
223.393815,31.839666,16.632773
223.198887,32.057679,16.691821
223.582706,32.526767,16.763790
223.700254,32.805975,16.701276
223.828717,32.936287,16.577327
224.140560,33.335961,16.545732
224.223262,33.757083,16.370206
224.596462,33.966485,16.409708
224.920924,34.943299,16.340375
224.937689,35.751632,15.968884
225.193010,36.628172,15.841593
225.586210,37.476318,15.815228
225.464918,37.668642,15.786873
225.441626,37.779197,15.827036
225.682393,38.103406,15.798576
225.686474,38.124373,15.790066
225.610881,38.239389,15.838125
225.755250,38.960617,15.632530
225.757701,39.286069,15.447293
225.681057,39.411869,15.494524
225.318767,39.724313,15.582945
225.470047,39.983413,15.501800
225.173016,40.754791,15.339487
225.790523,42.021768,15.760006
225.864716,42.422885,15.739280
225.393311,42.794488,15.706470
225.261642,43.149888,15.111886
224.957731,44.045200,15.017088
224.706149,44.426372,14.944133
224.043243,45.471160,14.865416
224.199554,45.980437,14.932481
224.141843,46.685524,14.599065
224.251711,47.182807,14.984218
223.964972,47.505461,15.100494
223.880518,47.973061,14.939871
223.802923,48.265592,14.971879
223.800941,49.498253,14.960829
223.850875,50.230092,14.879016
223.717929,51.348270,14.972259
223.451508,51.661688,14.855973
223.022148,52.260730,14.597020
222.854682,52.476439,14.652069
222.711809,53.041370,14.370758
222.986165,53.320789,14.333305
223.106794,53.794644,14.330924
222.836348,55.052735,14.172904
222.941719,56.245442,14.011185
222.914934,57.145734,13.980977
222.792421,57.382498,14.034160
222.642687,58.663980,14.078006
222.388024,59.090245,14.280415
222.430870,60.545978,14.701204
222.418553,60.926405,14.637810
222.335966,62.571389,14.869522
222.067822,63.080536,14.951429
222.161493,63.611014,15.109751
221.774114,64.493546,15.219679
221.647051,64.775604,15.291742
221.844353,67.026340,15.453078
221.761329,67.367698,15.553520
221.496075,67.970247,15.717101
221.672235,68.559127,16.120822
221.524448,69.111955,16.114087
221.384285,69.981985,16.400590
221.907353,71.382253,15.977706
221.912622,71.344935,15.850487
222.106757,72.555085,16.281706
221.592785,73.710972,15.964236
221.551718,74.148412,16.003260
221.608262,75.380173,15.868588
221.903064,75.880685,15.802120
221.947950,75.915254,15.733977
221.362263,76.814384,15.862306
221.362428,76.815885,15.861871
221.347823,76.829844,15.847621
221.501530,77.638385,15.989718
221.790740,78.993966,15.909998
221.898014,79.048420,15.935564
221.738501,79.946489,15.897813
221.383579,80.295287,15.604835
221.374078,80.937983,15.635929
221.071275,81.775804,15.833225
220.944228,82.647470,15.714474
220.230054,84.014572,15.748714
220.517465,84.319071,15.514314
220.666787,85.167756,15.432239
220.486868,86.898066,16.131024
220.668912,87.000514,16.145625
220.424886,88.708173,16.266109
220.339316,88.937218,16.309462
220.302843,89.775503,16.236146
219.997602,90.383816,16.299339
220.053191,91.082212,16.104964
219.932052,92.176380,15.836941
220.121873,92.696608,15.928017
219.617959,94.419234,16.425809
219.813216,94.990426,16.394271
219.964934,95.195590,16.606212
220.063346,96.223661,16.799236
220.159949,96.238980,16.626449
220.138816,97.036470,16.406939
220.075412,97.520477,16.443563
220.097894,97.543859,16.423485
220.279518,98.440140,16.264893
219.990871,98.671259,16.167792
220.491821,100.767829,16.322151
220.859087,101.797462,16.501073
220.825102,102.384474,16.579737
221.057099,103.417226,16.681713
221.288905,104.762769,16.855861
221.294487,105.984804,17.192679
221.259303,105.990522,17.191906
221.418114,107.373669,17.878700
221.257937,107.818950,17.946686
220.937052,109.239819,18.078613
221.008561,109.728625,17.982101
220.770802,110.429465,18.352732
220.381644,111.353340,18.244252
220.407401,112.670128,17.915119
220.358575,113.202244,17.753831
220.516634,114.326401,17.844653
220.575741,114.488803,17.780072
220.829069,114.830490,17.620623
220.915386,115.322041,17.700544
221.060738,116.780586,18.218377
220.886029,117.178281,18.294414
220.548876,119.460179,18.439359
220.724060,120.232595,18.186994
220.885742,121.017909,18.376951
220.915574,121.079450,18.327848
220.919286,121.100775,18.357698
220.930998,122.945581,18.347322
221.190249,123.512188,18.480735
221.239371,124.022504,18.361769
221.473935,124.984603,18.314929
221.240924,125.601184,18.891473
221.234731,125.680832,18.844915
221.520778,126.542467,18.811757
221.448287,127.647852,18.902277
221.649925,128.639640,19.138395
221.803635,129.139775,19.061766
222.320651,129.898435,19.030046
222.157345,130.270966,19.127235
222.461047,131.469875,19.200099
222.861977,132.019968,19.156007
223.322218,132.618701,19.315815
223.327011,132.619270,19.315366
223.381141,132.670038,19.227843
223.401024,134.273605,19.805327
223.381087,134.267250,19.791198
223.665240,136.626292,20.446139
223.674194,136.949545,20.555996
224.222488,138.104491,20.447030
224.861198,138.688083,20.484092
224.986309,138.762515,20.311687
225.230936,139.478728,20.371397
225.556228,140.154363,20.591409
225.513238,140.980576,20.583359
225.677562,141.339686,20.340935
225.652316,142.552542,20.467892
225.847878,142.618268,20.504906
225.757702,142.717735,20.446753
225.819133,143.581761,21.011839
225.827652,143.520775,20.981588
225.807443,143.967767,20.971633
225.810259,144.389973,21.005430
225.683442,144.869251,20.856258
226.026708,145.361899,20.954092
226.015534,145.712359,20.819816
226.015072,145.714835,20.818977
225.850362,146.261992,20.578673
226.184643,147.499060,20.882033
225.913713,148.866536,20.921073
225.718038,149.376756,20.880607
225.702805,150.376918,21.086624
225.609533,150.456132,21.021537
225.462930,151.100873,20.855165
225.658162,152.527250,20.928681
225.387569,153.080471,20.949037
225.424459,153.886651,20.923005
225.464625,153.963640,20.935464
225.345173,154.191828,21.142039
225.253140,154.327954,21.204665
225.043346,155.062615,21.623981
225.416892,155.389360,21.651954
225.472459,155.807024,21.805694
225.788838,156.513389,21.953715
225.621889,156.768975,21.941074
225.408985,157.297077,21.927299
225.440980,157.847060,22.075206
225.503103,157.936538,22.076735
225.816483,158.130652,22.084123
225.686608,158.565562,21.900728
225.743650,159.317757,21.976833
225.644874,159.826663,21.827290
225.870237,159.930638,21.865727
226.085249,160.319568,21.858761
226.072859,160.376856,21.937424
225.981965,160.635613,21.997298
226.119536,161.016402,21.912888
226.161798,161.755126,21.886192
226.339035,162.883527,21.850901
226.448634,163.333491,21.730767
226.423702,163.519558,21.792667
226.210140,163.759795,21.642299
226.219022,164.055887,21.673500
226.167159,164.309248,21.747811
226.183310,164.770275,21.869902
226.259677,164.898931,21.805066
226.620408,165.281238,21.712565
226.604153,165.608267,21.609968
226.481426,165.853004,21.597096
226.458446,166.014559,21.619394
226.416066,166.307163,21.599940
226.327815,166.511355,21.502690
226.380545,166.775994,21.482515
226.376078,166.938384,21.508691
226.493797,167.319823,21.495739
226.499276,167.771341,21.293755
226.483069,167.881573,21.260909
226.637006,168.315196,21.130744
226.598890,168.544863,21.057176
226.552870,168.676999,21.024661
226.437455,168.974731,20.965358
226.414466,169.240582,20.935004
226.312779,169.762271,20.773246
226.275240,169.812694,20.364231
226.186358,170.033957,19.972495
226.236544,169.708220,19.865032
226.266346,169.479216,19.793194
226.425315,169.159815,19.490792
226.508481,168.988248,19.522210
226.695024,168.707115,19.215312
226.648246,168.260651,18.912244
226.551776,168.125615,18.566803
226.939795,167.667712,18.294110
226.933109,167.414506,18.264204
226.844228,167.306571,18.315408
226.942242,166.656870,17.820308
226.895766,166.573083,17.833753
