1000
3
17.322860,133.341068,232.567408
17.541765,134.179844,232.677258
17.897176,134.519009,232.478920
18.131678,135.014556,232.516685
18.715359,136.127401,232.733476
19.056147,137.104942,232.724592
19.095169,137.357888,232.722548
19.208000,137.884469,232.752142
19.314001,138.273885,232.752717
19.784059,139.295588,232.793444
21.063193,141.472082,233.422696
21.304514,140.737947,233.445982
21.435504,140.216320,233.334081
21.348663,139.660877,233.269176
21.300292,138.976648,233.267033
21.447363,138.467625,233.230220
21.644020,137.752861,233.275704
21.538756,137.243454,233.226699
21.569584,136.768938,233.155178
21.540928,136.009835,232.946674
21.357085,134.839296,232.938863
21.505288,133.762030,232.813981
21.484062,132.818956,232.398559
21.459584,131.793168,232.315734
21.077889,131.138893,232.320841
20.999686,129.393260,231.557836
20.610393,128.286221,231.544874
20.277107,126.430174,231.168618
20.170274,124.751335,231.398298
20.331470,123.914944,231.542620
19.784358,122.232462,231.773257
19.315160,120.821100,231.404137
19.084131,119.767324,231.807457
18.450098,117.475672,231.897291
17.958252,115.404941,231.700386
18.209395,113.744163,231.154004
17.753438,111.781509,231.000530
17.705028,109.175724,230.643499
17.888227,108.013643,230.261197
17.503093,106.814253,230.331552
17.662712,105.723825,229.664441
17.388632,103.872117,229.802146
17.050955,101.614297,229.276169
16.581196,99.928812,228.134236
16.610308,98.471046,227.355116
16.543386,96.982537,227.398561
16.322281,95.762683,227.302585
16.059456,94.694419,227.016408
16.054731,93.944019,226.942307
15.680597,91.430624,226.960835
15.376540,90.495659,227.065917
15.118254,89.194934,226.671775
15.102657,88.741805,226.724610
15.443981,88.285576,226.667954
15.208690,86.790260,227.061478
15.370038,85.251621,226.843583
14.662216,82.717163,226.715762
14.673179,79.619002,227.168167
14.590052,76.264205,226.401001
14.675254,75.329087,226.210743
14.456144,74.325274,226.267772
14.768586,73.835838,226.103766
14.838425,72.837602,226.238916
14.970025,72.330915,226.343946
15.029383,70.675377,225.984902
15.042171,69.718332,225.984968
14.890975,68.736153,225.659292
14.746287,66.763765,226.093312
14.566297,66.115252,225.789652
14.672933,66.051891,225.778808
14.734208,64.780422,225.888157
15.142089,63.496050,226.094664
14.889639,61.441947,225.099263
14.787270,59.353025,224.982520
14.635350,57.346197,225.464154
14.554650,56.472575,225.148762
14.820959,55.569955,224.863897
14.659674,54.329311,224.819483
14.774622,54.186894,224.942369
14.796297,52.881715,224.081414
15.019316,51.559501,224.280262
15.266764,50.952282,224.117636
15.147596,50.409065,224.052013
15.435452,48.842072,223.961754
15.295621,48.377551,223.898511
15.031758,46.242209,223.905022
15.090826,44.888672,223.146523
14.859090,43.964487,223.505108
14.862049,42.855370,223.067158
14.777550,41.530861,222.812127
14.641176,40.962978,222.757442
14.502704,39.730211,222.703367
14.338494,38.171215,223.207726
14.548310,37.368598,223.284702
14.550145,37.044122,223.482773
14.718309,36.152458,223.587190
14.923418,33.141322,223.215075
14.992791,32.566688,223.065503
15.346194,32.138571,222.809853
15.560590,31.281443,222.435594
16.037013,30.325046,222.869866
16.101193,29.474362,223.137039
16.278621,28.477807,223.250475
16.774635,27.410906,223.598376
16.896689,26.427874,223.811267
16.896761,25.669720,223.708453
16.815923,25.422360,223.820853
17.243263,23.952346,223.961316
18.789548,23.377715,223.779593
19.393489,22.686434,222.826765
19.882900,22.778876,222.556303
20.529158,22.753852,222.263259
20.779821,22.769530,221.929809
21.151517,22.511671,221.510534
22.121071,22.347653,221.095618
23.235372,22.131704,220.479987
23.836258,22.038812,220.215169
24.346381,21.727503,219.658111
24.786315,21.706754,219.017907
25.090576,21.428777,218.413781
25.565327,21.300947,218.632848
26.357049,20.823964,218.609584
26.865647,20.736608,218.917782
27.913429,21.497673,219.234515
28.279045,21.424575,219.552091
28.999564,21.857346,219.563031
30.126575,21.628531,219.612477
31.118410,21.482715,219.909074
32.234841,21.782422,219.876232
32.547078,21.856542,219.922138
33.484503,22.228503,219.562880
34.306838,22.087726,219.511244
34.934613,21.934177,219.391620
35.834460,22.203008,219.784993
36.391133,22.289173,220.495575
36.818858,22.565432,220.571783
38.066858,22.601739,220.336720
39.709049,22.564165,220.518141
40.394396,22.933897,220.163076
41.146910,22.914473,220.672396
43.145241,23.718857,220.524790
44.630378,24.525186,220.650280
46.395973,24.745110,221.332488
47.531416,25.170510,221.730979
48.544728,25.415960,221.953733
48.836124,25.435698,221.845292
50.509800,25.585070,222.563510
51.722954,25.434257,222.032826
53.004696,26.622591,221.805403
54.522702,27.257354,221.938171
55.161982,27.410022,221.689365
56.716438,28.168030,221.556665
57.322485,27.661187,221.348745
58.071069,27.609045,220.806893
59.231577,27.838401,221.312219
61.371827,28.710956,221.937208
62.507652,29.209756,222.419282
63.329016,29.604925,222.780947
66.022833,29.981986,222.618934
68.423329,31.490491,221.861070
69.303790,31.549322,221.542186
70.932996,32.742009,221.333869
71.692688,32.805724,221.364243
72.844159,32.896147,221.319865
74.501154,33.398830,221.768907
76.650919,34.415755,221.494519
78.003447,34.997814,221.180834
80.513160,35.395292,221.744211
81.162536,35.694541,221.233412
81.745398,36.257216,221.306785
82.495057,36.634473,220.989676
84.882631,37.028912,221.857306
86.241485,36.889002,222.088986
87.374920,36.792051,222.662402
88.434952,36.761553,222.740864
89.654833,37.047950,222.995926
91.293755,37.207114,223.022600
92.830180,37.305862,224.028070
94.649383,37.840701,224.132575
95.918667,38.573409,224.510584
97.028593,38.775457,224.550003
98.883875,39.074007,224.648713
99.931279,40.185829,224.905656
102.482923,41.130974,224.855010
104.256361,41.888831,224.822833
104.767726,42.155550,224.672871
106.243712,42.748264,224.616785
106.766710,42.601696,224.649404
108.619686,43.043131,225.166502
109.621477,43.410758,225.128474
111.561579,44.414790,224.726379
112.378123,42.516754,224.427312
112.789800,42.612755,224.667829
113.073144,43.266974,224.770762
113.926693,43.413569,224.933383
114.649962,43.913472,225.007514
117.048450,44.566983,225.336346
119.855158,45.431356,225.326252
120.180016,45.318131,225.519401
122.611015,45.626042,225.698356
123.832998,45.926259,226.016825
125.880843,47.111120,226.007308
128.010304,48.375086,226.678949
129.641737,49.347209,226.542619
130.515580,49.460941,226.928466
131.376965,49.726580,227.516076
134.723237,51.851303,228.916171
136.399900,52.558935,229.307297
138.361711,53.196626,229.807505
139.739240,53.637049,229.584698
141.406203,53.774390,229.435670
142.596851,54.735468,228.578009
144.612768,55.376811,228.576044
147.306141,57.088223,228.639581
148.954817,57.336084,228.238253
149.691491,57.901193,228.062887
152.336607,58.388480,228.718606
153.919356,58.599154,227.982410
155.054202,58.623535,228.486926
155.813462,59.662199,228.388260
156.868251,60.182220,228.285495
157.365268,60.312850,227.817302
158.407019,60.085286,227.657782
160.350714,60.861704,227.886159
161.247888,61.504678,227.804307
162.373909,61.601131,228.113315
163.182045,62.071928,228.453812
164.476892,62.158729,227.824116
165.532863,61.995423,227.369194
166.877162,61.603179,227.264672
167.638102,61.318667,227.245561
167.963838,61.124949,226.937395
168.611029,61.102378,226.566465
170.207837,61.339019,226.553492
170.576366,61.446050,226.501533
172.036777,61.180167,226.468465
173.498524,61.055395,225.454828
174.872887,60.327981,225.088456
175.727240,60.399904,224.280105
176.530669,60.723809,223.803424
177.311341,60.745238,223.754848
178.280585,60.822638,223.816468
180.601602,59.095289,222.547748
181.582125,59.010412,222.479305
182.441556,58.617646,221.822939
182.866348,58.303525,222.063400
183.512371,58.684051,221.984576
184.941497,58.465093,221.788222
185.683676,58.328529,221.379754
186.259920,57.780150,221.318128
186.357079,57.756713,221.204892
188.173109,57.978264,220.567096
189.503697,57.938283,220.444996
190.243144,58.175114,220.273142
191.513003,57.008778,219.610655
192.039807,56.934553,218.982829
192.760328,57.375381,218.628692
193.189929,57.181054,218.641652
193.747966,57.047723,218.270642
194.702224,57.397365,218.037913
195.498797,57.862605,217.902005
195.927926,57.405255,217.645802
197.285519,56.214181,216.582497
197.274197,56.081822,216.550541
198.307837,54.974779,216.422510
199.996041,53.444328,215.243646
199.986637,53.279672,215.262580
200.697471,53.052983,214.520985
201.355634,52.811814,214.001973
201.637946,52.607965,213.997602
201.871295,52.065963,213.347734
202.666611,51.384849,212.149990
203.114417,50.780930,211.756131
203.416847,49.994935,211.504510
203.736204,50.551095,210.813549
204.197667,50.739092,209.347077
204.226574,50.244129,208.722812
204.681009,49.879382,208.089813
205.664386,49.916669,206.474666
205.811646,49.766835,205.284048
205.628215,49.034390,203.634895
205.714811,48.319391,202.735930
206.608741,47.852138,201.426933
206.745753,48.240268,200.719236
207.097487,48.299232,200.226951
207.384995,48.039460,199.633163
207.661985,48.323251,199.155003
207.360439,47.724525,198.633187
207.818487,47.633151,197.484485
208.677107,47.585117,195.625260
209.504916,47.580350,194.352658
209.613549,47.615637,193.724050
210.190838,46.710446,192.751248
210.370260,46.358515,191.483013
210.941953,45.374237,189.870565
211.073229,44.770903,188.813707
210.836608,44.669707,187.874831
211.575328,43.965802,187.411826
212.071803,43.607287,186.888424
211.936754,43.667266,186.649127
211.940832,43.709722,185.775449
211.813160,43.799392,185.029462
211.910449,43.783288,184.268546
211.810348,43.463627,183.230978
211.147946,43.051065,182.138029
211.643979,41.769399,181.238194
212.203667,41.645963,180.370416
212.019195,40.804770,180.052289
211.725658,39.689441,179.510260
211.481938,39.629109,179.005938
211.189958,39.906154,178.475671
211.444714,39.420666,177.437553
211.518912,39.242059,176.388549
211.807571,39.344827,175.270417
212.083758,39.454158,173.036443
212.119545,39.058890,171.803013
212.966567,38.228455,170.502008
213.471070,36.955053,169.074661
213.545255,37.136811,167.456445
214.007317,36.643180,166.416121
214.055873,36.608717,165.603481
214.099535,35.183990,163.849935
214.152823,34.698384,162.768857
214.115038,33.794726,161.037858
214.087974,33.843737,160.961182
213.964880,32.642120,159.304682
214.578140,31.951357,158.379872
214.431935,31.924231,157.059273
214.935291,31.432481,155.583307
215.355563,31.008970,153.924521
215.526687,29.866930,152.678347
215.308690,29.308199,150.647277
214.972409,28.709657,148.715378
214.308965,28.476307,148.215482
214.185847,28.237965,147.757913
214.930414,27.581474,145.486744
215.649750,27.422906,143.567399
215.751836,26.286242,141.532834
216.019322,26.249522,140.082559
216.019820,25.496884,137.789853
216.994136,24.588622,134.154144
217.195150,24.801517,132.724091
217.457347,23.945738,130.764558
218.290811,22.616716,129.253343
218.323771,22.608065,128.985880
218.359168,22.585538,128.173228
218.177817,22.685361,127.456819
218.621485,22.486767,126.629402
218.717599,22.203558,125.487556
218.904550,22.180755,124.834434
220.227849,21.590247,121.358959
220.926496,21.021535,119.326286
221.274266,20.206744,117.382987
221.936838,19.095634,115.306340
222.296495,18.977854,113.798943
222.650768,18.783025,111.421943
222.403767,18.668288,111.046688
222.800602,18.696898,109.735746
223.492507,17.872146,106.543829
223.707136,17.453224,104.200355
223.724224,17.376213,103.063927
223.982789,17.207977,102.392447
223.921703,17.053329,101.538710
223.308063,17.034102,100.181912
223.164851,17.169436,98.375390
223.691923,17.218745,97.071834
225.299162,16.572882,92.854784
224.733567,16.347197,91.135754
226.112983,14.452688,87.877066
226.359185,14.337759,86.862976
226.387145,14.296694,86.120661
225.781205,13.936639,84.667052
225.891806,13.922740,82.977918
225.915666,13.817600,81.624897
225.519336,13.661623,80.533313
225.451888,13.677295,79.981994
225.621557,13.687515,79.592940
226.033244,13.697948,78.179308
225.614813,13.388776,76.679894
225.441562,13.129744,75.447426
226.028304,13.241444,73.632742
226.776352,13.058350,71.820533
226.449898,12.942000,70.587559
226.344298,12.947956,68.714406
226.614907,13.068329,68.169222
227.498313,12.911803,66.035895
227.929270,12.810292,65.050779
228.227398,12.688931,64.400619
228.253510,12.391744,62.369528
228.038947,12.375872,61.393058
228.276643,12.337206,60.153005
228.126533,11.714104,58.934093
227.987823,11.604148,58.330673
228.298955,11.713212,57.253643
227.794188,11.552805,55.929231
227.969364,11.512694,55.359896
227.669308,11.241505,54.505112
227.655517,10.884320,53.322833
227.947152,10.903562,52.112597
227.549993,10.929124,50.290705
227.432592,10.429159,48.157100
228.040444,10.350160,47.117641
227.717962,10.198847,46.388865
226.788679,10.065366,45.212798
226.820242,10.060314,44.297851
227.394032,9.816748,43.483622
227.493523,9.806215,43.128088
227.453085,9.608427,42.443726
227.608698,9.289126,41.573579
227.748678,9.280717,40.575391
227.120161,9.532394,39.581386
227.035129,9.575972,38.642757
227.013854,9.542090,37.359592
226.905815,9.607807,36.166487
226.390443,9.652404,35.521111
226.375465,9.575594,34.609902
226.582124,9.487457,34.017492
226.867202,9.494295,33.634826
227.030217,9.553371,33.091076
227.107461,9.575978,32.914445
226.702124,9.488127,32.565702
226.583386,9.560823,31.548210
226.752030,9.405805,30.891727
226.394480,9.376823,30.042623
226.566834,9.412702,29.561546
226.354937,9.401382,28.632298
225.674866,9.429002,27.238475
224.383339,9.303200,27.200832
223.350887,9.141154,26.867567
223.164696,9.260065,26.987616
222.463415,9.195337,26.958001
222.149611,9.275270,27.096429
220.862284,9.433625,26.459970
219.765546,9.471340,25.687127
219.376147,9.468747,25.291338
218.364399,9.587431,24.512107
217.446852,9.550885,24.632760
216.012041,9.070983,24.533633
215.484514,9.085626,24.500956
215.194830,9.065912,24.405881
214.197862,9.175899,24.236689
213.392510,9.173625,24.225343
212.952497,9.077359,24.130180
211.216863,9.004378,22.963449
210.550456,8.462316,22.491909
209.729206,8.602232,22.513633
209.397397,8.571208,22.248942
209.288568,8.619271,21.977177
208.924580,8.499453,21.650508
207.563048,8.251989,21.331752
207.154123,8.332924,20.979791
206.321973,8.071420,21.052813
205.398845,8.037331,20.915945
204.422912,8.058304,20.873198
204.261724,8.072541,20.921071
203.180698,8.212478,20.771574
202.093607,8.021192,20.467778
201.933090,7.891459,20.489486
200.426663,7.827369,20.682187
197.948851,7.844326,20.364952
196.457803,7.856195,20.119776
196.388961,7.924019,19.975412
195.971605,7.988549,20.084705
193.791290,8.397288,19.750785
191.434319,8.347436,19.746486
190.310452,8.445876,19.972365
187.486147,8.512010,19.510629
186.224928,8.447458,19.485483
184.686042,8.126487,19.615845
183.173796,8.084406,19.812526
181.713513,8.025491,19.954836
181.318773,7.955562,19.944789
180.707430,7.952214,19.655938
178.995128,7.227073,19.584303
176.632769,7.147737,19.109742
174.855277,7.434299,19.025111
173.479303,7.517774,18.890891
173.091280,7.556902,18.975969
172.100402,7.615921,18.632971
171.691285,7.655831,18.720417
171.086330,7.592451,19.182354
170.204145,7.283467,19.638676
170.312352,7.662161,19.186216
169.978221,7.818339,19.156535
168.865843,7.911578,19.528786
166.468998,7.983970,19.945167
166.106036,8.037622,20.000794
163.847032,8.151089,20.249849
162.599542,8.137201,20.572341
161.607058,8.199436,20.117045
160.087779,8.322908,20.467876
159.394253,8.329195,20.556214
158.032027,8.551709,20.198012
157.020362,8.728394,20.054386
154.842900,9.078222,19.832531
153.615110,9.204327,19.749191
150.619467,9.076324,19.283826
148.063989,9.065477,19.700268
146.604567,9.056785,19.495140
144.624413,9.037176,19.135150
144.124682,9.137094,18.807591
143.472207,9.242696,18.672615
142.162444,9.129868,18.499148
140.336535,9.149962,18.341881
139.325726,9.017191,18.555656
138.789846,8.977748,18.675658
137.963293,9.184116,18.257536
136.719912,9.070904,18.072082
136.553998,9.099523,17.901815
134.529384,9.282852,17.625483
132.766539,9.273494,17.491143
131.816276,9.332254,17.692197
130.925668,9.286927,18.017783
127.971025,9.695202,17.895824
126.044197,9.989676,17.898120
123.973685,9.976868,17.830410
123.520617,10.042748,17.916656
122.029508,10.200959,18.269443
121.392120,10.326138,18.262298
120.370152,10.283051,18.528198
119.127822,10.339422,18.312276
117.841249,10.434506,18.644929
116.348675,10.393003,18.427666
115.491914,10.674631,18.297095
114.127661,10.646737,18.471576
114.100001,10.732962,18.474650
113.335773,10.835189,18.501202
112.690651,10.802955,18.567708
112.005269,10.862155,18.396277
110.593240,11.233395,18.041912
109.678748,11.706500,17.596611
108.818789,12.333039,16.961930
107.836865,12.847051,17.209415
106.985657,13.014178,17.308504
106.424499,13.120916,17.120183
105.505755,13.226269,17.178435
104.406928,13.434471,17.331987
103.707105,13.378925,17.371236
102.522598,13.678962,17.572087
101.464712,14.208204,17.410140
100.844216,14.149780,17.456046
99.968291,14.573387,17.482269
98.976744,14.858284,17.711879
98.270003,15.306907,17.851562
97.395648,15.709863,18.195674
95.705128,16.645131,17.827830
94.558514,17.643572,17.827404
93.280991,18.042010,17.813797
93.382823,19.255350,17.646725
93.973816,19.401967,17.695445
94.655035,19.706045,17.536347
95.400799,19.958789,17.232289
96.276034,20.469138,16.680884
96.889810,20.733156,16.639321
97.441709,21.162530,16.422678
98.585498,22.142771,16.189150
99.099426,22.192926,16.205041
99.907203,22.211838,16.058960
101.154278,22.836355,15.834206
103.014563,23.232357,15.269530
103.487427,23.383126,15.282867
104.460553,23.729017,15.201877
105.762964,23.941008,15.086067
106.773149,24.747045,14.610452
107.944517,24.899215,14.050216
108.194493,25.115636,13.829050
108.627516,25.592957,13.886313
110.658438,26.722359,14.088856
111.949035,26.901690,13.510839
113.607655,27.491529,13.508527
114.383671,27.695492,13.354082
116.147763,27.881423,13.397260
117.053655,28.079376,13.205054
117.819751,28.472334,13.052756
119.640639,29.076017,12.641179
120.016688,29.932480,12.722419
121.518823,30.856944,12.226464
122.979991,32.144385,12.082255
123.709394,32.425019,12.081164
124.495576,32.716548,11.758983
125.617474,33.167499,11.487955
126.574750,33.597648,11.544269
127.155039,34.400863,11.358481
127.520402,35.264007,11.514031
128.674120,35.867558,11.586601
129.228070,36.012020,11.578973
129.926799,36.541835,11.396812
130.608568,37.781975,11.480279
131.367805,38.685636,11.412259
132.335464,39.080368,11.382605
132.857657,40.472567,11.323827
133.392271,40.780993,11.331397
135.158132,41.309055,11.476344
136.200886,41.569976,11.500579
137.898251,42.250594,10.894394
140.179634,43.144293,10.751821
140.503427,44.330355,10.850087
141.762369,44.441727,10.953051
141.659249,45.096005,11.031259
144.689222,46.922779,10.369579
145.344411,47.841032,10.418344
146.703567,48.890264,10.270988
146.406048,49.080712,10.259820
147.785212,50.207657,10.065762
147.705893,50.456491,9.890301
147.785053,50.745525,9.931434
149.501245,51.242557,9.676681
150.107649,52.363640,9.813460
151.343044,54.424352,9.966936
152.019385,55.758909,9.993454
152.353924,56.827934,10.265293
154.920106,58.250538,10.983434
155.695395,59.332090,10.868446
157.358788,60.876994,10.748919
159.147442,62.223131,10.645551
160.074970,63.712212,10.650071
161.197309,65.158599,10.855686
163.025310,66.323732,10.958585
162.990701,66.485004,10.951550
165.550420,67.014143,10.907270
165.706966,67.705945,11.122518
165.278480,68.057107,11.209828
168.904602,72.045519,11.151355
168.859852,72.786487,11.142161
170.199164,76.146332,11.010347
171.698646,77.589518,11.218132
171.767541,77.999952,11.203174
171.571072,78.279765,11.141918
172.632075,80.128884,10.867668
173.758825,81.360492,10.878370
174.431944,82.073644,10.810593
174.771584,83.939838,11.067306
176.474692,86.487529,11.056816
178.672977,89.142349,11.102301
178.715472,89.940592,10.964861
179.514359,91.369002,11.048402
180.160232,93.517587,11.374108
181.201734,96.508989,12.121238
182.747018,99.441657,12.030790
182.577227,99.951269,12.517422
183.249644,101.083457,12.636381
183.283812,101.073711,12.634919
184.929951,102.788016,13.431705
185.416644,103.123104,13.336773
185.822934,103.737241,13.253614
187.459058,105.159894,13.437261
188.378557,105.609239,13.495792
188.467365,105.599337,13.516006
188.944858,106.469148,13.387536
189.477777,107.317918,13.254135
189.847403,108.327110,13.714750
190.714278,109.877150,14.641001
190.895509,110.942621,14.905697
190.852774,111.286195,14.927455
191.879418,112.049311,15.181458
194.072413,114.006399,15.890090
194.244141,114.273789,15.948873
194.121800,114.558870,15.993291
194.815569,115.159790,16.345659
195.266069,115.639546,16.298411
197.191589,116.948014,16.598384
198.528106,118.308995,16.790599
198.468981,118.661894,17.006284
199.709628,119.073261,17.106023
200.108360,120.587302,18.112389
200.940776,121.902134,19.022541
201.241191,122.659647,19.307453
201.356533,122.874788,19.296133
201.498205,124.042650,19.303183
202.670108,125.403320,19.840472
202.910216,127.470904,20.001022
203.743714,129.512894,19.753836
203.643694,131.795803,20.364263
204.249432,132.459070,20.304004
204.270316,133.053746,20.376864
205.664125,134.832864,21.412071
206.123187,135.826068,21.679240
206.298312,136.136047,22.139900
206.385308,136.185067,22.116688
206.450549,136.684997,22.119577
206.931840,137.441639,22.103446
207.642009,137.987133,22.106710
207.628670,138.577532,22.230657
208.201632,139.109050,22.292154
208.944280,141.019344,22.521418
209.068392,142.388247,22.399227
209.187945,142.494704,22.330585
209.292036,142.617992,22.391305
210.010685,145.047785,21.872597
210.935909,147.082813,22.033223
211.480141,148.550717,22.237029
212.333167,150.478027,22.940607
213.627154,151.416871,22.796681
213.389588,151.885348,23.014264
213.322473,151.930258,23.043487
213.450465,152.518914,23.567401
214.406673,154.965796,24.815854
214.263185,155.229177,24.638931
214.443326,156.100861,24.673373
214.057357,157.002620,24.657643
214.480692,158.324140,24.863709
214.562696,158.937613,24.653134
215.499808,160.031352,25.030460
216.652752,161.411936,25.653122
217.817965,162.684306,25.961735
217.884467,162.689661,26.104733
217.874930,162.721118,26.081512
218.211958,163.996985,25.933964
218.846501,165.044567,26.827729
219.092103,165.751929,26.743720
219.262376,166.203442,26.896370
219.530666,166.620190,26.834884
219.232600,167.244901,27.000078
218.856117,168.278408,26.924332
218.585632,169.439440,27.405363
218.164633,169.950227,27.449080
218.155353,170.398586,27.399716
219.327713,172.006554,27.556998
218.596291,173.502507,28.136391
218.119029,175.048812,28.342772
217.895282,176.758831,28.591904
217.645133,177.679748,28.630224
217.264512,179.588056,29.110868
217.277118,180.468405,29.014692
216.515927,181.803998,28.724647
216.912246,182.733473,28.845843
216.181315,183.264024,29.216076
215.988702,183.917470,29.833552
216.574319,185.160664,29.747897
216.752484,186.071316,29.735382
216.867263,186.328689,29.769309
217.160259,186.933239,29.868403
216.783579,187.769257,29.807055
216.580091,188.655995,30.117368
216.302427,189.282593,30.225853
215.823419,189.880235,30.053476
215.912026,190.392168,29.910897
215.505399,191.375872,29.750607
215.605659,192.054150,29.802384
215.719690,192.857816,29.649575
215.289180,193.507421,29.805159
214.515382,193.908301,30.081515
214.531744,193.998640,30.043706
213.693377,195.295049,30.241499
213.571022,195.685722,30.399264
213.373241,195.695286,30.969099
213.123917,196.347082,30.788391
213.221255,196.678481,30.627128
212.536657,197.204404,30.470150
212.215855,197.651791,30.291744
211.966144,198.245504,30.385702
211.461095,198.894912,30.297216
210.535037,199.628406,30.060624
210.428603,200.362649,30.654542
210.532781,200.517481,30.664365
210.470084,201.300240,31.054709
210.229011,202.024097,30.896749
210.048197,202.377835,30.924611
210.110276,202.618336,30.748891
209.642110,202.650520,31.509645
209.610486,202.793765,31.701047
209.418406,202.989579,31.585518
208.297577,203.483494,31.933043
207.425754,204.426383,32.139984
207.009840,204.984728,32.692798
206.086209,206.028554,32.847316
205.406007,206.269702,33.317549
204.851049,206.634667,33.399538
204.090773,207.823638,33.869841
203.293062,208.508310,33.685787
202.712386,208.999774,33.713856
201.813219,209.557211,33.831980
200.516777,210.199576,34.507124
198.235627,211.645912,34.148763
196.975790,211.564641,34.969310
196.128583,211.867021,35.480396
195.362271,213.014157,36.453357
194.652276,213.262523,36.674850
193.395772,213.860933,36.704939
192.642584,214.281006,36.928764
191.365369,214.908510,36.923911
190.561024,215.597286,37.267428
189.432007,216.213439,37.215760
188.622034,215.833254,38.271750
187.767914,216.393807,38.964005
187.662672,216.944251,38.450082
187.143685,217.875326,38.446091
186.505595,218.176568,38.654399
186.349835,218.123035,38.881798
186.164218,218.110722,39.165333
185.283865,218.898406,39.013941
184.557935,219.224107,39.249762
184.072259,219.025695,39.398416
183.610081,219.990601,40.465797
183.120472,220.117380,40.392942
181.290182,220.095261,40.297253
180.807275,220.441885,40.421569
179.169798,220.894230,41.842514
177.514671,221.383209,42.153171
176.330800,221.638586,41.583614
175.818778,221.503751,42.076370
174.313746,221.779893,42.367371
173.092016,222.566459,42.708463
172.757190,222.692500,42.909317
172.558823,222.924661,43.323806
171.892312,223.152085,43.873919
169.736742,223.557048,43.683460
168.219579,223.861508,44.254636
167.070789,224.286779,44.721045
165.023076,224.425323,45.082288
164.185274,224.369512,45.202728
163.256015,224.243830,45.064257
162.084224,224.601123,45.545857
161.233862,224.384853,45.713464
160.694131,224.471872,46.072981
160.025112,224.061028,46.384230
159.380736,223.869590,46.717296
158.123662,224.326097,46.839550
157.905806,224.451700,46.779807
156.956918,224.389108,46.843089
156.465319,224.456879,47.049009
154.878913,224.467362,47.946979
153.736315,224.908943,48.374757
152.455263,224.745746,48.357287
152.445731,224.700000,48.422934
151.699601,224.482850,48.864377
150.155369,224.508034,49.277648
148.051778,224.840098,50.466971
146.353241,224.908039,51.002500
145.681864,224.857189,50.990550
143.994499,224.481654,51.512319
143.203896,224.301061,51.837449
142.061310,224.048643,52.088458
141.460562,223.726287,52.209400
140.459019,223.526325,51.502499
138.718124,223.680380,51.560109
136.976357,223.923995,50.693357
136.794251,224.081965,50.840531
135.262637,223.633756,50.798294
134.012003,223.271495,50.587516
131.381152,223.015191,52.077347
129.350776,222.723121,51.615679
127.987017,222.713065,52.198174
125.941528,222.709446,52.352797
124.559034,222.401182,52.100367
123.441669,221.731929,52.517158
121.586351,221.377575,53.271754
118.811966,220.919651,53.657894
116.715910,220.642053,54.245329
113.794623,219.534355,54.862237
111.175859,220.511791,55.236029
109.400481,220.015940,55.741922
107.402298,220.646206,57.019262
104.518309,221.431626,58.589935
102.280572,221.311175,59.030199
101.858026,221.280768,59.644872
100.304980,221.135527,59.560674
98.624384,221.663678,60.402080
96.633524,221.805752,60.937367
95.588802,222.168356,60.801369
95.547948,222.145303,60.724610
95.102181,222.367663,60.632150
93.622083,222.961419,61.405310
92.731758,223.159732,61.082335
89.630336,221.592200,61.071338
87.476050,221.721090,63.176783
84.606413,221.292298,63.506287
82.400056,219.940125,62.624711
80.066604,219.967876,62.378889
78.626787,219.953059,62.109798
77.642254,220.262188,63.215914
77.036896,219.600903,63.189315
74.561455,218.828312,63.300005
73.154921,218.258144,63.340133
71.949154,218.825495,63.800526
71.296781,219.091743,64.057536
69.350322,219.500677,65.995642
68.099391,219.409121,65.900167
66.637369,219.949754,66.926123
65.431162,219.503945,67.388361
64.883148,219.159320,67.569911
64.052945,219.042457,68.065353
61.888547,219.571408,68.352449
61.131449,219.347761,68.145627
59.664355,219.624996,68.953245
59.078843,219.987799,68.640479
58.487055,220.269973,68.703805
56.967222,220.591310,68.690990
54.898433,221.568445,68.526730
52.573032,221.744763,68.775027
51.182968,221.967770,68.611617
50.147433,222.192198,68.951634
49.106046,222.191224,69.566398
47.089225,222.415736,69.317830
46.804406,222.571913,69.198670
44.744270,222.237755,68.948746
43.150766,221.831211,68.550778
41.671990,222.002747,68.198081
40.626242,221.988600,67.886334
39.450749,222.164191,68.162610
38.141011,221.585868,68.114379
36.920181,221.101752,68.352998
35.724002,221.383518,68.457656
34.507883,221.652301,68.172077
33.478827,222.030925,67.607133
32.852138,222.293533,67.687867
31.474357,222.221948,67.385506
31.249550,222.411686,67.311894
30.882074,222.124920,67.223762
29.991972,222.416871,67.478136
29.441087,222.190891,67.035797
28.600985,222.582140,66.519057
28.498683,222.548551,66.084461
27.685394,223.244277,64.777167
26.448536,222.989069,63.380827
25.818740,222.902546,62.402855
25.093583,223.083669,61.166698
24.897174,223.251786,60.767478
24.310964,222.131771,59.683667
23.955002,221.736332,59.478952
23.066448,221.532984,58.541522
22.602633,221.639148,57.928575
22.400933,221.612684,57.452243
22.284484,221.857575,56.514148
21.922919,221.554375,56.028364
21.268588,221.677493,55.199126
21.196285,221.839349,54.910613
20.940568,221.643082,53.600551
20.833525,221.811146,53.459870
20.180328,222.031219,52.626093
19.996908,221.987152,51.915192
19.729629,221.010727,51.015022
18.905580,220.378931,49.748953
18.772868,220.427562,49.393148
18.522312,220.673962,48.692399
18.230847,219.735517,46.602489
18.390088,219.695212,45.502766
18.319585,219.115002,45.057691
17.813270,218.556907,43.968974
17.877920,218.706201,42.880674
17.342045,218.599804,41.761094
17.029179,219.096296,41.121667
17.144659,218.362729,39.402381
16.779295,218.630569,38.607244
17.034034,219.027757,37.860999
16.931814,218.717488,37.369674
16.556205,218.908557,36.933374
16.249671,219.426828,36.207453
16.214022,219.445766,34.974527
15.715841,219.460540,34.465193
15.207065,219.054955,33.315105
15.021155,219.129913,32.894384
14.183345,218.928393,31.844730
14.002261,219.182557,30.897040
13.735337,219.234383,30.481677
13.299441,218.997930,29.948772
13.328581,219.349210,29.638717
13.112131,219.533117,29.136700
13.079485,219.775522,28.110247
12.977638,220.063354,26.939895
12.640766,220.350975,25.210067
12.283066,220.423679,23.874654
12.014655,220.425075,23.238379
11.853982,220.519719,22.291162
11.723690,220.742498,21.790377
11.657450,221.216425,21.506078
11.599023,221.463133,21.153898
11.514989,221.895886,20.906618
11.325782,222.061246,20.278715
11.172758,222.491749,19.942460
11.054641,222.196836,18.485444
10.949885,222.538206,18.142948
10.538819,223.491899,17.386168
10.570427,222.515896,17.393943
10.631223,222.212007,17.491517
10.596498,221.428380,17.451177
10.452255,221.010594,17.458048
10.337771,220.314769,17.249220
10.239422,219.559588,17.276391
10.388132,219.031970,17.222044
10.366584,218.351302,17.183085
10.203024,218.086170,17.206440
10.218263,217.925509,17.210764
10.185553,217.653095,17.274299
10.064092,217.057949,16.891000
9.725157,215.624061,16.618973
9.405042,215.196802,16.622281
9.182453,214.294849,16.413480
9.143835,213.980918,16.367606
9.082900,213.512771,15.891616
8.940618,212.576746,16.032716
8.927496,212.380402,16.011971
8.850617,211.713505,16.001124
8.838591,210.986706,16.059856
8.651317,210.639023,16.144247
8.554353,210.407666,16.139192
8.269622,209.883944,16.271950
7.999452,210.242666,16.485494
7.523549,210.541793,16.812980
7.313562,210.785020,16.956123
