1000
3
29.619587,247.738554,58.922585
29.715964,247.613283,59.615326
29.624745,247.584809,60.015912
29.681201,247.266345,59.621395
29.740679,247.276039,59.304939
29.854064,247.038808,58.779906
30.113688,246.974827,58.293129
30.049727,246.636884,58.030704
30.307537,246.645341,57.757902
30.215782,246.467815,57.499003
30.526545,246.381686,56.776780
30.694517,246.400939,56.123845
30.884912,246.458954,55.802055
30.674288,246.267443,54.650220
30.711048,246.178515,53.952965
30.814652,246.073533,53.022155
30.960749,246.092222,52.133135
30.840680,246.019662,51.814002
31.078144,245.873184,51.314727
30.837541,245.844054,50.823971
30.593720,245.744900,49.680296
30.513514,245.539542,48.951007
30.327712,245.568104,48.277718
30.494739,245.448015,47.817149
29.984200,245.363820,46.920645
29.996005,245.129365,45.917065
30.025349,244.608499,44.608801
30.290371,244.385922,44.059662
30.287084,244.457159,43.225572
30.082728,244.455163,42.312279
30.087436,244.210043,40.853779
29.025672,244.154081,40.691982
28.305669,243.907988,40.138919
27.594207,243.450581,39.124195
26.985266,243.432707,38.620950
26.677421,243.379607,37.654491
26.193345,243.308162,36.177772
26.195610,243.288807,35.861206
25.334340,243.218562,35.166844
24.733843,243.141995,34.160506
24.377360,242.445558,33.517548
23.438683,242.442075,33.392654
22.743279,241.838253,33.030590
22.647153,241.437586,31.729117
21.902020,241.148715,31.505830
21.437361,241.213472,31.278830
21.261420,241.225021,31.217564
21.168667,240.774722,30.454730
20.984873,240.525070,29.865721
20.718529,240.266892,29.927812
20.683731,240.131396,28.757108
20.473654,240.027586,28.142407
19.945496,239.980767,27.573925
19.730231,240.047452,27.222164
19.437969,239.581932,27.052053
19.141396,239.289217,27.008636
18.400042,238.757604,26.663739
18.045277,238.292219,26.418103
17.833609,237.566705,25.198346
17.944225,236.976906,25.304318
18.157144,236.318590,25.037548
18.360912,235.645048,24.583561
18.448021,234.737847,24.806611
18.382878,234.315715,24.913202
18.212396,233.624394,25.157169
17.638745,232.584828,25.654175
17.603061,231.929894,25.770605
16.634022,231.055967,26.331158
17.096405,230.493462,26.921644
17.147928,229.794515,26.751914
17.210414,229.006680,26.839273
17.300411,228.184801,26.922410
17.145990,227.663682,27.023575
17.495108,227.043352,27.654840
17.873321,226.458555,28.116252
17.880521,226.013931,27.880759
17.786453,225.407189,28.214078
18.005364,224.879273,27.970876
18.087617,223.478041,28.126807
18.319008,222.848313,28.680532
18.219752,221.731166,29.104730
18.644249,220.956080,29.243853
18.691047,219.508849,29.293734
19.069831,218.613134,28.654825
19.560742,217.638962,29.387790
19.978387,215.762427,29.632479
20.178517,215.120187,29.890251
20.893341,214.336168,30.459518
20.862240,213.530241,31.093462
20.849317,212.284864,31.992896
21.006727,211.471798,32.016655
21.452715,209.913822,32.383986
22.266887,208.458599,32.313579
22.500436,207.645514,32.390752
22.769403,207.190077,32.152806
22.248691,205.923272,33.016498
22.420316,204.528534,33.622453
22.877078,203.269611,33.398825
23.031293,201.940440,32.940984
23.075173,200.958547,33.724544
22.899968,200.149356,33.891608
23.460202,198.836067,34.304657
23.863898,197.959437,34.997169
24.337607,196.471536,34.705861
24.546169,195.068304,35.147171
24.871785,194.230199,35.766226
25.183709,193.085663,35.725302
25.264905,192.695012,35.925941
25.962358,191.204718,36.495746
26.021954,189.807673,36.830206
26.326950,188.557938,36.645983
27.138707,186.916671,36.752479
26.833803,185.373471,36.925399
26.513981,183.777928,36.676634
26.714191,181.888779,36.434926
27.072430,181.185026,36.660538
27.310763,180.043013,36.724475
27.448688,179.325765,36.268938
27.329235,178.244973,35.940127
27.447230,177.203829,35.543228
27.100709,176.418401,35.438325
27.643298,175.912780,35.342946
28.036650,174.682878,34.687310
28.234894,173.860786,33.823620
28.095126,173.540711,33.418634
27.974512,172.913206,33.653807
27.988895,171.690068,34.102816
28.080894,171.476285,33.953001
28.417555,171.034294,34.194571
28.216411,169.490497,34.313135
28.251522,168.849046,34.182952
28.543735,167.119531,34.912785
29.100096,166.134012,35.191140
29.195725,165.082622,34.888200
28.737742,163.328952,35.028628
29.746692,161.915647,35.087187
29.871217,160.947295,34.392114
30.723584,159.070514,33.982186
31.017336,158.467876,34.160805
31.626539,157.564992,34.750628
31.701037,157.536378,34.683117
32.072871,155.621727,33.725317
31.619626,154.005060,33.746946
31.078215,152.776920,33.583110
31.124057,152.180832,33.793869
31.018288,151.380150,33.944461
31.037000,150.632041,33.656414
31.242033,148.694169,33.573749
32.268249,147.343784,32.696245
32.032900,146.669580,32.538043
32.527059,145.648693,32.209612
32.771917,144.303828,32.216547
32.999987,142.914584,32.583330
32.895068,142.665789,32.991221
33.248678,142.499031,32.894206
32.553094,141.781515,32.765040
32.410233,141.120469,33.130861
32.815869,139.963251,33.671440
32.712219,139.895941,33.751574
32.655893,138.800464,33.737441
32.094648,137.560411,33.676548
32.268373,137.289746,33.780415
32.641934,134.940036,33.310033
32.660209,133.879769,33.006114
33.251482,132.214086,33.106181
33.171892,131.453403,33.185731
33.001249,130.908296,33.002539
33.114084,130.507926,32.914100
33.058902,128.607657,33.000799
33.066785,128.605336,33.010501
33.237387,127.892330,33.419200
33.536761,126.917206,33.651356
33.661121,124.518350,34.552614
33.756876,124.286857,34.337701
33.557645,123.581951,34.294617
33.902687,121.437687,33.403047
34.326941,121.178529,32.779578
33.800420,119.799096,32.613877
33.911066,118.589537,32.381554
33.833598,117.553681,32.445596
34.451043,116.191767,32.130392
34.492000,115.779377,31.566675
34.665178,114.528194,32.153995
34.565387,113.580363,32.426852
34.807153,111.474809,32.453757
35.130050,110.102942,32.798394
34.416314,108.332952,33.173242
34.047171,106.543957,33.198811
34.461792,106.153453,33.202552
34.157713,102.856345,32.111446
34.389721,101.482812,32.367555
34.641521,99.988137,32.302046
34.936408,99.486053,32.157141
35.129196,98.426511,32.176640
35.290379,97.812643,31.767749
35.229236,97.090598,31.601032
35.448078,96.862564,31.627766
35.817287,96.004941,31.462114
35.977310,95.448303,31.602079
36.305275,94.171384,31.762492
36.634122,92.021734,32.566396
36.437313,91.136464,33.181412
36.354837,90.581450,33.264558
36.029700,89.645525,33.325389
36.328823,88.148992,33.041785
36.290986,86.208038,33.439423
36.388956,86.120945,33.458307
36.933775,84.984167,33.328276
37.474053,83.200228,33.501203
37.440882,81.778949,33.662627
37.098195,81.244117,33.435008
37.112047,81.239222,33.441844
36.611820,79.727344,32.967927
36.509602,78.821136,33.013518
36.507382,78.558419,33.318528
36.585443,77.583934,32.620435
36.692804,76.932556,32.607084
36.622405,76.555365,32.503491
36.722574,75.467779,32.495330
37.199693,75.015628,32.412430
37.682046,73.287890,31.581533
37.628134,72.515462,31.875209
37.722270,71.308041,31.940899
37.807135,70.608438,32.525899
37.880358,69.848074,32.808799
38.093434,69.308285,32.962043
37.611190,67.874367,32.941658
37.622528,66.801066,32.394219
38.048106,65.644427,31.949482
38.209286,64.178597,32.150879
38.486454,63.422569,32.302515
38.977512,62.601687,32.486190
37.770481,61.305971,32.493861
38.095360,60.045615,32.201119
38.552286,58.766897,32.312383
38.586471,58.138697,32.299405
38.430802,56.457486,31.722336
38.848207,54.941276,31.021094
39.172447,54.087111,30.859125
38.731045,52.759964,30.646938
38.443588,51.341176,29.436451
38.350729,50.653621,29.463467
38.714251,49.843401,29.530302
38.955637,48.675118,29.844742
39.102260,47.752371,30.399979
39.641075,46.735172,30.655793
40.481514,44.868272,30.601014
40.514257,44.463070,30.906278
40.603359,43.830282,30.435847
40.819348,43.094056,30.654551
40.934824,42.578790,30.971645
41.463575,41.385801,31.120155
41.557404,40.709752,30.972647
41.963484,40.101684,31.038304
42.084593,39.664434,31.275652
42.420610,38.624843,31.629862
42.734885,38.037873,31.771588
42.583137,37.613998,31.893933
42.422704,37.343398,32.055994
42.677427,36.936816,31.496860
43.313201,35.492744,30.793923
43.869402,35.507794,30.639806
44.726138,35.047702,30.364939
46.194018,34.509159,30.692971
47.352719,33.875114,30.674269
48.792299,32.976022,30.910639
50.187041,31.869257,30.607620
50.498607,31.680186,30.215085
51.681412,31.490634,30.022042
52.391930,31.416764,29.899552
52.844574,31.128052,29.882983
53.821024,30.849415,29.293126
54.682690,30.684995,29.297028
55.442599,30.494756,29.654353
56.572442,30.228961,29.465848
56.992615,30.212239,29.169232
57.556302,30.002023,28.737576
57.743416,29.965851,28.704381
58.344869,29.834661,28.443667
58.880411,29.786566,28.818218
59.632836,30.033903,28.914373
59.954354,30.143028,28.656947
60.229416,30.269101,28.691690
61.099708,29.828764,28.784056
62.039065,29.610348,28.936922
62.884142,29.265314,28.350945
63.497558,29.561118,28.638893
64.591744,29.196137,28.783201
65.654138,29.241015,28.731469
67.585947,29.093506,28.500297
67.783380,29.106835,28.522120
68.974461,29.117084,28.596046
70.623559,28.749881,28.273201
71.951817,28.774487,28.383741
75.107865,28.676193,28.028712
75.423365,28.577193,28.132157
77.561748,27.602659,28.217266
79.380974,27.281208,27.524128
80.761824,26.985453,27.389875
83.068155,26.863881,26.799457
85.146595,26.146571,26.671060
85.507277,26.685285,26.449594
87.373278,26.420384,26.253948
89.097775,26.291009,26.028438
91.455876,25.746617,26.341337
92.331057,25.481713,26.027681
92.967483,25.111860,25.788041
94.634499,24.591673,25.299889
96.392491,24.730383,24.899354
98.603050,24.337821,25.135164
99.429655,24.473086,25.205735
101.593813,24.357643,25.337477
102.331524,24.309572,24.972508
103.655470,24.554393,24.447339
104.990440,24.306715,24.154599
105.397846,23.960001,24.362442
105.432049,23.931364,24.319468
106.682241,23.988506,24.060611
107.809264,24.570367,24.053870
108.075805,24.662432,24.122911
109.696735,24.124121,24.496611
112.330909,23.551386,24.354776
114.897737,23.038208,24.225141
117.725768,23.102278,23.636323
119.904514,22.211689,23.176694
121.892725,21.882612,22.735676
122.225582,21.702860,22.660818
123.352182,21.429252,22.505519
123.980317,21.682832,22.573670
124.175032,21.625311,22.606522
125.201516,21.373489,22.560972
127.596210,21.347610,22.390694
127.956289,21.718833,22.513441
128.860198,21.989653,22.133403
130.390808,21.991781,22.007807
132.595252,21.643786,21.876379
134.418175,21.898402,21.973670
135.860970,22.116163,21.531744
138.597836,22.164069,21.397185
139.513792,22.018784,21.512381
140.153119,22.381746,21.496524
142.052920,22.057978,21.751745
144.512160,22.144569,21.108167
147.018598,22.412245,20.327310
149.233196,22.457019,19.944655
149.276232,22.483171,19.893453
151.167420,22.482485,19.712892
151.642067,22.281867,19.756351
152.552879,22.271911,19.144094
153.550629,21.863585,18.944851
155.651123,21.552811,18.962083
158.044897,21.524674,18.264655
158.784408,21.579733,18.150847
160.964497,21.204032,17.581833
162.741729,21.294388,17.048502
165.315091,21.300563,17.187235
166.841989,21.629702,16.624392
167.718884,21.693769,16.726470
168.853554,21.357828,17.194302
170.759835,21.098986,17.297061
172.424271,21.126199,17.317306
175.669630,21.538498,17.192218
178.310442,21.688810,16.884804
179.356939,21.583356,16.811526
180.027147,21.629488,16.676369
181.412675,21.909517,16.128833
182.192747,22.037295,15.940132
183.504425,21.968714,15.703601
185.654344,22.266581,14.776891
186.371353,22.425598,14.340790
187.016797,22.275667,14.260678
188.190131,22.018604,14.042567
189.111772,21.496777,13.845979
190.535133,21.578440,13.770058
191.629679,21.429407,13.620846
192.740972,21.520827,13.662812
193.772095,21.392679,13.696680
194.359707,21.375946,13.502630
195.166605,21.328652,13.597881
196.996138,21.077225,13.200236
197.739223,21.391530,12.879248
198.229039,21.259410,12.820310
199.002334,21.371156,12.820245
200.100544,21.269247,12.882748
201.478050,20.905992,13.006261
203.238106,21.586575,13.008198
203.994314,21.515078,12.844183
205.068404,21.396550,12.619837
206.046521,21.862874,12.653289
206.551541,21.696710,12.367209
206.952382,21.488905,12.359981
208.730656,21.823471,12.291062
209.216419,21.781505,12.109799
210.604666,22.266052,12.244710
211.059524,22.287276,12.332443
212.623688,22.357838,12.566196
213.641021,22.379167,12.483756
214.436042,22.205071,12.363185
215.342843,22.167773,12.466826
215.860379,22.939756,12.442482
216.705984,23.835680,12.466134
217.972305,24.671155,11.999481
219.080039,24.554063,12.178432
219.563610,24.428447,12.248614
220.945651,24.233156,12.398401
221.569257,24.977080,12.376142
221.845550,24.828503,12.439914
222.759121,25.391196,12.549370
223.279320,25.217035,12.474834
224.013165,25.043260,12.572073
224.788147,25.051065,12.133521
225.546440,24.792053,12.113694
225.860504,26.155295,12.157109
225.838888,26.609947,12.118429
226.477809,27.876678,11.994793
226.537629,28.168516,11.965362
226.557258,28.517750,12.016614
226.505856,28.969533,12.000939
227.064787,29.719951,11.608279
227.951477,31.493862,11.497180
228.042054,32.100792,11.687808
228.547437,33.449506,11.671415
229.082811,34.196722,11.493141
229.279552,34.576129,11.343153
229.198812,34.967726,11.355356
229.245489,35.514597,11.269467
230.258266,36.587696,11.401655
230.607469,37.125901,11.471021
231.103680,38.780662,11.193324
231.675155,39.556558,11.052754
231.549782,40.221137,10.884441
232.120917,40.967784,10.902323
232.015114,41.958220,10.591336
232.971820,43.228038,10.802457
233.012177,44.002620,10.575892
233.589132,44.976060,10.673067
233.658140,45.581303,10.484549
234.427306,46.694406,10.674404
234.504163,47.650612,10.017055
234.533780,48.015232,10.082986
234.705846,49.461978,10.088773
234.535636,49.855017,10.170726
234.144871,50.587984,9.887548
234.872505,52.600397,9.901686
234.727792,53.738944,9.863147
235.133077,55.600865,9.701530
235.614733,56.202264,9.574489
235.509054,56.922340,9.642555
235.621380,58.601472,9.671092
235.634467,60.854471,9.709958
235.032564,62.344609,9.783985
234.811176,63.026523,9.809537
234.904480,64.166717,9.835921
234.845464,64.433752,9.882924
235.056946,64.888705,9.925996
235.099035,66.104661,9.990562
235.556119,67.639326,10.004935
235.867858,68.769671,10.070034
235.633931,69.470962,9.906296
235.365569,71.591353,10.322351
234.895493,73.543344,10.333241
234.950809,75.359797,10.293582
234.917405,76.166456,10.202761
235.086111,78.161442,10.097689
235.053998,79.863708,10.015480
234.890632,80.732302,9.784591
235.058900,81.256061,9.787887
234.926274,82.123951,9.762648
235.104815,83.327661,9.503415
235.195256,83.761778,9.955553
235.321462,85.750563,9.943895
235.375783,87.106516,9.850244
235.525409,90.415896,9.975589
235.548891,91.063347,10.001708
235.563625,91.968286,10.226076
235.954026,93.004708,10.336126
235.893983,93.886322,10.455715
235.987515,95.929610,9.963038
236.183046,96.834618,10.189771
235.996864,97.778278,10.305351
236.173169,99.390874,10.295293
235.885068,101.442343,10.713172
236.095505,101.615243,10.923716
236.500533,101.915353,10.984255
236.391633,103.668300,10.769403
236.443094,105.085352,10.798585
236.137877,107.087983,10.829907
236.058437,107.816956,10.759672
235.667481,109.783064,11.119811
235.766658,110.238126,11.057364
235.608061,111.251696,11.211967
235.351445,111.886029,11.128902
236.075261,113.184061,11.267625
236.434563,114.925943,11.348621
235.978253,116.368604,11.396768
235.642324,117.316871,11.773213
235.473964,118.468204,11.984772
235.321250,120.018761,12.002151
234.673386,123.027546,12.252940
234.756297,125.390691,12.741946
234.457347,127.880823,13.004994
234.587575,129.600034,13.252666
234.538009,131.076739,13.386487
234.536637,132.149948,13.405967
234.575929,132.681303,13.424367
234.521621,133.986791,13.739414
234.629481,134.873484,13.576531
234.585826,135.291763,13.521023
234.612799,136.274984,13.783925
234.706884,136.647675,13.761726
234.900378,137.378636,13.664807
234.706044,137.889458,13.799167
234.502504,138.911946,13.817690
234.022030,139.844622,14.225687
234.058114,140.524512,14.539798
234.101261,141.476037,15.047811
234.425295,142.301622,15.121732
234.100162,143.343806,15.221341
234.140787,144.615222,15.207605
234.141600,145.104013,15.621728
234.739859,146.065274,16.182320
234.821839,146.580181,16.407329
234.785429,147.432622,16.955524
234.835598,148.113170,17.560426
234.616542,148.881477,17.996877
234.568715,149.414017,17.898808
234.922273,150.348534,18.622156
234.668707,151.308078,18.614669
234.222022,151.909870,19.144258
234.199876,152.739783,19.108654
234.359458,153.603274,19.757522
234.069140,154.096882,20.300500
233.987495,155.226414,20.546699
234.359029,155.827272,20.990252
234.376930,156.610732,21.345383
234.222131,157.199086,21.658391
234.265444,157.665685,22.286022
234.392507,158.786429,22.787469
234.262133,159.129847,22.836876
234.419327,160.009823,23.431595
234.818064,160.637337,23.804370
235.107863,159.827301,24.293565
235.277651,159.576868,24.491246
235.328495,159.281292,25.129605
235.399688,158.682404,25.854920
235.351665,158.527206,26.123002
235.499363,158.170245,26.379647
235.329008,158.077124,26.815941
235.269622,157.809635,26.962563
235.439941,157.026470,27.977236
235.448742,156.687707,28.540412
235.605061,156.737538,29.450521
235.634798,155.442206,30.419635
235.788449,155.570748,31.016453
235.889243,155.737884,31.906353
235.763976,155.887534,32.801208
235.705954,155.682350,33.066361
235.574076,155.176251,34.137748
235.723387,156.241976,35.542927
235.572078,155.890283,36.101103
235.485990,155.743487,36.750885
235.310013,155.699283,37.150668
235.255493,156.122655,37.710845
235.569227,155.032986,38.374815
235.578244,154.867745,38.482093
235.318569,153.830279,39.482001
235.371293,153.076244,40.136494
235.853198,152.021416,40.741477
235.889173,151.905332,41.004808
235.921567,151.497356,42.199261
235.562733,150.887863,42.927472
235.903089,150.519938,43.086710
235.957177,149.235479,44.084851
235.259777,147.993578,44.682263
235.363817,147.627796,44.829003
235.680894,147.191144,45.530828
235.353788,146.946071,46.472865
235.821377,146.275207,47.699134
235.750000,146.134422,48.359901
235.749771,145.268368,49.698322
235.710679,144.780988,49.770319
235.662250,144.541495,50.831037
235.570449,143.906634,52.100015
235.035654,142.834607,54.014919
235.582650,141.812838,55.279744
236.016837,142.006017,56.259835
235.802627,142.732003,57.094197
235.652403,142.279262,57.849517
235.863193,141.789871,58.706778
235.623290,142.611255,59.430533
235.376959,143.094877,60.243157
235.299520,142.801925,61.153580
235.470368,141.529329,62.000785
235.666723,140.539785,63.192204
235.921897,138.941969,64.828387
235.967907,137.939603,65.150230
235.960255,138.160325,66.089591
235.754282,136.888006,67.305513
235.470263,135.353299,69.357459
235.473136,134.661049,70.985970
235.290307,132.696250,71.930973
235.138969,131.166610,73.751597
234.819911,129.134791,74.716310
235.315896,127.737933,76.120696
235.286767,126.237230,76.997289
234.926309,126.307463,78.288885
234.814039,126.390773,78.551595
234.981856,125.688582,79.359668
235.469600,124.129836,81.159672
235.486504,123.622780,81.632272
235.614910,123.452453,82.341482
235.393092,122.765460,82.623477
235.392878,122.761736,82.626398
235.245765,122.889469,84.028286
234.622589,120.154147,86.116555
233.853406,119.390125,88.113180
233.836797,119.507742,88.199718
233.549453,118.551992,89.343793
232.874953,116.912784,91.181289
232.802069,116.537470,91.605175
232.423103,115.087704,93.694528
232.202498,113.804558,95.964270
232.198959,112.740130,97.262722
232.296828,112.013906,98.958375
232.198716,111.871200,99.633643
232.156428,111.229937,104.241797
231.973318,110.404705,105.210898
231.520434,110.212203,105.906380
230.933420,108.079020,106.753024
230.594961,105.751261,108.519429
230.655358,104.484349,109.055029
230.745666,103.881653,109.715290
230.782297,102.435527,110.828163
230.994774,101.813502,111.210504
231.615383,98.337922,112.993787
231.887139,97.054999,113.492010
231.889670,97.046993,113.491988
232.020126,96.140863,113.702789
231.455232,95.770721,114.406891
231.307120,93.717715,115.729182
231.345273,93.678030,115.711456
231.572760,92.989869,115.673507
231.367980,92.307885,116.186184
231.183954,91.995372,116.502568
230.939896,90.855469,117.543861
230.953360,90.533631,118.201532
230.274418,87.377267,120.774816
230.467283,86.962047,120.688383
230.611028,86.072218,123.200357
230.602232,85.888028,123.311684
230.227098,84.601749,124.275960
230.064170,81.714573,126.904732
230.297727,80.981722,129.353583
229.349429,80.460152,130.864049
229.605788,79.038148,131.722563
229.299916,79.033837,132.195395
228.688385,78.156921,134.230473
228.844948,77.743515,135.032465
228.144359,77.504544,137.034413
228.335106,77.051175,137.191615
228.466105,76.442844,137.880797
228.424594,75.614049,138.378039
228.483613,74.830076,138.767772
228.039484,73.884926,139.579127
227.643901,73.328194,140.415460
226.974719,72.334167,141.284679
226.148367,69.967789,142.726443
226.289480,69.004595,143.197554
226.153080,69.087194,143.428413
225.890606,69.544634,144.535431
225.303353,69.101497,144.995408
225.146016,67.507487,145.478673
225.263280,65.908238,145.048336
224.258979,65.947667,147.584083
223.895535,65.343588,149.593120
224.126182,64.594548,149.698307
224.228149,64.483200,150.015367
224.277841,64.171865,151.051419
223.949834,63.453956,151.778342
224.145011,63.317273,152.448308
224.162749,63.199006,152.661023
223.575607,62.497326,153.751631
223.600007,62.549994,153.831351
223.499166,61.920191,155.415137
222.940595,60.517009,156.419596
222.355696,60.561145,156.919024
222.315861,60.412289,157.279683
222.196336,59.917205,157.595214
222.333276,58.657004,159.058976
221.687313,57.844245,159.412982
221.657342,57.752316,160.320515
221.553371,57.783617,161.229880
221.146008,58.157952,162.526177
221.311748,58.806805,163.808782
220.699473,59.791558,164.914105
220.610684,60.507447,165.523574
220.380294,60.676731,165.879083
220.059997,60.382347,167.119119
220.162800,60.502143,168.136968
219.057517,60.014709,169.894552
219.302905,58.663958,170.961254
218.860818,58.139324,172.098569
218.505992,58.396458,173.441504
217.871505,59.089855,175.015962
217.833276,58.601335,175.793856
217.788728,58.661409,175.941235
217.996970,58.962418,177.194264
217.854576,58.923889,177.337620
217.540773,57.083603,179.905055
217.589614,56.993689,179.962362
217.567047,56.745739,180.272374
217.448825,56.766569,180.552458
217.295641,55.456176,182.198223
216.672326,56.018216,183.721875
216.884922,55.640127,185.052571
216.915437,55.330620,186.378222
216.318515,55.567210,188.059427
216.458676,55.464029,188.550681
216.560485,54.911298,189.316601
216.283857,55.516678,190.286257
216.233379,54.780185,191.654147
216.055824,54.894678,192.070906
215.555479,54.309150,192.373240
215.347906,54.373918,192.588654
215.462402,55.156767,192.861891
214.943798,54.889516,194.234728
214.400702,56.206762,195.360215
214.460468,56.396226,195.795814
213.860547,56.739067,197.038577
213.129128,56.279433,197.837991
212.660550,56.028953,198.835784
212.370456,56.379752,199.642477
211.959290,56.478332,200.503531
211.656299,56.617219,200.797697
211.303950,56.796566,201.591503
211.125352,56.831580,203.228172
210.323558,56.633735,204.169799
210.141726,57.402114,204.631632
209.164792,57.810018,206.340421
208.330693,57.518216,207.014855
208.452360,57.623926,207.252143
207.863761,57.659775,208.182247
207.295375,58.923730,209.557559
206.401138,58.252515,210.746979
206.534878,58.042178,211.239532
206.232257,58.310923,211.534323
205.647274,58.798847,212.259408
205.330313,58.875787,212.891353
204.853882,58.700253,212.867237
204.220191,58.330151,213.237683
204.117119,59.188214,214.014656
203.757272,59.401385,214.056528
202.748058,59.735463,214.958348
202.090039,59.981505,215.529025
201.599525,60.196960,215.566969
200.706981,60.263596,216.177744
199.465522,61.072951,216.701404
198.689533,61.723567,217.206463
198.536389,61.932207,217.225716
197.640693,62.847376,217.612856
195.590341,65.404375,218.556417
195.002095,65.871880,218.901083
193.699116,65.613800,219.688532
191.919334,65.713767,221.194885
191.381573,65.602263,221.167882
190.742203,65.748179,221.257698
189.585949,66.065159,221.676105
188.357940,66.641804,221.743440
187.707259,67.493044,221.688819
186.945138,68.175030,221.542896
186.003248,69.081240,221.898918
184.690964,69.454330,222.291970
183.793167,68.602780,222.393792
182.073334,67.843270,222.534159
181.043232,67.670262,222.875723
180.046880,68.193757,222.945189
179.232375,67.486287,223.115278
178.924557,67.342560,223.229986
177.945856,66.984582,223.801694
177.498669,67.173208,223.760338
177.367697,67.013485,224.251025
174.984196,67.106501,224.250244
173.458053,65.761268,224.628122
172.413957,65.250511,224.527654
171.226797,64.697391,224.898787
170.679297,64.724709,224.845465
170.302317,64.975168,224.790310
170.180288,64.894799,224.773514
169.674960,64.455886,224.905199
168.812165,64.932230,224.744226
168.214634,64.809013,224.398083
167.177617,65.531512,224.490432
165.602654,65.806136,224.324349
163.729888,65.356046,225.314054
162.422940,64.411359,225.790709
161.579886,63.806091,225.562281
160.435973,63.116041,225.395493
159.206194,62.432724,225.309567
158.326992,61.596212,225.729579
157.349122,61.642541,225.794308
156.628441,60.937713,225.748732
155.747533,60.683153,226.018723
155.073746,60.263032,226.286274
152.524181,59.391165,226.439638
151.142512,58.382369,226.564598
149.942155,58.407837,227.458164
149.228077,57.616700,227.545743
148.451434,57.152989,227.664498
146.286454,57.598408,228.053542
144.389458,57.272929,228.788946
143.419322,57.839436,229.177655
142.043800,58.431299,229.506746
141.641098,58.232215,229.639818
141.010785,58.242647,229.523496
139.316899,57.814322,229.935413
139.128674,57.617742,229.639968
137.794368,58.888993,229.843012
136.217938,57.752989,229.812610
134.994579,57.795394,229.948651
133.923923,57.344806,229.816250
133.424193,57.534701,230.326886
132.567849,57.886646,230.223788
131.816023,57.001223,230.030215
131.367826,57.255132,230.275876
130.128910,56.824008,230.225396
129.759165,56.740848,230.204548
128.722946,56.760101,230.575387
128.009353,56.546868,230.386031
126.468236,56.255238,230.414533
125.746914,56.190726,230.500834
125.008574,55.913330,230.565506
124.285995,55.170722,230.723802
122.470305,54.891016,230.522219
120.704681,55.880621,230.860031
118.272963,56.783521,231.656565
117.397912,57.933627,231.814528
116.181036,57.961651,231.853457
115.792669,58.581426,232.269012
114.738230,58.024720,232.462573
113.707539,58.252474,232.431153
113.355023,58.450017,232.840441
113.011558,58.350182,232.808211
111.851591,59.808763,232.993723
110.242407,60.175130,233.143203
107.561263,61.989189,233.423131
106.571237,61.913458,233.869064
104.855232,61.700094,234.212168
103.076416,62.910586,234.763608
100.188049,63.228754,234.507930
99.523939,63.397645,234.948771
98.007478,63.940608,235.151275
96.671046,62.401196,235.073568
96.410696,62.617021,235.134599
94.316086,62.946946,235.141842
93.512710,64.594598,234.977038
91.792815,65.832835,236.065002
91.118561,66.092087,236.133700
88.431598,66.878519,236.175761
88.391863,67.195817,236.413243
88.315286,67.326460,236.499506
87.074994,69.144165,236.339391
86.540951,69.445959,236.807980
85.358354,70.322282,236.961145
82.846722,71.602015,236.838822
81.143644,72.941923,236.345811
80.052839,74.749589,236.458170
78.490874,74.926440,235.917481
77.089644,75.286387,235.920097
74.663985,77.028847,235.618772
72.363808,81.424740,236.107757
71.258402,82.952292,235.946233
71.218738,83.251375,235.898920
68.533482,83.455129,236.121434
67.078747,83.037073,235.970954
66.974860,84.280866,236.180208
65.939372,85.019777,236.142624
63.091025,84.546227,235.949068
62.061674,84.978234,235.745213
61.209800,87.488494,236.095842
60.628872,88.340065,236.011115
59.732707,88.852242,236.236081
58.987382,91.363508,236.395072
57.383699,92.111305,236.642573
56.333242,94.696391,236.474147
55.435008,96.618133,236.731577
53.534533,97.334474,236.864120
53.008625,98.516533,237.015467
52.094967,99.507576,236.943586
52.191266,100.161421,237.031116
51.219320,101.951870,237.156615
50.721848,103.359272,237.373235
50.289798,104.206456,237.041789
50.198511,104.824495,237.117800
48.656688,106.716998,237.214352
47.803549,107.482650,237.260447
47.298049,107.995732,237.591573
47.304095,108.529885,237.683780
46.645221,108.734740,237.596946
45.638008,109.617614,237.650535
44.758704,111.050527,237.788662
44.435548,112.393189,237.269744
43.649772,113.445199,237.377859
43.459181,114.227036,237.405252
43.149804,115.874862,237.383378
42.580116,117.114612,237.363005
42.139180,118.319784,237.458948
41.356015,119.647505,237.596693
40.581386,120.881136,237.722958
40.218573,121.708968,237.682733
39.270819,124.635540,237.880137
37.169039,124.315158,237.556624
36.204127,125.343267,237.482121
35.535608,125.191680,237.427024
34.259607,125.864397,236.950957
33.677604,126.518881,236.989528
32.774103,126.375615,236.713973
31.420171,126.810570,236.819841
30.682240,125.173252,237.439862
30.108384,124.055318,237.349232
29.561428,122.545559,237.310768
29.061243,121.657555,237.095986
28.637726,120.805182,237.041988
27.894795,119.092802,236.958554
27.508685,118.046160,237.004156
26.649474,116.658764,236.309984
26.062648,115.835815,236.496514
25.670500,114.193128,236.550916
25.490026,112.679978,236.513139
25.145263,111.750241,236.440282
25.070802,111.042741,236.372029
24.598988,110.235372,236.432342
23.787448,109.614066,236.354547
23.166288,108.967694,236.252205
23.135079,107.894207,236.341530
23.160567,107.078328,236.520101
22.496314,106.625103,236.297801
21.961235,105.505610,236.354243
21.953408,105.495641,236.359599
21.340172,104.285470,236.525127
20.947277,103.252517,235.943752
20.226533,100.678419,235.940047
18.916237,99.307146,235.704049
18.703032,98.260128,236.068493
18.142783,97.589801,235.802574
17.424183,96.373707,235.728732
16.717455,94.236763,235.664858
16.223973,93.226722,235.726752
15.870658,90.798239,235.579701
15.816031,88.153575,235.745135
15.542035,86.818482,235.706067
15.316603,84.556767,235.936941
15.271378,82.579139,235.859913
15.146508,82.008908,235.618926
15.132091,81.273206,235.702739
14.908944,80.412890,235.863460
14.188758,78.062268,235.420710
13.782682,77.739867,235.143204
13.457185,76.979057,235.159747
13.232914,76.354112,235.367367
13.341768,75.208554,235.060522
13.227467,74.369667,235.198102
12.985460,73.641657,235.394592
12.682738,73.429351,235.328567
13.030883,70.499778,235.016810
13.018217,67.720534,234.968045
12.397246,65.427192,235.148981
12.307857,64.572743,234.850291
12.049767,64.585818,234.445079
12.060535,63.584047,234.661669
12.132480,62.425851,234.851218
12.058363,60.925486,235.025512
11.932866,59.749539,235.051240
11.604848,58.916277,234.933707
11.207961,56.786022,235.049756
11.153948,56.076384,234.636104
11.088619,55.498489,234.869137
11.060356,53.897997,235.003084
10.986595,52.676435,234.658706
10.818007,51.095999,234.898496
10.970842,49.903623,234.918777
10.827220,49.269860,235.435168
10.787614,48.639130,235.386235
10.583298,48.477173,235.298646
10.678712,47.761831,235.139115
10.681155,47.236692,234.649836
10.435190,46.452499,234.511085
10.177516,45.078112,234.160252
10.061519,43.933779,233.761892
9.789215,43.199026,233.647774
9.864521,41.884401,233.534092
9.855787,41.466803,233.544529
9.524923,40.650416,233.576380
9.478104,40.180083,233.506425
9.339897,39.635735,233.415848
9.169650,39.193516,233.361064
9.015540,38.454405,233.252315
8.874474,37.677860,233.242982
8.539476,36.839754,233.093552
8.050504,36.126762,232.806818
8.025973,36.650339,232.946001
