1000
3
23.154840,151.782217,233.657190
23.533914,152.268346,233.725346
23.936572,152.940269,233.763444
24.376904,153.674952,233.747363
24.815201,153.078165,233.793228
24.666349,152.453692,233.425926
24.619993,151.907520,233.383387
24.529025,151.417637,232.884028
24.460828,150.886035,232.822500
24.759493,150.382373,233.006317
24.550531,149.130505,233.225078
24.356974,148.013606,232.849775
24.338752,147.188371,232.600550
24.458838,146.278647,232.556715
24.105292,145.441786,232.615935
23.963548,144.571876,232.610749
23.896264,143.804791,232.956320
23.693445,142.825050,233.036691
23.113207,141.133324,232.680224
22.884136,140.168002,232.751730
22.788600,139.138257,232.562094
22.713836,138.655617,232.116494
22.401188,137.890026,231.758503
21.990017,136.942402,231.665029
21.894767,135.533516,231.566654
21.352466,133.938833,230.841532
20.862407,133.306013,230.679900
20.945076,132.235029,230.550845
20.791025,130.762001,229.960179
20.837013,128.730140,229.893542
20.919345,127.681201,229.294219
20.775836,125.683328,229.089307
20.131055,121.693662,228.698531
19.566318,120.752723,228.500109
19.277963,118.961239,227.751498
19.098122,117.329517,227.260641
18.977244,116.167361,226.955232
18.978949,115.238206,226.985075
18.495694,112.608819,227.183237
18.379699,111.294407,226.860598
18.382006,110.729700,226.942044
17.954994,107.904009,225.230959
17.915656,107.474918,224.425867
17.695878,106.515689,224.403314
17.850649,105.895857,224.503754
17.825781,105.099337,224.311975
17.605965,102.618414,224.688933
17.785406,100.299294,224.810839
17.338043,98.591524,224.805867
17.342876,97.206257,224.566040
17.262441,95.991509,224.287229
17.109034,93.960743,224.328068
17.219692,92.497665,223.465587
16.801714,91.819570,223.215494
16.871330,90.428993,222.977044
16.150448,89.355180,223.176138
16.225684,87.105773,224.032898
16.093279,86.247742,224.008628
15.869316,84.977533,223.504919
15.788613,83.453048,223.646576
15.932633,81.896481,223.524292
15.940094,81.167956,223.673102
15.769746,79.542016,223.393421
15.766705,78.503356,223.662372
16.121838,77.684650,223.333132
15.964645,75.884762,223.361513
15.821178,75.207220,222.848771
15.790948,74.891567,222.874264
15.539138,73.072444,222.260644
15.667169,71.612301,221.646836
14.977126,69.313658,221.294314
14.989894,67.315611,221.590472
14.875330,66.995859,221.730117
15.047313,65.168302,222.083370
14.540571,63.112754,221.158259
14.597331,62.644527,220.777262
14.399375,61.650187,220.854352
14.800972,60.417685,220.811935
14.902528,59.764445,221.168663
14.595535,58.363435,221.464678
14.127311,56.548788,221.750702
14.045752,54.839186,221.603106
14.036584,53.717437,221.848682
13.654852,50.815634,221.497489
13.894519,48.322011,221.394952
13.820025,46.863811,221.382242
13.783558,46.443686,221.732717
13.862862,45.056370,221.241244
13.566703,43.697298,220.569584
13.674388,42.430549,220.343733
13.859037,40.222299,219.949353
13.981806,38.765124,220.441268
13.660370,37.747850,219.914556
13.584190,36.249888,219.750097
13.503535,35.276159,219.855179
13.310198,34.652451,219.605050
13.077006,33.259125,219.606295
13.071258,32.845808,219.674673
13.272074,31.941593,219.947317
13.054808,31.436404,220.038896
12.916356,31.102730,219.934058
12.882799,30.813606,220.263993
13.564379,29.648194,220.641153
13.725871,29.159959,220.980090
13.957512,28.823530,220.938170
14.548645,28.181017,221.261573
14.762015,26.735730,221.568763
14.886878,25.970789,221.568449
15.316651,25.443483,221.100415
15.841808,24.825931,220.810716
16.115015,23.574464,220.648472
16.418582,23.124635,220.698593
16.600859,22.085385,221.148077
16.920300,21.618091,221.618410
17.021711,20.798051,221.260517
17.335727,19.387478,221.363691
17.707107,19.250379,220.964934
18.543109,18.679033,220.983158
19.458099,17.855368,220.443281
19.914815,17.581378,219.711928
20.506802,17.662587,218.781153
20.674839,17.731473,219.075977
21.700710,17.753627,219.186795
22.116355,17.757883,219.449181
23.311785,17.052045,219.237594
23.640070,17.198320,219.270646
24.585715,16.928193,219.192196
25.095023,16.812234,219.236185
25.631044,17.205790,219.342896
26.139508,16.981609,219.333434
26.707971,17.012786,219.214028
27.638507,17.471632,219.354869
28.619695,17.951967,219.355018
29.331158,18.722593,219.654800
30.197310,18.877148,219.564449
31.131158,19.045423,219.959896
31.736740,19.082285,219.799989
32.538036,19.325485,219.677486
32.877027,19.453625,219.603652
33.505266,19.849717,219.194097
33.807233,19.974072,219.096330
34.968847,19.822565,219.593773
35.755722,19.824351,220.116816
36.518544,19.635134,220.390317
37.239270,18.991601,220.386703
37.953204,19.365769,220.366231
39.342941,19.083955,221.074593
39.752218,18.888510,221.182096
40.383272,18.798961,221.265091
40.976597,18.355421,221.931011
42.027866,18.676008,221.663351
43.155965,18.874980,221.810402
43.505284,18.953652,222.047842
44.407730,19.215764,222.073970
45.673866,19.840417,222.937694
47.137384,19.637347,222.619444
48.398715,20.094845,222.029269
48.964952,20.499135,222.132634
49.188622,20.534838,222.086474
51.161943,20.224902,222.290529
51.471392,20.356756,222.512639
53.555558,20.238203,222.425400
54.177235,20.312656,222.317144
54.614977,20.850953,222.467722
56.189216,21.761089,222.539934
56.658747,21.963810,222.183573
58.714619,22.279829,222.040564
61.312264,23.727678,222.627360
62.913992,24.873337,222.725486
63.600340,25.147909,222.319162
64.090581,25.351226,222.032493
65.464165,25.836354,222.467588
67.867787,25.916795,222.949045
69.010959,26.396074,223.321773
69.331923,26.422739,223.173498
70.523302,26.733009,223.429285
71.400222,27.388930,223.563112
72.988909,28.092527,223.475650
73.457726,27.962439,223.578519
74.692117,28.155130,223.558290
75.584169,28.406156,223.600684
76.980319,29.014686,223.674495
79.313049,28.980700,223.955995
80.512800,29.321524,223.837948
81.954573,29.160039,223.991523
83.601700,29.410936,223.999479
84.864747,30.164803,224.655396
86.515160,30.493683,224.811320
88.221408,30.975792,224.502248
89.249537,31.206161,224.976227
91.648073,31.858635,225.677563
92.947805,32.292800,225.328786
94.388927,32.718898,225.874938
95.129733,33.076875,226.131263
96.379595,33.410264,225.876787
97.859004,33.547911,226.012571
100.370208,34.051992,225.651983
101.500312,34.545321,226.383731
101.656870,34.541040,226.165780
103.928645,34.583613,226.576559
105.722180,35.256623,227.223153
107.224671,35.920883,227.271960
109.709344,36.520774,228.564248
111.624054,35.853430,228.938905
111.851946,35.906049,229.022060
113.745768,36.139916,229.147515
114.707202,35.978596,229.491761
115.173384,36.167716,230.130433
116.375818,36.276882,230.064899
118.348342,36.949355,230.488554
121.082638,37.256713,231.205678
123.943057,38.092956,231.396489
125.261196,38.583650,231.056863
126.340686,38.568931,231.511392
126.477749,38.471100,231.524009
128.231877,39.112708,231.636040
130.341751,39.949946,232.539685
131.691540,39.877163,231.699582
132.901310,40.488855,231.427368
135.470112,41.361903,230.775900
137.824950,42.182067,230.483477
139.667654,42.922133,230.619923
141.674606,43.687731,229.824384
141.943199,43.649756,229.689842
142.829564,44.442866,229.217082
143.664063,44.955187,228.887304
144.651053,45.360192,228.974889
146.816551,46.027178,228.619898
147.592749,45.765891,228.497440
148.626079,46.239263,228.835904
150.196966,46.402338,228.335578
151.818227,46.410876,227.605373
154.361892,46.100782,226.483657
155.277620,45.498315,226.401243
156.316368,44.975772,226.069009
157.774106,45.993415,225.674981
158.594142,46.247592,225.482087
159.635117,45.951914,225.442827
162.315710,46.857602,224.916971
162.770020,47.318227,225.048446
163.347677,47.549169,224.951277
164.183037,47.638697,224.401672
164.285510,47.681606,224.459082
165.664890,48.651572,224.203764
166.617657,48.716667,223.676627
167.208732,48.886949,223.110564
168.398242,49.098933,223.043427
169.535133,48.965655,223.226585
170.526102,48.877943,222.776302
171.209282,49.480262,222.593844
172.350263,50.072918,221.998060
173.637903,50.842515,222.098971
173.810664,50.551677,221.912476
175.646617,50.085858,221.219402
177.112290,49.793052,220.649475
177.984598,50.140822,220.034446
178.610442,49.906923,219.827540
179.256454,49.961212,219.555246
179.965854,49.620822,219.072995
180.236988,49.570856,219.128827
180.904453,49.490829,219.041987
181.854795,49.143234,218.592542
182.354480,49.638050,218.361123
183.174487,49.612587,217.671086
184.067191,49.104115,217.757579
184.121258,48.986333,217.645519
185.681203,48.969807,216.903052
186.676125,49.451986,217.096584
187.021418,49.222382,216.383362
188.775002,49.489541,215.056388
189.700033,49.168110,214.981325
190.860646,48.826948,215.399634
192.426417,48.521182,214.421457
194.154320,49.437442,213.846562
194.252610,49.402385,213.844201
194.810843,49.428069,213.354773
195.809129,49.662622,212.772513
196.162283,49.714318,212.632949
196.830308,49.704244,211.889564
197.384155,49.568382,211.642342
198.206535,49.752375,211.188899
198.365546,49.609841,211.004502
198.699568,49.409364,210.837793
199.403453,48.997361,210.250972
200.120046,48.471672,209.470484
200.261838,48.268917,209.526505
200.389858,48.308575,209.548587
201.279658,48.487849,209.010147
201.545374,48.020317,208.576697
202.186798,48.222950,208.303192
203.057466,48.165234,207.348068
204.484857,48.166332,207.153171
204.912035,47.985459,206.657321
205.691056,47.802365,205.606292
205.561805,46.676664,204.684804
206.103670,45.907030,204.045789
206.260213,45.858802,203.413902
206.523371,45.883669,202.613519
206.644652,45.382534,202.207260
206.749463,45.132466,201.372025
206.611314,44.545287,199.797920
206.572267,44.291943,199.467162
207.335257,44.218793,198.657768
207.449919,44.546456,197.125231
207.118016,44.612879,196.471726
207.643845,44.605273,195.255924
207.476830,44.065973,194.345090
208.212807,43.881843,192.901063
208.627283,43.369188,191.434924
209.048588,43.109240,190.839464
209.029653,42.536954,189.109872
208.756067,42.228722,188.676217
209.349375,42.034911,187.596197
209.557797,42.550562,186.807941
209.690748,42.342874,186.485997
209.675742,42.415245,186.146238
209.569705,42.041650,185.618633
210.411164,41.848515,184.976010
210.357544,41.400624,184.864895
210.266204,41.456750,184.293630
210.735792,40.514546,183.024802
210.822478,39.664872,182.347736
210.627040,39.817425,181.123291
211.024507,39.724172,180.521562
211.655121,39.225133,179.513714
211.554222,39.348333,178.601103
211.606474,38.735317,177.872811
211.512827,38.933185,176.512952
211.749414,37.760762,174.594494
212.001568,37.362127,173.744541
212.066901,37.003265,172.449290
211.964102,36.287478,170.880390
212.531871,35.922724,169.977781
213.071606,35.341867,167.423772
213.233201,34.247979,165.143565
213.376590,33.578357,164.381239
213.672950,32.575962,162.255481
213.900798,32.577536,160.126687
214.242739,31.806578,159.711969
214.300981,31.754933,159.693848
213.958011,31.488363,157.756720
214.696315,31.138886,155.792758
214.535225,30.806570,155.184018
215.133362,29.719708,153.095425
215.413032,29.524695,151.816159
216.015596,29.113442,150.315245
216.271536,28.450224,149.414029
216.425688,27.082802,147.231710
216.534369,26.572101,145.644743
216.782709,26.436153,144.857718
216.632769,25.328837,143.302707
217.159636,24.517984,139.696224
217.463106,23.643402,137.616651
217.138337,23.923691,136.422119
216.999457,23.995193,136.204882
217.347593,23.737205,135.210196
216.921830,22.590661,132.579527
217.468662,22.384682,131.447783
218.257029,21.980634,129.870454
219.268588,21.497902,127.225300
219.617048,21.388815,125.918777
220.134546,21.324351,124.900955
220.586508,20.978996,123.113338
220.626925,20.003195,122.425477
220.649576,19.702963,121.065011
219.863750,19.583304,119.550350
220.284500,19.053484,118.733111
220.417548,18.933491,118.342743
220.401732,18.486318,117.737892
221.384171,18.247868,116.826253
222.112890,17.261874,113.646767
222.316488,17.221754,112.768252
223.040460,16.957328,111.334701
222.911644,16.601107,110.433472
223.886739,16.813592,108.757111
224.070321,16.614327,107.216277
224.541934,16.613996,104.144004
225.272049,16.528322,101.965858
225.459490,16.246644,100.263209
225.458665,16.246052,100.247284
225.668155,16.418930,97.711592
225.782936,16.459356,97.165220
225.841576,15.885794,95.985328
226.308493,15.398033,93.787768
226.813397,15.187109,91.277547
227.207333,15.101030,89.946099
227.448470,14.750202,89.190575
228.095193,14.399346,87.350502
228.260551,14.311793,86.911076
228.342019,13.854350,85.632525
228.409414,13.910547,84.488982
228.991174,14.351058,82.664224
229.725500,14.135461,80.004833
229.890915,13.911145,78.135049
229.888603,13.902709,78.122259
230.038566,13.854062,76.312916
230.558275,13.955909,75.039938
230.668516,13.575606,74.422811
230.457636,13.089167,72.240346
231.266424,13.233652,70.042353
231.770837,13.203330,67.097465
232.154894,13.361096,65.817456
232.441521,13.050214,63.265490
233.013580,12.881379,61.276549
233.356090,12.426303,59.766226
233.706763,12.097716,58.190193
233.246837,11.857774,57.100281
233.660472,11.744355,56.302219
233.725030,11.250206,55.116586
233.271606,11.240115,54.399534
233.377115,11.267952,53.565377
233.608810,10.887097,51.962758
233.822086,10.813868,51.294376
233.668184,10.712462,49.959591
233.729821,10.901461,48.565494
233.440027,10.556754,47.820842
233.755949,10.427250,46.934205
233.141873,10.284902,45.935556
232.888770,9.997185,45.430494
232.798067,9.904060,44.272351
232.520260,9.921268,43.610032
232.739393,10.053998,42.426054
233.110229,9.983711,41.552395
232.480454,9.920871,40.776394
232.155569,9.812157,40.078435
231.888842,9.720427,39.188734
232.021943,9.766220,38.952054
231.706218,9.787491,38.297224
231.613130,9.731163,37.603193
231.754639,9.709394,37.211363
231.934903,9.784845,36.711882
232.049570,9.819845,35.772310
232.161346,9.818232,35.153295
231.584865,9.724424,33.898989
231.636461,9.820067,33.454570
231.344988,9.928284,32.435726
231.488855,9.893146,32.246020
231.261039,9.681479,31.072058
230.783201,9.706338,30.127260
230.402203,9.617634,29.165258
230.533291,9.610632,28.885280
230.411207,9.506976,27.715674
229.967139,9.761934,27.719939
229.203505,9.790601,27.500678
227.487978,9.826211,27.018902
226.018607,9.842006,26.593502
225.413543,9.862172,26.653207
224.951729,9.856107,26.409837
224.822317,9.543869,26.198882
224.662733,9.573563,26.332400
223.350835,9.653584,26.172597
222.415342,9.772476,26.142923
222.145673,9.862647,25.424375
221.750298,10.038591,25.123961
220.985009,9.937054,24.974685
220.793234,9.971208,24.725904
220.466597,9.916799,24.333629
220.271946,9.894644,24.333640
219.799047,9.394012,23.915188
219.417639,9.379709,24.143562
218.364272,9.119153,23.938170
218.302009,9.098641,23.755306
217.436825,9.178562,23.603606
216.751214,9.076597,22.971664
215.953916,9.059262,22.754157
215.651979,9.085513,22.587166
214.268915,9.079334,22.809038
213.825826,9.151815,22.777770
212.434480,9.059340,22.357193
211.432964,9.178841,22.377233
210.401036,9.067678,22.322518
208.866031,8.899062,22.002609
207.811998,8.641474,21.851114
206.936650,8.471225,21.847350
206.631520,8.523562,21.441801
205.484874,8.478747,21.258533
205.108195,8.502506,21.322323
202.950014,8.383434,21.433048
201.478069,8.382056,21.150979
199.950303,8.285573,21.036843
198.192560,8.304716,20.919080
197.171194,8.239737,20.999532
194.832256,7.993505,20.717162
194.048133,8.100640,20.721505
193.248016,8.112983,20.693613
192.866630,8.037457,20.843183
192.335793,7.851965,20.991858
190.478658,8.059260,20.413029
190.189254,8.095258,20.515991
189.834800,8.133982,20.119354
189.249433,8.280960,20.033728
187.762473,8.207008,19.973547
186.957230,7.626362,19.725369
186.746223,7.662238,19.818159
185.214826,7.727431,19.795102
181.350406,7.862170,19.332035
180.247554,8.101350,19.497202
177.029594,8.008654,19.978326
174.742330,8.165069,20.051134
172.674287,8.449313,20.369113
171.712829,8.513126,20.119704
171.259933,8.471177,20.021673
168.720651,8.209111,20.424677
166.600124,8.323358,20.809726
165.164462,8.291878,20.654172
163.773732,8.447743,20.702971
162.816367,8.689067,20.815141
162.015359,8.920197,20.931831
161.919751,9.100303,20.738467
161.578337,8.989200,20.549091
160.990409,9.036282,20.686127
159.232014,8.859221,20.574532
157.687072,8.859557,20.976242
155.549727,8.773171,21.079182
154.998511,8.784777,21.332756
154.301481,8.749030,21.059035
153.223311,9.065488,20.651608
153.463159,9.419979,20.295271
152.816272,9.531785,20.108725
152.087928,9.887944,19.932800
151.473694,9.969604,19.711490
148.861262,10.038572,20.097032
145.754718,9.935445,19.802802
143.839135,9.949959,19.736407
142.388081,10.355180,19.971033
140.436237,10.586167,19.390844
139.269595,10.857677,19.065910
137.791315,10.942892,18.894727
135.743743,11.176505,18.673070
135.719164,11.205251,18.679631
135.066605,11.114608,18.976169
134.060092,11.540446,18.744343
131.574509,11.627367,18.848049
131.606250,11.647532,18.848055
130.691654,11.748291,18.760396
128.971604,11.783531,18.901904
127.885330,11.990700,19.213140
127.099659,11.967516,19.120063
125.532918,12.032563,19.050577
124.237631,12.194897,19.189299
122.820822,12.083052,19.167925
121.757518,12.388700,19.302371
120.194068,12.636444,19.141121
119.712811,12.626595,18.526676
118.530389,12.477439,18.581339
117.901617,12.450303,18.656762
116.702870,12.715126,18.869689
115.208291,12.759367,18.632225
113.900213,12.738509,18.731480
113.194853,12.700006,18.548723
112.223636,12.943885,18.294082
111.850292,12.894396,18.406855
110.626121,13.396455,18.246623
109.862113,13.619010,18.280550
109.337834,13.699173,18.160685
108.268607,13.898448,18.076853
107.146021,13.927793,18.242051
106.325251,14.143712,18.014987
104.973367,14.162199,17.936246
104.195975,14.620279,17.730962
102.964402,14.937045,17.729711
101.695799,15.255838,17.763902
101.012675,15.372563,17.554781
99.877055,15.635269,17.592300
99.206538,15.825426,17.792687
97.457985,16.731313,17.718894
96.208659,17.513521,17.725290
95.831840,17.831968,17.047307
93.728364,19.004204,17.294442
93.425686,20.178424,16.430079
93.769964,21.035856,16.416305
94.264341,21.606101,16.042305
95.027360,22.017871,15.725316
95.882252,22.495217,15.527938
96.711244,22.546368,15.461070
97.465219,22.877581,15.490270
97.967694,23.014584,15.362079
98.716169,23.465365,15.241903
99.261950,23.571796,15.240770
100.361232,24.007570,15.057863
101.113524,24.434646,14.871919
102.245976,24.983534,14.548749
103.762388,25.614327,14.178574
104.175252,26.164468,13.997333
105.623880,27.023040,13.908855
105.932231,27.098872,13.880364
106.895699,27.801937,13.481052
107.706959,28.688443,13.423370
108.726035,29.485120,13.484245
110.483091,30.414035,13.055419
111.459852,30.753303,13.174810
112.826978,30.940398,13.045388
113.895516,31.205481,12.420580
115.684245,31.478642,12.331863
116.174687,31.496338,12.385968
117.165835,31.943171,12.269343
117.457798,31.998542,12.198131
119.200217,32.742016,12.219904
119.890173,33.664274,12.353872
121.368968,34.420584,12.591732
122.029370,34.995672,12.363863
123.619183,35.664132,12.000822
124.167386,37.460276,11.959968
125.117268,38.097752,11.703020
125.342999,38.484194,11.650250
127.360490,38.895071,11.682912
128.500449,39.178416,11.599352
128.516231,39.169999,11.598925
128.704229,39.378803,11.336898
129.769528,39.977628,11.050578
130.537191,40.463260,11.053652
130.687463,40.600786,11.242103
133.202468,41.499742,10.803347
134.084597,42.169098,10.662291
135.061854,43.002805,10.653551
137.452504,43.929348,10.868364
138.141182,44.719118,10.852190
138.860041,45.244686,10.778835
139.582560,46.079421,10.720171
141.039102,47.597678,10.586098
141.728810,48.134625,10.533003
143.134815,49.205629,10.416355
143.107099,49.242826,10.409929
143.471063,49.335598,10.423444
143.531609,49.371893,10.472177
143.381587,49.537477,10.420551
143.584744,49.726082,10.307726
144.558002,50.509274,9.869694
145.830225,52.661615,9.624010
146.590516,53.723939,9.646612
148.197582,55.606704,9.747241
149.414068,56.536414,9.790276
151.110174,58.164312,9.508451
152.049188,59.561301,9.034931
152.956256,60.286763,9.378057
154.019455,62.366702,9.552703
157.190844,63.638002,9.314941
158.380795,65.097529,9.283638
160.081350,66.838096,9.681458
160.189537,68.361510,9.791030
160.211447,69.850709,9.617021
161.208597,71.114318,9.760359
163.614519,72.289443,9.804499
165.363019,74.373056,10.327516
166.255397,76.118463,10.984307
166.314515,76.135861,10.989675
167.219726,77.708048,11.078469
168.234488,79.804749,11.252102
169.489171,83.660986,11.222887
169.449976,84.233316,11.369061
169.796436,84.805589,11.339472
172.353836,86.766996,11.680281
173.131302,87.294274,11.550850
174.658861,89.037209,11.459490
176.245655,91.016208,11.507518
176.633777,91.893905,11.464381
178.020973,93.324605,11.188154
177.673523,93.816714,11.242925
178.700733,95.876300,11.439480
178.419625,96.902330,11.949552
178.505679,97.467962,12.477534
179.472758,99.607854,13.880102
180.510728,100.971497,14.316397
181.391111,102.425374,14.452568
182.704722,103.970332,14.221930
183.947562,105.140574,14.603838
183.737139,105.760690,14.700554
185.633831,107.354882,14.577287
185.836827,107.815483,14.803913
186.636271,109.144604,14.736854
187.109495,109.112607,14.757700
188.607421,110.504973,14.886959
188.550953,112.341513,15.063821
189.193680,113.905244,15.284946
189.583472,114.750658,15.575704
190.599095,115.301444,16.072928
190.336279,115.671728,16.148267
190.382669,115.857608,16.083803
190.484967,116.141449,16.148923
191.936481,117.516388,17.134615
191.936131,117.517704,17.137645
191.531833,118.261640,17.817838
192.369756,118.806659,18.034485
193.171074,119.626351,18.071719
193.496211,120.805701,18.412434
193.701441,122.050721,18.739064
194.164387,122.787285,19.467144
194.683317,123.438144,19.392045
196.944301,124.649637,20.061079
198.287315,126.109706,19.979670
198.530696,126.843511,19.847162
198.970087,129.131571,20.464132
198.997662,129.168321,20.489642
200.511784,131.034903,20.629183
201.807753,133.733641,21.006007
202.244305,134.840939,20.995700
202.830907,135.760704,22.401131
203.347193,135.902825,22.127226
203.815938,137.630540,22.017304
204.073615,139.051135,22.238718
204.821749,139.840096,22.358408
204.844240,140.677401,22.411678
205.470649,141.309163,22.357001
205.993239,141.925242,22.377568
206.550051,142.974382,22.504184
206.776655,143.237845,22.357145
206.994020,144.041112,22.370873
207.338086,144.756948,22.135776
207.631775,145.612661,22.229475
207.954097,146.173320,22.365479
208.490806,146.890629,22.627675
209.008915,148.349711,22.864230
209.376199,149.105932,23.081430
210.165628,150.626649,23.338216
210.377915,152.759588,23.390887
210.110342,153.268299,23.299014
210.897743,154.294123,23.609312
211.343410,156.184957,23.993417
212.554856,158.161573,24.163068
212.772588,159.550415,24.426402
213.667466,160.796398,24.702455
214.154513,161.428644,24.917169
214.948105,162.247760,25.187309
214.824872,162.585677,25.365935
215.505058,164.271164,26.228668
215.751786,165.163561,26.450722
215.803167,165.334697,27.150194
215.986901,165.659756,27.066821
216.332199,166.299328,27.180053
216.331758,166.699176,27.026125
216.192108,167.224642,27.122338
217.470797,168.751111,27.554939
217.718245,170.043066,27.894096
217.223672,170.365251,27.964741
216.444190,172.152514,28.401326
216.910815,172.915963,28.561698
216.983267,173.304132,28.897007
217.018541,174.550849,28.961143
216.119307,175.333066,29.637150
216.026884,176.403823,30.209804
215.602482,178.518603,29.882161
216.018584,179.987436,30.459724
215.718939,180.203815,30.389595
215.093764,181.451950,29.941104
215.113101,182.588886,29.986900
215.325981,183.570456,29.931189
215.297206,184.133979,30.049204
214.760618,185.795788,30.043639
214.673372,187.003376,30.578488
214.395827,187.852367,30.519026
214.120743,188.055578,30.527149
213.555058,189.367845,30.669223
212.909166,190.833137,30.993330
212.766083,191.592029,31.256339
212.165282,192.205012,31.278861
211.626511,192.957964,31.203086
211.618323,193.530844,31.001828
211.515389,193.822605,30.909932
211.331075,194.051260,30.928273
210.580087,194.441844,31.466563
210.234405,195.205967,31.480934
209.440714,196.248579,31.417608
208.837222,196.487253,31.957527
208.974996,196.665461,31.858100
209.037687,197.253484,32.174733
209.146507,197.563856,32.855823
208.692112,198.142276,32.657041
208.358774,198.846224,32.587884
208.322530,199.464827,32.611883
207.731780,200.558979,32.914754
207.250967,201.370109,33.190249
206.967710,201.960171,33.277995
206.518127,202.541575,33.349437
206.833995,202.971556,33.761291
206.809266,203.772915,33.995003
205.434344,204.720443,34.336899
204.899011,205.317629,34.392712
204.134047,205.853684,34.270158
203.062978,206.206569,34.416525
202.654582,206.591721,34.971553
201.956852,207.202411,35.245297
201.547073,207.369953,35.499051
201.504009,207.350174,35.539062
200.511460,208.120585,35.371389
199.986464,208.553575,35.749405
199.064453,209.244206,35.872666
198.382032,209.631262,35.935659
197.818612,209.222531,36.475804
196.090372,209.403862,36.978694
195.094084,210.209126,37.210592
194.417454,210.893802,37.401348
192.966962,211.887221,37.220856
191.965085,212.264005,37.376151
190.377684,213.542218,37.537703
189.661162,213.761442,38.414425
188.353845,214.317491,38.698862
187.106948,215.046917,38.745603
187.157984,215.063412,38.897285
186.204919,215.827154,39.569777
185.658016,216.094624,39.704603
183.999420,217.195201,40.182105
183.930394,217.372499,40.388392
183.446735,217.544246,41.021362
182.308712,218.202964,40.444397
181.168141,218.699120,41.209121
180.749199,219.116104,40.885354
180.468669,219.951893,41.040328
179.944790,220.279172,41.214397
178.678097,220.795498,41.987240
176.836561,221.642976,43.209962
176.014783,221.907126,42.626804
174.457051,222.225466,42.339103
174.422498,222.223587,42.247406
173.143828,222.089824,42.730456
172.567052,221.956741,43.052502
172.528501,221.908086,43.011272
170.884749,221.198228,43.012748
170.861709,221.211202,43.013019
169.695470,221.287504,43.147960
168.493689,221.444571,43.560249
167.733150,221.163093,44.185796
166.184905,221.470105,45.064623
165.074713,222.021926,44.788885
164.559172,221.747154,44.653665
164.462397,221.799348,44.579790
164.086830,221.587944,44.392486
162.069271,221.654771,45.369404
162.060009,221.606798,45.441716
159.780986,221.908839,45.492908
155.928982,222.559149,47.177316
155.293945,222.527107,47.376795
154.463216,222.950958,47.747152
153.321736,223.118941,47.770983
152.833267,222.940279,48.281256
152.828474,222.943046,48.295774
151.288753,222.653841,48.888668
150.471352,222.403210,48.826993
150.088136,222.523450,48.668632
148.609388,222.758914,47.821258
147.416274,222.692347,47.633093
147.346741,222.752446,47.542828
146.676867,222.895970,47.046607
145.137364,222.686567,47.150246
144.259805,222.957134,47.448659
143.281589,222.899039,47.812049
140.724109,223.090936,47.630609
139.935278,222.818379,47.521207
138.704429,222.826901,47.181832
137.452614,223.034877,46.914394
135.030807,222.839121,47.646980
132.682876,222.404332,47.395164
131.491086,222.608810,47.962335
129.909354,222.526747,47.416862
128.856958,222.779000,47.564687
125.976203,221.491991,46.850492
123.907058,221.357154,46.837890
123.111302,221.157379,47.171683
119.624671,218.941074,49.272599
118.360013,219.074202,49.096480
114.025532,218.863359,49.666553
112.081448,218.589222,50.254798
110.870706,218.571603,50.629142
108.686896,218.210690,50.951933
104.544895,217.889676,51.827488
103.047112,217.963221,52.539218
101.748150,218.057368,52.457804
99.796453,218.630156,52.280010
99.227433,218.660396,52.480952
97.712214,219.178760,53.354738
96.484592,219.132723,53.290541
94.208927,219.795091,53.134613
92.081435,218.806933,52.287050
90.499404,218.361361,52.331909
88.512275,218.604227,52.972206
87.660060,218.868572,53.139182
84.427715,217.677367,53.496800
82.438669,216.552699,53.448150
81.639627,216.807593,53.494247
80.451182,216.830061,53.908952
78.918914,217.035619,53.693866
78.683321,217.235682,53.938890
76.258040,216.686214,54.280435
75.856497,216.490493,54.678925
74.523113,216.034361,54.834814
74.453081,216.055072,54.983288
72.207400,216.428073,55.198488
70.829724,215.921021,55.233613
69.937923,215.857511,55.412168
68.527854,215.650791,55.560782
67.776309,215.075708,55.695068
66.275332,214.797703,56.284263
64.715384,215.138344,56.432114
63.346477,215.481826,56.844064
61.342217,215.710170,58.040940
59.604805,216.609735,58.338173
58.300409,217.246700,58.421858
57.456251,217.571000,58.647995
56.387671,217.916854,58.143583
55.409963,217.923790,58.312410
53.851662,218.072943,58.717464
53.008667,217.951709,59.308821
51.530982,217.612796,59.423146
49.214721,216.785739,59.068039
48.499654,217.148970,59.589025
46.421470,217.857729,58.622342
45.827976,218.137285,58.545702
44.270592,217.376420,58.147654
42.793463,217.700324,58.801496
41.152329,217.203844,58.299439
39.849500,217.415287,58.588323
38.993691,218.045572,59.264845
37.354883,217.984973,59.234630
36.103757,218.040712,59.607466
35.753504,218.349145,59.596919
34.473606,217.850359,59.792422
33.635107,218.236529,60.369750
31.816046,218.562859,59.802220
31.716389,218.523412,59.860736
30.493426,218.342198,60.129062
29.574372,218.979373,60.379638
28.791414,219.101128,59.726651
28.418439,219.297738,59.124812
27.218404,219.641572,57.849418
26.213338,219.458233,56.955300
25.255231,219.695960,55.579132
24.671773,219.385295,54.704388
24.528424,219.309062,54.466089
24.379195,219.340778,53.925487
23.870448,218.998397,53.555173
22.845556,218.912572,52.366555
22.782402,219.200574,51.422332
22.225594,219.363323,51.070937
22.127869,219.141813,50.793430
21.844046,219.358177,50.561805
21.566776,219.436551,50.245998
21.237000,219.265883,49.823591
20.406630,219.630856,48.938917
20.153851,219.305629,48.536351
19.869344,218.916480,47.716560
19.154736,218.112367,46.745394
19.126273,217.863932,45.971711
18.667204,217.801508,44.960118
18.386132,217.185689,44.727636
18.235932,217.096095,44.441477
18.027321,216.634101,43.884340
17.902918,216.281348,43.232857
17.483047,215.901230,42.027650
17.336885,215.672505,41.633761
16.730782,215.981054,40.962383
16.598135,216.741841,39.674038
16.049393,217.147665,39.079133
16.105719,217.013723,38.623738
15.728613,216.872952,38.332646
15.486921,217.168729,38.096895
15.508288,217.073437,36.691127
15.295260,216.695725,36.202095
15.281698,216.625319,34.784440
15.281717,216.922259,34.359915
15.234080,216.813608,33.749769
14.706784,216.712358,33.326477
14.219025,216.271346,32.939587
14.200873,216.183509,32.348898
13.724001,215.930644,31.462234
13.537025,215.752897,30.598606
13.719348,215.381739,29.018068
12.831131,215.177792,28.093648
12.162535,215.568093,27.527464
12.256925,215.391012,26.938144
12.179894,215.757304,26.107174
12.094872,215.775454,25.495547
11.944374,216.097061,24.626542
11.873115,215.803103,23.153748
11.364895,215.564530,22.302943
11.358843,214.610013,21.359461
11.238082,215.504539,21.125343
11.203319,215.809092,20.708310
11.054322,215.867915,20.418941
11.048285,216.326368,19.963030
10.945065,216.423043,19.608346
10.898799,216.478002,19.416324
10.736909,216.886679,19.354959
10.642534,217.023709,19.215360
10.563433,217.120844,18.736490
10.341052,217.926600,18.435288
9.878373,218.351377,18.166913
9.709437,218.734036,18.141419
9.258459,218.694989,18.086306
9.135196,218.728736,17.990081
8.725362,219.054798,17.540043
8.535679,219.517821,17.313714
8.403189,219.924242,16.919690
8.352010,220.290597,16.749548
7.970953,220.640546,16.857984
7.907288,220.725175,16.587728
7.681714,220.949472,16.554735
7.572436,221.103970,16.448670
7.255035,221.244103,15.370193
7.164097,220.744955,15.409485
6.871260,220.180403,15.645400
6.644847,219.997229,15.818637
