1600
3
2.529077,254.904903,16.001096
3.048971,254.877176,22.022547
3.490880,254.721248,28.856479
4.977005,254.732700,38.322528
6.200468,254.585298,47.632916
8.218933,254.484972,57.171896
8.907778,254.211474,67.054534
10.268570,253.591243,79.533096
10.186503,253.544282,90.792504
14.236936,253.279811,104.554402
16.892519,253.213694,116.587528
19.393053,253.063434,127.523746
19.310588,253.133402,141.189691
17.567172,252.823893,156.029515
15.451720,252.526543,175.241444
13.650031,252.552273,196.409658
13.228679,252.112635,214.268709
13.645717,251.262020,228.750358
17.887059,250.298531,237.790297
26.352475,249.460942,241.802438
38.922558,248.809355,243.376989
57.616646,246.947155,243.376680
74.556034,244.145954,242.720787
92.949366,238.650166,240.336868
89.785103,229.145152,240.563838
86.784901,215.258160,243.233830
82.111709,196.780953,247.175109
69.888180,181.872730,249.290552
51.282449,163.519106,252.039313
32.792056,152.482046,252.259518
18.549263,140.081407,252.626255
13.339549,130.848601,253.305092
10.591689,119.725141,253.727128
8.783811,106.548195,253.917605
6.671467,92.858814,253.987625
6.740928,80.470538,254.128332
4.997073,68.190102,254.105671
3.015942,60.275414,254.385346
2.763199,52.411319,254.562212
1.880879,44.192234,254.542617
1.681309,254.911979,11.640692
1.950288,254.895129,15.812257
2.266287,254.804654,22.881359
3.482918,254.767129,32.693296
4.728375,254.683612,41.076360
6.601949,254.283306,53.520600
7.191313,253.896965,64.001202
8.034529,253.343847,76.563224
8.645197,252.991290,89.853734
11.967747,252.745116,103.810292
14.324707,252.618684,116.148495
16.581606,252.821488,127.555351
15.345766,252.420095,140.040086
16.092151,252.072915,154.994489
12.500780,251.932871,174.646087
11.019774,251.372717,194.467739
10.851055,251.338509,213.188734
10.663761,250.030339,228.664003
12.141191,248.780106,239.850954
20.762622,247.046579,242.805118
32.214176,245.824346,244.520235
52.248009,244.122877,244.347058
71.299263,240.942725,242.033459
84.898197,233.633483,241.162555
85.875118,225.786813,241.479968
84.103978,212.230828,243.864041
79.300630,193.487559,246.612269
69.556780,175.689006,249.317290
53.444926,160.619432,251.247856
36.966913,149.239620,251.795665
20.665140,137.557884,251.995353
14.722442,128.265220,252.654905
10.822268,116.533870,253.229081
7.918801,104.279558,253.344076
6.467573,90.321494,253.726132
5.730131,76.804279,253.899155
4.919034,64.581209,254.116527
2.618613,54.069526,254.329047
2.308275,45.494545,254.451914
1.350554,38.527000,254.533180
0.936834,254.900206,7.648215
1.114813,254.884728,11.120622
1.425637,254.824347,17.069069
2.594429,254.815681,25.577354
3.191055,254.350292,35.706900
4.658394,253.994814,48.035767
5.150638,253.092683,59.538571
5.856802,252.129928,72.253656
6.478017,251.389255,85.540506
8.669925,251.174444,99.826879
10.875809,250.822106,111.803353
12.045845,250.984486,125.480373
13.091295,250.045701,137.496659
12.369968,249.329486,151.715068
11.525308,248.988188,168.822780
10.986470,247.963262,189.321508
9.734669,248.756387,210.195880
10.311559,246.758842,226.034590
12.025667,244.997751,236.591862
16.208574,242.520881,241.906029
26.941051,240.975429,244.405755
47.440013,239.460288,243.414212
63.332600,237.231867,242.038927
73.188220,230.283907,241.121246
77.677863,220.509677,242.487558
78.944833,205.929582,243.998394
77.512116,184.760287,246.405271
64.000187,169.135765,249.051619
53.485712,155.710385,250.149870
37.737933,144.955455,250.906846
23.833517,133.985066,251.273268
16.858878,122.948548,251.699559
11.766337,111.947974,252.346365
9.266857,99.375308,252.593621
6.737042,82.661331,253.015897
5.797272,69.286324,253.523421
3.844788,55.648259,253.903688
2.190171,43.220968,254.381326
1.454924,35.224448,254.503849
0.976263,28.597065,254.563236
0.432052,254.923149,3.810364
0.572583,254.878396,6.071146
0.687586,254.836444,11.765362
1.373403,254.618151,18.999121
1.824858,254.105890,28.504597
2.998842,253.018296,42.515417
3.563926,251.674794,55.681089
3.835263,250.370741,67.322216
4.969310,249.624205,82.202149
5.645553,248.101262,96.372382
9.083138,247.786449,106.721530
9.450961,247.580677,119.955356
11.417756,246.272326,133.013048
12.560782,244.439239,147.234946
12.528906,243.403264,161.757259
11.890640,243.624981,181.660855
11.248374,242.754558,201.618637
11.016694,241.283852,217.686463
13.171858,239.120858,229.140898
16.364746,235.096371,236.560503
28.809240,232.019889,238.343687
41.187524,230.190614,239.964416
53.725108,225.751061,237.639440
60.875224,222.109773,239.636372
62.588214,215.142641,241.809574
66.994217,198.130177,243.878670
66.916024,179.799333,245.092586
59.876564,162.721308,246.569140
47.562959,149.757286,248.254401
38.527918,138.957191,248.584396
25.750137,128.177262,249.305019
18.459733,118.148602,250.112293
14.199380,103.564443,250.579930
10.174447,90.393341,251.511701
7.721317,72.456756,251.816195
5.241952,57.188370,252.879137
3.296290,44.846066,253.725497
1.971297,31.300900,254.401748
1.609104,25.028438,254.522588
0.675247,20.049293,254.722045
0.143341,254.910453,1.352891
0.253308,254.887303,2.869729
0.436726,254.797188,6.421735
0.813993,254.478730,12.969339
1.342973,253.501575,22.215101
2.086402,251.704021,34.680473
2.946140,249.453916,50.300798
3.207629,246.187156,61.787109
4.050043,242.831754,72.287014
5.467083,241.675101,85.729703
6.649645,240.936620,97.436316
9.159842,238.325792,109.721587
12.050499,238.731141,124.937710
13.938655,236.214765,138.699027
14.821368,235.900422,152.075999
13.310968,234.797498,168.782549
14.875261,234.122655,189.197640
14.637963,233.100666,205.922027
15.897395,229.245002,217.834288
19.987833,224.856429,223.206479
29.437856,220.541221,227.353014
37.483569,216.780521,228.621968
45.418854,212.945090,229.591242
50.222489,210.657732,232.009160
55.953365,202.939155,236.586336
55.684189,190.243579,238.519480
56.134601,171.440607,238.483232
47.897113,152.420296,241.376473
41.400371,140.910025,243.128036
32.675066,127.829572,244.694057
25.967963,117.544347,244.869775
18.818064,104.458478,245.615340
15.742101,88.828329,246.648974
10.894787,76.608763,247.478173
7.465034,60.054945,250.297855
4.812451,44.510134,252.581662
2.792248,30.083082,253.925415
1.847281,20.950311,254.358685
1.366976,15.169559,254.642042
0.530628,12.428555,254.734360
0.093851,254.923188,0.444315
0.139418,254.856516,0.838035
0.182800,254.591798,2.421681
0.379213,253.721880,6.621090
0.561254,251.699548,14.548069
1.107235,248.683671,26.420327
2.185289,244.479665,39.952177
3.568060,239.656818,54.877584
3.903942,236.555205,65.772762
5.414256,234.072579,75.688317
6.098709,232.753846,89.273233
8.831350,229.864618,101.013210
11.381127,227.478019,111.124411
13.789323,226.237297,125.514901
15.026067,223.550621,136.733988
16.200268,221.742053,148.122405
16.852164,218.922461,165.835103
17.417592,216.840668,184.553642
18.960095,212.650927,197.334208
23.973033,208.347846,205.599399
30.080936,205.490790,210.678014
32.438473,198.793364,212.208420
37.352658,195.990800,216.556044
42.116696,192.328106,220.445835
43.269899,182.854969,221.809992
44.682004,165.850356,221.808129
43.411610,152.830732,226.104146
40.049955,141.142891,230.176440
31.424038,126.380621,234.524023
26.193087,113.418117,236.443746
20.859306,103.176769,238.368519
19.628875,88.981121,239.665360
13.962397,74.793421,241.893423
11.510632,62.863517,244.682586
6.611129,44.264947,246.895775
3.889857,28.850604,251.946773
2.318883,16.271756,253.502050
1.512991,10.256346,254.183144
1.071208,8.233468,254.641326
0.292453,6.217860,254.756211
0.056993,254.937305,0.131003
0.123311,254.737464,0.364147
0.208143,254.118082,1.006459
0.416820,252.464306,2.954957
0.627836,249.619187,7.290669
0.966925,245.440979,15.803822
1.752746,238.519051,32.148685
2.293930,231.958882,43.422690
3.563241,229.630029,54.589180
4.006077,224.579327,66.425006
5.060612,220.214199,75.184562
7.735807,218.480346,88.497581
9.366256,216.885588,99.310106
11.964500,211.612396,110.166455
14.176485,208.524250,120.385066
15.857484,202.925995,128.843430
18.495915,201.242865,141.431948
22.008315,194.508579,156.190342
25.485106,192.487219,172.229539
26.458483,192.256982,184.803993
29.422158,186.853376,191.533765
31.863095,182.447868,195.111063
34.659929,178.864872,200.865275
37.539958,172.503753,203.391998
39.269163,157.465854,205.258736
37.896250,144.257742,206.394272
32.950612,137.565099,212.866908
27.940191,121.276028,215.747912
24.168640,107.346974,219.025662
21.077095,93.870707,225.936490
17.478715,81.896779,226.534777
14.389251,68.596856,228.870254
12.548789,58.104573,234.203733
9.095426,44.159326,239.498481
4.695372,27.163545,244.875518
3.137144,17.115614,248.809736
1.590441,9.265429,252.668856
1.154797,5.668112,254.022456
0.359647,3.326082,254.590835
0.169854,2.457166,254.789121
0.327145,254.749465,0.138841
0.313102,254.353507,0.249629
0.378358,253.101298,0.586657
0.522177,250.596664,1.760618
0.735907,245.971434,4.743989
1.122603,240.008307,10.718161
1.799531,230.143356,23.369576
2.068791,225.403103,33.839620
2.617507,218.762798,44.993547
2.895393,213.539785,53.188809
3.815709,209.062944,62.057020
5.374120,207.049050,71.865158
9.401298,199.272321,82.949929
10.585878,194.951404,95.041731
12.671362,190.706496,102.496963
15.107895,185.452173,110.545493
17.579955,179.936847,118.625154
23.425032,170.396555,132.142547
24.768869,167.343013,141.851083
32.827692,162.044642,152.203454
34.246730,160.187003,162.155661
37.615081,154.037931,164.768499
36.204877,149.923389,172.792900
35.326272,144.827138,181.030047
34.601079,138.665049,189.525498
32.860500,126.634539,192.444022
25.855905,113.183035,194.969789
21.367624,100.843424,201.083081
18.333888,89.239063,205.208167
15.645979,74.459931,209.629363
14.304376,62.910526,217.641642
11.581736,50.981453,220.791383
8.229286,39.584152,224.411341
5.312641,27.703425,230.533121
2.953717,15.377499,240.002188
1.312733,7.375625,245.701581
0.979362,4.551962,250.780461
0.495140,1.972520,253.530171
0.244686,1.260638,254.454226
0.094449,0.695318,254.753625
1.156824,254.413268,0.131607
1.016115,253.546100,0.161862
1.143633,251.137601,0.444272
1.121158,246.393335,1.034502
1.151626,240.592053,2.882201
1.027714,232.130014,6.940740
1.305909,222.707417,15.301057
1.665108,215.174959,25.409759
2.044264,208.894441,33.131413
2.192231,202.606453,41.113750
2.739620,197.158182,50.148043
5.144804,192.573085,58.784692
6.524617,185.368337,67.615235
8.554696,182.053047,79.642444
12.141852,176.910738,88.655662
13.992243,171.984330,97.419616
16.483947,165.201441,105.428860
22.205661,156.354528,116.982328
23.489141,149.766328,123.148678
29.060129,146.265197,134.075442
31.565648,142.659896,141.056308
35.565247,138.411124,147.169699
32.554891,133.172249,156.766844
30.154358,122.570465,160.795427
27.362509,111.677829,167.311499
23.903899,104.565573,174.581848
19.803654,91.874918,180.506718
17.157818,80.535638,187.452314
14.495751,68.609506,191.058637
12.389243,56.274453,196.375880
10.111534,43.641621,207.122504
8.311668,33.469596,211.998221
4.743688,25.367590,216.535780
2.555653,16.693792,225.261534
1.369789,9.059799,233.599829
0.774483,4.939817,242.639124
0.689518,2.204066,248.832785
0.346426,0.820680,252.444702
0.189102,0.346152,254.207881
0.103296,0.133345,254.829783
3.211317,253.809967,0.217792
3.001166,251.531784,0.245369
2.626496,247.591075,0.427034
2.540238,241.514847,0.847515
2.213572,234.056051,2.020407
1.850073,224.370167,4.843225
1.129612,213.969361,9.134749
1.571547,203.863718,16.946529
1.596463,197.708863,23.414662
1.485946,191.118679,28.256773
1.547771,185.322553,36.562750
2.544557,180.263249,43.393531
5.443254,175.167846,56.154777
7.006557,168.577148,63.883947
10.069667,162.673126,73.042765
11.241077,158.257338,82.144989
14.770371,151.273797,91.843339
19.246954,143.454867,103.773149
23.159163,138.380884,114.064615
26.181169,131.638523,117.986148
30.193311,128.883429,127.218268
29.032869,123.353026,132.807430
28.250059,116.436463,140.969371
25.534775,107.520810,149.467054
23.561126,93.435527,153.726250
20.410991,84.048052,160.344614
16.281885,75.234704,165.707965
10.218566,61.163742,173.144388
9.124888,53.154465,178.794258
7.362331,43.333490,185.941888
6.125283,31.932060,196.641259
4.210838,22.966636,204.821735
3.090624,17.155173,211.780920
1.622385,11.657033,219.913468
0.769958,5.752526,230.697362
0.348262,2.274610,238.926692
0.406221,0.863883,246.428814
0.401654,0.475594,251.208868
0.380450,0.194702,253.586221
0.419138,0.165102,254.513891
7.916799,252.987330,0.420062
7.165626,249.161835,0.440838
6.059470,243.965368,0.384857
4.666045,236.302197,0.775119
3.825846,226.011338,1.701162
2.981930,215.874125,2.839703
2.361489,205.358973,6.124189
2.257816,195.547111,10.606399
1.897198,191.213636,15.893428
1.658180,186.071319,21.812065
1.671602,179.595828,28.607147
2.468282,173.106261,35.059200
4.534767,165.997562,45.829636
5.796779,160.184479,55.120830
8.801869,153.902474,62.118414
9.111630,146.582039,68.507097
11.768338,139.673478,80.483880
16.238934,132.090352,91.495774
20.277447,123.146742,100.573281
22.706655,118.868603,105.475793
25.397414,113.463050,111.545832
25.090678,106.934253,117.065465
24.217492,95.823958,122.706900
21.094166,87.754616,131.413860
19.785526,80.390484,142.085785
15.910905,69.816814,149.487536
12.334810,60.039694,157.205072
8.552982,49.288696,163.471817
6.331208,40.457363,169.400719
5.369649,33.742554,178.449060
3.231248,22.305700,189.220639
2.485782,15.482767,197.645703
1.907945,11.058382,203.358961
1.382088,6.869879,214.129804
0.819922,3.672102,224.752198
0.829996,1.395303,235.161022
0.997204,0.660493,243.236432
1.465515,0.331090,249.786921
1.763061,0.199051,252.464793
2.068955,0.193250,253.925055
12.690028,250.931369,1.133326
11.895660,246.755137,1.031478
9.457116,239.853223,0.782891
7.851664,230.439725,0.882954
5.483579,219.007165,1.505587
4.216584,208.057590,2.517924
3.369516,198.861511,4.012313
2.538257,191.024346,7.092357
2.517440,185.770494,10.621088
1.984766,178.570779,14.019445
1.399487,169.374844,19.471787
1.287965,162.359302,23.196429
3.210749,156.244432,30.315640
3.744931,149.336876,39.206767
6.805810,143.990694,51.090254
7.899885,137.389642,57.472691
9.469335,126.434233,64.647978
12.911638,116.428840,76.223118
16.821255,108.646134,84.424610
21.398407,103.262982,91.066943
22.422600,98.781391,96.514671
20.750494,90.904252,104.654053
18.613265,80.388975,110.404770
17.277178,72.742560,118.284983
14.257497,63.158504,124.491073
10.648209,53.930403,136.680048
7.884000,45.243852,144.050187
5.341973,37.266245,152.320635
5.002440,30.916700,159.441469
3.579120,23.258490,169.288530
2.414887,14.205327,180.245299
2.115599,10.558615,189.517504
2.512358,7.645642,198.712313
2.260762,4.491082,206.934965
2.115496,2.347294,218.289094
2.356988,1.243337,230.996760
3.195312,0.511103,240.459815
4.661443,0.299746,247.322967
5.506134,0.321801,251.218430
6.016792,0.362273,253.468455
19.135684,248.428546,1.687408
17.662891,243.491058,1.614615
15.000664,235.881293,1.348770
11.910459,224.383746,1.483101
8.521262,212.005555,1.862169
6.100020,201.245962,2.645924
4.650709,194.314243,2.954391
3.009660,187.500154,5.043279
2.597213,179.809358,6.744362
1.919090,172.625162,9.404569
1.527608,162.808022,12.238858
1.019227,156.205804,16.928778
1.779200,149.969728,21.181405
2.661944,141.105390,29.600936
5.005603,133.709850,37.368055
6.991879,123.058664,45.464034
8.034544,111.033848,51.766454
10.154331,101.192888,57.570860
13.706879,94.742559,68.253506
16.810061,90.643566,75.664268
18.163486,80.964745,81.641250
16.334103,71.289726,88.159248
13.811283,65.708623,96.949508
12.588950,57.949013,105.874474
9.611198,49.368107,113.255019
6.667825,38.464799,123.214229
5.431107,33.185916,130.347877
4.438217,26.992618,141.702521
3.467978,21.853623,150.735585
2.925893,14.542380,161.142982
2.712166,10.251095,174.325435
2.642373,7.020778,182.057612
3.172567,3.671090,192.421004
3.901803,3.048573,201.975301
5.132340,2.082956,211.850731
6.023648,1.676103,223.236838
9.646453,0.965726,237.801588
10.785049,0.747702,245.162178
12.205578,0.730232,249.989448
13.386024,0.770305,253.034479
28.792299,247.033772,2.600412
26.268220,240.238838,2.404457
22.758515,231.314188,2.075754
19.047368,219.774698,1.932367
12.668902,208.326533,2.279610
8.602218,198.095000,2.329471
6.068148,191.945676,2.588150
3.674643,181.532850,3.117841
2.772614,174.671864,4.517938
2.385101,165.940978,6.098588
1.700656,157.489342,8.210331
1.321556,150.336485,11.352718
1.390867,141.704845,15.088983
2.087265,133.072134,19.773969
3.134681,123.100372,26.446967
6.015210,112.755471,33.093008
7.276956,102.320399,40.885299
8.125429,89.748096,46.329194
9.583411,80.676984,52.629399
11.712896,72.826652,60.215311
13.585321,62.071126,64.723013
12.144411,55.826740,70.669605
10.753731,48.901862,80.650380
8.555021,41.624815,91.110074
6.514059,37.110707,103.332104
5.421407,30.395753,112.983935
4.397635,24.405665,122.222489
3.127273,19.731397,131.691130
3.057892,14.274416,141.402310
3.295190,9.957867,153.700335
3.292790,5.894388,165.474602
4.151476,4.258292,176.944651
5.624412,2.801029,186.316569
7.026547,2.723750,197.353349
9.540834,2.448425,207.799029
13.659131,1.897612,220.527390
17.978823,1.490473,234.969956
21.467864,1.173965,244.238742
24.031279,1.197382,249.454008
24.825824,1.183511,252.906603
36.484383,243.042057,4.460916
34.738938,237.296421,4.262348
29.304773,227.876850,3.129100
25.350964,220.084425,2.709667
17.376016,206.806380,2.395374
12.920442,195.688393,2.343416
9.386958,187.175567,2.004995
6.082660,177.510006,2.530317
4.219468,168.433939,2.579541
3.297301,159.504383,3.698346
2.528341,152.745808,4.710640
1.706559,144.520121,7.212362
1.288368,136.175855,9.698640
1.785157,126.708918,13.340984
2.648308,116.042703,18.485530
4.526401,101.899875,23.767204
6.507565,89.445813,28.592235
7.270303,72.590754,33.245061
7.813659,63.296322,36.906096
8.657348,50.382102,38.965859
8.664114,41.743719,46.641908
8.530655,36.515908,53.347127
7.206430,32.282652,64.107009
6.176820,27.562135,74.848881
4.472156,22.281645,88.229574
3.860604,19.164556,99.597687
3.281501,15.885693,111.117273
3.348100,12.846817,121.572504
3.311329,9.380475,136.864586
3.727664,6.349966,145.957816
4.984286,5.070015,158.640213
6.911578,3.391350,171.188562
8.527492,2.991637,181.567833
10.833868,2.916741,193.153582
15.568092,2.244291,206.389551
21.613236,2.278409,218.413246
29.247546,1.919871,232.155685
32.084168,2.034827,243.278130
35.649303,2.368091,248.444260
37.060198,2.241931,251.508901
45.283790,241.792066,5.888954
41.597957,236.488932,4.968439
36.088513,229.098346,4.673089
30.230409,219.307848,3.925239
23.486616,205.283947,2.878660
17.607746,194.513852,2.387746
13.837257,186.055218,2.178674
9.332777,174.216570,1.774740
6.863905,162.824545,1.817501
4.949411,155.177458,2.099739
4.120801,147.184193,2.721983
3.215505,139.038907,3.905895
2.277245,130.042641,5.832962
2.442908,118.767697,7.938608
2.984748,104.900016,11.304313
3.003834,87.900453,13.848099
4.512477,75.327079,16.315060
5.742291,58.261263,21.673459
5.933436,44.885915,23.489755
6.576732,33.288631,25.357983
6.298039,26.394729,30.273083
5.100685,22.331782,37.461243
5.185206,20.144070,50.066762
3.995671,17.021091,62.611195
3.130124,13.215380,74.579664
3.121732,12.603581,88.206918
3.651626,10.048320,101.129085
3.804440,8.448287,113.538666
4.610112,5.817651,125.368472
6.118427,4.853172,140.484439
7.438206,4.191576,150.366901
11.278985,3.384859,164.433473
14.416209,3.176378,175.596754
18.171271,2.552848,188.781471
25.446961,3.029246,207.368418
34.108702,2.443380,221.062878
40.489992,2.976028,232.318341
45.277843,3.661637,241.545340
48.314809,3.906708,247.479526
49.756872,4.114689,250.146474
54.095101,243.254306,9.137480
51.450716,239.180786,7.382750
45.096438,230.937385,5.717840
37.674311,217.758612,4.655117
30.903818,206.129635,3.915694
24.504512,194.812385,2.826139
18.891291,182.248140,2.454175
14.016352,170.664320,2.145928
10.677881,160.122831,2.107325
8.694927,150.588473,2.000629
7.275712,142.409110,2.138441
5.771426,134.383353,2.402066
4.347444,123.792470,3.886948
3.381623,110.945857,5.195363
3.171909,95.660920,6.763911
3.050842,80.085341,8.993450
2.877242,64.433932,9.825476
3.826701,43.613548,11.972795
4.141643,30.691015,13.239553
4.426976,22.580369,15.004345
3.933826,15.399073,19.033874
3.748821,12.313542,26.276976
3.288203,10.890232,35.240509
2.646082,8.561986,48.598451
2.891946,7.290253,65.105629
3.658005,6.696072,77.432812
5.100913,6.179847,92.094087
5.960273,5.181992,104.715572
7.695012,3.957046,118.634332
9.528646,4.006052,131.705757
13.174198,3.718284,146.774608
15.735348,3.671913,160.048642
20.006919,3.558604,170.024439
30.719255,3.718523,188.858543
39.309483,4.205431,203.775104
48.005762,4.153230,218.951840
55.390001,4.797658,232.382139
58.933631,4.985610,241.773458
60.866229,4.957786,247.246712
60.643366,4.670774,250.379604
64.034275,244.141573,10.157413
60.739395,239.293455,9.717596
56.993337,232.049851,8.837215
48.201863,219.334913,6.528663
39.286040,206.811181,5.349769
32.656924,194.678442,4.611075
27.372283,181.965610,3.781662
20.621859,168.682849,2.904099
15.583644,156.232846,2.209439
13.165686,147.221194,2.349723
11.140135,138.290412,2.356250
10.101442,129.588609,2.077713
8.282117,117.969371,2.693445
6.854014,103.373001,3.575796
5.634810,86.931472,4.615926
4.907453,73.144205,5.470034
4.223487,54.750104,6.435693
4.144624,35.800946,6.814967
3.915550,23.750457,8.552707
4.259240,15.365974,9.283672
4.029411,9.706944,12.687891
3.936615,7.721583,18.307061
3.532060,6.108758,28.505881
3.799455,4.418707,39.376755
4.260338,4.041438,54.234345
5.491290,3.894544,69.579898
7.313803,4.596368,81.892145
9.690927,3.845074,97.286276
12.901983,3.330571,111.505833
15.597646,3.632129,127.012492
21.194200,4.050452,139.134756
25.663844,3.923561,154.526208
31.753015,3.960199,169.792987
42.160806,4.311109,191.062953
51.747925,5.398016,206.256046
59.845424,6.107251,219.566520
67.176460,5.466479,234.218253
70.131253,5.540922,241.434602
71.318331,5.771800,246.178414
72.807598,5.876596,249.858872
74.013092,244.741879,12.702641
70.508651,240.551403,12.724666
67.043586,233.453586,12.928761
60.650474,223.598674,9.336791
52.457226,209.126752,8.241959
44.455961,192.232920,6.825062
38.446169,182.762531,5.824319
32.452384,168.820043,3.818341
26.197655,154.087944,3.004173
21.985804,143.546284,2.638803
18.605128,133.157303,2.598898
15.836953,123.018104,2.554482
14.203337,111.187868,2.398253
13.199844,94.632266,2.213861
10.627107,80.701358,2.813532
8.364079,63.143540,3.276113
6.349071,43.858830,3.668908
6.104699,29.537245,4.468545
5.156422,17.666381,4.696973
4.738001,10.389184,5.301426
4.552610,5.701147,7.994925
5.016387,4.002629,12.187851
5.703446,3.144385,20.413009
5.979335,2.893136,32.389007
7.562562,2.381205,45.663962
9.447331,2.702484,60.508361
14.012403,2.470764,76.402101
17.381229,2.831931,90.650959
22.650201,3.582722,105.684462
27.356543,3.850031,119.934156
32.584631,4.393297,134.158146
39.114243,4.726554,152.782958
47.187325,4.447508,166.551178
54.911232,5.492444,188.858371
61.589153,6.327105,206.840427
71.031503,7.087879,222.686746
75.477650,6.654676,232.372023
79.079039,6.306879,241.412582
79.958566,6.413963,246.009230
80.898068,6.413233,250.139450
85.025766,246.044112,16.865213
82.674421,242.370135,18.330841
78.946162,236.637545,16.432693
71.724661,223.096492,13.971673
65.014254,208.342736,10.767998
57.425222,193.923342,8.212894
51.470332,182.505832,7.376962
44.028422,167.328220,5.959007
38.547541,152.602371,4.376705
34.762758,140.981032,4.139636
31.303947,128.307852,3.111622
27.551951,117.421978,2.852188
23.392656,103.636414,2.892311
20.612830,91.359271,2.788944
19.159025,75.875051,2.365142
15.187347,56.084087,2.442846
12.054408,36.646985,2.356318
10.521437,23.279540,2.739242
8.002196,13.263662,3.052002
6.845368,6.794456,3.467489
5.242032,3.256643,3.995288
6.488894,2.803314,8.923021
8.036191,2.389046,16.022275
9.945459,2.047933,27.354257
12.538483,1.909206,41.172893
17.594624,1.995177,56.531003
21.866366,2.269381,73.935751
27.419065,2.690173,88.565198
33.551298,3.700058,101.158274
39.280875,4.259332,116.707414
47.713879,5.682438,131.884358
54.337633,5.432959,147.952835
62.474915,5.572963,167.607254
66.835313,5.848925,185.056233
73.931096,7.061774,205.884233
78.572842,7.133278,221.531552
84.971088,7.570110,232.957797
85.521767,7.865579,241.746834
86.991651,8.257311,245.363814
88.411412,8.293450,249.192771
96.487600,246.433428,20.265174
94.456846,243.255403,20.384521
92.394860,237.737650,19.382107
88.180989,227.707981,16.920651
81.535295,210.734978,12.517434
73.785350,196.213195,10.572278
66.941797,182.930932,9.403449
60.269698,167.704673,8.658351
51.488375,148.979218,5.835802
48.595704,137.088972,5.539587
45.458956,124.919863,4.668711
42.297396,110.738703,3.696986
38.316754,100.898219,3.292775
32.608104,85.600342,2.856489
29.288242,69.226373,2.030560
23.377446,50.606270,2.203208
17.774349,30.307623,2.052158
16.012633,21.535237,2.107782
13.787744,11.311344,2.263575
11.192445,5.804784,2.871432
11.064260,3.265728,3.635009
11.127744,2.282008,7.358315
13.111204,2.212547,13.308537
15.779912,1.883617,23.580536
21.144557,1.669929,38.273243
24.996066,2.218242,54.441922
33.550402,2.474589,69.396105
39.863363,3.351328,86.882986
46.847437,4.634309,100.890156
51.161603,5.881157,111.478786
60.533602,6.802056,129.939703
65.944478,7.028474,147.093978
72.376288,6.816320,161.342134
76.127283,7.332515,181.995412
81.922510,7.656368,202.608115
89.933045,8.317365,220.815291
91.333318,7.888176,232.311575
94.797628,9.157752,241.339629
95.620928,8.680735,245.672539
96.524250,8.394100,248.920957
107.346253,247.295988,19.356997
107.530203,244.680291,21.069062
106.074200,238.270094,20.601837
103.040554,228.106903,19.240974
98.206261,212.497177,15.268093
89.642700,197.769008,13.117041
81.311786,183.500946,11.814434
75.415079,164.152771,11.519243
69.179232,150.538251,9.157565
63.446655,134.022613,7.250896
59.938472,122.364575,6.850422
56.029813,108.834388,5.042898
51.060052,98.823365,4.630706
46.284681,83.760212,3.492467
41.103088,65.300904,2.402382
36.273724,49.053131,1.918540
29.404774,30.590599,1.836302
24.528918,18.520428,2.140564
22.577679,10.805861,2.082436
20.624570,6.190805,1.998480
19.546201,2.831954,3.394902
20.646757,2.247377,5.827293
21.964503,1.947252,12.562084
25.473369,1.895616,21.209850
30.521616,1.947726,34.574417
39.998968,2.462257,51.325173
46.799886,3.769165,68.705437
53.427516,4.491005,85.876570
58.587760,5.420493,97.904674
67.765820,6.921076,114.117118
71.883512,7.808695,127.693420
77.678121,8.861292,145.761023
80.499954,8.524923,157.707913
88.163539,8.730443,178.240060
92.948699,9.254570,202.384313
97.101022,9.311723,220.209437
99.878353,8.892639,231.135272
103.536512,9.652697,240.905381
104.829117,10.674234,245.900665
106.832231,11.233315,248.791471
119.060262,247.223764,21.576546
118.572259,244.126125,20.497822
119.899716,237.856199,20.353880
115.962212,229.080690,17.740424
110.424131,215.636297,17.070330
103.257822,199.808515,13.656821
97.484782,183.005583,12.535922
89.274481,166.643451,13.121406
82.573971,148.888296,10.110402
79.728896,132.264730,9.665104
74.938444,120.378377,7.989913
71.026052,108.350891,7.244871
66.270902,98.310564,5.700852
60.919203,81.583633,5.351533
56.583131,65.106600,3.581612
49.077070,45.888392,2.460576
44.924356,31.030354,1.963124
35.697512,18.813121,2.078766
34.757167,11.081558,2.001553
34.497253,5.804688,2.205105
33.125163,2.974426,3.352619
33.353364,2.169188,6.124090
34.980207,1.924282,11.640354
37.624007,2.171188,20.837224
45.260303,2.509938,36.243962
51.072012,3.781878,51.372483
58.135501,4.210622,69.009427
69.075014,5.802629,87.601924
73.614405,6.652662,99.467844
77.889830,8.000122,110.345306
82.331363,9.311435,125.544592
85.759928,9.232559,141.841567
88.849149,9.205184,155.607171
97.305762,9.680079,175.023936
103.470833,10.195428,197.448993
106.827171,9.812797,214.299091
108.522916,9.949019,230.342872
114.502686,10.485007,240.733520
117.413632,12.327496,247.159203
119.437299,11.590710,249.754924
130.132254,247.571447,19.973968
130.510079,243.244373,19.072570
128.095762,237.498101,17.629929
127.106361,229.877620,18.509095
123.822985,215.067338,17.599043
119.263686,202.110928,16.323750
112.957056,183.122836,16.009392
107.120306,167.872096,15.191561
99.696479,149.758584,12.739649
90.477974,132.156942,10.471031
86.224131,122.078253,8.672050
81.457495,108.271585,7.652169
77.748465,97.676075,7.161451
74.201669,82.211408,5.999313
72.212726,65.836080,5.157806
64.671441,45.254842,3.402326
58.275765,31.566607,2.367673
55.703418,21.143792,1.932744
51.736464,11.667228,1.965465
48.986098,6.158273,2.178351
48.931199,3.217098,2.762716
48.882163,2.570986,6.180589
52.061676,1.861588,12.266011
55.117877,2.140260,21.855762
59.816832,3.179861,34.938289
66.576782,4.041700,49.681885
75.577407,5.322746,70.658628
81.420808,6.618566,87.578686
86.685617,8.108017,100.426759
90.445021,10.357100,109.659204
94.381888,10.551722,121.855993
99.208351,10.139466,139.423793
102.256891,10.189527,155.025282
108.432482,10.450212,174.488368
115.867195,11.226977,194.475656
120.520637,10.705152,213.732753
125.929059,11.523343,231.264538
128.713771,11.295438,239.711905
129.761876,11.957410,247.116682
130.892090,10.904386,249.955810
140.356897,248.015794,17.158203
140.749969,243.896428,17.030609
139.458613,236.989860,18.202669
138.324776,228.087060,20.569182
134.525384,217.095918,20.149328
129.076919,200.721136,18.505616
125.052063,184.983717,18.545856
118.497458,167.225341,17.835544
112.618304,153.002856,16.179067
103.750793,133.932593,12.713274
100.470792,123.035527,11.228119
94.478703,109.926504,9.500266
92.396831,94.402202,7.588218
88.784663,81.401350,6.874304
86.702013,65.696655,5.452382
80.337603,49.312513,4.106400
73.779565,32.217291,2.290226
71.032966,22.074706,2.231075
69.031681,12.407756,2.140576
67.171712,6.479289,2.475786
66.579395,3.635844,3.669013
67.723142,2.941257,6.981159
70.955104,2.266110,13.620419
72.927171,2.313532,21.423073
75.675124,3.028846,34.839740
84.948604,5.081475,52.627744
91.281559,5.730635,69.905831
95.704282,8.268263,87.131264
99.574730,8.948628,100.606208
104.747132,9.992694,109.177323
111.070143,12.250919,122.747498
116.917969,13.303948,138.597789
121.084003,13.250787,153.583819
124.020976,11.076534,173.011782
130.220494,11.585655,193.387035
134.935050,11.120319,214.712767
140.180333,11.278077,229.446017
141.768229,11.953626,239.578356
142.418696,11.424557,245.982716
142.532164,12.570917,249.924924
151.004695,248.056499,16.620208
149.636555,242.789168,17.200238
150.987603,236.239586,17.914685
149.316923,228.586848,19.921939
146.840535,217.621951,20.328345
142.834970,199.807766,21.498919
134.873452,183.298851,18.871921
131.265159,168.825075,18.480257
126.054325,154.657275,17.055623
117.783353,135.760309,14.779680
112.303851,122.474927,12.833123
108.880447,108.647273,12.439149
104.940512,93.845552,8.800350
102.852092,81.293007,7.757555
99.346167,67.444158,5.985869
96.125484,50.978023,4.593193
90.364765,34.508071,2.592951
87.120604,23.027849,2.229692
85.391534,12.425747,2.216945
85.387794,7.209689,2.537263
87.676601,4.043288,3.501839
87.983784,3.111647,7.354608
88.281555,2.549205,13.004616
90.597584,2.283608,19.806525
95.817846,3.543740,34.157883
100.955801,5.437713,52.832146
105.496790,7.236102,69.600594
111.878164,8.831860,85.931116
116.492770,10.702507,100.626644
120.406377,12.100098,110.796536
124.816632,14.096574,125.429921
130.596096,15.055722,139.344685
134.175676,16.552953,152.962319
142.528791,15.078154,172.385998
144.806575,13.378774,192.258473
149.413679,12.438765,213.425466
148.674842,12.605286,227.235939
152.936559,11.065000,239.267718
155.368461,12.031892,246.027173
157.423588,12.039494,250.487419
163.650757,247.840286,20.445058
161.938987,242.981277,23.211173
159.577742,234.658603,22.684625
158.542962,227.807417,23.547286
154.473775,217.681942,24.335350
150.489305,200.846249,24.189489
145.109417,184.127061,21.079293
138.553019,168.015667,19.680358
135.406518,154.084891,19.899687
130.197537,140.393109,18.183500
123.487224,123.195302,13.779603
121.362225,108.434361,12.298416
119.459649,94.580148,10.760173
116.170269,80.405008,8.156506
112.896263,67.713504,7.214743
109.361635,51.207531,4.889399
105.724596,35.699251,3.111309
103.931177,23.517385,2.592316
101.600095,12.251841,2.635488
100.997893,5.710304,2.665706
103.470786,3.880511,3.797847
103.894353,2.714410,6.904432
104.606245,2.358957,13.221141
109.884855,2.811996,21.135944
112.721880,3.781990,34.024317
116.728750,5.641278,50.464172
120.789039,7.183367,69.348301
127.368468,10.209959,86.666458
129.009154,12.042458,100.204401
132.844827,15.107933,112.696350
137.922175,17.702265,125.249592
140.173732,18.161701,138.999296
146.087443,18.733290,154.931218
150.272902,16.760044,171.161534
156.166919,15.994549,189.634258
157.266212,14.508650,208.027766
164.732156,12.044377,226.594238
168.140922,10.824208,240.335292
170.347653,11.656235,247.243779
171.183168,10.341123,250.657638
170.246863,247.744904,28.289079
168.488867,242.679673,28.298035
165.665430,235.488142,30.332563
163.221931,227.793613,33.369299
160.824725,217.756529,34.356205
156.935189,198.152652,32.616796
154.765884,185.951829,26.821052
148.712190,170.048164,23.170833
142.096481,153.170832,24.521072
140.475728,139.858816,22.006385
135.405287,122.808451,14.880036
132.961254,105.201524,13.142488
132.089129,94.110855,11.201351
127.397913,81.908232,9.230221
124.701675,67.483847,7.438787
121.741272,52.974360,4.571081
118.955293,34.906718,3.429416
120.054762,22.845144,3.208052
119.992937,13.489883,2.815600
118.232087,6.534434,3.122289
117.372670,3.512976,4.286158
119.100616,2.872971,8.110194
123.601789,2.943919,13.205544
123.835940,2.831799,21.201035
125.227544,3.910274,32.643326
129.494564,5.901783,50.842622
134.792342,8.880296,68.779743
137.690841,12.245061,88.047898
140.510300,12.984146,99.706625
144.221845,16.048618,112.523318
146.129499,17.185792,125.551402
150.485441,18.191334,140.128902
156.726252,19.875800,156.652211
162.715380,19.063852,170.836203
167.290339,18.225745,186.933597
172.842005,15.325379,206.239278
182.192548,11.668828,230.927685
184.982100,11.688488,239.767395
185.242416,11.596173,246.596699
184.662768,11.045243,250.096171
179.364962,247.690886,29.563117
174.793747,243.391960,35.507919
172.269389,236.381120,39.923800
169.911393,228.827620,48.211966
166.361388,215.248664,47.374018
161.465251,200.919911,42.948285
159.954302,185.516802,36.838261
156.473473,166.959560,30.622068
152.441861,152.068502,26.935971
148.650822,136.108589,23.205959
146.481806,120.427860,19.212150
143.487943,105.862472,15.286809
141.637114,94.273304,11.456165
139.018790,81.453107,9.768786
138.228194,71.209873,6.896304
136.134033,49.590489,3.950490
137.349368,34.683800,3.631433
135.574062,22.559246,3.317126
132.333774,12.962681,3.221499
133.417190,6.662981,3.161011
132.961497,3.352250,4.265177
134.883772,3.002505,7.729628
134.927201,2.797542,13.623969
136.048374,2.886593,19.992267
139.605533,3.827992,34.762422
141.911598,6.278593,48.847935
147.770108,8.061201,70.528143
149.543595,12.523383,84.967341
151.585985,14.118449,99.846136
154.152476,16.224500,111.754305
158.163367,18.053946,123.045904
164.770119,20.437609,142.775170
170.085438,19.391113,158.680340
177.957369,19.174891,175.082540
185.676635,17.745136,189.770153
195.806750,14.889233,210.878438
200.739297,11.661464,229.765596
202.103173,10.292412,240.963233
201.479200,10.346318,247.253035
200.606783,10.109689,250.131674
187.960041,248.381801,40.617472
185.351966,244.738266,48.303216
182.795213,238.441261,60.166398
179.069361,229.014840,67.506383
175.017837,217.951943,62.153422
169.188139,200.722551,56.068037
168.308333,183.847473,47.094774
167.218851,165.162868,34.695176
164.383472,152.132218,29.229281
160.885539,133.756359,23.788753
159.101324,118.895262,19.946650
156.549511,105.425425,16.248749
153.766650,93.158637,12.685259
150.365271,81.288695,9.820052
152.072534,67.058289,6.120068
151.201111,49.730895,4.223853
148.356444,34.220798,3.189192
145.945477,22.367851,2.836725
149.090937,11.648918,2.929600
148.133610,6.355390,3.378195
148.496827,3.515522,4.590600
149.104915,2.883644,7.544685
148.677482,2.620475,12.411078
148.553442,2.818212,19.363395
150.916332,4.205399,32.845084
154.090945,5.114741,49.378536
157.462870,8.754488,69.529797
160.926565,11.530253,84.607929
162.199265,13.659698,97.991873
166.167669,16.119515,114.112572
171.976757,18.079735,126.399362
178.622210,18.006248,143.464938
186.208096,18.727493,163.243701
191.020549,17.836344,175.600058
199.648808,15.498144,193.670972
209.195114,13.192478,212.684750
216.353897,10.604740,229.576016
217.716372,9.766137,239.632943
218.935484,9.008463,246.880022
215.934558,10.157165,250.183980
201.012862,248.125551,52.654610
199.874755,245.050699,64.575379
196.700382,238.592474,74.084486
192.366913,229.659007,77.579056
188.281993,218.999805,76.935218
185.649890,202.121088,69.127821
182.406183,181.282040,54.452027
180.265860,165.370059,42.087429
175.399510,145.446774,33.612678
174.179198,131.848228,27.474486
171.606041,118.585600,20.282218
169.866444,106.147854,16.948352
165.682040,92.949772,12.887485
165.913949,79.084720,9.787400
163.976912,63.373074,6.441515
164.945196,47.704076,4.515710
163.674010,35.626490,3.449213
162.072250,19.980229,2.491412
161.507476,11.235971,2.595410
160.668390,6.138387,3.760113
160.606824,3.184912,4.772571
160.304443,2.830721,7.154959
161.362735,2.427479,12.426539
164.088021,2.663683,19.616318
166.464131,3.710142,34.002024
168.500982,5.415108,46.424760
170.237061,7.422649,67.015406
171.411594,10.183738,82.486196
173.601194,13.665825,97.377885
180.000280,15.445095,113.570564
187.290569,15.681181,129.551460
194.506937,16.008683,144.670470
199.043570,15.577807,164.034920
205.185676,13.928341,178.372730
214.466747,12.058362,198.569963
224.010183,10.189314,218.222053
228.027447,10.373699,229.871225
231.107403,9.562177,239.870648
229.305088,10.018821,246.414598
227.011992,11.181409,250.127522
210.219635,247.271074,62.228683
209.321759,243.949838,70.138273
206.256566,239.095238,78.799743
203.590487,231.819150,86.719877
202.031487,216.930746,81.430929
199.966248,199.957520,74.547147
196.553964,181.229344,61.593512
194.298171,164.001962,47.755880
189.589364,143.289708,35.837712
184.573750,128.915182,29.321068
185.015512,117.874944,23.111629
180.845786,105.471295,19.164916
179.672297,92.929405,14.547458
178.208625,76.853154,11.288427
179.574871,62.795985,7.647639
178.257219,48.205056,5.317414
178.313868,33.439749,3.758377
176.358501,21.036577,2.458078
175.714071,10.482591,2.331737
175.817620,6.142531,3.614696
173.413392,3.777662,4.876550
174.513829,2.538846,7.967411
176.649748,2.094957,12.405132
178.705483,2.442569,20.184448
181.124324,2.909932,32.059342
181.372981,4.882281,46.783556
184.782440,6.927850,65.205995
184.726125,9.241921,81.236672
191.767541,10.617857,97.750305
199.025444,12.668391,117.088517
205.232325,12.724987,131.399116
210.549633,12.009711,145.404871
214.462453,11.635329,160.877518
218.622676,11.176648,180.284010
228.077314,10.213874,200.647011
233.362248,10.794961,217.482171
235.616865,10.283120,229.675977
237.276236,12.119168,240.249026
239.637452,11.597058,247.232654
234.798279,15.131032,249.229699
219.455854,247.205866,61.946972
219.649403,242.438158,71.066507
216.842025,237.029354,77.406172
218.229188,225.978135,85.967753
216.441542,215.038345,82.700081
213.693633,198.813011,75.361970
211.024168,180.931491,61.880733
206.454953,161.527179,48.947546
203.121263,142.990552,37.741642
199.221603,130.691813,29.936690
194.227932,115.154478,23.134515
194.008064,103.654755,20.256859
192.490821,91.259727,16.109027
191.363191,74.987544,11.610622
192.461368,58.268964,7.674037
194.509446,44.778194,5.192890
192.409876,32.944120,3.845024
193.739247,19.529379,2.384235
192.654816,10.309265,2.178221
190.182202,5.912394,3.288361
189.108873,3.849156,4.487068
190.171467,2.176281,7.706923
190.751507,1.749583,13.318019
192.697302,2.296288,20.076366
193.681278,2.369665,31.403142
197.254505,4.568879,44.241784
198.396725,5.374324,63.652597
202.572042,6.680617,81.869261
210.554431,7.744903,103.447532
216.245581,8.821344,118.864812
218.570390,10.266207,131.122617
223.661461,10.569515,143.968781
227.289521,10.338671,157.089014
233.185835,10.067986,179.348916
236.400833,10.223346,198.661035
239.196321,10.599690,213.896186
240.135469,14.092158,227.885493
240.915915,16.783151,238.967121
240.313237,20.153897,246.264604
238.670193,24.637966,249.336886
232.056986,246.548402,58.768585
232.361485,241.193057,64.396769
231.812029,235.717826,71.169757
229.142551,222.086584,77.728147
229.031583,210.262542,76.647379
225.963818,194.821610,69.868694
222.500394,178.882226,59.824712
219.013433,155.862184,45.404555
215.936350,138.465876,37.126630
213.119682,127.200248,30.687961
207.797432,114.868194,24.030554
205.909675,103.652310,22.273177
204.530495,89.085894,15.279822
205.508871,73.127461,11.315673
204.259922,57.521227,7.076070
204.932765,42.963616,5.156713
207.489416,30.574762,3.337340
207.363354,18.077665,2.272397
206.089509,10.386160,1.754111
208.073770,5.678751,2.407270
206.315879,3.733887,3.809706
207.150692,2.039742,6.905944
205.683796,1.659539,12.754759
208.736823,1.457777,19.686187
212.213071,1.998363,30.805538
212.417524,2.980277,42.032078
215.725556,4.802707,61.437765
221.416506,4.932593,82.397586
225.011864,5.945867,100.613078
228.739764,7.225759,118.450825
231.204364,8.040439,128.900690
234.129064,9.330467,143.233596
237.267660,11.621600,155.546933
240.645231,13.253236,174.896677
242.467396,14.119297,193.310172
243.334874,19.434139,210.069411
243.545438,24.068059,225.527028
242.925688,29.209806,237.215639
241.291660,34.085274,244.921124
238.579366,39.063360,249.004174
240.515331,246.280740,48.249111
240.464759,241.581857,55.650078
240.005463,232.774102,60.910625
239.373027,222.275028,63.402182
236.452752,207.462007,64.019218
235.697290,191.477710,60.265531
233.854589,174.042558,50.873014
232.467313,152.548692,42.904285
227.981536,136.533421,34.392286
225.171866,126.440421,29.672389
222.447389,114.038700,25.704624
220.871049,101.871372,19.116300
220.900598,85.985699,14.397074
219.743872,70.271941,10.312711
219.992192,56.819765,9.049254
218.598134,41.276400,4.741968
219.169248,27.982783,3.340572
222.953938,14.533953,1.796404
225.268346,8.296709,1.084027
223.615292,4.788592,1.488476
224.100380,2.376666,2.343571
223.160614,1.653700,5.854687
226.090785,1.221087,10.546489
224.842417,1.391527,18.525996
225.715977,2.179933,29.605347
226.701404,2.763675,43.897220
230.268558,4.449924,60.769138
234.407783,5.426689,80.469988
238.844637,5.968216,98.025781
239.908688,6.630045,109.322187
240.109546,7.850872,123.877299
242.334320,10.675875,141.098710
243.515495,15.721655,155.566491
243.554999,19.962590,168.150710
244.586392,24.643200,186.893090
244.384214,29.666858,205.009474
242.925045,40.464361,222.583923
241.562250,47.350943,235.563374
240.549904,56.638389,243.775876
238.274019,62.727562,248.156959
244.554941,247.411596,35.489485
245.238286,242.106650,41.494805
246.006150,233.000003,45.319847
244.839778,221.990434,52.531368
243.931530,206.887405,50.104199
242.569049,186.168561,46.579662
242.856965,167.082836,37.656517
241.826392,151.413180,33.088568
239.248317,137.683241,27.679124
236.220793,125.541344,26.628697
235.199939,110.866906,19.298349
234.268895,95.912451,15.826390
234.683853,83.475899,12.582233
233.502689,70.522482,10.485633
231.504875,54.488482,7.651808
232.233319,40.396642,6.636978
233.867995,23.325324,2.419598
234.160797,12.977285,0.919428
235.842031,7.120641,0.597396
235.973567,3.401875,0.805909
237.591524,1.806968,1.332643
237.033097,1.072719,4.582430
237.321206,1.060253,8.945321
237.368537,1.355253,16.806531
239.981191,1.509722,29.237796
240.571979,2.776701,43.917496
242.147000,3.913380,56.968631
244.026409,4.728406,77.985005
245.580085,5.205968,91.314053
246.027368,6.819954,103.612249
246.938333,9.207232,119.536790
246.770713,15.454376,134.660227
245.888602,22.609037,151.866568
244.729411,29.943893,163.622772
245.495769,38.761899,181.216128
244.104494,46.907331,201.126616
241.983531,62.763491,220.671908
238.568452,72.481296,232.576441
237.781017,75.734511,241.845556
235.401731,84.303651,247.685113
247.916196,247.970861,22.860109
247.976630,241.682971,26.068803
248.844580,232.006068,29.507308
249.448191,220.713287,34.092221
249.966888,200.806198,31.550820
249.498320,182.051348,29.111641
248.652109,163.823025,28.854757
247.567723,149.547474,24.789383
246.044656,134.162937,21.441175
245.639573,124.015680,17.969752
245.417174,107.571506,15.637271
244.860152,93.360589,12.599840
243.061564,82.631427,10.953803
244.086826,68.294734,9.669651
244.012899,52.794476,6.835452
244.233118,38.226828,5.408525
244.002101,23.864997,3.476640
242.867754,11.778112,0.715125
245.354973,5.145230,0.375769
246.355122,2.163999,0.460490
246.711153,0.877418,0.796318
246.630434,0.648056,2.814126
246.165022,0.880412,6.877547
245.999379,1.147864,16.552866
246.788587,1.874085,29.377571
247.538886,2.290031,40.807274
247.579343,3.229416,55.214708
249.572574,4.024217,69.714746
249.528500,5.659193,84.694041
249.356754,7.650071,98.815050
248.611229,14.436448,114.633805
248.875141,22.688617,130.266334
247.297653,31.424816,144.851029
247.466617,38.912751,161.503711
244.984669,51.797271,178.440313
243.654304,71.307386,199.771971
240.153749,84.052613,216.106657
236.775160,93.458240,228.002123
234.819053,101.213038,239.728372
233.812491,103.137397,245.461002
249.281531,247.972100,14.333559
249.595912,242.537044,13.976187
249.674148,230.420000,16.557572
250.303180,216.978046,18.743179
251.030828,198.151678,19.516657
251.675514,177.928228,19.629758
251.247295,162.024153,19.567729
250.575683,146.937265,15.942714
251.057712,132.496111,13.867470
250.045864,118.089759,11.253989
250.237772,107.710479,10.688354
249.637423,93.483116,9.417668
249.803169,81.138714,8.588964
250.151696,64.841985,7.270392
250.200804,51.365027,6.072020
250.914140,36.643342,5.044660
250.959082,24.082505,2.750628
251.790794,11.548499,0.842224
251.410293,4.918171,0.246622
251.203202,2.107706,0.316780
251.742645,0.601233,0.596529
251.624145,0.379710,2.029278
251.764002,0.513894,5.613345
252.415117,0.736555,15.059410
252.142202,1.730474,26.259176
252.094112,2.056487,36.753438
251.882092,3.706891,52.834285
252.300352,4.005362,64.262112
251.850937,6.981168,77.467357
251.188748,12.478524,91.712098
250.812214,20.808044,110.203285
250.693937,29.450966,126.062420
248.976665,41.044929,142.350632
248.744812,51.362396,158.267457
245.113753,68.064266,177.315102
240.946802,91.045644,197.614443
237.979132,103.404788,212.968631
235.591292,112.367468,225.062006
231.922389,121.195022,235.509613
230.777442,124.024865,242.955272
248.787460,247.887461,7.860248
249.919635,240.934744,8.917270
250.176874,229.931001,10.350297
251.604931,212.733817,12.277278
252.176724,195.654311,13.348267
252.295230,176.504574,12.723804
252.037718,160.731796,11.912712
251.728794,144.900437,10.202511
251.634242,131.239088,9.508441
252.275470,119.073670,8.846025
252.413687,106.213723,7.808093
252.308066,93.098898,6.797544
252.866503,80.622296,7.644186
252.840441,64.144239,5.975144
252.668791,51.687146,5.313956
253.165737,36.282420,3.586820
253.462259,24.312836,2.172370
253.651324,11.633828,0.726584
253.871722,4.648837,0.224068
254.100666,1.713209,0.221668
254.066362,0.440329,0.452008
254.086422,0.315808,1.341819
254.154552,0.402312,5.139069
254.102367,0.767648,13.018514
253.831701,1.450648,23.202033
253.577078,2.317983,35.130661
253.299750,3.611013,50.137466
252.917705,5.205512,59.855404
252.892412,9.633579,71.807658
252.722615,17.570825,88.279945
251.831095,27.097536,106.827871
251.054554,36.144240,123.121669
249.444835,48.723536,140.675036
248.251206,62.629598,158.468540
245.897608,83.393764,178.466311
242.207357,99.450406,196.216778
237.571674,113.267824,210.418573
234.339073,125.846806,223.875673
232.597902,135.704871,233.390376
231.425065,140.818250,240.247669
250.666140,243.896953,10.485954
250.920215,237.462296,9.021283
251.415576,226.561695,10.314702
252.072778,209.642582,9.683575
252.127635,193.695919,9.016171
252.588290,176.325458,8.506757
252.145639,157.535759,7.799699
252.374015,143.369835,7.730532
252.807554,131.754574,7.538801
253.410310,118.046157,6.667670
253.597596,104.351655,5.787599
253.690735,90.673070,5.682627
253.807945,78.465588,5.389622
254.019149,63.609312,4.065875
254.035904,51.376482,3.815298
254.354519,36.577589,2.977123
254.442652,23.435217,1.785205
254.630028,11.591410,0.582558
254.612971,4.503519,0.246454
254.713518,1.565152,0.185462
254.855785,0.276617,0.223426
254.714921,0.303504,1.189103
254.610726,0.387867,4.059548
254.599832,0.799381,10.885450
254.286049,1.708774,20.850331
254.049690,2.502719,32.394391
253.922010,4.414538,47.092785
253.586826,6.839889,58.041469
253.296261,11.938018,69.053844
252.685067,21.109751,85.454084
251.827083,32.724568,103.850098
250.954431,41.688097,117.886656
249.837664,55.889795,139.100615
247.494502,69.459065,158.364846
245.661013,92.175579,177.214900
242.439243,104.846395,196.486540
238.578758,118.923610,209.001063
233.746613,131.580664,222.364045
234.126466,144.501973,230.954994
233.960109,155.776926,239.345642
