1600
3
3.450496,46.429945,254.595297
2.613087,40.881688,254.515675
2.202866,31.631490,254.567815
1.596471,22.767885,254.700382
1.107876,13.649716,254.768276
0.618115,7.250169,254.790817
0.181420,2.625828,254.822875
0.152065,0.703251,254.817296
0.123279,0.159291,254.863146
0.790141,0.215414,254.690757
3.560636,0.336773,254.413777
8.811192,0.564699,254.095018
18.936240,0.958156,253.881377
31.746730,2.318139,253.864226
45.467540,3.542599,253.023686
59.445072,4.916097,252.405450
71.544342,5.837968,251.841571
82.018011,6.993361,251.208288
92.955688,8.133158,251.575951
102.252825,11.133599,251.396032
114.735260,11.738793,251.944496
125.708301,13.223248,252.032056
138.658501,13.185495,251.629162
154.029814,16.536565,251.714449
169.752839,16.855830,252.558269
183.335051,15.376212,252.272735
198.525269,14.834919,251.924019
211.936367,18.754706,251.926851
223.722870,19.986239,251.067395
232.956224,26.780306,250.359322
237.907979,41.932072,249.713422
239.671723,63.091492,247.564504
239.160056,80.487823,246.036696
238.011158,100.429546,243.959236
239.794228,116.463815,241.119267
242.619718,131.761072,237.591550
244.629604,119.659491,232.588547
246.886342,108.076022,225.407388
248.899105,96.090847,217.374853
250.820669,85.983017,209.989056
2.977713,53.732452,254.552231
2.205086,48.056109,254.458558
1.778631,39.477900,254.540098
1.491464,27.584188,254.590208
0.972069,18.431043,254.674352
0.571797,10.227211,254.708558
0.204593,3.677776,254.719624
0.160006,1.242330,254.551940
0.234964,0.402040,254.347714
0.701887,0.298483,253.829102
2.878354,0.258967,252.947898
7.959799,0.539423,252.043522
17.837607,0.957563,251.521675
30.589182,2.260932,251.267985
44.811188,3.625540,250.818036
59.641727,5.197320,249.159438
70.323461,5.652775,249.234043
81.398087,6.967590,249.122815
91.727484,8.232133,248.698544
100.536560,10.205036,248.534780
112.880770,11.614462,249.136947
124.502087,12.508047,248.655155
139.471656,12.848148,249.111988
153.599283,14.272284,249.874103
169.621035,14.890995,250.172485
183.943798,14.707167,249.500292
201.978748,14.196967,249.836364
217.239722,15.039470,249.629495
228.465618,16.677167,248.623516
236.863779,22.205505,247.508738
240.500953,34.527006,246.105022
240.703330,52.986784,244.511836
240.239611,71.994849,242.047699
238.051470,95.360029,239.800857
239.474387,112.612691,234.569728
241.951681,122.633871,226.265870
244.509721,115.290246,220.007874
247.358687,103.406905,214.940442
249.510351,92.116277,207.209643
251.314392,80.503712,201.119972
3.001152,62.328473,254.431939
2.707031,55.413178,254.402756
2.045587,45.814391,254.412723
1.662160,35.000942,254.435651
0.989815,23.872478,254.397213
0.607105,13.906672,254.403080
0.236793,5.648047,254.156963
0.184346,2.056754,253.670847
0.323369,0.770356,252.865992
0.702517,0.529489,251.652256
2.555526,0.395003,250.225614
7.041442,0.596374,248.781151
17.307298,0.838637,246.847605
26.776816,1.861981,246.356923
43.468092,3.614652,245.912654
57.390228,4.891272,245.417507
68.372990,6.126825,245.336733
80.327548,6.692264,243.976254
88.278719,8.165786,244.071328
98.529731,9.255132,244.419265
108.873226,10.676364,244.498159
122.251248,11.509371,245.127609
135.913269,11.846286,245.136631
150.516215,14.380115,244.004615
167.752446,14.788231,244.373188
184.403314,14.863799,243.785998
201.025740,14.386376,244.008603
218.990695,13.959366,243.343353
231.231202,15.499805,244.624836
240.818941,16.647168,244.134897
241.639149,25.734458,240.252710
241.474644,44.849159,239.004582
238.968096,67.599055,235.823606
239.271177,90.175574,233.058530
240.217465,104.971991,224.661088
241.799177,109.628921,215.420593
245.046184,104.611955,208.906505
248.753767,95.185887,201.138221
250.413884,80.690049,193.350825
251.685137,68.633079,184.014058
3.460753,70.727273,254.259083
2.729518,65.296356,254.171383
2.193163,58.274433,254.038632
1.447067,46.148185,253.683975
1.016192,32.742785,253.813553
0.857235,19.246827,253.498030
0.502619,9.163917,252.841095
0.465862,3.820396,251.363853
0.332130,1.606075,249.147990
0.609023,1.124871,247.387009
1.988147,0.731149,245.316810
6.075874,0.871857,242.877887
12.104757,1.149934,240.647326
24.663670,1.628465,239.925562
38.554956,3.085800,237.769573
52.393996,4.885560,239.265492
66.686922,5.834356,237.837111
77.765818,6.246124,237.413385
85.218926,6.348905,236.656907
94.310700,7.440641,237.032211
105.641386,9.945712,236.861143
117.800376,11.155322,236.586755
130.915800,12.614863,234.780736
147.198485,13.813202,234.622046
163.696449,15.012069,234.247821
181.263073,14.946032,237.238207
201.685882,14.569874,235.275792
217.699058,12.830333,237.946882
230.639819,15.893349,235.234154
237.550345,16.353099,234.010383
239.732416,21.236841,232.522785
241.894777,35.560466,230.041111
239.784160,59.752584,227.536553
238.984796,79.605179,222.273223
241.134649,95.025942,212.427278
243.498571,98.164954,202.531473
246.752606,92.940099,194.798500
249.340189,81.067222,187.062095
250.902772,70.858708,180.289511
252.727624,53.195040,168.754712
3.003317,84.655779,254.050325
2.236275,78.458491,253.676058
2.476352,71.802460,253.076884
2.171584,60.028744,252.665045
2.032792,46.248221,252.179659
1.605003,28.747385,251.468870
1.121125,17.102914,248.531749
0.575181,8.735805,245.845292
0.657552,5.103719,243.932134
0.737248,2.839391,241.555482
1.226059,1.781296,237.153392
3.715917,1.409933,233.656142
10.818531,2.205266,229.213247
18.619601,2.244980,225.828260
29.572772,2.426479,224.259414
43.503886,4.109924,225.997774
61.470146,5.980233,226.814239
71.758718,6.835613,228.353545
81.875858,7.270350,229.315674
90.189472,7.444628,226.530097
99.599780,7.976673,226.293179
112.151962,11.081615,223.350612
124.297917,11.426318,220.468548
140.916516,13.469682,219.643939
155.268579,15.919438,220.474982
173.271390,16.856334,220.269298
193.639744,18.419982,221.414340
208.083542,17.306129,220.124528
224.547134,16.366560,222.297377
233.844269,17.025115,224.857242
237.653626,20.245248,220.561003
237.906548,30.267571,216.208137
238.880128,49.381272,214.381561
238.763624,69.278763,209.148730
243.674386,77.493652,198.179174
245.556380,84.807828,190.997083
247.865876,77.994884,182.650991
249.937272,66.506910,171.915394
251.787233,52.887804,160.467832
253.695166,34.725437,152.697724
4.007429,99.489394,253.800408
3.900913,94.598543,253.249765
3.765336,87.613031,252.745623
4.629930,75.293575,251.890761
4.812512,62.944797,250.233135
4.563875,45.360952,246.747912
2.947206,27.326669,244.397458
1.671374,15.597540,240.706202
1.073927,9.187123,237.449713
1.191998,6.520074,233.998177
1.257133,3.781754,228.127560
3.273136,2.772328,223.475201
7.642195,2.505075,217.109511
14.157846,2.777902,213.537404
21.470149,2.779517,212.050188
32.876810,3.373047,213.645092
48.521705,4.340127,211.929067
63.643094,6.890584,214.334695
73.730692,7.269194,212.995070
84.937350,7.927408,214.544346
96.873477,8.736846,212.081812
107.740310,9.524477,209.736765
121.117416,11.351849,206.032755
135.512063,14.064354,204.092434
146.908994,15.866960,201.749123
162.509857,19.729495,199.310283
178.809784,21.593571,196.310869
195.554814,19.247748,200.485545
209.718220,19.630117,202.779414
221.853138,19.920390,203.742372
229.647816,22.152530,203.689861
232.161104,28.060071,200.208271
232.788558,38.949652,192.122555
238.531809,49.442072,189.317595
243.876671,59.793685,179.202473
246.303869,62.307248,170.789269
248.711075,57.495262,157.881839
251.268612,44.827929,148.492613
252.861869,35.940068,142.655111
253.843158,28.118546,140.330295
5.608602,112.986723,253.642904
5.774526,109.754536,253.002281
6.294696,104.158929,252.406800
7.474361,93.910908,251.454622
8.171792,77.492180,247.654852
9.033190,62.371109,244.198548
6.679575,41.582707,240.234361
5.298170,28.051626,235.187895
3.172971,18.437092,230.053764
1.920952,10.733803,223.180771
1.787676,7.494684,219.637352
3.263296,4.308262,210.593301
5.777251,3.097277,206.576962
9.266539,3.139316,203.767131
16.031867,3.423159,202.501529
26.301296,3.518069,201.791426
41.742126,4.415977,199.105611
51.416934,5.442066,197.743084
65.608307,6.458966,198.129322
74.300102,7.409622,196.532414
88.588027,7.793705,194.003795
101.187331,8.418065,191.390835
114.459771,9.975524,189.775769
129.737255,11.880120,185.957368
143.256256,16.025757,184.666981
152.708147,18.701455,179.930115
168.905694,21.865900,181.257928
184.534668,22.295771,180.729364
194.919650,25.099117,181.050986
207.808717,23.494438,181.349928
218.524827,23.984684,183.034017
224.532621,26.298536,181.491875
230.971960,33.284529,177.219524
236.614006,38.401901,169.397956
242.227253,42.930674,157.801908
244.618140,44.673547,146.284939
249.469362,42.057785,140.827638
251.565932,33.396821,132.333813
253.017106,27.210057,130.392845
253.701780,22.029126,128.165609
7.893608,123.052603,253.605401
8.376148,119.421896,252.863157
10.136287,115.443204,252.359907
11.511141,109.464172,251.205162
12.690731,94.196692,247.173233
10.787786,71.275237,242.086089
11.178472,58.111571,236.210815
7.508596,40.226156,229.386218
5.837754,27.444313,223.111400
4.012438,17.667803,215.994080
2.462833,11.235696,208.549274
3.400134,7.446684,203.543830
4.880505,4.288177,198.797663
7.589326,3.154747,193.894737
11.363338,3.416667,189.567559
19.101222,2.921549,186.374401
31.909273,4.831923,183.341321
44.332850,5.634497,181.887892
56.572227,5.924523,183.613857
67.963453,6.759981,179.911128
81.497853,7.133910,175.640028
92.916539,9.490412,172.667164
109.015300,10.611633,172.338700
120.466229,12.561703,167.376050
135.708694,15.046291,167.052190
148.091472,18.399413,163.442709
160.736487,20.588572,164.441081
174.474834,21.640464,165.087524
188.388546,25.366501,164.214653
199.215425,24.425489,163.345125
209.344952,22.212029,164.691071
218.140469,25.473957,159.459105
224.905492,27.766023,156.226431
231.208660,31.821694,146.545404
239.028605,35.714996,138.447814
245.022057,38.569146,129.704246
250.066008,32.778052,122.891011
252.276425,26.376953,118.214492
252.839171,22.185995,116.450799
253.649151,18.224960,115.850811
13.367166,134.029057,253.155863
14.718418,130.890928,252.729111
15.932940,127.236539,252.207162
17.102233,121.945731,250.885057
19.456244,106.930361,246.468345
21.128551,91.948647,241.417041
18.252521,71.200473,234.789761
13.433870,52.980720,225.456757
8.203073,36.761236,216.414754
5.778587,25.119027,209.590782
3.472758,15.885732,201.158820
3.896475,10.601556,195.761390
4.433409,5.921967,190.275796
5.688603,4.028718,183.717411
9.156035,3.531215,179.482738
15.114933,3.425899,173.116928
23.895505,4.247771,170.209285
37.049409,4.701054,166.921758
50.391461,5.066880,167.971606
62.220922,5.827927,162.966241
75.764640,7.058304,158.678263
87.561147,8.536572,155.995271
99.097733,9.349024,154.259213
116.251445,12.300690,150.177520
127.969269,15.210503,148.367990
142.215779,16.899107,148.692149
151.467735,19.310535,147.577316
163.390967,21.759250,147.646591
179.383319,21.511738,147.618690
190.741498,23.217637,148.239194
201.256669,21.470665,147.058660
210.376284,22.096629,144.330658
219.828883,22.421864,137.597247
227.535689,26.833751,129.227399
236.659430,27.005073,119.960909
244.195796,27.865707,111.291599
248.760404,26.067441,107.151723
252.397971,20.731435,104.297318
253.332122,14.366244,102.013896
253.723549,11.488560,100.643042
17.718984,144.069575,252.712970
21.247340,141.198249,252.261519
24.653542,137.578148,252.029350
30.651361,132.235332,250.130651
32.023168,121.115877,246.210980
30.856073,106.095513,240.995359
23.868008,85.172788,230.263045
19.750110,67.474499,223.050203
12.622782,48.657624,213.454985
8.342351,33.542130,204.180767
3.806685,21.381883,195.715884
4.294098,14.944357,188.381083
3.315229,10.094576,180.339875
4.944230,5.548501,174.381824
7.209571,4.410597,169.005733
11.362509,4.134157,162.716571
18.867681,4.498077,159.840726
30.699860,4.934410,155.865608
43.391883,5.189008,152.194126
57.374588,6.272050,150.026430
71.114563,7.078448,146.620256
81.469478,8.784804,144.787845
95.847779,9.525757,139.137917
111.583940,12.431948,136.170829
122.468988,13.543948,133.360076
133.613864,15.198299,132.402712
145.069918,17.372745,130.753587
156.674043,18.663866,128.068044
169.791590,18.937932,130.415259
181.294691,21.501635,130.468094
192.413259,21.981075,128.591671
204.227336,22.177810,128.012248
213.964449,21.280135,122.553110
223.684594,23.328135,115.323652
236.307220,23.009848,100.856254
242.467204,22.405033,93.774948
248.853051,18.246522,87.964576
251.840237,11.394938,86.091969
253.318549,8.001189,85.632000
253.832719,6.582855,85.137048
29.997249,154.774075,252.925332
32.760755,149.967428,252.016547
39.437173,146.544679,251.486860
43.737863,140.243438,249.701782
44.091245,128.980398,245.248686
41.942944,119.088049,240.129551
32.485087,96.208294,230.471258
25.232407,75.771348,219.622579
16.281992,58.505066,209.187918
10.850518,41.795129,195.450596
7.010213,30.160298,187.005350
3.953654,19.332254,177.796165
3.624422,13.624309,171.705601
4.141556,8.739488,164.753642
6.226510,6.334381,158.226294
9.413838,4.974431,152.480542
15.507375,4.532075,148.149423
24.318242,4.716502,140.518600
34.726185,4.488322,135.770358
45.636450,5.991486,132.020766
63.661997,7.009289,130.451197
74.766868,7.839238,125.551181
90.534963,10.092049,125.660230
105.297751,10.136532,124.421035
120.013133,11.780799,124.284447
131.580399,13.447177,121.095806
140.800975,15.204612,117.752202
152.627872,16.677897,117.065365
160.378890,16.650831,113.763519
171.604243,19.170866,110.272993
184.320514,17.641038,112.834837
197.737579,21.707971,112.627027
209.469052,21.176912,106.014149
221.537161,20.083136,96.066810
235.007562,18.711212,85.865030
242.539279,16.601684,77.315420
248.623171,10.115671,69.509444
251.675268,8.221826,68.837513
253.586453,5.768159,69.252627
253.995406,4.684582,70.346750
54.020072,171.930446,252.408501
57.006161,166.503021,251.642298
59.742281,160.260954,250.336319
61.868892,152.130019,249.274086
55.076223,139.630456,244.004091
49.997301,130.523576,239.396642
40.664891,111.376826,229.163496
29.799022,92.622589,218.130859
19.961469,71.163837,202.320608
12.189026,50.813180,188.735977
8.630681,40.547959,177.831305
5.049549,27.531715,169.145259
4.308596,20.217152,162.108219
4.145967,11.133367,153.336389
5.031537,8.549670,148.095404
7.211982,5.850229,141.864939
11.119042,5.111027,134.795982
19.779615,4.313590,129.105972
31.312567,4.429503,125.332023
42.095691,5.087745,120.349597
56.777941,6.258363,116.698240
70.763242,6.037764,114.425257
83.798241,8.266390,111.676432
96.756567,9.896140,110.787772
114.315583,9.538484,110.805485
127.618380,10.326983,110.042197
139.002762,12.954129,106.954146
148.491270,13.462547,102.727940
158.986018,14.059158,99.204132
166.805317,15.304790,98.349571
177.601131,15.648272,95.275227
193.519698,15.449850,91.399209
205.937155,14.169251,85.450613
220.846752,13.155025,78.077265
233.704805,12.013481,70.821353
242.694755,10.258895,64.441083
249.727633,7.842023,57.584090
252.655025,4.993479,55.019459
253.534477,3.602565,54.286402
254.107102,2.640958,52.976389
74.455768,191.208950,250.872631
78.248937,183.586256,250.406938
81.096460,175.993634,249.318689
79.096434,165.817421,247.558880
69.975391,153.205548,243.683208
57.281520,140.426741,237.423761
47.336410,122.644487,225.418125
33.459565,103.010170,211.761542
24.398693,81.376483,195.122080
14.317737,60.407173,178.537702
10.305324,45.944026,170.177021
7.512006,35.456235,159.825922
4.938166,26.958490,151.431110
4.429998,18.467320,146.254571
4.268151,11.052680,135.812764
6.053210,6.961157,127.065496
9.491937,5.481345,121.579506
15.537470,4.775877,117.760678
26.039049,4.192007,110.779297
38.592340,4.497594,108.670084
50.891799,4.974940,103.792631
65.258659,6.025108,102.109287
78.082607,6.452111,101.977539
91.919842,9.341720,100.250186
107.198315,9.357013,96.370286
123.394191,9.220237,96.172168
133.860650,10.732073,91.284351
145.104668,11.865818,89.364382
155.186257,12.464568,87.205474
163.675064,11.961483,84.171338
175.426414,12.038977,79.369197
190.767865,9.997997,73.230075
205.772432,10.250894,69.603333
219.263903,9.846096,64.851077
232.298181,7.954784,53.861783
241.673688,5.471965,48.607570
250.023084,4.851904,42.751388
253.224614,3.109515,39.299736
253.846096,2.403674,39.284036
254.283870,1.812068,39.901262
93.119545,206.650594,247.092165
95.815710,199.912866,245.729451
94.035475,191.633373,246.901215
92.761375,181.644393,245.903656
79.957428,171.262702,243.051555
62.876527,150.715435,232.979279
49.374729,131.104962,219.109133
36.703978,112.523587,203.708057
28.346449,93.068933,187.440681
19.125671,70.434090,171.327670
15.427329,57.752166,162.585520
10.230762,42.603341,153.026454
5.420948,30.975413,145.482337
3.932168,22.557191,133.405192
4.360543,13.844477,123.330224
5.016155,9.433167,118.604874
7.484933,6.179980,111.135575
13.130062,4.787237,103.979365
21.714734,3.395450,98.388932
32.285351,3.262444,95.068425
44.879043,3.977037,91.595156
57.693111,4.723887,91.694864
73.065133,5.817012,89.747971
87.498880,7.216066,86.092018
101.489431,7.580182,81.306828
119.172234,8.493362,79.344628
131.751848,8.833195,80.254547
141.926924,9.590898,77.040314
153.550121,9.718659,76.135979
163.278474,8.732331,72.486818
176.864045,7.667141,64.846706
189.667291,8.230649,59.243723
201.935929,7.854035,51.950585
218.520472,6.832108,47.550276
233.835895,4.785527,41.956446
243.128238,4.482997,34.431390
249.693060,2.972991,28.915616
253.559237,1.945355,26.862614
254.065790,1.360629,27.033269
254.454438,1.130943,26.274410
106.625630,219.826176,242.326892
108.234591,213.326851,242.256074
102.020674,205.606501,242.494952
93.774569,192.481177,243.774135
84.282219,184.694769,240.017336
68.736441,165.126038,228.056600
54.129680,144.148728,213.554925
39.708443,122.745077,196.426678
32.143571,102.964116,179.965248
22.967548,80.857538,164.649420
19.114094,67.685177,155.075350
13.447522,53.096678,145.827913
8.022421,38.124423,135.222018
5.318245,26.285227,124.062817
4.250939,16.838791,113.927585
4.848951,11.683956,106.005671
6.428529,7.109787,97.543953
9.936037,5.128796,91.557055
17.714819,3.650121,86.333651
26.155126,2.882014,83.181590
39.066798,3.129354,78.571759
51.130188,4.040108,77.050414
67.027136,4.575566,75.366943
83.369950,5.225044,71.819774
97.531923,5.865423,68.859181
112.508358,6.557865,66.688192
124.953976,6.749939,63.910429
140.043540,7.872065,62.283714
149.172576,7.166148,58.664621
163.497428,6.474788,52.518748
176.197033,5.689159,46.748502
189.433796,4.893730,42.105151
203.885440,3.905562,36.166856
215.795085,3.493697,32.609484
232.276294,3.837731,28.213923
242.442327,3.175673,23.056038
250.423986,2.250091,17.447646
253.757824,1.182166,15.224678
254.333802,0.998345,14.526992
254.651620,0.399990,13.229063
111.848475,231.201493,239.650037
107.639085,223.859048,237.064660
101.710792,215.637075,240.148494
94.569251,205.163900,239.894232
83.314176,193.690937,235.681635
72.562935,179.403123,224.340401
55.526486,154.442256,205.029849
45.673659,137.543436,189.075610
38.041711,111.736988,171.826008
27.253823,90.432124,157.900514
22.866474,77.432994,147.746845
15.529736,61.182124,136.857695
9.925253,45.570053,124.525518
6.767681,31.297555,112.460364
5.104815,20.791104,102.353587
3.787754,13.808783,94.544117
5.635366,8.062062,85.372141
7.745534,5.012217,78.132373
11.736136,3.119625,71.922503
22.357736,2.896053,67.715151
32.096716,2.531082,64.606503
43.999674,2.931003,60.496141
59.936809,3.406242,58.816771
75.553001,4.297376,57.953776
91.305796,4.562596,56.576090
109.158272,5.028820,52.557645
122.993227,4.600225,46.696350
133.598545,5.369113,42.656629
147.499574,4.367987,39.407535
160.042981,4.999804,37.941744
173.777396,3.961530,33.313647
188.410180,3.609139,30.050721
202.034715,3.034122,26.609510
217.443670,2.627613,21.980140
232.661076,1.599408,15.216751
241.844046,1.335245,13.211297
249.949737,0.947194,9.573267
253.659058,0.571552,7.188519
254.453841,0.374725,6.049056
254.728840,0.299537,4.914171
99.800777,238.387340,238.303468
96.895469,233.046282,239.557170
92.208014,225.010011,238.551173
80.772937,215.531556,239.247015
78.215623,204.122943,232.539879
64.474057,188.386227,220.037445
56.087472,169.127752,200.981358
50.127900,145.031285,181.108135
40.255339,122.861585,165.604977
29.286535,100.621084,151.478866
24.170501,85.562598,142.077675
16.837506,66.465867,127.849476
11.873805,50.458068,115.738139
8.921107,37.228985,103.716955
7.169410,25.230979,92.832702
4.363761,15.116300,82.876107
4.186298,8.031785,72.491727
5.921099,5.030916,64.408348
10.105108,2.885631,56.831437
16.082916,2.392881,50.734111
25.401225,2.435776,49.004917
39.275086,2.651787,47.135555
53.171069,2.989479,44.020383
66.351769,3.178664,43.073528
87.686629,3.266501,38.581019
106.816537,3.869471,34.243862
119.014015,3.869644,32.250836
131.580457,3.561136,28.311349
143.729591,3.233036,26.616328
157.699878,3.268210,24.045892
171.631353,2.551226,20.040131
184.467128,2.509495,18.357687
200.120135,1.862586,15.710940
215.178124,1.552193,13.465178
230.292430,1.145098,10.160096
239.947939,1.047323,6.829069
248.792158,0.502882,3.953539
252.988668,0.325143,3.059243
254.513322,0.275558,1.998556
254.765163,0.212431,1.330430
78.168410,243.890480,241.268869
76.037656,240.240322,239.981628
71.643395,234.110524,241.352617
69.427915,223.809122,238.283367
62.592482,211.032848,229.013323
55.595072,195.569443,215.351712
50.927284,176.520054,198.067671
47.445209,153.270878,179.922477
41.664515,130.702164,157.106705
34.880338,114.543551,145.394350
26.217387,93.853952,130.295116
19.796709,78.239592,119.665510
13.308860,59.514730,105.296139
10.990623,41.412462,92.511260
7.657754,29.385904,82.488684
5.409482,17.435704,68.680413
3.478878,9.198133,58.967740
4.986555,4.378458,48.896495
7.803703,3.139235,41.683947
12.592968,2.141151,36.710989
18.976889,2.028541,32.243055
31.569795,2.201402,29.622172
45.600649,2.165524,27.704146
63.465010,2.663204,25.081813
80.685906,2.123805,22.013123
99.493420,2.265132,21.412308
116.280344,2.918384,20.306696
129.300097,3.052365,17.959318
140.896499,2.786929,16.300524
152.678860,2.776934,13.627960
168.294216,2.411514,12.169285
182.764794,2.229809,11.634196
195.781147,2.130516,10.132148
211.114074,1.900087,8.090106
228.919229,1.421766,5.211442
238.932227,1.137778,2.836706
247.951591,0.520650,1.532053
251.971493,0.448893,1.041008
254.405084,0.320705,0.616801
254.880256,0.152207,0.265022
58.763454,246.891409,243.638820
54.017880,243.652161,243.960823
51.576011,239.027135,242.402858
49.197232,231.211081,237.421953
48.926316,218.023863,228.978517
47.295481,200.328046,213.851908
45.279676,180.760586,193.441920
42.687278,157.042063,171.394375
38.071874,138.312645,151.740314
33.410541,119.228825,135.736551
26.425897,104.045903,123.844651
20.699583,85.218100,111.112123
15.148599,66.122190,98.423533
12.225902,49.620676,83.869452
9.264584,32.729801,67.597028
5.981249,21.177254,56.812926
3.560673,9.713064,42.517378
4.324269,5.324268,36.444048
6.633737,3.331341,29.561835
10.188986,2.401764,24.778618
16.490378,2.187237,19.767891
25.865249,1.995420,17.204501
39.189019,1.964295,15.159270
60.439694,1.852810,14.345157
76.197556,2.418112,13.941331
94.210292,2.588543,12.984154
111.490547,2.816047,12.601706
125.122534,2.960248,11.915979
139.136109,2.946024,10.610848
150.184472,2.943783,9.163409
163.526845,2.606619,7.645326
179.764911,2.659279,6.736251
194.280802,2.579507,5.435672
208.430805,2.564817,4.035983
227.085202,2.243327,2.154531
237.562334,1.898603,1.107656
245.843390,1.260852,0.605813
251.366346,1.150149,0.464697
254.106881,1.020653,0.351143
254.763874,0.994029,0.304754
38.407142,247.806081,245.105692
35.398431,245.151622,244.563960
31.922481,239.908481,242.982749
32.616140,232.739806,237.783882
33.314459,222.363550,227.332505
35.149197,206.389073,210.701624
35.335852,185.246783,190.785867
36.323424,163.419320,166.642285
30.681813,143.734491,147.534175
30.276151,126.655525,130.750362
25.197157,108.996200,117.561180
19.488804,92.537385,102.683676
16.540980,73.953433,89.327422
11.936403,52.355959,71.332439
9.844274,36.595486,57.741417
5.956579,23.001509,43.607505
3.557275,12.215077,32.161682
4.069412,6.906680,25.231591
5.872113,3.782471,18.729456
8.341445,2.827984,14.235795
14.117633,2.389853,11.739673
23.147825,1.863392,10.144507
37.510777,2.017556,7.862689
55.941332,2.207538,7.956808
73.627879,3.011202,8.609687
90.876683,3.080227,7.838887
106.381890,2.995814,6.842499
123.432723,3.220702,6.473045
135.558073,3.247094,5.635610
149.075143,3.319120,4.853834
162.783677,3.768473,4.808776
176.537227,4.149363,4.243811
191.053365,4.346306,3.709091
206.873904,4.370214,2.572455
224.072453,4.003314,1.501301
235.930167,3.702800,0.840023
244.183866,3.261690,0.429776
250.263764,3.073061,0.242794
253.578346,3.577950,0.201480
254.537330,3.684087,0.226346
24.401561,248.281969,244.172008
20.643680,245.209385,243.288835
19.508478,240.978490,241.552809
21.638242,232.736598,235.618953
25.410732,225.207507,225.725531
27.026162,208.687484,207.244899
28.416428,189.993474,187.817338
31.681809,165.083324,159.723992
27.463215,148.554583,144.464842
26.661948,130.851316,127.079773
23.623329,112.127997,109.590173
19.949832,96.373023,95.870617
16.574557,82.920981,83.768915
12.455226,60.034298,64.615487
8.808894,39.466366,48.480025
5.924186,25.163497,35.334735
4.008827,13.380477,22.909688
4.304757,8.280736,16.734863
4.757092,4.543146,11.233988
6.870376,3.115147,8.291661
11.863900,2.518157,6.227163
21.448929,2.576197,4.892361
35.742340,2.673878,4.290195
50.851269,3.273253,3.966083
68.034415,3.722348,4.191183
89.301397,3.963313,3.948548
104.795029,4.147912,3.916789
118.519788,4.612279,4.147182
133.478400,4.675424,3.737391
147.435215,5.812408,3.667865
160.367217,6.060220,3.399999
174.260081,6.356717,3.180605
187.991675,7.148955,2.731831
204.760777,7.924858,2.039022
220.774954,7.938331,1.424759
233.633253,8.156471,0.819053
242.603246,7.848217,0.521054
249.178414,7.207330,0.372128
253.252334,8.819846,0.553560
254.349244,8.738880,0.516375
14.174124,249.988379,241.562480
13.920670,246.400401,239.445400
15.520429,243.003599,236.090736
18.332041,236.477177,227.887891
19.481745,228.109782,219.349071
21.041763,211.231812,201.027216
25.307104,190.874364,177.899830
25.090736,171.497927,158.495202
23.278860,149.223704,137.307153
23.118465,134.837978,118.926684
21.288930,116.894679,104.176070
18.509305,102.764824,91.641220
14.600034,86.048672,77.403068
10.667793,66.282954,57.672181
8.824409,44.959291,41.967838
6.299794,28.379537,26.686182
4.500772,17.073985,16.523053
4.461357,10.715354,11.300521
4.521780,6.346197,7.011041
5.425412,3.473786,3.440372
11.207218,3.479818,2.936372
19.849066,3.824435,2.735999
34.281250,4.253992,2.425933
49.134743,4.592480,2.278448
66.344058,6.067152,2.618862
86.382327,7.160068,2.563298
101.551667,7.025925,2.612554
117.189237,7.805272,2.847493
132.101499,9.202992,2.970376
146.021916,9.774245,2.785198
158.405043,10.364837,2.818666
171.665476,10.592595,2.614529
186.930058,11.492985,2.961532
202.325382,13.126701,2.350697
219.544144,15.140494,1.722094
230.679720,14.374892,1.022390
240.748028,14.667198,1.501668
248.400367,15.681480,1.503290
252.427433,17.048258,1.465982
253.953776,18.100776,1.310989
14.236560,251.213199,231.952249
12.966763,249.034436,230.299366
13.379924,245.514929,227.179810
14.911660,240.150382,219.057726
15.758388,230.784739,209.199086
18.495072,215.842401,191.261808
19.894036,194.143100,167.130846
19.830320,175.637941,146.110558
21.348819,151.873257,125.248173
19.353630,139.177172,112.208448
19.124088,120.543134,96.886152
15.960336,106.711500,83.620892
13.610081,91.299012,69.143301
10.686809,73.423097,54.394516
7.979378,51.967557,37.670725
5.491373,33.812241,21.640400
4.611797,24.608441,13.406890
4.764132,16.058493,8.112237
4.873664,10.158102,4.827937
7.309507,7.099308,2.912378
12.469723,6.766021,2.404936
20.693381,7.479219,2.050360
32.605758,8.356497,2.135195
48.676611,9.101276,1.812991
66.743711,10.924577,2.182738
84.124291,11.639051,2.231968
99.080773,12.515101,2.802761
116.946079,15.590919,2.726939
132.340920,16.361918,3.080788
146.333014,18.238635,2.386077
158.704095,18.715489,2.586745
171.042445,19.418162,3.035849
188.440255,21.486480,3.470937
202.878654,23.002146,2.711019
217.945060,23.995302,3.011341
229.002877,23.280189,3.117969
239.250297,25.528129,2.917190
247.201979,26.289958,2.488351
251.684599,27.193012,2.465513
253.844476,28.924830,2.214787
13.149250,251.834771,217.319172
10.580153,250.774908,215.154788
11.340060,247.368741,212.863638
12.365256,241.485218,206.107769
14.738143,234.394542,195.716837
16.483723,218.721256,176.209854
16.998489,199.347034,155.703403
17.513556,179.161467,136.498895
18.562447,158.146579,115.649928
18.038446,143.101781,104.380031
16.774059,126.216137,90.597024
15.545595,112.153858,76.265517
12.263151,94.653421,62.798253
9.586802,83.066217,50.070564
7.213557,60.108855,31.415272
5.264744,43.205860,19.318536
4.359401,30.535405,11.078727
4.467892,24.745507,6.687293
6.420333,17.661292,3.930761
9.106781,12.873722,2.492063
14.352175,11.442225,2.102563
23.233900,12.711640,1.802699
34.606722,14.428685,1.960587
50.694641,16.722178,1.809480
67.673144,19.104965,1.935024
84.631309,21.839467,2.222348
100.283604,22.882793,2.644462
120.736296,24.876851,3.506325
132.723526,27.855178,3.619502
146.199905,29.595664,3.511006
157.986955,31.471913,3.428287
171.104172,33.325706,3.727688
187.444180,34.662920,4.208580
202.565941,36.093836,4.609452
216.495649,38.429393,5.100018
228.445759,36.361230,4.697385
240.136241,38.565191,4.744700
247.384841,40.502179,5.090433
252.300226,42.548147,4.686441
253.795711,42.908084,4.101455
11.743567,252.335868,197.838170
10.893186,251.545528,197.415383
10.715602,249.148141,192.036612
12.655555,242.688244,186.534619
13.978257,233.615333,175.855549
13.958678,220.920513,160.191171
16.290002,202.203144,139.919085
16.366051,183.011342,119.825053
16.426826,164.767716,106.979369
14.919370,149.058049,94.748951
13.910963,133.053706,81.746512
12.236299,117.502036,68.987074
10.502348,104.384279,56.506612
7.794555,90.509513,42.301855
6.493837,74.705213,28.880484
4.757763,56.564701,16.975035
3.918109,41.613705,9.389945
4.681008,34.299958,6.294289
8.016538,28.433507,3.979000
11.639064,23.350123,2.728799
16.481897,19.797051,2.156895
26.889339,20.817738,1.867123
38.936951,23.439560,1.803181
54.576335,27.614700,2.118693
71.508904,29.980843,2.130665
87.560087,33.008097,2.340265
102.491386,36.737097,3.286072
120.148556,40.840022,4.100338
133.614496,42.587822,4.542012
146.249860,43.871828,4.911374
158.731598,44.342041,3.881161
172.582136,46.232431,4.909209
188.594371,46.973861,5.919584
200.804226,48.921580,5.721500
215.973982,48.878933,5.916849
228.436259,50.784042,6.117508
240.124638,51.890503,6.127903
248.453841,53.251514,6.626290
251.933046,54.135249,5.724275
253.915045,54.879914,4.976307
11.698712,253.049167,174.508551
12.296388,252.185278,175.589329
14.155620,249.554153,172.201875
13.753338,243.352113,166.820409
13.896522,235.568452,155.843058
14.627035,223.133309,141.424205
12.923029,205.917204,127.746023
14.068709,187.916075,112.380984
13.801221,171.766973,99.817669
12.647719,154.653220,84.425112
11.281621,141.931846,71.733630
9.780162,128.616163,60.833789
7.667091,110.989155,48.012013
5.813131,98.202806,35.473360
4.829020,83.805876,23.278510
3.657370,69.863104,13.836682
3.966672,59.276242,8.747459
6.071996,49.911688,5.597261
9.079786,40.139616,3.527825
13.645194,33.117930,2.232431
21.668968,31.685306,2.277599
34.300961,34.737868,2.073180
46.600824,35.292428,2.469174
60.346372,38.684617,2.439789
76.146405,45.799292,3.406645
93.055305,50.241800,4.232926
110.300625,53.173443,4.901575
121.618065,56.381097,4.958291
134.081267,57.758488,5.863246
147.529468,59.976457,6.658893
159.783545,61.081176,7.598713
172.801611,63.029089,7.466670
187.968417,61.903100,6.841575
202.604022,63.582503,6.917705
216.856073,66.194050,7.526693
228.000226,66.818532,6.962887
239.899770,68.748372,8.027036
248.413710,67.373196,8.187791
251.618757,66.965351,6.881765
253.730737,67.498060,5.619987
11.190033,253.228323,153.375498
12.040857,252.541765,153.523007
14.226300,249.633158,153.527597
13.971867,244.682870,148.285084
14.572470,237.290106,141.252771
12.887571,224.209937,130.613541
12.145120,208.335433,116.652422
10.834956,192.003216,103.586018
8.930256,175.020126,87.617064
7.271919,158.855734,71.376034
6.871108,146.365534,62.614240
5.859714,136.170576,53.480846
4.609124,119.901074,38.532501
4.137146,108.137411,28.527367
3.517257,95.199948,19.082059
3.053317,85.236435,12.141771
3.833096,76.718683,7.490751
7.331898,67.674883,5.367610
11.796120,59.100647,3.442884
18.755634,52.690014,2.670802
28.797102,50.712595,2.269756
43.057995,52.078762,2.242797
53.419292,52.162382,2.742783
69.862492,55.914636,4.261497
84.126316,61.318501,4.306096
99.243891,65.768825,5.571877
113.632418,67.571592,5.961373
126.835877,70.657262,8.275915
136.693546,74.007193,9.043440
148.564562,74.804303,8.981944
160.800741,75.190389,9.755243
173.254810,75.758338,10.850764
188.154832,75.676098,10.562074
203.928370,78.054263,10.188080
215.952978,77.635438,8.307183
230.404674,79.069586,8.192088
241.230744,80.186432,8.383662
247.240699,81.010571,8.630085
251.699705,81.548430,7.548015
253.470882,80.855660,6.439777
11.383339,253.301005,136.591708
13.397901,252.687098,137.506356
14.696389,250.115298,137.434754
15.253103,243.717307,132.819866
15.370943,237.484255,125.270031
10.421862,226.889637,117.905780
10.747504,212.069689,105.415045
8.579083,197.075742,92.425023
6.960675,176.507913,76.873398
6.127939,162.968176,65.515222
5.398211,151.139623,55.900670
4.529933,140.379585,43.172980
3.139880,129.543988,32.059509
2.561862,117.395192,23.309808
2.316677,107.478320,16.052856
3.437638,97.436908,9.705719
4.748251,90.163380,6.468695
8.998366,82.557083,4.542636
14.110255,77.943339,3.105176
22.564231,73.506469,2.388258
35.040228,68.687662,2.777033
46.902532,67.393788,3.180588
62.808075,74.181841,4.223097
75.479555,75.745907,5.693952
90.421550,78.525858,7.183954
103.588025,80.761563,8.282025
116.827947,84.453772,9.486454
129.135423,86.342478,10.796722
139.606939,88.476664,11.152348
150.738454,88.930905,12.710844
162.296547,90.720057,14.407415
174.429432,91.560062,15.402935
190.111878,93.314292,14.839361
203.370088,91.694819,14.874306
218.081903,91.622824,12.216446
232.766833,91.874518,10.384143
241.863922,92.898709,9.475414
247.878080,92.437145,10.114710
252.276441,92.928050,8.313097
253.249598,92.408564,6.633164
13.478904,253.730127,121.550711
15.335118,252.905413,122.545335
14.958981,250.238999,121.521612
14.314629,245.185126,118.200944
12.505979,237.298462,113.641792
10.097706,227.540162,104.015480
8.031820,215.037274,93.201866
5.675557,198.927234,82.648219
4.105714,180.980594,66.370822
2.889308,168.809814,57.776381
2.934241,155.891397,46.904019
2.133088,144.236079,35.617064
1.657032,136.797341,27.368724
1.434743,125.843810,18.084774
2.178401,119.284420,12.896136
4.271482,110.860301,7.911663
6.128318,102.519198,5.502925
10.749819,96.880597,3.777946
17.810712,92.441270,3.126682
26.913311,90.656814,3.613947
41.430599,90.664610,3.748549
54.386475,89.956490,4.131157
69.294226,93.332928,6.721968
80.501403,93.179899,7.750291
95.120694,96.205399,9.314999
108.571654,97.155632,10.244913
119.743649,97.907230,11.455151
131.869712,97.140473,12.212610
142.490890,97.537931,15.130627
153.082900,99.776986,18.076458
165.293300,103.106945,18.292965
179.160598,105.374314,19.362386
190.691008,107.877100,19.138336
201.573499,107.869421,21.204332
218.290133,107.662400,18.542623
232.319159,105.472774,13.232100
241.997929,104.487519,10.948950
248.632433,105.936028,9.503070
251.903959,104.755434,7.451394
253.371368,104.191443,6.222897
12.769604,253.760619,108.190067
14.818010,252.845873,107.376248
14.317919,250.303751,105.547257
12.564870,246.302875,103.403457
8.822034,238.811741,98.312553
5.961899,227.892629,90.954470
4.987172,216.766281,80.779312
4.062733,203.324697,70.084613
2.421102,183.586612,56.098665
1.761825,173.611032,49.640155
2.089272,161.799214,39.188693
1.941877,148.956649,29.055049
1.682781,141.586932,21.879030
1.935785,134.334581,14.938858
2.812401,126.837062,9.437909
4.646969,121.406750,5.812597
7.355396,117.506198,4.116241
12.957796,110.417553,3.232426
20.356362,106.413684,3.282161
31.993513,105.268265,3.120459
44.586574,102.984858,4.163742
59.379550,103.850922,4.237930
72.761478,105.430661,7.418009
84.446979,105.994722,7.837393
99.476325,108.922011,8.979793
112.487770,111.355214,11.974265
123.436881,113.372893,13.731618
132.901033,113.177925,15.207692
145.770281,114.072659,18.840252
157.187730,115.137460,19.282517
168.913332,115.999630,21.968115
180.564846,116.705896,22.330787
194.685654,119.392121,22.640643
206.100617,120.758527,23.568648
219.822425,118.943469,23.402390
232.873864,118.896065,17.214682
244.276087,119.312442,12.895290
248.951646,118.482309,11.105517
251.660187,116.517373,8.309088
253.173651,116.002355,6.854319
13.573177,253.790594,94.105920
13.122319,252.774211,92.498647
11.488482,251.146923,91.283481
8.019672,246.912275,88.828698
5.734138,239.013731,81.241519
5.602332,230.614392,77.122754
4.286141,217.669020,69.494705
3.434029,205.446236,62.076593
2.396373,188.229261,50.756326
1.658180,176.700623,41.560049
1.698961,166.241148,31.088853
1.541961,156.726259,22.869603
1.853220,148.687434,15.384203
1.829619,142.816413,10.765823
3.364589,137.091066,6.792072
5.433394,131.198194,4.021699
9.010197,126.028175,2.735949
14.662754,120.851117,2.853295
23.232699,116.847811,3.241570
36.485262,115.184106,3.373380
48.876691,114.816237,4.614101
63.241179,114.591308,6.396661
77.043717,117.500852,8.085150
89.843298,120.707706,8.662535
105.304106,124.281460,11.253554
115.656144,126.697319,15.289350
125.349827,129.480532,14.694940
137.247176,129.948939,20.747496
148.711681,131.154901,22.984507
158.178345,130.189573,24.274542
170.055706,131.378665,28.058647
185.005036,129.870894,30.934954
197.298089,130.857191,29.977016
208.813373,131.286064,27.143507
221.904900,131.436111,26.606667
235.048578,133.687094,23.603825
245.101385,131.051911,16.862258
249.285067,130.519270,11.743820
251.613341,128.415128,8.785361
253.212405,128.272589,7.030386
11.597825,253.846941,79.639221
10.495614,253.033177,80.628633
8.893373,251.227015,77.108515
6.496956,246.969810,73.330397
5.052589,240.802385,71.049980
5.016918,231.589920,68.838396
4.198490,221.690034,63.854336
2.790041,208.136142,52.906818
1.866980,192.069498,41.728923
1.649658,182.245189,33.642596
1.517021,171.473824,25.600820
1.613110,162.299139,17.480950
2.119890,155.152619,11.225366
2.211126,149.661100,7.594941
4.076183,144.266321,4.207831
6.385811,140.368045,2.905659
11.068185,136.035428,2.549859
16.049852,132.624159,2.900476
27.214519,129.895414,3.442421
39.594738,128.796682,4.010279
53.550966,129.611199,5.392836
69.446736,129.510390,7.618021
83.554430,133.996762,9.169304
95.968175,135.705736,10.557252
108.424274,139.201418,13.610843
121.678526,142.143078,15.763984
130.372630,144.600176,16.564667
141.622427,147.706460,21.756484
150.543557,146.948503,26.960606
160.040444,147.345163,30.460423
171.120378,145.958752,33.873099
186.063295,145.665639,35.801264
201.682648,145.316832,35.801077
211.393999,144.685732,35.312365
224.640591,144.247504,31.484613
237.521638,144.870312,27.081945
245.408401,142.342588,19.395027
250.085492,141.190260,13.858531
252.342391,140.623277,9.916478
253.167452,140.184730,7.638222
11.011960,254.247977,63.933423
9.107576,253.675945,63.746512
6.474398,251.670538,61.978457
4.729614,248.112795,59.524753
3.690589,243.044066,57.677605
3.630777,234.401476,58.777509
3.285038,222.677334,54.206875
2.381999,207.828129,44.824694
2.315512,194.086170,34.145449
1.711908,186.104379,27.302217
1.813544,175.546301,19.135073
2.335779,168.707283,13.137516
2.588210,162.111346,8.897327
3.325073,155.684801,5.238590
4.904970,151.051559,3.394097
8.122456,148.239248,2.543322
12.348810,145.558213,2.325577
19.497128,143.503313,2.668020
31.867815,142.732652,3.719828
44.923270,144.286740,5.338655
58.523995,144.787731,6.622066
74.349358,146.829999,9.861394
89.464839,148.754278,11.043000
101.847000,153.560197,13.723699
115.567886,157.573191,15.718054
128.216458,161.302570,18.149023
137.150011,161.867048,19.713203
144.830087,162.957951,23.181259
154.442728,166.073488,30.402062
161.943796,164.423176,34.228121
173.759045,164.973872,40.106804
189.366370,165.291881,47.127715
203.832401,162.563782,46.369877
215.064353,160.257916,46.734359
228.473856,158.624099,41.334078
240.522237,158.448836,33.684442
246.381862,157.906402,25.138497
250.768675,155.123212,18.007027
252.363466,155.208732,11.603037
252.965537,154.412967,8.944685
10.062007,254.358518,49.972253
8.309414,254.290282,49.110066
6.425540,252.717677,46.432376
3.770276,249.926590,46.476699
3.510178,245.168045,47.072207
2.885129,236.499285,46.760177
3.088054,225.540720,43.884374
2.489141,209.015421,35.325242
2.089763,197.447356,28.084455
1.684745,188.390986,21.657391
2.256222,179.219637,14.630851
2.844962,172.104971,10.006716
3.234514,167.207269,6.925125
4.050475,162.422840,4.423676
6.650151,159.166923,3.297773
9.964023,156.446989,2.396921
15.211370,155.409825,2.454406
24.896713,156.427073,3.994097
37.756315,160.625954,4.696558
52.657427,163.924194,6.834104
66.320870,166.498937,8.622250
81.643175,167.838566,10.713529
95.542129,169.974266,12.710854
109.460355,170.595130,16.283443
121.968251,173.034213,17.631295
131.840610,174.130781,19.417424
141.641785,177.062369,19.390728
152.309120,178.807858,23.014739
156.533658,180.948684,31.198400
164.485992,182.556728,41.221450
175.918025,180.800433,52.896943
190.350398,179.824307,60.493192
205.462881,179.766262,62.073594
219.291626,178.401422,58.442940
232.171712,175.378457,55.719982
240.484181,173.398298,43.855757
248.464096,170.363325,29.550165
251.285581,170.845075,21.800985
252.361642,169.586205,14.064632
252.637087,168.565777,10.635166
7.880123,254.579018,37.102825
5.793862,254.597708,33.994181
3.908720,253.923856,32.835760
2.818833,251.754170,32.855198
2.939109,248.336445,31.295138
2.498003,240.442075,32.650702
2.632350,226.648460,30.803408
2.260701,214.153860,26.546271
2.039982,199.607357,20.585959
2.136888,190.387657,15.424266
2.827237,184.149894,10.586409
3.493984,178.228063,8.058389
3.731698,172.158622,5.435351
5.909697,169.172106,3.073326
8.798264,167.006656,2.391319
13.270231,165.829068,2.269836
20.237952,167.479022,3.031404
33.103876,172.452077,4.570139
45.475517,177.134120,6.022921
57.974936,180.537825,7.391423
70.022319,180.356748,9.233186
86.516958,184.310815,12.205561
101.110751,187.479230,13.680735
113.334736,191.431176,16.261463
125.385490,192.046177,17.133033
136.043269,191.599348,18.717998
146.658774,194.490145,20.932330
154.477198,194.553752,29.962529
159.993226,194.789671,35.599429
167.156056,197.953069,49.569904
178.922114,200.367278,63.860815
193.499569,199.962200,76.126679
209.100709,199.792148,74.561289
220.455543,199.412691,73.949700
233.401785,194.972466,64.111524
242.679078,191.026575,52.352913
249.065022,189.909440,34.485322
251.805687,186.333297,23.543965
252.582568,184.816999,16.153839
252.797456,184.982086,11.127407
6.482656,254.867002,22.501276
4.749091,254.788383,19.733534
3.638862,254.652254,18.547785
2.533378,253.242660,18.283894
2.037943,250.969367,18.704212
1.823885,244.517694,14.427425
1.897388,234.052359,15.314955
2.119300,218.471466,17.377621
2.169780,203.835650,13.829590
2.383723,195.254245,9.546562
3.239008,187.764853,6.754456
3.556122,184.181686,4.870154
4.654681,177.953770,3.531027
7.113688,175.680337,3.023087
12.663190,176.275842,2.793558
18.966538,178.686347,3.182834
27.095659,182.392070,3.526295
39.211689,187.752112,5.361750
50.703625,190.406652,7.236318
62.427582,195.259044,8.753888
76.928407,201.733103,11.970535
91.614017,203.832993,12.560917
106.636546,205.748386,13.530143
121.134270,209.682745,16.691995
130.374322,212.133990,17.713079
140.669343,212.579846,19.521073
150.956234,213.598688,22.283224
158.097299,211.353414,29.584103
165.130692,213.279914,40.743394
171.107602,213.250562,54.225942
182.998980,216.019210,69.764439
195.637103,214.892080,79.842353
208.942347,216.083595,83.903544
223.123590,213.428134,80.616864
234.922583,212.255214,72.701751
242.945207,211.842904,55.675290
248.432805,208.681933,38.830267
251.224284,204.583957,25.485978
252.210081,202.539782,15.797114
252.718563,199.716658,12.003412
7.145908,254.936359,12.201216
5.170635,254.854587,11.986030
3.524864,254.698203,10.995956
2.472052,254.436950,8.198800
1.417753,253.221023,5.734717
1.103370,249.662326,4.650949
2.052504,238.656602,6.578129
2.129437,222.743693,8.947374
2.249780,208.897623,7.942869
2.629513,197.912062,6.158927
3.323221,192.314125,4.567320
4.031919,187.050299,3.410632
6.505237,183.544698,2.853093
10.708842,183.506092,3.220921
17.201810,185.414124,3.031112
24.487531,190.601109,3.696302
33.789247,196.078727,4.884104
42.740903,198.963938,5.352161
55.682572,204.585939,7.971961
69.695491,210.578634,9.715756
82.324500,214.355873,12.140278
94.882354,218.926492,14.988139
111.429479,223.508399,16.564084
123.999002,224.077670,18.801278
133.844206,225.091000,18.351147
142.851099,226.603901,20.671897
154.233147,227.626261,21.751183
162.504915,227.129115,26.820685
167.531660,225.157675,39.723098
176.427139,225.889137,55.150230
184.446286,226.385236,72.665553
198.378649,227.948546,83.932361
210.669240,228.159573,87.299726
225.558458,226.755646,84.179109
235.369258,226.204527,71.216466
243.972016,224.405071,56.883823
248.255653,224.576466,39.227947
250.038201,222.549474,23.478079
251.140833,218.877161,14.742454
251.751144,217.087669,11.921645
7.498116,254.924355,5.765587
5.996562,254.844124,5.870787
3.733238,254.706099,4.375073
1.625456,254.559027,2.439214
1.304767,253.884403,1.509227
0.783899,251.793382,1.283782
1.230620,245.629701,1.429811
2.335014,229.634741,3.204592
2.552767,213.227677,4.863925
2.736704,203.372712,3.953093
3.369310,195.638651,3.623227
4.807629,191.563976,3.157292
7.804246,189.048620,2.966383
13.840337,189.661558,3.107292
20.972010,193.497803,3.174947
29.001612,197.931546,4.165529
37.874812,203.924737,5.457333
48.141987,210.090502,6.113202
62.994493,219.949921,8.404852
75.699413,227.087597,10.028130
90.437782,233.217374,14.407765
100.477935,233.964061,17.268410
114.844816,236.318022,17.727230
126.331918,235.995017,18.582675
135.991498,234.328743,18.522593
146.448109,234.804366,19.468293
155.271784,234.154101,21.148317
163.281602,234.062327,25.895442
169.034606,234.739387,34.944030
176.287164,234.426545,49.616771
185.919139,237.488367,69.806781
199.799551,238.524891,77.765127
213.014386,238.177530,79.084350
224.815394,236.909384,76.431022
235.615298,236.507417,67.778361
243.801636,235.948594,50.660163
247.238875,237.142576,33.389739
249.282464,235.731481,21.137773
250.471760,234.209110,14.075646
251.071533,231.569720,13.003333
7.952592,254.931070,2.506445
6.754257,254.878222,2.380670
3.317810,254.793191,1.332719
1.281993,254.631939,0.751565
0.776259,254.258640,0.458538
0.644892,252.859207,0.338583
0.813631,248.186440,0.376841
2.147194,235.911458,1.083929
2.580829,217.074412,2.735343
2.914238,207.978071,3.087851
3.778039,199.600394,3.337473
6.032049,195.192814,2.805967
10.572295,193.756025,2.916724
17.180889,195.550863,2.729824
24.057857,199.433931,3.518472
35.523284,206.804678,5.890935
43.320016,212.563205,5.866214
57.296368,222.950755,7.782092
67.939834,229.109806,9.297634
78.687669,234.965258,11.312057
91.298084,239.927849,14.324662
101.421173,241.409458,16.108686
114.311718,242.640468,17.444525
123.864294,243.010397,18.801987
136.789580,241.997860,17.313183
145.889593,241.700269,18.183594
157.010071,240.800196,20.272015
165.375131,241.202031,26.529894
170.867354,242.037380,29.698331
178.906593,242.911434,43.556256
190.535811,243.993178,60.291210
203.032368,243.803531,71.092048
214.994558,243.669640,71.577244
225.410931,243.916076,69.988821
236.236882,243.037917,60.209884
242.923203,244.329641,44.957547
247.287415,244.433279,28.790182
248.589233,245.800123,17.412357
248.935192,244.592149,11.730724
250.573000,240.731738,12.092715
9.676625,254.942206,0.893767
7.024380,254.894545,0.769729
3.323694,254.804896,0.499773
1.161725,254.738062,0.277748
0.358975,254.689232,0.096609
0.598695,253.441046,0.147175
0.605166,249.677146,0.238602
1.870604,238.446672,0.775613
2.823706,220.506127,2.247681
3.843972,210.745400,2.583046
4.495928,202.681015,2.647857
6.918152,197.756960,2.491642
13.712971,199.068197,3.194359
20.057348,200.010671,3.352593
28.984673,205.974598,4.411226
40.124163,213.404103,6.877718
49.276716,219.978946,7.236687
60.609358,229.830066,8.650078
69.888740,234.666387,9.081745
79.894092,239.052471,11.702935
91.691801,243.149608,14.634514
102.931356,245.062548,16.230308
113.183576,246.273408,19.300197
124.477471,246.420819,18.818233
135.858820,247.313499,18.682904
146.509750,247.048439,19.505357
158.118741,246.882515,19.806128
166.772110,246.221946,22.447120
174.239022,246.860517,27.735299
180.541993,247.015160,38.960147
192.635745,247.927577,51.524643
203.284679,247.098263,60.380255
215.103788,247.187576,64.244221
226.470348,247.045125,59.300351
235.326158,247.366142,52.163825
242.212945,247.886020,39.321022
246.763011,248.769849,25.761434
248.162975,249.529788,16.473290
247.743144,250.374535,10.200177
250.045387,246.467869,13.537651
