1600
3
249.500061,246.136012,7.602669
250.091379,245.678472,13.809674
249.253177,246.040076,22.712848
246.785903,246.160793,34.746622
242.937861,245.257499,47.284538
237.387051,245.430359,59.116083
228.513966,246.245288,67.002981
219.574463,247.466832,68.943051
209.587728,247.726073,64.519003
200.057181,247.603610,54.214659
189.494556,247.473405,39.851153
179.971568,246.862454,27.826422
169.894294,247.049938,22.163892
163.952686,247.112003,18.209485
153.273339,247.326582,15.884175
141.064955,246.905193,16.625800
132.460529,247.146367,17.915765
122.851891,246.519687,18.208241
110.885382,245.914789,17.379020
98.876947,244.195823,16.563874
89.092281,242.833382,15.555168
78.259220,239.244686,10.495265
68.458089,235.019349,9.291128
57.527290,230.175224,8.249709
45.893325,220.895362,5.863684
35.445254,213.726862,4.663346
27.633481,207.734344,3.136228
19.271728,204.790521,3.365047
12.562463,202.093698,3.451348
7.596222,204.303987,2.735189
5.456441,210.131113,2.623570
4.043074,217.901998,2.476040
4.162733,227.770987,1.596405
5.761751,236.414823,1.217843
7.009833,246.189686,0.869451
6.705851,250.599255,0.687035
4.203925,253.529176,0.467862
1.919811,254.489915,0.369378
0.687842,254.822887,0.269730
0.251628,254.961667,0.136332
250.527082,238.669729,9.243095
250.353846,240.047849,13.472875
249.803289,240.183844,24.341087
247.120046,239.825987,37.940592
244.181769,237.979282,53.974263
237.895481,240.472706,66.864188
228.070843,242.358522,74.790581
217.860237,244.702562,76.744081
208.508249,245.240636,70.421824
197.671613,244.385899,59.867586
188.520704,244.572438,43.906719
178.770535,242.897527,33.489237
168.537311,241.160857,24.523690
161.138981,240.252628,20.374124
152.120883,241.198333,18.233890
140.089195,240.903344,17.671282
132.124016,242.233467,20.159854
121.673621,243.756552,21.398420
110.090361,242.904188,20.891941
97.116277,240.832571,17.679264
87.686751,238.288366,15.522697
76.356693,235.294942,10.967341
65.292067,229.253922,8.500224
54.038071,222.518485,7.316651
40.314400,213.813923,5.041844
30.249237,207.627047,4.153064
23.277585,201.950844,3.099010
15.942045,200.106873,2.951157
9.786348,197.636685,2.930739
6.173037,200.441367,2.910066
4.127587,206.223640,3.464562
3.591720,213.732050,2.951310
5.662580,226.393004,2.009345
7.110182,235.655618,1.556949
8.421202,245.649892,1.253699
7.899097,250.742936,1.085445
5.861292,253.615007,0.932744
3.173838,254.509493,0.903169
1.244039,254.831557,0.743907
0.545638,254.931330,0.735390
251.194299,227.486487,9.645567
250.538106,227.538368,13.716032
250.557385,228.537054,24.848089
248.017756,229.686528,41.234295
244.117943,228.336792,58.390031
238.141665,232.422609,70.049136
228.791663,233.978756,83.237019
214.987444,236.593878,85.505778
205.717424,239.192068,76.958873
193.236315,237.418005,66.900162
183.976744,236.545547,52.655349
175.003903,234.597718,35.850022
165.990153,234.159376,26.065230
160.407035,233.949771,20.685576
151.465450,234.551005,18.850624
139.460435,234.096151,18.703423
132.024901,234.095899,19.456682
122.954111,236.119731,22.683038
110.136168,237.188959,23.250307
96.996563,235.537647,19.916966
85.637981,232.613622,15.659347
72.983598,227.396761,10.762613
59.021301,219.773260,7.392272
45.599485,211.681967,5.614437
35.853129,205.517349,4.550438
26.151443,200.256864,3.153778
19.352346,196.296449,2.947862
13.045681,194.053987,2.810804
7.505254,193.639585,3.148143
4.823353,196.172675,3.260404
3.438983,201.765185,3.972329
3.689320,210.687657,4.088542
5.994940,222.835127,4.058949
7.696444,235.010699,3.712478
9.504934,244.859167,3.065679
9.712467,250.636686,2.829741
8.071171,253.615482,2.479446
5.138283,254.443499,2.232520
2.123007,254.811959,2.720166
1.027031,254.935945,2.850014
252.168484,210.612964,10.228648
251.486982,212.702790,14.923554
250.929446,213.818773,27.214891
249.267568,214.768654,43.827315
244.703188,219.503698,57.780892
235.846467,220.730760,72.832951
226.510815,222.265952,80.556104
214.242161,225.991959,84.378740
202.663787,228.766092,81.195114
190.496204,228.439962,68.823845
181.167889,225.103488,54.721567
172.599789,224.064872,38.964543
166.146908,225.831455,26.095534
158.907664,227.371609,21.153263
150.050448,226.063056,21.071491
138.175820,225.843526,20.725121
129.740198,225.848924,21.086411
121.190566,225.159232,22.087952
106.948907,224.154627,21.942462
93.546766,221.762061,18.030030
79.065890,216.062131,12.751779
65.748526,212.304425,10.289739
49.233804,205.145008,7.556741
39.793771,200.528308,4.953459
28.987132,195.869968,3.842005
22.388250,192.377579,2.762453
14.882807,188.437259,2.797946
9.732994,187.455726,3.080842
5.748570,187.781848,3.003513
4.427992,192.396212,3.835789
3.531365,197.155497,5.213342
3.542152,206.282770,6.665362
6.409450,218.697704,7.305571
8.205525,232.428804,7.018328
10.238758,242.645608,6.766347
12.088300,250.227874,5.502558
9.425655,253.032689,6.161575
6.603764,254.454372,7.299825
4.054576,254.805897,7.960641
1.940113,254.916034,7.906093
252.399649,193.932876,9.996087
252.715632,192.544539,15.229483
251.634499,192.982960,24.904764
250.052957,199.800393,39.544714
243.052560,202.745343,56.629268
234.872462,206.963094,71.415098
225.655531,210.822363,77.553998
212.447061,212.754710,79.697209
200.232260,212.475133,77.811609
187.398737,217.773865,70.244452
174.815665,212.587740,52.976780
167.582212,211.031236,36.124442
162.693364,209.768278,27.227466
154.551646,212.179906,23.204777
145.810435,213.389517,20.158706
136.164495,212.973592,20.914607
126.189193,212.196982,20.129936
116.181119,208.742191,20.722711
103.873862,207.988393,19.601345
87.737176,203.633551,13.531231
70.213889,199.319579,11.079986
58.539407,195.673641,9.186023
44.590634,191.553156,6.234102
33.779917,190.231903,4.324706
23.774378,185.582143,2.638620
17.344519,182.304343,2.592038
11.392044,180.876172,2.933439
6.934252,181.129286,3.159639
5.016921,183.574625,3.579420
3.719137,187.422317,5.513637
3.222395,192.770944,7.006968
3.253574,202.312471,10.503383
5.422072,215.814245,13.175265
7.815396,227.889808,14.289689
10.049869,238.742275,13.749641
10.372581,247.611297,15.357138
9.559880,252.483841,14.486453
7.561184,254.002441,15.952922
5.163293,254.685268,16.167431
3.187967,254.852140,17.077566
252.549422,176.658746,9.387448
252.247807,176.317179,14.034321
252.254743,176.872653,23.411565
249.729141,177.066176,34.495625
243.192909,182.609410,50.101001
235.256507,189.897920,61.652927
223.723753,193.440589,67.807758
211.220759,195.973540,72.438086
196.530930,194.156119,71.455462
182.108677,195.340128,57.807013
168.446683,196.028885,46.071171
162.594992,194.088878,34.910897
158.657475,193.560804,26.954652
151.030026,195.648249,22.722797
140.458212,192.535026,21.634171
131.255161,192.707058,20.086693
121.506283,193.355027,19.604650
109.932484,194.505785,19.431391
96.629571,188.357131,17.401536
79.959505,185.855959,12.219457
64.354457,181.873562,8.808229
52.785528,181.749991,7.159662
40.637571,177.531970,5.194266
27.594803,175.243254,3.329193
17.087317,171.805635,2.311902
12.182894,171.236105,2.414601
7.894286,171.432051,2.743051
5.020004,174.578333,3.760722
3.888055,178.491592,5.809134
3.528484,181.906476,7.860458
2.849436,188.297257,11.741600
2.351896,196.516248,15.433488
5.027531,212.074613,19.892279
7.010608,224.401795,22.035526
8.764282,235.816368,24.799271
10.045338,244.692016,28.655630
9.003438,249.763706,29.660537
7.122748,252.969670,26.755880
5.721416,254.268531,28.048028
3.888679,254.714717,28.867185
252.065951,157.286456,9.354777
252.061971,157.916391,13.212070
251.499619,160.128586,21.376899
249.343007,163.443393,29.928432
243.098187,166.698541,40.698833
235.034366,168.839317,50.202385
221.856759,172.737461,57.451824
208.370418,176.798301,57.398981
194.135905,177.109034,55.234484
179.885718,176.890819,45.491395
167.158489,179.194008,39.180495
160.095164,179.734544,33.647512
152.921443,178.372415,27.299636
143.870702,177.445052,20.983578
137.118199,176.618603,19.870846
125.942347,175.726187,19.555505
117.523469,176.590784,18.532295
103.615853,172.530165,17.692976
89.512348,172.725404,15.201498
74.773341,169.810449,10.404741
58.383437,167.964099,7.855081
45.865109,164.955729,5.845505
33.195088,163.472881,4.206070
21.422615,160.576501,2.405515
12.923302,160.275548,2.227163
8.556489,161.034677,2.297695
5.733846,163.489433,2.888159
3.889705,168.126399,5.453610
3.316199,172.545909,8.082994
2.871482,178.005476,11.436238
2.365930,183.557858,15.664826
2.164992,190.058820,22.108921
3.821974,207.443590,30.655391
5.148056,220.073432,36.574669
6.695702,232.358960,39.583723
8.509453,242.084311,40.825227
7.598508,248.132059,41.277050
7.189353,251.859845,41.830202
6.965502,253.714072,42.320750
6.357936,254.402383,42.069851
252.207045,142.695572,8.114516
252.196735,143.203106,11.311503
251.249112,145.019781,17.599974
248.566563,148.060282,25.210971
242.332965,151.428567,33.583082
231.649092,151.450012,41.920438
218.855992,150.835754,44.777007
205.334705,153.905588,43.401669
190.914488,157.378575,39.536595
179.420560,160.037372,35.673904
167.689506,162.155400,33.283118
156.458279,163.034800,31.714439
146.919123,162.344598,24.957409
139.487915,161.454375,19.486050
131.815347,160.703595,18.050757
121.327545,159.055516,17.046098
108.713470,155.589718,15.953352
97.525732,154.454519,16.488404
82.437373,153.617891,12.654470
67.338781,149.835742,8.524602
51.040579,146.725858,7.001631
37.737470,145.916456,4.008041
26.789330,145.897896,3.189104
15.458996,148.482430,2.633446
10.457807,149.869435,2.219656
6.237627,153.419584,2.519414
4.015807,156.423913,3.769811
2.695660,161.516940,6.618618
2.472735,167.387589,9.868137
2.187208,172.661815,13.824617
1.856436,181.604965,22.091003
1.980028,188.850357,27.905282
2.828474,202.760625,38.068323
3.568862,216.537469,47.396697
5.169356,229.887587,54.027615
5.687336,238.595310,55.593479
5.882291,245.031847,55.698860
7.800885,250.511617,55.973303
8.177313,252.937054,54.510423
9.152456,254.014888,54.501689
252.769881,130.251691,7.218170
251.960041,131.820478,10.771406
250.979791,133.756925,14.792476
247.656306,133.232147,20.619655
240.567704,137.828610,28.548082
227.676375,133.649128,33.150751
214.916385,134.914262,37.290976
202.478571,135.200022,35.645039
188.894004,138.745135,33.335125
175.447913,140.869355,31.165576
165.223430,142.559300,27.120143
153.795065,144.754215,25.790796
143.941404,147.461078,21.816360
134.775508,145.307124,17.987939
124.112114,143.046753,16.670137
114.206222,140.116580,15.234192
101.304110,137.033779,12.981058
90.695580,134.825481,12.111378
75.836404,134.797245,9.618271
59.654654,131.883303,6.190476
45.063269,132.052646,5.177602
33.451810,133.604951,3.974902
22.800286,135.346636,3.602187
12.884961,137.986601,2.567201
8.634914,142.005276,2.342513
5.175761,145.207508,2.933616
2.903598,149.867486,5.147283
2.157834,156.599985,8.691452
1.628834,161.357271,12.735895
1.522348,168.935947,19.181754
1.960640,177.600579,27.421727
2.094496,187.034513,35.421787
3.406225,202.088421,44.864986
4.165639,216.247615,56.473163
5.484572,227.363254,62.033168
5.334100,236.730558,64.749050
5.998797,244.044272,67.828391
7.212204,249.598152,68.482864
9.540624,252.262254,70.007450
11.233527,253.589502,69.558249
253.328793,116.535801,6.490030
252.334814,117.450688,7.707808
250.485485,119.294294,12.232328
246.213533,122.455632,17.459796
237.958818,121.358616,22.621418
223.319106,120.352195,27.700954
210.527938,122.417806,29.707532
197.318668,122.900536,29.753872
187.176126,123.541295,28.676354
174.979434,124.516574,25.395297
163.482943,127.010394,22.147640
152.236690,128.398713,20.412571
138.754631,127.848609,16.890236
129.697272,129.545832,15.672524
118.036811,127.383846,15.998032
109.181761,124.482419,13.231099
95.741415,123.529129,11.553710
84.132496,120.714257,9.207285
70.858593,117.766001,8.154834
54.333607,117.830812,5.491238
42.192447,119.376397,4.414826
28.699924,121.979083,3.702497
19.640922,126.586892,2.965672
11.447171,130.892721,2.365800
7.400463,135.053202,2.878426
3.850044,138.847978,3.880572
2.361575,144.515450,7.428924
1.858570,149.623651,11.569834
1.576627,157.014318,16.872908
1.602048,163.546779,23.510384
2.171268,174.413118,33.732836
2.205974,184.187241,42.734464
3.029989,198.429065,52.034851
4.097112,214.537228,63.990415
5.688896,225.714170,70.116814
5.908123,235.973912,73.466753
6.430715,243.296545,76.744625
8.995846,249.657931,80.830325
11.120462,251.977220,82.105013
13.212867,253.404502,82.882732
253.713555,104.933120,5.825599
252.427190,105.109919,7.327449
249.809857,106.239122,10.188951
245.658293,105.005126,15.429382
235.190140,107.473594,17.546335
222.591957,109.318633,21.021353
207.195596,110.639481,25.207441
195.588375,110.757509,23.796925
185.312166,110.920619,21.443408
171.810158,111.721344,20.337662
161.331007,110.807731,19.428148
147.660963,109.638486,15.652481
134.286556,109.930085,14.677491
125.163102,112.851255,13.323599
114.386665,111.222573,12.677757
104.217991,111.033040,10.944561
89.289451,108.361863,9.260203
77.442328,107.573589,7.826541
63.969677,104.485927,6.480062
49.533522,104.118182,4.771761
35.591173,105.591282,3.921631
25.153681,108.594902,3.285765
16.029563,113.518084,2.933158
9.685253,120.322864,2.768486
6.038210,125.233916,3.729671
3.104930,131.408089,7.021785
2.215739,137.621830,10.370652
1.723862,143.249134,15.961748
1.516235,150.494096,22.700278
1.784586,158.136671,29.019049
2.334617,170.188793,42.200726
2.960505,180.465572,50.920628
3.300365,196.134731,59.260618
5.131981,212.609650,68.980407
6.282058,224.449198,77.728199
6.764340,234.668921,86.241720
7.603715,243.974221,92.039561
9.486476,249.384469,95.007548
12.725315,252.087887,95.773466
14.454069,253.393463,96.068029
253.889380,91.141201,6.102270
252.916896,91.149973,8.011956
249.497063,90.653875,9.733268
244.375991,92.040589,11.427483
234.851199,95.183721,15.038996
221.241733,96.205036,16.274618
205.177105,96.909894,16.218749
194.089831,98.836514,16.844370
181.794407,99.415319,15.935361
169.263152,99.123041,13.809535
156.920672,96.281538,12.831698
145.115475,95.821076,13.608130
134.159207,96.311072,11.942754
122.098462,97.910015,11.468034
111.634439,97.618478,10.750163
99.659619,98.089017,10.170720
85.036894,96.585535,8.982504
72.352807,96.394757,7.065514
58.354007,91.529501,4.388116
45.391788,92.261167,3.704336
33.392915,93.209075,3.433425
21.143768,97.169397,2.729216
13.646475,99.898606,2.588316
8.068456,107.233888,4.067841
4.788551,113.215611,6.021452
2.713729,121.914411,9.814086
1.868958,127.957677,14.022638
1.675579,138.269064,21.780333
2.207197,144.914496,30.087716
2.583372,153.818131,38.434377
3.951471,167.279825,51.150768
4.245879,175.803721,57.705979
4.905570,192.423245,71.177357
6.883622,210.436839,83.987337
7.894018,223.962907,91.816964
8.728500,234.931195,98.848916
9.457151,243.846867,103.487731
11.030704,248.876268,106.381682
12.989896,252.006869,108.434946
15.457045,253.159339,109.994550
254.018497,77.307239,5.334839
252.663402,77.771670,6.792133
249.583526,79.289363,8.964570
243.576392,81.258664,9.430390
235.259959,80.430148,11.206650
220.140019,79.677523,11.394195
206.264030,80.845882,11.698074
193.964688,83.572261,12.028891
180.265232,84.380261,11.399631
166.244851,84.026374,10.718775
154.021188,84.619017,10.822433
144.270164,84.016630,10.547770
131.641226,83.292562,10.108584
120.311660,82.726941,10.215060
106.695032,80.703604,8.450299
95.256408,80.274486,7.650757
78.918511,78.266455,6.448817
64.012960,77.734481,4.624878
51.632042,73.722965,3.754839
39.602664,73.388271,2.408703
26.706997,75.444364,2.428696
17.120672,79.372137,2.506039
10.717912,86.942654,3.441047
5.841703,91.293619,5.465435
3.869551,100.460146,7.179369
2.542743,110.568028,12.793746
1.784715,118.935226,19.567876
2.087557,130.912814,28.028787
2.632134,139.685675,35.768763
4.443600,152.552328,49.936319
5.210452,161.766262,59.707694
7.151352,173.706214,67.466486
7.292220,192.826699,84.034077
9.874922,206.766030,92.454886
10.510446,220.799626,104.873520
11.282527,233.477951,108.829337
10.171589,243.808729,116.301290
10.500945,249.183791,121.781341
13.126927,252.149347,122.841138
14.835513,253.226407,122.623197
254.201746,62.961931,4.596655
252.977737,63.298547,5.694854
250.398410,63.620124,7.443941
244.068191,66.483871,7.873515
232.301179,66.373446,8.774934
219.443906,66.796315,8.377671
205.771649,69.722143,9.426652
192.979918,69.605143,9.048541
179.338901,67.861602,8.477664
164.642062,71.642425,8.480259
152.701018,70.961593,7.504637
139.417262,70.082923,7.037831
128.277112,67.839959,7.144188
116.251665,65.752692,6.407854
102.081698,65.024188,5.801933
87.802611,62.773430,4.988059
72.202172,57.611535,4.129605
56.478456,54.449713,3.559131
43.095262,54.087933,2.355337
32.760520,53.728286,2.110871
21.619451,58.286274,2.287114
13.448370,60.534001,2.764884
8.622917,71.147836,4.497037
4.255292,79.914764,6.096429
3.594735,88.985563,10.454789
3.067229,97.394204,15.881147
3.196847,109.921509,23.905145
3.625635,120.283133,32.851293
4.803622,133.431957,45.270516
5.487936,146.630249,57.019533
6.308144,158.401499,65.708918
9.096428,172.057233,78.977418
10.050536,189.324581,94.308729
11.224017,206.116355,107.545303
12.652695,218.368836,114.661491
12.423700,231.263389,123.644663
11.461219,241.852183,130.465904
11.348877,248.929183,133.365522
10.630049,251.998184,136.234138
12.579702,253.205728,137.320138
254.239289,49.992412,4.144932
252.942823,50.294488,5.028057
250.085338,48.838873,6.043211
244.030485,47.677706,6.260006
232.231831,49.415296,6.814284
219.341983,51.234787,6.195293
206.668051,52.781819,5.798667
193.309091,51.691381,6.190163
179.427704,53.126179,5.298596
164.330121,53.957392,5.584986
152.179303,54.793434,4.669167
136.923577,53.270642,3.993965
124.695959,54.020419,4.125042
110.924784,50.979881,4.317230
97.242921,49.909176,3.878904
79.782970,47.485114,3.683396
64.198663,41.620843,3.255557
48.672550,37.394001,2.479607
35.713033,36.562939,1.922699
23.415078,33.865616,2.060238
14.339108,37.215352,2.058199
9.881107,41.852580,2.897975
6.107218,50.192779,5.005254
4.161073,61.009081,7.920093
3.256385,74.421603,12.850781
3.610626,86.014676,19.829507
4.201522,100.524304,29.036444
6.613442,112.268185,42.740572
8.495771,126.864214,55.238443
9.470507,140.660269,66.213456
10.039704,152.295057,76.753569
13.658176,166.716765,88.330146
12.671876,187.240996,103.994002
13.221238,204.610499,115.492801
15.583061,216.959703,125.049876
13.511280,231.161092,136.521601
12.148177,242.023254,145.535488
11.668984,247.595787,148.122010
11.008570,251.654308,151.037614
12.571202,253.004409,150.637098
254.264410,35.174029,2.636373
253.253862,34.906801,3.929432
250.074402,36.424137,4.953980
243.628454,34.622517,4.974850
232.588875,33.334944,4.658291
220.233460,35.343370,4.089707
205.372967,37.938454,4.556858
192.009978,38.236552,4.898924
177.744577,37.894930,3.972653
163.956040,37.917870,3.203408
150.379804,38.657920,4.013411
135.832318,38.583859,3.847484
123.553036,37.786523,3.355310
107.071471,35.427766,3.220253
90.642278,33.045821,2.646655
73.784860,30.672379,2.460090
56.607182,28.197488,2.207751
40.419126,24.255045,1.702361
27.988888,22.159753,1.729169
17.452878,20.824838,2.174880
11.902444,23.694872,2.546699
7.750546,29.233022,3.284354
4.748608,36.103617,5.743038
3.835868,45.203452,9.337723
4.111508,59.077930,14.847422
5.633111,76.673463,25.234615
7.404338,91.821065,39.395328
8.593683,105.548794,51.722759
10.157934,120.557000,63.965230
11.102337,134.744386,76.974703
12.600612,149.170948,88.695266
14.171167,164.691677,102.193565
15.977834,181.922671,113.693541
15.934791,199.530754,127.506903
15.628238,215.167889,141.956319
13.759951,228.343706,154.312193
12.935258,238.326447,162.136682
11.505899,246.209614,168.759227
11.063015,251.234228,170.286631
11.200144,252.115185,174.487469
254.376067,22.503901,1.527284
253.276694,21.564200,1.727493
250.445494,21.470588,2.237511
243.262867,20.734456,2.651749
232.519088,19.676606,2.271927
221.232476,23.094565,2.990801
208.124400,23.324456,3.194762
190.912091,26.584614,3.191295
175.552725,24.795163,2.927633
161.750716,23.041425,2.549102
148.875095,22.604179,2.654507
136.651276,24.417149,2.995351
123.332773,23.703567,3.378413
103.853701,22.379605,2.771392
87.949166,21.158883,2.601275
71.381411,19.928681,1.970561
52.792045,18.080092,1.898952
35.427885,15.577259,1.993434
22.384008,13.220454,1.992784
14.810970,12.568374,2.227982
9.110082,13.815337,2.531419
6.229154,18.924231,3.772620
4.225614,25.682703,6.292169
4.156141,33.220436,10.327265
4.508348,45.745813,16.438554
7.032923,65.102622,29.712190
8.680539,84.737554,46.425816
10.308141,98.517110,59.612110
11.938632,112.142986,73.059117
14.844872,127.411359,86.933411
15.896212,144.093574,102.185751
18.272270,158.554309,112.591585
17.425521,176.010824,125.709970
17.853066,196.461350,141.093542
15.733591,214.126642,154.733494
15.286711,228.915028,171.313189
12.322919,237.905763,182.925892
11.086105,245.287888,190.545928
8.767553,249.846963,194.407507
9.152858,251.568978,196.921477
254.565104,10.289793,0.385373
253.413978,10.094795,0.563534
251.313632,9.516686,0.833217
243.996212,10.131928,0.834902
235.055123,12.055095,0.913167
222.664703,13.228416,2.006842
207.515708,13.831982,2.124090
190.318604,13.222037,2.838871
173.846612,13.383639,2.471677
163.203573,14.922893,2.534446
148.103304,13.853655,2.642717
136.149172,13.746081,2.749177
119.898773,13.831608,2.398111
101.102898,12.210659,2.805447
86.158729,11.587603,2.299957
69.695749,11.532052,2.250984
49.314267,9.315724,1.794735
32.075298,8.618530,2.170618
21.181095,7.690060,2.080011
12.510801,7.437183,2.183324
7.533370,7.283764,2.650667
4.926759,10.764269,4.597733
4.334637,17.514499,7.743864
4.611623,26.329681,12.297359
5.458020,35.607191,21.299877
7.839891,54.635399,35.329740
10.236587,76.305676,51.877480
13.778378,91.971819,66.588359
16.219644,108.261569,83.487966
16.857139,120.738418,95.916490
17.869439,137.602934,108.445914
17.726427,154.250625,122.663529
17.622033,170.516784,135.613861
18.392746,191.718029,152.498152
18.247544,211.473934,170.238341
14.857899,227.828373,189.189932
12.131761,236.603824,201.592349
9.234730,243.581714,212.667314
8.223773,247.693637,215.517899
8.378490,250.854928,214.864533
254.670998,4.490091,0.224358
253.759257,4.475965,0.230884
251.157973,4.200598,0.323931
245.535138,4.634414,0.454303
236.487384,5.734662,0.783028
225.659194,7.489829,1.161127
207.215715,8.597173,1.610248
189.775258,8.518230,2.858797
176.217183,8.483969,2.802986
161.717505,8.167765,3.182922
147.912848,7.440831,3.235979
134.536077,7.355045,3.077148
119.244160,6.705552,3.162710
103.279491,6.132885,2.732239
86.578797,6.528547,2.556975
67.707521,5.985571,2.575353
50.124776,4.727651,2.321347
34.664556,4.693479,2.443685
19.795004,3.751407,2.734239
11.029940,3.847503,2.980015
5.323990,3.671585,3.236122
4.513913,6.450429,6.553647
4.436879,11.106708,10.804158
4.561409,18.598666,16.848443
6.095392,30.452414,25.935971
8.544603,48.169130,40.814615
11.515503,67.549834,55.765118
16.057902,90.236930,75.161964
18.992059,106.098977,88.526723
19.449788,118.059347,100.214346
20.764885,132.948642,115.099550
21.635400,150.219512,133.070670
21.002762,166.745206,147.971529
22.423749,185.783711,162.558658
21.735330,210.933671,186.864131
17.547029,227.003230,202.266127
13.133953,234.832676,218.091226
10.258985,241.611785,226.244945
9.147164,245.591876,230.016069
9.672248,249.081925,230.667899
254.737103,1.408144,0.197932
254.196719,1.565328,0.227640
251.274500,1.819850,0.341692
246.639750,1.895411,0.458771
237.299880,2.367155,0.746176
225.723098,3.177226,1.631197
208.168311,4.877479,2.740448
190.018041,5.091790,3.751641
176.551556,5.163954,4.222189
161.450881,4.139472,4.338334
148.733612,3.989058,4.231564
135.430163,3.526557,3.908658
120.224782,3.803318,4.107988
104.649379,3.659856,3.745925
88.638859,3.633875,3.708708
69.027987,3.751515,3.634696
50.369201,2.976549,3.506229
36.079328,2.473574,4.014939
21.498261,2.755045,4.325946
11.651547,2.677111,6.025155
6.924707,3.455102,7.852421
4.772983,5.015028,10.862193
4.502161,9.225491,15.884266
4.410492,15.603196,23.295011
5.788429,25.937279,32.850607
9.044146,41.903639,48.391164
13.763747,63.000765,61.344877
17.660407,85.843629,81.055464
20.329496,100.411906,93.937505
24.365800,116.878592,108.956288
24.309316,132.051987,122.108764
26.696647,149.463876,139.872264
30.396502,166.850643,155.100617
32.518151,187.323174,175.742172
28.836178,207.977516,194.814522
22.897817,226.773780,215.947035
17.915570,234.679427,226.181768
14.278166,239.768529,235.677058
12.225260,244.420106,239.603254
11.506575,248.368117,241.230284
254.863789,0.244106,0.216199
254.201960,0.428142,0.504926
251.671652,0.586556,0.592763
246.697211,0.726699,0.766570
237.662694,1.516834,1.471192
226.093828,2.015446,2.644973
208.425572,2.517502,4.351988
192.354756,2.605231,5.271701
176.989004,2.722595,5.731914
162.752688,3.150614,6.122425
148.144984,3.024316,6.535329
135.756030,3.281966,6.594688
122.424294,2.893680,6.376185
106.699604,2.725191,6.403711
90.477803,2.957979,6.926270
71.065453,2.860326,7.834214
55.263328,2.137629,7.511806
37.160069,1.872231,7.052480
22.899620,1.957285,9.456478
13.913499,2.667096,11.323452
8.008434,3.375047,14.272983
6.002459,4.245683,18.716277
4.449940,8.143169,23.746534
3.860516,13.435090,31.049949
6.386571,25.887445,43.084164
9.881143,40.330073,55.741024
13.306809,56.262740,70.347811
18.113682,78.115857,87.855026
21.845625,95.903232,99.395234
25.170125,111.598657,112.901696
29.297624,130.975399,128.554753
33.166923,149.176445,144.477661
41.121011,167.564501,160.256874
42.907671,187.645330,181.028943
41.197943,208.159904,200.193961
35.388187,227.504591,221.312755
29.159666,236.453042,231.861222
23.016303,241.751453,239.183262
18.623871,244.747188,242.759129
19.745899,248.114885,242.960263
254.737858,0.275943,1.220813
254.355984,0.294059,1.517227
251.960223,0.335485,2.193736
246.721031,0.598242,2.688106
238.359786,0.853657,4.359053
227.644807,1.087399,5.770775
208.781103,1.743934,8.036465
193.750552,1.733653,9.056334
177.642571,1.740810,9.145177
164.392790,2.454414,9.567589
150.530456,2.662883,10.160742
138.770697,2.925882,11.646275
125.324392,2.839868,11.948441
109.284142,2.577297,12.763149
92.428202,2.345999,12.448855
73.842819,2.237940,13.818311
58.122556,1.927438,13.227705
37.469124,2.143517,15.405257
24.662525,2.029812,16.567637
15.852769,2.255256,18.967846
9.543726,2.921686,23.141538
6.785223,3.602623,27.643603
4.215365,7.290043,33.956592
3.906302,13.145038,41.286118
7.085907,25.034740,53.467761
10.777409,38.331125,65.923973
13.164323,54.444344,81.072060
19.655776,73.308309,97.305787
22.515674,89.227332,108.851245
28.233449,108.890406,120.910736
35.150650,126.403211,133.124523
44.910130,149.510292,151.039591
52.711579,166.800689,165.317449
59.136867,193.327015,187.891314
59.216149,213.771827,208.486384
56.924600,227.221713,222.893481
47.802358,237.314019,234.981207
36.337326,241.431088,241.116563
30.230151,245.228376,245.097544
28.752994,247.953162,244.828114
254.680230,0.377499,4.586489
254.283180,0.410476,5.188927
252.509537,0.517053,6.257684
247.002160,0.505420,6.601912
237.170239,0.958415,9.401432
227.352925,1.191442,12.122694
211.769095,1.455457,14.442263
195.096287,1.817104,14.743151
181.105724,2.175304,15.477698
164.772176,2.304860,15.044384
150.121962,2.611541,15.589190
138.215613,2.835940,17.447822
126.636869,2.864124,20.069061
113.322884,2.795476,20.507261
95.375234,2.169101,21.870039
78.177050,2.109439,21.272463
60.406245,2.328219,23.920944
43.514554,2.485818,26.811494
29.817513,2.275435,27.661891
17.531340,2.193994,31.133732
10.620473,2.687514,35.258467
6.710225,3.608811,40.639577
4.389764,6.031913,47.999662
3.561356,12.453437,58.055805
5.100096,20.740950,66.542236
9.809217,34.319169,79.954075
12.491638,50.241753,92.468579
17.816578,67.367264,105.184841
22.204694,83.159077,115.679970
30.313017,101.347076,128.442659
39.411097,122.126684,142.201917
56.372684,144.408330,154.446632
68.304046,169.969124,176.270075
76.386981,193.027767,193.522967
80.897335,217.994043,212.493882
75.273584,229.861033,225.546634
67.108760,236.819493,234.937461
55.212568,241.620070,242.973996
47.233805,244.833359,246.171336
42.646646,246.522840,247.505982
254.529046,0.640965,11.297060
254.218121,0.763748,13.269955
252.804410,0.733486,15.282521
247.739062,1.137931,15.939096
238.983404,1.335258,17.658848
225.424451,1.683700,20.074235
213.735920,2.488434,22.166126
196.731550,2.944219,25.161274
182.508694,3.439050,24.943888
169.547809,3.999464,26.349471
154.064009,4.691674,29.124203
140.004208,3.726091,30.194148
126.267412,3.673944,30.846279
116.208699,3.483085,31.543960
101.621558,3.489767,33.507231
81.377018,2.843739,37.315012
62.521413,2.984277,38.770778
48.844031,2.652974,41.142215
35.061740,2.798495,42.389035
22.454964,2.048439,47.739618
13.561307,2.688524,51.187918
7.842196,3.774425,58.135890
4.810865,5.938151,63.115081
3.788120,11.428366,71.834227
4.557124,20.117953,80.303914
8.675866,32.094904,92.240487
12.171024,45.341368,101.520824
16.389857,61.107982,113.474747
23.319286,80.834868,125.536608
31.279975,97.444934,138.279507
42.414711,112.683682,150.449053
60.608798,138.461163,166.153050
79.827722,168.480320,183.912276
90.241915,194.940264,200.350426
95.105416,215.436456,217.530309
91.201781,227.064252,229.246803
83.328257,233.418293,237.581786
73.020636,239.411989,243.513179
64.912592,242.746394,247.219100
55.197177,243.973678,249.091332
254.283457,1.797509,22.142566
254.111410,1.408465,24.717306
252.460610,1.722713,26.465937
247.742099,1.998739,29.654288
241.007291,2.861059,30.048771
228.126130,2.933134,30.984803
212.143705,2.884054,34.171430
197.629852,3.654378,36.481634
183.206661,4.611598,37.395240
170.847351,5.151765,40.486450
155.765021,5.873994,42.725607
142.097638,5.333750,44.422820
130.201396,5.204434,44.754204
117.255513,5.090563,46.478595
102.795550,4.704712,49.191526
87.122806,4.454417,53.832140
68.700648,3.372810,55.042910
55.858100,3.349783,56.278775
39.291473,2.931534,60.930935
26.398981,2.761156,63.938120
17.174820,2.612951,66.605507
9.030268,4.032240,71.287900
6.497279,6.293429,76.971866
4.936787,10.514603,83.705857
4.019676,17.299853,93.745032
6.909296,27.386088,102.929267
9.057821,37.870482,112.691248
14.409829,54.866444,125.195668
23.136865,72.523851,136.836206
32.068160,88.644622,148.997558
43.103587,107.327435,158.315879
62.214170,131.450036,173.929653
84.126395,163.118730,194.177057
100.333845,190.881682,210.135577
107.474840,210.927958,222.494108
108.762076,225.462922,233.773098
97.318683,229.900388,241.578012
83.385334,235.269120,246.247796
71.153541,238.533388,248.427496
62.429824,239.474980,249.781759
254.146293,2.618360,33.422251
253.669313,2.324253,35.397062
252.133933,2.258326,38.182818
247.519327,2.662280,43.215172
241.023992,3.831805,44.490925
228.230681,3.264653,47.266540
212.186793,3.528323,47.543539
197.624218,4.788389,50.364998
184.730907,6.073520,53.506872
172.131756,6.995594,57.831501
159.556521,7.250091,61.813982
146.230666,7.001249,62.887974
135.022636,7.687259,63.324431
121.243865,6.637343,64.554401
104.619004,5.925252,64.443008
89.673608,5.290197,67.743131
74.380573,4.416782,70.162097
59.942381,4.206502,74.454715
43.757407,3.269918,76.720611
32.506888,2.664025,79.407777
21.613861,3.146069,83.016853
12.679358,3.801031,86.719991
7.499223,6.007730,90.875982
6.079777,9.330294,97.614601
4.313502,16.519205,106.211598
5.957304,23.168062,113.894959
8.322977,33.780882,123.062164
13.406705,49.534984,134.477461
21.447497,66.737930,145.486076
30.884362,80.880020,156.228910
42.517961,98.645284,168.462817
63.870073,127.215186,186.520335
81.941228,154.284773,202.711217
102.927119,181.846837,217.516637
111.270950,199.345940,230.014361
108.654120,214.542046,238.104175
101.368281,220.520726,243.570557
88.135987,225.714324,247.760587
72.771641,230.688096,249.624452
63.475205,233.824937,251.046603
253.829011,4.562215,48.088730
253.399659,3.927015,50.318630
252.092206,3.465242,53.871880
248.070074,3.624130,56.224229
242.117229,4.229335,59.778550
230.314967,4.183633,62.904471
215.046412,6.007617,66.507101
198.597803,6.609947,65.679253
186.287674,7.689616,69.652873
170.511728,8.216683,73.976978
160.600790,8.931321,76.525286
149.534960,9.529292,77.430883
138.365817,9.756452,77.809020
125.090398,8.633316,79.312983
110.076981,8.054075,79.486716
95.396495,8.037224,81.556850
78.854370,6.026436,85.137966
63.594063,4.361817,86.251475
48.616433,4.247094,89.357333
36.403688,2.993790,91.190624
24.829481,2.924830,94.874380
14.843302,3.633590,96.468936
8.071880,5.379451,103.418316
5.960440,8.517910,109.480139
4.392013,12.155710,117.331273
5.374306,20.587421,124.287896
7.036899,28.320136,134.093523
11.598634,42.104952,145.072728
19.601010,57.669966,155.316592
29.044200,72.177612,164.247773
39.486555,92.542806,175.325662
58.428370,116.147137,194.212785
77.074729,141.551091,211.967726
93.916913,162.178248,225.111390
110.035993,186.277512,235.747348
107.189034,197.412622,241.140787
100.479171,208.655637,246.126415
90.920262,212.774632,248.110070
76.260348,216.418689,249.658935
67.047981,221.153544,251.065062
253.297152,5.884278,58.084463
253.007654,5.043779,61.073334
252.756845,4.147737,65.844148
249.035514,4.357635,72.608032
244.189468,4.713821,79.177081
235.769598,4.871702,85.668707
219.958153,6.290958,85.485011
204.080020,8.695199,87.900986
185.503355,9.985151,86.907078
171.490206,9.729102,87.815584
162.053857,10.677369,86.724102
152.115162,11.840375,89.618359
138.690381,11.212173,93.243039
127.773617,9.101597,94.495093
112.797688,8.264232,95.089545
97.293651,8.263380,96.248874
86.232537,7.258544,98.017407
67.266749,5.159839,97.828834
54.031136,3.991429,100.933539
41.620920,3.235653,102.816340
28.750762,3.297749,105.137358
17.912098,3.138200,109.894932
10.463557,4.606835,117.117691
6.144784,6.349166,122.120153
4.778005,9.625691,127.717597
4.579902,16.743749,135.531597
6.115670,27.404190,148.212489
8.929641,34.812974,152.348930
16.142732,50.261845,163.835090
24.011776,63.051442,171.967693
34.713183,81.833214,183.550607
53.372167,107.863029,200.520216
70.007149,131.421472,218.112264
86.310867,152.233479,230.206984
95.887840,167.290360,238.852427
100.167326,183.876309,245.167478
95.710929,191.050575,246.672013
85.329761,198.246932,248.433394
72.546048,199.345656,250.057627
64.313796,201.202012,250.593716
253.068770,10.581059,71.057113
252.746532,8.711166,73.356579
251.589916,6.562162,79.308766
249.075353,5.527768,85.425006
245.392781,5.517010,92.549722
237.839830,6.376572,99.043878
224.503276,7.180843,104.775985
208.420380,9.597589,105.485813
192.824163,11.729208,104.000905
175.034451,13.896742,101.444942
164.089279,13.195755,103.133428
153.087261,13.212620,104.693065
142.357940,12.193618,106.392674
130.941923,12.082619,107.328797
116.876633,10.291084,106.728236
101.470879,9.086682,107.754744
87.722299,8.868705,107.839401
74.325858,6.734168,110.907486
58.256546,5.263113,111.288897
44.517466,4.613556,115.861384
34.543940,3.969423,119.775359
20.865858,2.950763,123.236323
11.919346,3.984334,128.027777
6.792237,5.125951,134.725203
4.643973,7.078892,142.031947
4.544500,11.732811,149.495903
5.579224,21.161153,155.541164
7.301843,29.770793,161.968792
11.563693,40.902821,171.053915
19.879029,54.397220,179.702601
30.445775,71.532971,191.547637
46.676751,96.875573,208.253464
62.189217,121.595136,222.178954
75.663091,137.782731,231.925465
82.097126,154.019567,240.525823
86.126820,167.562817,244.949607
82.897931,179.066277,246.940058
69.778989,182.169434,250.370389
60.010658,183.008016,250.502941
56.963742,185.481865,250.905229
252.781222,21.337405,88.621688
252.477697,17.222163,90.271268
250.903313,13.259103,93.758976
248.729457,7.261004,99.973366
245.372996,7.058880,106.546395
238.540311,7.212452,111.757434
226.524988,8.505408,118.759493
213.146872,9.736044,119.426973
198.759484,12.743019,119.796225
183.517096,15.035733,120.407834
165.395351,15.909395,116.105506
155.504339,15.170614,117.418458
145.383498,15.314893,118.010230
135.495344,14.152158,119.889138
121.301677,11.407213,119.939445
106.342525,8.963392,119.214599
90.731154,8.431887,119.760979
77.844693,7.368764,122.547353
65.500193,5.600687,125.984520
46.721041,5.109877,126.883341
37.708421,4.366578,131.037241
25.910442,3.427236,134.770252
13.989245,3.523893,141.850333
7.896816,4.054475,147.363706
5.420015,5.819221,154.683530
4.121438,8.277398,160.561153
4.974397,14.406840,168.090650
5.666039,21.724946,172.891060
8.707031,32.068083,180.101601
16.879055,44.429261,189.332664
26.449140,61.804478,199.423546
37.973035,83.290476,211.808483
53.980138,109.228134,225.039746
61.450664,125.255386,233.853282
66.927879,138.602548,241.102875
64.910031,150.507836,245.502594
57.426363,158.608231,248.719960
52.721160,166.608416,250.971653
48.186422,171.661526,250.964705
45.044362,173.571031,251.859935
252.638104,31.505946,105.469815
252.017997,26.815941,106.129907
250.987578,21.249115,113.095366
248.691729,14.677080,117.392042
246.103752,10.578918,121.566175
240.398193,9.322215,128.415401
230.670131,9.123656,133.078844
218.065396,10.102371,134.742352
205.533206,11.976479,136.522112
191.163121,16.010891,134.486694
171.508402,17.401815,130.042263
158.092923,17.540225,129.502489
147.563580,16.187524,130.845678
137.414436,15.962900,133.645376
123.264898,13.184786,132.790111
112.997090,10.749411,133.747389
95.999937,8.553557,134.444968
81.809601,7.219125,137.624636
69.399083,6.196660,141.656076
54.677979,5.033376,143.972473
39.066946,3.437115,144.617071
28.072268,3.686920,148.060269
17.033128,3.321425,153.237900
9.120078,3.362373,159.461514
6.262144,3.826076,165.993617
3.962445,5.704437,172.561647
4.088182,9.580900,177.176729
3.924419,15.799577,183.725046
6.699449,23.207931,190.381505
12.744976,34.060146,197.397688
19.863700,49.321191,205.432210
29.713202,69.481123,214.889868
39.438743,90.706259,225.948631
47.898890,114.133404,236.153703
48.030556,125.247184,241.407362
47.083071,135.451210,245.860842
43.714063,148.750621,249.249253
37.875808,153.318932,250.276614
31.920219,156.970100,250.985706
26.671285,158.039469,251.200320
252.028309,40.247090,120.221012
251.291683,34.918791,126.116455
250.609748,29.772217,127.145161
248.518017,22.768108,133.000007
246.437706,14.680063,137.183259
241.303681,11.308196,144.509720
234.544825,9.850768,147.734853
222.658096,10.904773,148.568875
209.280249,11.829587,148.492541
197.978250,15.005298,150.206354
178.804241,18.540127,149.640686
163.481564,19.587299,148.245473
151.897870,17.766812,149.437784
141.409211,16.365304,147.658014
129.471551,14.385229,148.289211
115.227414,11.913296,146.277479
99.575567,8.524082,149.565877
83.946047,7.295655,152.379486
73.961591,5.970821,153.943185
59.272524,4.140771,154.880745
45.451644,3.948755,160.850349
32.584294,3.382799,160.897067
19.709539,3.173882,167.072873
11.521946,2.657815,171.119361
6.860640,2.729683,177.204989
4.447511,3.454635,181.491634
4.154441,6.799848,186.814728
3.982302,12.144669,192.946987
5.041347,17.371652,198.325037
8.063414,25.135380,205.633492
12.822814,36.848865,212.716938
21.803962,54.174375,220.861445
28.905388,75.238724,230.112897
35.533237,97.024398,238.342119
36.257183,111.573303,242.631685
35.037407,124.221415,246.444682
31.942676,134.876081,249.593323
25.512859,140.821586,250.998870
19.727335,144.251350,251.259781
16.204737,144.955643,251.595072
250.091886,52.221829,138.443138
249.501865,45.996083,141.612264
249.765175,37.198814,143.053976
247.862779,31.007116,149.735116
245.777313,21.534856,155.884497
243.794554,14.243310,159.759307
237.458999,11.650953,160.123773
224.968370,11.577569,167.475832
213.368475,13.346499,166.724717
200.357164,16.252821,167.669999
184.081864,18.851114,169.183340
169.355696,20.198543,167.041472
156.291435,19.646518,164.823794
146.816861,17.123297,163.403025
133.988180,14.778733,164.158518
119.647015,11.695057,164.269102
101.631880,9.458589,166.930960
88.095834,7.059039,167.990289
79.314777,6.209877,171.649564
64.609955,4.822669,174.561843
50.500808,4.073257,175.953398
37.674211,3.483600,175.689476
23.922049,2.533653,180.584607
13.405946,2.034961,182.859124
8.425992,1.904327,187.671923
5.410187,2.929148,191.688970
3.974972,3.995368,196.812941
3.989073,8.212749,201.230716
4.445428,12.979048,206.403736
6.642141,21.263727,211.881625
9.849437,29.399451,218.801469
14.885403,42.607005,225.253983
21.647550,61.295311,233.560392
25.337081,80.548496,239.482678
27.067737,97.238597,244.210639
24.885585,109.172207,247.543082
20.530041,121.429528,250.663806
15.019159,126.808693,251.216632
13.379397,131.716750,251.856293
11.734200,133.454666,251.828297
249.218085,59.872963,157.006831
248.902787,54.813728,158.457191
247.910077,49.409955,161.265587
247.666352,36.513548,164.597306
245.740008,28.708676,167.378712
242.716435,19.734439,172.422541
238.970122,15.120529,178.933934
229.917783,11.915742,183.017622
218.225322,12.733961,184.302995
205.065723,14.559924,182.063707
188.810590,17.870435,182.058425
175.648582,18.705517,180.884160
160.278016,19.132803,178.476870
149.636535,16.106588,179.608149
137.981725,14.835382,182.800615
122.562135,10.069317,185.814810
107.397857,9.254832,188.537689
94.664830,7.779984,190.376109
84.280243,6.150541,193.057163
71.027263,5.474250,191.500942
57.410900,4.617202,191.744324
45.108095,3.808290,194.743022
31.152721,2.832655,195.307651
17.808662,1.648633,197.539511
10.625464,1.777568,200.070597
6.427242,2.855887,201.627275
3.893306,2.963544,205.398507
2.412732,4.515463,211.185939
3.045017,8.381346,218.587541
4.162312,12.262415,223.692992
7.083877,20.884374,228.375354
10.327278,30.454351,232.023186
15.345426,50.383137,237.455134
16.835524,64.446667,242.597235
17.332005,77.388482,245.381738
15.211959,94.355351,248.631734
12.257810,108.244204,250.933580
10.451124,117.972158,251.223022
9.470292,121.985262,252.012420
7.271344,124.949699,252.747274
247.271362,80.090814,175.518627
246.796808,76.203534,179.074800
246.700320,66.628992,179.917436
246.300612,51.109594,183.417816
245.052190,38.808258,185.283852
242.518415,28.865596,191.136548
239.891078,16.298153,197.095514
236.286181,10.965771,203.369075
226.844556,11.428471,204.967087
212.754878,12.045621,203.418973
197.929111,14.454825,201.085654
185.249472,16.908774,197.308484
166.574799,16.066727,196.954975
152.058726,15.704083,196.203553
142.382792,13.464335,200.122196
124.494096,10.749861,203.217239
110.281633,9.585106,206.371442
98.445721,8.835793,206.919225
88.678907,7.782092,211.065307
79.706532,6.775681,211.816487
65.716297,5.706821,209.910072
51.930569,4.099399,209.943396
37.187751,3.004127,208.321783
23.645647,1.746302,210.759686
14.215771,1.235265,209.192655
7.645263,1.845166,211.711882
3.667127,2.092546,216.966182
1.653464,2.703254,223.924545
1.631642,5.208486,229.380107
1.889028,6.877345,233.580373
3.124636,11.296217,236.429694
6.645319,20.839033,241.018004
8.894842,33.610793,243.133069
10.685534,50.912584,245.321984
10.923085,67.331667,247.036153
9.609351,78.961791,249.360420
8.330617,94.444641,251.120075
6.594328,106.031099,251.853990
6.130478,112.135559,252.409240
5.863766,114.776446,252.886166
245.937758,95.420484,193.328530
245.241400,91.277805,196.188745
243.169065,86.835123,199.312028
243.797152,74.053263,202.471212
243.823235,54.272454,201.969980
242.926036,31.201584,208.815434
242.200966,20.336745,214.529250
238.740229,13.501924,218.297122
232.018920,10.416400,220.923933
221.685641,10.493022,220.935646
208.403421,12.546925,220.196651
193.882565,13.804012,216.866559
174.249848,14.706006,217.726256
160.104914,11.750706,216.411995
142.828092,12.502742,219.779774
126.675189,10.506438,221.029636
112.280028,9.649109,220.234749
100.157737,8.380274,224.021963
91.244837,8.130501,224.270168
83.487939,6.778089,225.373218
74.167296,6.419796,227.022490
62.022004,5.236263,224.864822
46.152804,3.313175,224.100337
30.213969,1.779208,223.358499
18.916103,1.437880,223.020510
10.686183,1.221879,226.148154
3.969625,1.125714,230.197294
1.650864,1.221377,235.225167
0.862573,2.233357,238.681957
1.067416,4.113519,242.011640
2.056701,7.645589,244.275936
2.838749,12.554808,246.315010
4.374856,21.442458,248.904397
6.023801,36.817052,249.342472
7.039601,54.210217,249.853486
7.123531,68.864145,251.291299
6.360102,78.994926,251.932352
4.376007,90.809815,252.765952
4.274044,100.105528,253.070469
4.394328,104.760334,253.428345
244.782701,107.508262,206.879313
243.354601,104.122277,208.374777
241.473079,95.023678,210.940353
241.101477,87.735845,216.184746
241.603330,68.533311,222.736250
242.342248,43.800620,225.836484
242.341260,25.216781,228.683180
239.127408,16.588844,231.561492
234.652219,12.123469,232.656003
225.680134,10.543380,232.880913
212.874215,9.568341,233.896072
197.745586,10.132085,234.059896
180.614929,10.383762,234.085325
162.481265,10.889592,233.200768
146.739141,12.053541,234.338891
131.707173,12.017953,235.680855
116.507705,12.170840,236.343484
105.450780,9.865921,236.755735
94.980323,8.175850,234.729941
85.305342,6.498243,234.148392
76.696673,6.383059,235.438213
67.026253,4.778403,236.005167
51.374816,4.072197,237.702846
38.159909,2.522593,236.754318
24.243120,1.251398,237.649126
12.488474,0.836747,239.039362
5.695788,0.596183,241.068456
1.778615,0.641945,243.575738
0.638399,0.904835,246.006324
0.571279,1.802851,248.291855
1.180048,4.457808,249.406660
1.593809,8.712604,250.846057
2.089538,16.117191,251.703417
2.905684,26.052875,252.371232
2.838164,39.647786,252.743604
2.858700,56.935578,252.446771
2.566960,67.491861,252.798475
3.185877,76.958649,252.947478
3.523556,84.686884,253.336020
4.318153,92.943171,253.452756
243.134934,116.685685,219.190073
241.801453,113.951102,221.511123
239.859889,109.668508,224.087110
238.475552,92.430699,227.060323
239.513435,76.760609,235.301369
240.990692,53.969492,238.562990
241.753237,29.767692,239.685963
240.375731,19.403739,241.236949
236.868887,14.000007,242.898610
228.832011,10.969208,243.283588
214.823011,9.108731,242.532145
197.197465,10.168084,241.955972
179.256270,10.591561,241.102384
164.695374,11.383737,243.830580
149.441354,10.950738,243.389210
134.189025,12.370873,244.453060
119.092223,11.376045,244.253010
107.641186,10.184064,243.148420
97.353823,9.472202,243.636565
87.805019,8.266756,244.225858
79.691149,6.369534,243.608540
67.549660,4.737630,243.919052
57.428847,4.674976,244.686016
40.809375,3.273434,245.234779
26.608882,1.552307,245.622673
15.808404,0.803755,245.960168
7.371340,0.387937,248.222245
2.584555,0.276853,249.870179
0.640780,0.322094,251.311843
0.297164,0.611224,252.024331
0.329657,1.612062,253.095322
0.834138,5.174339,253.918506
1.310623,12.240640,254.193876
1.351272,20.067226,253.888506
1.526217,31.305732,253.775007
1.804624,47.509566,253.533978
2.097370,59.812219,253.358780
2.248949,70.042199,253.340576
2.772188,75.605859,253.487989
3.515102,81.929139,253.322772
243.005905,128.035040,229.641323
240.641794,122.687768,231.633014
237.671004,114.385455,234.725262
236.054237,99.022386,239.172268
238.350659,78.380116,242.324348
240.878199,60.927341,245.592421
240.097150,38.348888,246.678334
239.627803,22.696046,247.248705
237.854689,12.916912,248.481478
227.454342,10.912028,249.058082
213.392042,9.679643,248.880257
197.439446,9.921836,248.631449
178.423218,10.460003,248.468172
164.729535,10.876708,249.208973
151.732047,10.758335,249.567225
135.287404,12.025530,248.974297
123.059119,12.106207,248.636478
110.371832,12.133414,248.552238
98.718366,9.654722,247.803666
89.218047,8.373156,247.774917
80.486093,6.618313,248.613242
69.420433,5.297417,249.040133
59.892443,4.580821,249.517511
43.649712,3.396427,249.913633
29.444174,1.845392,250.611424
16.901278,0.952043,250.934457
7.500213,0.366461,251.551405
2.778439,0.233223,252.640820
0.662230,0.202970,253.431817
0.231799,0.336436,254.108076
0.181261,0.819313,254.448343
0.284525,3.510153,254.574989
0.453160,8.482507,254.544864
0.635658,16.391233,254.297076
0.809789,26.169164,254.187402
1.087956,39.559717,253.779110
1.631729,54.134645,253.599607
2.247788,62.105519,253.798360
2.932238,69.336880,253.591925
3.998590,74.572557,253.518442
244.234176,137.790655,239.537085
240.755658,127.081172,240.241598
236.909835,116.402931,241.088998
235.838414,100.859926,245.634858
236.587987,83.974590,247.915178
238.479178,67.494626,248.840005
236.645476,44.331268,249.869410
236.590690,27.057025,250.205894
232.088651,18.022486,250.958588
223.667147,13.196388,251.271706
210.745365,10.659222,251.729786
194.963850,10.411030,251.841383
177.843300,10.687665,251.223347
164.702552,13.376826,251.566886
153.354340,10.425627,251.635669
135.878944,12.629699,251.709700
123.870443,12.324074,251.568199
112.440569,12.368596,251.355495
100.249170,10.403320,251.240446
89.657537,8.794172,251.247251
80.818069,6.612152,251.450342
70.292301,5.451848,251.537803
59.448736,4.581294,252.030501
44.699237,3.421292,252.503647
30.499867,2.147666,253.374268
18.086282,0.995223,253.704326
8.240605,0.384845,253.714223
3.188876,0.254600,254.205577
0.657074,0.185150,254.549438
0.127287,0.162124,254.835882
0.178475,0.590599,254.729133
0.183533,2.817244,254.745785
0.295628,6.829363,254.618208
0.405471,13.138806,254.523546
0.556506,22.238486,254.367983
0.945871,33.684495,254.150079
1.529414,46.650523,253.894047
2.118502,56.450112,253.928588
2.998205,63.657872,253.586019
3.387177,68.797428,253.650449
