1600
3
4.016249,6.558065,242.684077
4.303613,5.538559,245.993293
7.719689,6.047171,245.095706
11.140662,6.668523,244.403540
18.006375,7.571377,246.007244
23.860274,7.955594,247.078741
31.342992,7.880571,246.427654
42.284199,9.076207,246.692863
55.162844,9.393033,247.386774
67.925113,10.835866,246.997683
82.880532,13.058512,247.800761
94.529236,15.778883,247.657556
111.302501,18.137001,247.941113
129.605931,21.402971,247.701619
144.417986,23.208869,245.913099
164.060042,26.069539,245.559642
176.148427,29.901641,243.368296
184.276141,37.116009,242.055524
195.169810,40.858795,238.476034
209.296210,42.207819,233.492447
217.705223,42.124641,230.660754
225.554868,44.933406,227.634534
228.985846,41.436550,216.071557
233.473930,40.588625,204.992989
235.766997,39.622327,193.022633
238.959646,37.843497,181.331048
241.590557,31.077908,161.354903
244.693611,26.714154,146.662603
245.193920,24.788781,132.559757
247.281922,23.681586,116.430485
248.869343,20.216099,102.140377
249.455080,17.129918,83.490773
250.398316,13.669791,67.828797
251.578176,11.730163,55.568203
252.077347,12.673191,43.205012
252.306382,11.727985,35.009288
252.757941,11.444098,26.254350
252.736753,11.302832,18.089788
252.750672,11.047464,12.477312
252.667820,11.467510,8.303992
4.017772,9.569536,243.926266
4.827348,9.023617,245.468030
7.338328,8.688468,244.896746
10.578095,9.993572,244.448141
17.481038,10.842877,245.987434
22.942466,10.499509,247.141512
31.048244,11.547308,246.488192
40.877771,13.353971,246.882518
55.453833,11.515754,246.593467
67.240430,12.714088,246.903306
82.779806,14.142265,247.547224
95.075602,16.705165,246.698616
111.012141,18.983969,246.924115
127.604047,22.864548,246.316971
143.890020,24.161513,244.957837
162.519534,27.228132,244.862147
174.235014,31.095051,242.224655
183.782677,37.383444,240.218217
195.565465,40.951597,236.778635
208.857484,42.967269,230.841340
214.119184,43.016122,227.883318
221.167341,44.417633,223.540189
226.394054,44.471394,215.205315
231.060216,41.877820,204.100452
234.255712,41.966599,189.579536
237.919516,38.837277,177.692080
240.411871,32.930556,159.840912
242.577067,27.974600,143.705116
243.398335,25.828911,130.249061
245.554899,24.488765,115.521693
246.775238,21.360796,101.430769
248.055859,19.377298,82.916380
249.040783,15.112176,67.604101
250.323250,11.979089,54.470439
251.200817,12.859587,42.720528
251.476978,12.224921,34.272053
252.140809,10.801689,24.284821
252.059239,10.224670,16.426058
252.408794,9.615343,10.687082
252.558426,8.864705,7.231603
4.694015,12.590113,244.348617
4.977179,14.065513,245.175119
7.164878,13.583390,244.515029
10.918846,14.646853,245.289531
17.091721,14.185280,246.427926
21.732426,13.817745,246.911046
31.272769,14.537139,246.973962
40.593728,15.318169,247.123612
51.434051,15.968523,246.171898
65.916690,16.478235,246.530049
81.648419,16.030740,246.532731
96.095691,18.444444,246.334737
107.216018,19.549878,245.702164
125.787579,24.990505,244.577424
144.915183,25.732080,243.549941
160.225850,27.700016,243.038091
171.719045,30.754591,241.507261
184.097787,37.490248,237.682055
194.004261,41.120582,234.424176
206.073279,43.805433,227.946219
210.809977,44.131575,226.184552
216.350425,45.173382,219.915656
224.047391,46.646813,209.944272
227.685495,44.434589,198.993519
233.484784,44.690008,186.526734
234.613716,40.070125,174.640084
237.180742,33.356761,159.348374
241.132958,27.878017,140.749732
241.891119,26.432023,128.565383
243.343785,25.106829,114.566847
245.667650,21.969886,96.816403
246.645619,20.572023,83.391313
247.397240,15.793603,68.332731
248.471749,12.688815,54.573581
249.316489,11.771811,40.693521
250.642505,11.899616,32.978047
251.095023,10.717673,23.141872
251.399918,9.235291,15.636923
251.878200,8.465243,9.739857
252.330327,6.790428,6.158071
5.076295,19.654338,243.601403
5.423343,19.601374,244.165862
7.801644,19.262499,245.030767
11.744266,18.420703,246.123819
16.078150,19.964721,246.830717
22.397531,19.775181,246.976254
32.156831,20.156308,246.485552
40.582569,20.228458,246.439351
47.834080,19.976261,245.795600
63.300485,20.474892,246.568383
75.217479,21.309150,246.372639
93.968770,21.884583,245.665182
106.459564,19.746580,243.571256
125.917113,25.496444,241.817025
141.298577,28.644519,240.379963
154.113638,29.970403,240.173112
166.768272,32.353844,239.259931
180.789591,38.378326,234.275372
193.631619,41.828115,229.787556
201.463877,44.193821,226.038044
208.753962,45.457774,219.686245
211.952659,45.764800,216.260937
219.851304,44.801321,206.532274
225.017517,47.055586,193.996788
228.836806,44.984745,182.117436
232.218747,38.403705,169.219574
234.403735,36.065013,158.506721
236.942281,29.568621,138.233016
238.858435,27.883473,128.326523
241.029917,25.698236,111.984739
243.316917,22.542621,95.620414
244.901481,20.434083,79.876909
245.948526,16.299073,66.307855
246.078121,14.863194,54.201570
247.503519,11.969322,42.151645
249.168520,11.433600,32.271433
250.037929,10.216840,21.643281
250.014913,8.071337,14.772729
250.228847,7.783024,8.540267
250.727088,7.434162,7.120143
6.150529,27.436046,246.558789
6.420851,28.713402,246.130257
8.402930,28.462917,246.907364
11.673784,27.650436,247.399336
15.536332,25.891181,246.920784
22.856870,25.837395,246.507742
30.386550,27.257869,246.862060
41.039251,28.839670,246.848117
45.458628,26.725179,246.011149
60.698837,25.725532,245.831645
77.668226,26.734728,244.832823
89.509523,24.401282,241.575339
100.565960,23.532907,240.210345
123.167427,24.841388,237.346266
135.056728,28.147382,236.182879
143.480682,29.003463,233.322559
155.946838,30.121503,232.665766
172.792819,35.079992,227.869215
185.299172,41.307438,221.700886
190.645571,40.028294,218.571366
201.248158,43.949598,215.072267
206.104031,45.979428,211.311385
211.531024,43.755814,200.620815
217.446457,42.870123,189.400449
222.688687,43.560137,176.469043
225.828143,38.634136,162.413777
229.016995,33.441649,152.388793
231.780872,32.463360,137.590820
235.864584,30.178801,126.249495
238.226160,24.432157,112.393380
240.359921,22.742715,94.720369
242.255630,17.681007,75.888643
243.813525,17.444761,66.100711
244.103840,14.642151,53.434574
245.231521,12.363897,40.775593
246.408073,10.557565,28.864505
247.582215,10.262774,21.152024
247.814971,8.624446,13.419632
248.104639,7.504170,9.135935
248.705769,7.779085,7.890901
6.569439,36.674912,248.551808
6.938774,36.676364,248.668077
8.329133,38.605781,248.074706
10.693576,35.686978,247.783329
17.196296,34.000392,247.358821
24.902764,34.855942,246.858184
31.339661,34.134227,246.505070
38.905254,33.759055,245.556110
47.008647,31.306391,244.615733
52.523313,32.772327,242.839305
74.520613,33.246544,241.414059
83.886327,29.614331,238.326547
95.882986,30.495728,233.732177
113.532517,25.211363,229.032509
122.980542,26.505021,228.333139
135.139142,30.154578,227.878462
148.527952,30.895812,224.686801
163.116645,31.830886,221.070390
178.424355,37.857914,216.788720
183.486020,38.988522,214.188762
191.281457,41.876410,207.057557
197.696303,40.602997,201.347751
200.864125,39.109558,189.783897
206.370467,38.575301,179.554734
211.366689,38.176183,168.423297
216.265014,34.350454,158.524436
219.830188,31.604822,143.782771
224.571409,32.259168,136.259493
229.963301,29.293471,126.377221
233.910900,24.690368,110.707794
235.948882,23.288516,96.007569
237.783034,18.741488,75.605365
239.356392,16.433702,64.033539
239.477069,14.583752,49.462558
240.505372,14.223219,40.964372
240.864897,12.079461,28.754185
242.617857,8.534125,19.451156
244.760813,8.032952,12.189082
244.750767,7.660999,8.980037
245.673741,7.870020,6.681888
7.752286,47.256513,248.949705
8.374043,47.973382,248.837786
9.172119,48.659314,249.089071
11.691972,47.432357,248.290027
16.706439,46.693490,247.595598
24.382607,41.487273,247.323100
29.925822,41.067100,245.022966
37.317709,39.255946,243.969106
45.678878,40.367898,243.066298
54.743773,40.150808,240.176597
59.505155,37.852442,234.797270
77.365773,33.338980,232.145299
91.883675,30.768643,224.591869
102.072007,27.974104,221.643440
110.796710,25.374192,218.703038
121.056719,28.053985,216.451546
136.789710,30.504585,213.846392
153.440701,34.410977,209.805285
163.222254,34.526088,207.599697
174.169503,36.623428,204.752668
178.665601,37.927783,194.343582
183.749363,36.261736,188.022897
189.543888,34.328337,180.059300
195.070986,32.989076,167.354526
196.921644,32.486010,159.893967
203.872784,28.984080,147.973692
211.692026,29.352342,142.906572
216.095822,28.655261,133.307296
217.776572,25.553319,117.315898
221.349826,25.283567,110.471072
228.263576,19.841102,90.271452
229.381825,18.429644,74.506033
231.752577,16.137447,55.510356
232.522824,14.408571,46.596607
235.046076,14.225841,36.247237
236.260909,11.172545,28.209906
237.761877,9.552062,18.620060
238.723840,8.449340,11.883071
240.409092,7.901069,9.774403
241.331652,8.015385,7.735620
9.791667,60.872085,249.057215
10.821981,60.293794,248.853408
11.345516,57.992330,248.740765
12.798769,58.787934,248.202783
16.656455,55.814024,247.173612
22.858538,51.505722,246.322502
28.729741,51.273901,244.200176
34.750040,50.315922,242.718343
45.003041,50.292927,241.290984
53.291840,45.718693,235.294952
55.159388,40.556569,229.166823
64.369118,37.131778,225.728922
86.739778,32.104151,219.341885
91.913135,29.174364,215.345706
104.770403,27.978874,208.783757
111.018658,27.581038,204.233721
123.629320,28.760843,202.169053
133.276963,29.206022,196.010896
146.792657,29.726696,194.329026
156.123882,30.646474,188.407629
161.665283,33.427236,178.016379
169.404224,31.618360,172.797457
176.122008,31.252749,165.143220
181.666432,31.461512,157.031764
188.323221,29.790542,154.191116
192.418897,29.007900,146.567831
198.239803,26.161685,135.173265
205.365780,23.772179,121.889552
209.998978,24.733760,115.847755
209.917160,21.836626,104.109211
214.841093,19.336535,87.508190
218.156001,16.324560,63.586783
219.953570,15.283540,50.937058
224.848253,13.744932,42.181044
225.440204,12.218503,34.149102
226.634047,10.255161,22.797268
228.260000,8.928384,16.468756
231.412319,9.017594,13.085315
234.776125,9.248959,9.495135
236.984318,8.786379,8.034612
13.146634,73.697245,248.897822
13.622893,74.001223,248.759149
15.417004,73.451765,248.169374
17.000105,70.872674,248.057019
19.626297,69.808175,248.263158
24.236882,69.191078,244.626807
30.189813,63.721219,242.626867
35.260698,63.842533,239.922647
40.889471,55.899143,233.764250
46.177799,48.562730,228.501325
51.657081,47.735523,225.216636
57.712657,44.945021,219.143219
77.144677,35.512626,209.897139
87.091923,34.264942,203.913777
92.628603,30.170460,197.983838
101.820633,28.883035,190.485560
104.698879,26.255805,184.955063
112.673395,25.271484,178.892120
119.788144,28.437252,173.892772
129.003475,26.447561,172.126337
142.364022,26.148949,165.410817
151.867855,31.685700,159.901985
164.366652,32.099413,158.912347
173.103792,31.024647,151.499703
180.291058,28.338972,144.637843
179.301403,25.437238,136.189885
182.438403,22.397679,123.625464
189.537245,23.627557,113.067064
193.069277,19.781448,103.709516
197.651218,16.654069,90.492582
197.285354,13.485801,76.792539
205.589475,14.122445,60.984328
212.009618,11.356254,49.823620
213.998757,11.509896,38.512856
217.297651,11.357531,28.383096
217.907648,9.631578,20.749456
220.366080,8.205332,16.264642
223.015356,8.528054,11.306056
227.029303,9.209277,9.127563
230.003916,8.957063,8.611974
19.666092,94.816504,250.253496
19.848214,93.713851,249.978711
19.421546,90.640510,249.537689
21.994496,89.015429,249.073666
24.032135,88.469139,247.043516
30.509728,88.370583,243.590511
33.964148,83.252803,240.680356
35.010516,73.494396,236.069277
36.500444,65.443428,229.213118
41.392468,58.226154,222.777763
45.799297,54.802994,216.151081
49.610824,49.092066,208.426645
54.752789,39.729927,197.542739
67.105528,29.122909,189.931914
77.028608,31.998498,184.178430
82.629846,26.593210,174.692798
86.469097,25.283724,165.080629
95.020971,24.651804,164.288250
100.809781,22.937079,160.635813
109.011122,22.782466,158.894940
124.385277,22.814552,150.915705
134.849864,22.360299,149.532317
141.417993,22.447899,147.461241
152.477579,25.022596,138.607158
165.713087,24.952930,134.905473
169.643657,20.520018,123.357515
168.391768,17.549688,110.718109
175.099102,15.909610,101.078275
177.342112,14.208680,92.208528
183.311223,12.138846,75.489028
184.069142,11.884793,64.330341
189.957030,9.750999,55.679274
195.627324,8.905391,44.193868
201.298757,8.882239,33.015999
204.518459,9.281130,26.792359
208.784808,9.257501,18.745842
212.532656,8.107957,13.758197
216.088656,8.358773,12.806053
219.066363,8.642707,10.039646
222.919464,8.215184,9.536094
27.344793,115.738945,250.521996
28.596933,113.200254,250.167092
30.311376,112.386747,249.243678
31.220965,110.305497,248.891363
28.258555,106.042733,245.421598
31.980277,106.415546,243.571095
36.630867,97.462277,238.378788
36.120565,88.630479,232.704404
34.466244,73.940662,223.594808
37.484841,65.642639,216.389557
38.351501,55.564140,208.738615
43.312456,50.944972,197.712910
47.258305,41.969788,186.407471
53.906309,35.564234,177.945550
60.917344,29.386869,169.565468
68.182552,22.982136,162.319183
73.518761,21.809579,157.957068
79.183710,21.392477,150.802340
84.085154,22.201159,149.081364
92.810691,20.960971,143.473505
100.907098,19.275581,135.085949
110.960124,18.698106,132.381815
119.686383,17.149746,128.641117
125.535022,15.869050,118.192642
133.576382,15.114342,109.425650
145.066032,14.338074,102.403823
149.493151,13.667995,96.999029
157.281448,13.161913,89.152628
160.544490,11.780774,74.926685
166.434946,10.614291,65.546680
170.828510,8.345180,56.516933
178.263331,6.784225,47.446014
182.195588,6.274017,38.234660
186.057781,7.498047,29.514133
194.916501,7.978750,23.969213
198.379870,7.070000,18.663135
202.404904,8.396179,16.317523
207.315302,8.848104,13.896169
212.757554,9.877722,11.471615
215.469602,9.932706,9.876185
33.440809,128.063164,250.186252
35.332072,127.772605,249.701779
36.300915,126.415939,248.958496
37.880764,123.838029,247.884303
38.632224,121.201527,245.391390
39.954672,119.844276,242.275535
37.870210,111.609757,238.005427
37.836859,100.716162,229.424424
35.948888,89.237355,221.457566
34.113808,76.666118,212.075729
32.189360,61.065149,200.986582
35.431506,51.381423,188.661454
42.738502,44.902617,179.974760
45.449034,36.148468,167.823477
50.735667,29.119895,161.024008
54.998875,22.602904,152.231051
64.528492,19.252346,149.579820
71.138337,18.832171,145.100019
68.655715,17.400395,132.504771
75.256005,15.093259,127.885977
82.408036,15.056473,121.579521
91.287382,13.147383,117.245523
97.209884,13.019158,110.532211
102.920516,11.591915,102.468131
114.933197,10.954529,93.828014
121.548950,9.253473,85.770823
129.584556,8.734307,79.306283
134.999734,7.828239,70.485385
138.638844,6.386666,59.490517
149.022234,6.480603,54.984582
153.096762,6.703096,45.226334
165.025726,6.528018,40.815333
174.050629,7.078579,32.269960
178.052802,7.527963,27.905619
183.701315,8.249911,25.021955
188.906650,7.742405,19.003010
195.457004,8.374046,17.426096
200.257169,9.356996,14.725312
202.051241,9.595778,12.048742
207.765468,10.472902,10.977961
34.720433,138.605933,249.578452
35.724075,136.421444,249.450762
37.630455,137.175834,248.562026
41.400450,136.263254,246.541316
43.028127,133.745786,243.739482
46.481123,132.805957,241.103137
40.464934,120.363386,233.449561
37.008145,107.360562,226.411220
36.939645,100.470324,219.978791
34.207334,83.727646,207.939781
30.223747,66.803826,193.707660
33.873596,54.993896,184.087577
35.452533,46.278046,169.940726
36.543258,36.698471,160.692052
44.054998,32.050053,155.058175
47.837585,24.703360,145.588383
48.574786,19.400372,135.253197
54.348355,17.201517,126.523258
56.322791,15.409788,120.218340
62.294044,13.775694,116.862817
70.066900,11.279999,111.141527
75.788800,10.573980,101.306098
80.418149,9.812084,92.308727
83.957793,8.257208,85.277850
93.908606,8.450131,79.748249
103.382261,8.532794,71.710910
109.793569,7.516254,65.740359
118.341308,7.264124,58.787761
123.500393,6.403783,49.418722
131.468852,5.723029,46.351201
140.316950,5.539733,39.995626
150.798642,6.667779,34.872801
154.769540,7.308229,28.966370
169.869444,8.056537,25.912198
175.180142,6.643799,21.976507
180.724850,7.444581,18.210442
185.478621,8.255065,16.475201
189.081707,9.155376,14.956186
193.287012,9.677498,11.886839
196.052334,9.899393,10.918458
39.572764,150.176951,248.732461
40.183583,150.059296,247.535380
42.660884,150.457974,246.494147
43.940002,148.208145,244.730012
44.890388,146.955157,241.829153
46.530660,138.160014,239.365662
45.194311,131.313863,231.254340
39.960610,119.177603,224.323841
36.931686,110.955654,211.528704
35.847120,97.893656,204.483896
28.686779,74.989360,186.178877
29.421649,60.718157,173.164740
29.293041,48.679044,160.252398
30.498176,41.377689,153.938882
35.497833,32.783642,143.422984
34.572571,21.914379,131.116872
36.206628,18.677245,122.810027
45.162490,15.997609,116.363294
47.320776,14.872976,112.467349
50.039578,11.850163,103.915651
58.923201,10.851012,98.233275
64.701894,10.220574,89.742789
71.081428,7.856254,84.030520
77.420783,7.356617,76.773744
83.005769,7.442083,71.782472
92.485438,6.940236,63.651331
96.443102,6.898860,55.968978
104.002087,6.357971,49.422457
111.144517,5.626671,42.548641
120.853886,5.810099,39.339440
131.053627,6.540711,35.329809
136.473399,6.430454,28.100388
144.642222,6.719391,24.354004
154.233136,7.059308,22.878293
165.233486,6.898115,18.600794
174.183055,7.611163,16.957903
177.922499,9.937986,14.633061
183.373873,10.111446,11.463222
184.823213,11.056910,8.931779
188.574263,10.832031,8.618892
43.000224,162.235776,248.016453
43.687231,160.621555,247.566261
45.375809,158.500229,246.113899
46.236720,155.909541,243.031334
46.996854,153.773432,241.397722
47.487183,149.716998,235.999871
45.316555,139.665380,227.223163
44.990801,132.414075,219.354088
38.262917,117.981815,208.857422
34.076138,105.075063,196.403779
29.894244,87.141471,183.201505
26.926537,65.427728,165.362434
26.419630,50.075587,152.042332
28.711060,46.844830,146.412501
26.642081,34.921992,131.308532
27.165857,25.965464,121.840568
29.280162,21.010717,114.802502
33.915788,17.520478,106.597778
39.128203,14.880873,103.713548
42.947788,11.088487,95.684932
45.294854,11.591647,88.793008
53.874958,9.440760,80.179594
59.608528,9.179579,73.703802
70.582384,8.151116,69.118212
72.855853,7.515019,62.326344
80.268248,7.464295,55.822805
87.287416,6.258768,47.389857
92.967494,5.929979,43.895205
105.819827,5.473844,38.743028
110.549836,5.457644,35.682055
122.329530,6.534322,25.449836
127.690011,6.169612,23.068729
134.470336,6.337022,21.801385
141.578942,7.047128,20.713129
157.026709,8.997087,17.249056
161.749621,9.167332,12.828407
170.549753,9.716258,12.446738
176.359225,12.605413,8.994083
178.456723,13.259809,8.989998
184.114461,14.095965,9.496969
52.712253,175.973621,245.534119
52.649696,173.933444,245.364451
52.300696,169.387891,244.715193
48.700830,164.177003,242.606887
49.456263,158.144632,236.323829
47.733358,156.812387,232.779018
47.378650,146.271010,222.908425
46.650264,140.278311,215.513486
45.383869,130.306330,204.744152
33.574557,111.749592,192.012042
30.092052,96.746477,174.439250
24.827205,75.524737,160.737864
23.046747,56.190402,148.390446
25.645820,48.161543,139.123736
24.614320,36.465515,124.426088
23.705069,31.221334,116.579343
25.344897,23.845464,105.492829
27.089807,17.337617,100.141632
30.982076,15.296141,95.795412
37.399797,12.386151,86.261091
39.060530,11.188645,80.386466
44.422298,10.045707,71.345568
49.432183,8.425661,61.676724
56.221172,7.522370,56.716830
60.749315,7.675091,50.329115
72.164370,6.635595,46.492644
78.827756,5.956394,42.787390
83.734273,5.578761,39.068340
95.407272,5.644971,32.822631
104.352048,6.663950,28.000033
111.398700,7.304073,23.225799
121.464883,6.031686,19.554582
130.148089,6.413428,18.596078
139.445089,7.956059,16.497980
145.631962,9.632043,13.117072
160.938458,14.925209,12.598334
163.534947,15.168917,8.620571
172.749542,17.633014,8.681786
177.075520,18.864134,9.252913
181.063174,19.962321,9.700034
55.433081,183.753605,243.721131
56.357835,182.257262,243.733241
55.203950,179.130436,242.263201
56.210755,175.173353,240.664951
52.434955,167.941908,233.155259
51.430398,162.687216,226.006965
48.492858,152.880564,219.137166
48.359624,146.979765,209.418792
46.354415,136.181724,200.101411
38.109982,122.356798,181.809956
30.298022,104.303199,168.487103
25.944531,86.436598,153.067473
21.390571,69.957807,142.231207
21.952591,51.905330,124.993675
22.541304,41.162485,116.036596
21.305083,32.880886,107.542661
21.149009,27.023794,99.749128
22.497427,19.920126,92.004877
23.648919,17.473788,84.603928
27.721922,15.441163,76.372223
31.381933,12.054942,68.332990
35.141000,10.805207,60.662006
39.355343,10.018912,52.884977
45.156823,8.614331,46.017343
50.438447,7.962877,41.398035
60.097494,7.121522,36.423010
64.682479,5.993553,31.560167
69.430675,6.497217,29.158376
82.948643,5.896989,25.817152
94.841218,6.288614,23.903931
104.491882,7.206832,21.447967
115.638842,7.054671,18.547719
119.483154,8.438053,15.231008
134.258376,10.473972,13.073743
146.856999,14.882822,10.670241
156.976738,17.467635,9.873853
160.784302,18.871958,8.584125
169.558568,20.839862,8.816327
173.982667,22.238319,9.274278
176.900632,23.833305,8.747584
59.760460,194.181075,242.132115
60.950361,192.947429,242.005761
59.592500,188.307574,239.884383
61.225751,184.421447,234.367227
58.133535,179.271322,228.454431
54.199137,171.552587,222.044406
50.399906,162.751432,212.343016
47.720528,153.499606,199.282005
45.455360,147.839887,191.210838
38.601051,131.046810,179.483658
29.801753,110.749292,165.556426
26.474343,92.733132,148.075630
21.775837,75.973593,134.805160
17.991013,57.948519,117.437562
18.204323,47.462545,108.992154
17.651644,37.632261,98.929225
19.209426,29.421129,93.287965
20.108849,25.416007,83.612171
19.052773,19.002307,73.058195
20.451281,15.636064,68.067221
26.342390,13.560640,60.392279
29.449080,11.996043,50.586354
33.971069,10.784806,43.810486
38.685846,9.697520,39.687118
42.520470,8.839362,32.981732
47.786215,8.751106,25.980873
55.275625,8.157308,25.105847
61.969511,7.265770,25.157137
71.339788,7.560719,22.622067
87.285088,8.380308,19.133860
96.217751,8.765400,17.087403
108.286748,9.450828,13.318901
121.045060,13.970301,12.232900
132.230715,17.150883,9.857356
141.996873,17.476522,10.007132
154.733576,20.107954,8.504804
165.582194,25.279276,7.397418
173.600611,31.199104,7.244275
182.279799,34.180274,7.767063
185.840347,35.776123,7.605301
65.107441,210.943259,239.569023
65.389159,206.527029,239.708185
64.477288,200.401293,236.184255
61.803137,196.855463,230.201852
61.531397,187.587153,220.885220
53.752318,181.209662,214.754844
50.790542,172.777581,205.026811
47.624433,158.600218,195.424950
45.607073,151.733513,187.312050
38.106010,133.820379,174.110086
33.123000,116.590901,156.564263
27.014020,98.126549,141.206747
20.698090,80.896286,126.121677
16.948152,64.936984,111.475340
16.690414,54.494008,101.191871
16.130258,43.645778,94.463020
16.614152,34.497529,84.249138
17.567988,30.148733,77.208408
18.060952,23.863963,69.307399
18.130176,17.826909,61.734592
23.187338,14.375656,51.470035
25.995916,13.042035,44.148794
29.426381,11.644844,38.818822
35.417593,10.341130,31.982530
39.130100,9.790714,28.233098
44.738189,9.193254,24.946370
49.258175,8.908800,22.935306
57.251533,8.936674,21.162144
67.243383,10.605652,18.875043
83.032200,11.758668,15.745127
91.412053,12.524552,12.159310
105.276869,15.537542,10.890045
115.274331,17.845898,9.416376
125.979029,19.394225,8.260538
142.966452,26.144929,7.551767
160.990105,31.910546,7.749107
171.819484,37.414299,6.984177
176.185620,39.138437,7.001158
184.745408,41.918917,7.680645
190.042766,44.700793,7.805928
70.493141,219.737595,235.688937
66.993103,216.165906,234.852471
60.808287,211.880504,230.282803
60.501650,205.118105,224.314256
58.478827,197.878868,215.463931
50.020943,186.456031,208.327510
46.058703,179.067993,199.102979
45.737544,163.875463,186.542245
46.347919,157.881036,176.329490
37.676577,144.126104,165.185597
31.229115,122.909556,149.335217
28.216102,110.502760,139.428127
21.697679,89.820955,121.350727
17.232128,68.349533,103.961418
17.746616,58.796922,93.631346
15.380001,48.805138,84.759387
14.865444,42.886796,78.067964
15.790019,35.112245,70.900582
16.238058,28.830889,64.621971
16.425879,22.280844,53.507770
21.095479,16.003022,45.017351
22.844339,13.533610,38.199588
25.341900,13.174935,32.849080
29.262896,12.273833,27.785996
37.286200,11.268897,23.488190
40.750486,11.051020,21.863103
47.839599,10.829029,19.483418
51.638820,11.222549,15.616516
64.242810,14.417131,12.373274
72.892143,15.365363,10.803996
91.186646,18.634502,10.280355
102.050279,20.703171,8.657061
112.869530,22.402264,7.598093
130.636863,29.618112,7.526376
147.378494,35.921063,6.712571
161.939610,38.209105,6.538210
173.412839,41.616203,6.826614
177.867349,42.264619,6.664464
183.676548,44.999558,6.952454
193.046913,48.913692,8.170133
61.717252,223.593472,231.597866
61.196525,220.913555,230.117267
58.012840,215.971177,224.730941
56.761913,210.968701,219.316034
56.872403,204.199461,209.659013
50.632302,193.037019,200.224847
45.761835,183.947656,190.126846
43.989793,170.234291,178.198752
45.264573,161.015656,170.836116
37.876703,150.569777,159.015917
29.777215,134.035553,144.813484
26.636486,115.634701,131.413794
18.249966,94.781415,112.208317
16.759930,76.492443,96.940221
15.209498,68.369467,88.658790
16.101410,53.404070,79.054994
15.234634,47.692816,72.105904
13.818176,40.944402,63.218218
14.292940,34.295458,54.989416
13.588131,27.112341,47.198505
16.673920,22.348109,36.018817
19.020435,18.292772,31.677139
21.862972,15.576970,27.359844
24.475313,14.301520,23.343610
32.166256,13.361235,18.824791
37.340162,13.561895,18.113903
43.779311,13.564904,15.123232
51.288150,14.077484,13.631793
61.558162,16.654868,11.196605
72.422428,19.181860,8.396299
89.322887,23.624172,7.620381
99.044921,24.264083,7.896321
119.285071,33.062205,7.376252
137.791984,38.636402,6.565468
148.187976,40.996326,6.025448
161.668677,45.223576,6.627012
172.886341,47.490368,7.204118
182.196422,51.781758,7.605718
185.721731,53.898577,8.215634
195.689152,58.288998,8.859793
53.952730,227.610914,227.820805
53.323074,225.408765,224.626416
52.257266,220.646031,218.722447
51.232935,215.977625,213.789298
52.370056,205.895957,203.478571
48.809506,196.677644,189.445253
45.140903,187.449135,182.132512
43.038722,176.919378,169.180767
42.760433,165.306387,163.856940
36.347741,157.786960,155.777082
27.313206,139.006239,139.384568
27.042860,126.381183,125.444499
18.029869,101.378846,103.798606
15.034327,85.076466,89.472184
14.678171,73.433070,79.979767
13.431950,63.221923,70.420316
13.855603,55.604478,63.586172
12.707300,47.637219,56.484587
11.804072,40.629778,49.636438
12.818567,32.440648,40.488175
14.446103,28.174833,32.352378
16.565662,24.356206,28.396448
19.830675,19.719168,23.324776
22.922759,15.288788,18.566116
29.612364,15.472828,17.086385
35.616530,15.580279,15.840105
43.232079,16.478892,14.042839
52.839569,17.336395,11.840847
60.080244,18.309229,9.779992
74.791298,23.135579,7.418853
87.026116,28.241902,7.276765
111.871575,37.120859,7.890290
128.327887,42.619862,7.648085
137.731158,45.160764,7.552552
150.329903,50.267437,7.976710
166.965380,55.455375,8.064233
178.965124,60.242263,8.745895
187.012798,62.814917,9.021550
191.936092,63.711609,8.837524
198.352010,66.721031,9.489036
46.022042,232.473072,220.542467
45.521541,229.101356,217.215509
45.396853,225.382971,212.224853
46.688521,219.072555,207.664165
44.720786,209.216365,193.697577
47.564703,199.990741,185.609747
43.689232,191.760651,173.642570
42.179227,180.263722,166.757542
38.419073,171.446564,157.519740
33.515932,161.750180,147.390478
27.819598,148.219704,132.081168
24.786061,131.151121,118.334782
18.181857,110.191748,99.077764
14.714660,90.990422,83.350599
13.525178,79.592598,75.249863
14.240323,69.930509,68.213718
13.546657,59.772773,58.527732
12.352318,54.063185,48.322752
11.628720,49.019735,41.649603
12.723296,38.886917,33.155077
12.749335,36.063501,28.817666
16.470489,29.808527,22.698954
17.611269,28.199304,19.464364
21.803467,21.826490,17.962683
27.982773,19.961568,16.775292
34.810250,19.197235,14.961785
43.571528,19.692944,13.053224
51.879142,19.826236,10.362670
65.717205,25.225013,7.034318
78.233669,29.489118,7.243699
94.097679,35.560418,7.606310
113.136440,41.562978,7.868066
130.276877,46.414445,8.332428
146.615919,54.142131,8.455724
159.530558,61.658627,8.740842
171.005448,64.064600,8.427360
181.502574,68.091404,8.916410
190.408777,71.072731,9.337082
195.381849,73.304634,9.913766
200.885985,77.076032,9.824483
43.161534,234.359384,208.426203
41.802831,232.063511,203.513343
42.598407,230.306492,199.967546
39.859852,224.421414,194.379904
39.504436,212.024991,183.089373
40.768852,205.922155,175.259657
41.475742,195.025881,167.735121
41.105778,187.183344,160.078993
37.447951,175.681635,151.920829
30.242076,163.489759,140.928465
27.004606,153.515565,127.989627
19.209377,138.472359,108.416445
16.501432,117.296779,92.011368
13.620806,98.951449,77.140861
13.067508,87.697995,68.232571
14.194093,79.837954,62.255100
13.484845,69.689632,49.019862
12.737866,61.670952,42.558059
11.708103,55.662794,36.302141
11.883616,48.119962,29.034581
12.700769,41.386242,25.174432
15.423403,37.314054,20.436253
17.446750,34.209296,17.370540
20.965926,30.665854,15.510901
24.725818,27.766323,15.213070
31.605886,25.387307,13.550533
45.739801,27.039245,9.854858
51.771930,26.775690,7.915895
69.189429,30.507623,7.155267
85.963423,36.760499,7.448668
101.428701,43.240376,7.840740
120.744173,52.139141,8.012470
139.076791,56.761693,8.367674
151.859536,62.780855,8.321185
161.186078,67.075727,8.617427
174.690288,69.653269,9.104938
186.076236,73.971270,9.630126
193.838576,79.662157,10.124949
197.838009,80.761976,9.579000
204.579279,85.997936,10.016541
38.393473,235.498465,197.728803
37.642798,232.857946,194.868518
37.523782,231.466510,187.675876
36.967841,228.077840,182.770882
38.548162,217.203593,170.262829
38.073815,210.808340,163.666742
38.552034,199.520332,159.281504
36.330700,191.425142,153.157872
30.085538,181.834983,141.103584
23.176338,171.919648,128.854346
21.913027,157.185748,113.080058
16.468697,147.409896,101.197853
13.796202,123.843079,85.729403
12.467721,105.790594,68.427808
11.984921,97.457203,61.077925
12.297951,87.924455,55.156953
12.808061,77.585790,47.872757
11.977505,66.714455,38.571589
11.815646,57.494121,31.284053
11.382035,54.035291,26.714218
12.873158,49.812881,22.893130
14.961811,44.328451,20.863455
17.335145,40.867365,16.834913
20.307474,35.285251,14.403224
24.098681,34.081340,13.378103
33.852347,37.369123,10.070996
46.028250,33.477685,9.522047
55.769979,34.991566,6.102471
73.551849,39.837923,7.741590
89.094532,47.131717,7.675789
109.488851,56.095238,8.675563
128.687792,62.982481,8.805280
144.727654,66.922146,8.839521
156.780139,70.692853,9.434440
163.656526,72.666723,9.455746
181.278926,80.275889,9.746333
191.891821,84.507659,10.526146
198.978663,88.184758,10.073559
205.350034,91.921900,10.036103
212.733678,96.363123,10.197924
38.156554,237.268596,185.337800
36.489377,234.226671,179.965725
36.899010,232.792682,178.115173
36.958077,228.224427,169.001896
36.473671,220.885982,163.156803
37.098347,213.331262,155.528741
33.689615,204.667623,147.658346
29.100358,196.100833,136.424871
25.314131,185.130540,131.346485
21.604810,176.221457,119.808137
16.223228,159.650354,101.933624
15.332886,154.361224,96.706007
13.196349,137.854072,82.551293
12.371703,112.937708,64.342443
11.503053,105.240613,55.531330
10.617829,97.372865,48.286714
12.110068,89.670582,43.301443
11.969089,78.375205,34.104487
10.855185,68.883704,26.640727
10.820634,63.092784,22.999497
12.168967,58.694886,19.911679
13.657118,53.406043,17.835319
15.754037,47.645844,15.649045
21.523874,45.674421,12.723914
28.102671,45.273631,10.391243
35.650869,45.618955,7.879362
47.062700,47.901334,7.208531
64.330913,46.996941,7.931461
78.384664,51.115063,7.197813
97.824464,61.158170,8.072534
114.191816,65.636363,8.856768
132.112811,71.319608,9.304279
149.566045,75.659092,9.745040
162.741825,79.493963,9.323850
172.897393,81.842749,10.023955
185.889221,86.517017,10.647102
193.829305,91.915810,9.659445
203.408701,96.765219,9.811423
210.035898,100.011566,9.991774
216.123443,103.562236,9.876481
31.960197,240.808487,165.055571
32.943056,238.052027,163.296955
35.268498,235.666026,161.861260
37.297687,231.970082,161.011603
33.231297,226.834677,154.535252
33.769543,216.399648,147.464234
29.021944,206.535221,136.266002
24.540303,200.460287,125.843469
20.669699,190.251787,115.036345
17.922852,176.410747,101.613055
14.028628,166.122931,98.395710
13.512590,154.932885,88.304356
12.027833,145.670585,76.530102
11.718718,126.830111,58.267632
10.788789,113.419883,49.648880
11.215895,105.502546,44.770662
11.033609,99.597883,38.352634
10.185995,89.554735,31.009768
11.149126,78.744206,23.873727
12.236925,73.481868,21.069321
12.673293,67.836406,18.104692
14.149128,63.875133,15.755312
17.038461,61.439858,14.376190
22.425736,56.718462,11.687099
30.643555,55.069956,8.490197
40.489185,55.265464,7.455562
47.728197,57.092622,7.412931
66.885764,59.517862,6.850410
87.472861,64.346073,7.839151
106.830877,72.834996,9.196653
119.759650,76.888746,9.604304
139.014226,84.431003,9.071109
152.322037,85.284010,9.700468
160.784930,86.045462,9.910955
180.386182,94.977281,9.896472
190.915686,101.676291,9.639531
199.549410,103.995519,11.524448
211.210346,109.545192,11.064254
219.649078,115.173307,10.901211
222.417525,115.182488,10.539047
28.891531,243.529894,154.659970
29.720168,240.771614,153.856996
30.291494,238.491132,148.901599
29.843500,234.826031,143.553767
30.391892,230.248522,140.947818
26.640589,223.328468,132.862011
23.718753,209.097367,123.816638
19.809000,201.327509,115.624552
15.025462,193.020943,100.723365
12.346431,182.222211,94.037810
10.638657,172.205153,86.159877
11.689427,159.665885,77.303352
11.448576,148.410355,63.741532
10.788584,136.931718,52.887023
10.013801,123.024610,44.539035
10.211474,116.012719,37.597982
10.263790,110.141974,32.895918
9.943178,104.032906,26.307637
11.516693,94.104574,20.718097
12.844448,83.011540,17.846353
13.310612,77.386115,16.342922
14.847970,73.443451,15.209600
17.783751,67.669312,12.776576
24.557135,66.958658,9.824515
33.267462,65.072114,6.800698
39.784627,65.858462,7.288792
54.144279,68.933717,7.215770
73.035225,75.325871,7.566052
90.691529,74.882402,7.462150
110.322715,79.545735,9.872428
123.830039,86.035400,9.276864
141.992854,92.347312,9.546495
156.877104,96.416312,10.032684
171.161541,103.019816,10.382728
186.676833,107.101182,11.529407
196.943382,114.117137,13.614559
204.814697,116.387720,13.759509
215.921042,119.523685,14.275269
222.674238,124.069394,13.549321
224.333752,124.118855,13.428684
26.453448,244.585639,141.301414
25.286341,242.539495,135.870470
25.900688,239.522740,132.626670
23.854245,235.676574,129.664511
23.279146,232.113943,122.460311
20.234076,227.415498,118.347832
17.901810,213.275474,108.846798
13.344126,203.857250,95.398988
9.807508,197.316991,87.316237
9.350981,191.450973,79.268407
11.474307,178.335172,76.477058
10.663551,166.448681,65.225402
10.360197,155.943042,56.184066
10.247809,144.945958,49.109433
10.095048,129.747530,41.431798
8.813134,120.671599,31.642285
9.012783,117.787979,26.965807
10.006966,112.449843,23.348765
11.527391,103.902887,20.633743
13.723591,97.271843,16.890921
14.676502,90.503919,15.293203
15.869410,85.063546,14.636873
21.940782,82.365072,11.332658
31.459852,80.615807,9.265022
39.516353,78.127193,8.052568
48.104988,83.244956,7.507481
60.825525,86.266873,7.481973
77.403713,91.037924,8.466838
96.292060,91.548655,8.957741
114.579058,94.289418,10.091801
131.183714,98.451644,10.844266
149.825387,104.817015,12.302663
162.422082,107.598345,13.488922
177.795125,115.490363,15.065631
190.728397,122.788019,18.052881
202.328997,123.487702,17.385910
212.277605,129.066040,16.518927
221.450159,134.591351,15.981698
226.453664,134.363156,15.220457
229.304562,134.972228,14.143280
21.567026,246.093547,124.475652
21.461812,243.578786,121.591215
17.960450,241.763547,114.478480
16.993241,237.217535,108.159584
16.142896,234.353328,105.424472
16.193625,229.061881,93.719138
12.357238,220.939309,84.972319
8.403052,212.703491,76.500621
7.257921,203.003738,72.835373
7.826684,195.047600,68.750372
8.593150,188.308734,64.969555
9.020405,176.895253,57.767031
8.199138,163.742518,50.058765
9.024049,152.871668,40.535537
8.809753,142.056802,36.794242
9.027176,131.180998,26.795692
10.086677,126.523246,23.321194
9.858943,120.824966,21.338809
12.241174,111.059560,18.053050
14.161607,104.774444,15.431779
16.450775,102.296302,14.443828
19.128991,99.882882,13.020299
25.967669,96.667622,10.478587
34.227216,92.250104,8.747656
44.462652,92.910885,7.917205
56.969338,97.487462,8.495063
67.761731,100.702532,7.926956
80.702829,105.524007,10.647582
100.934207,106.546115,11.143527
121.761794,111.216980,13.967111
135.576974,115.398332,15.469477
154.204267,117.466359,16.912609
170.908217,125.196489,18.581254
183.500971,130.987588,19.284001
197.744312,133.965052,19.430292
207.221829,139.694554,19.400025
218.060704,143.234024,19.863435
224.547976,146.802436,19.262254
228.676087,146.302338,16.713185
232.392208,148.783599,16.994517
16.201386,247.016160,108.499690
15.160013,246.364705,104.071017
14.371067,243.420762,99.857720
12.941334,241.369059,89.001729
11.963456,236.783938,85.172470
10.803302,232.386654,74.784551
9.520191,226.008239,69.961271
7.261123,217.295157,62.219503
5.538927,212.490380,59.379709
6.524579,203.348948,56.457154
6.872014,195.732536,54.334656
6.778588,181.091480,46.921251
6.525657,173.538863,40.666622
8.106574,164.607187,33.476958
8.957576,157.761559,28.758852
9.816499,142.459348,23.889150
10.109336,134.634445,20.646090
11.237192,130.834526,17.853774
12.731024,122.332690,15.355058
16.320703,118.509654,13.083651
18.659547,113.743532,12.322875
21.378264,111.717304,11.387446
28.518524,108.321454,9.493192
38.167747,107.692906,9.179594
49.347387,106.898657,8.871672
60.473904,109.809368,9.159170
72.414295,114.535352,9.793034
86.288652,120.946260,11.023797
107.250651,122.604384,13.526787
127.119052,128.762297,16.491615
137.991850,130.172828,19.232846
162.582155,141.153118,19.136877
174.855225,141.733996,19.224008
191.231432,150.074466,23.016288
203.032122,151.874066,22.383868
212.315184,153.021062,22.651013
222.424708,155.390501,22.777481
228.570194,157.006763,23.664984
231.334977,158.534249,22.687717
234.406704,158.721769,21.397627
11.362299,247.926668,91.322682
10.656638,246.977197,87.711779
10.847413,244.784913,83.786948
10.981257,243.110950,75.908463
10.839500,240.154844,70.089788
9.237208,236.084304,64.279044
7.277559,230.738245,55.449821
6.863383,224.472903,52.337938
5.536949,215.809199,51.304493
6.671783,211.218923,47.909294
7.107563,204.197099,43.969623
6.533370,192.086693,37.020779
6.711953,179.983082,31.047288
8.282663,170.732983,28.090248
9.453420,163.330248,26.935258
10.660259,152.926641,21.914365
11.176984,144.392206,17.785326
13.108465,143.830126,15.975940
15.932654,133.424301,13.221818
18.331800,130.252485,12.357413
21.204944,125.696498,11.625289
24.037100,119.179174,9.796371
33.951486,125.056372,9.583292
44.810729,123.086990,8.650531
58.927169,126.234124,9.174448
69.194235,126.287736,9.865499
78.340053,128.694624,9.593862
91.299998,136.186603,13.839928
110.585216,138.699280,16.614844
131.441220,147.855316,20.834914
153.145125,154.419127,21.736375
164.390659,154.467421,20.862130
182.207451,159.521801,24.483356
194.185720,162.710423,24.216528
204.766610,159.941937,26.398074
217.622357,163.455652,27.890387
223.166500,165.047437,25.974628
229.607245,166.330630,24.131317
233.543970,167.537682,22.663529
237.375991,170.078469,20.953752
11.030754,248.373532,79.353852
10.939758,248.310615,75.143671
10.292896,247.081647,70.147141
10.641758,244.718571,65.043354
9.073900,241.699908,61.194547
7.226290,239.044768,51.689844
6.651846,234.199162,48.852037
6.524224,229.267946,45.941961
5.835789,224.375707,42.484219
6.666893,216.239200,38.509787
7.297112,209.096567,37.047713
6.500147,199.163408,30.864590
7.498004,190.599267,26.020449
9.010637,180.202566,23.437206
10.173466,171.311455,21.133351
12.110904,163.620616,18.165125
13.365193,156.814602,16.630569
14.020063,149.407262,14.767918
17.459371,144.700638,12.729603
21.730878,142.259436,12.323151
25.462637,137.783707,10.030940
33.067805,138.220258,9.808362
37.957521,132.981392,9.706002
48.750698,135.413839,8.418904
62.745039,138.338235,9.050350
73.353923,138.473188,11.639251
85.076024,142.976401,12.768888
100.940354,154.249151,15.760504
122.924733,160.875586,23.439294
141.184091,164.843542,24.211971
154.507311,164.020738,25.352297
168.197754,168.529841,27.541754
185.752454,171.481114,27.565206
197.315949,171.913607,30.374462
208.334232,177.385104,32.414704
218.681206,179.327904,33.284419
225.624123,178.269354,32.448052
233.699207,182.611497,28.909894
236.661277,182.687316,25.197729
238.147751,181.280029,24.084936
9.883049,249.281296,66.867297
9.452873,249.012646,62.922483
7.986419,248.221177,54.927437
7.854257,246.599580,52.635338
6.715264,243.599772,48.833597
6.355532,240.812299,44.328760
6.505392,238.742363,39.664611
5.764030,234.437159,35.523135
6.313975,230.280501,33.104051
6.860665,223.315441,32.101538
6.329645,214.508893,28.910567
6.327353,201.632648,24.257919
7.240274,195.626392,20.990196
8.846187,187.247984,18.860481
11.486238,177.513529,17.231421
12.601230,171.820032,16.540288
15.685979,164.077923,15.834700
17.584358,161.309205,13.431831
21.307740,157.728267,12.853885
25.531264,152.431780,11.088952
31.682212,151.969232,10.484433
37.618528,149.946726,9.768678
45.990591,152.988578,9.614568
58.920856,155.076428,9.600173
68.437819,154.477162,11.279331
83.329680,162.071944,12.921865
99.646194,165.750924,16.909964
112.678551,170.921521,21.486443
133.923276,179.926640,28.837588
144.734381,180.755175,29.747332
159.084988,181.705298,33.037840
177.266497,186.000411,32.452199
186.167604,184.085147,35.550371
203.854205,190.771321,40.408859
210.934800,191.264362,39.965189
223.257908,195.316466,38.594138
227.670403,192.935173,35.639645
233.453971,193.949896,32.615534
235.877948,192.938556,27.724346
238.103896,194.122653,26.696374
9.184880,249.728282,54.295050
8.055945,249.789718,50.086596
7.435319,248.852722,45.436489
6.986093,248.450581,42.206475
6.363611,245.862200,37.652986
5.717641,243.146878,33.989858
5.962554,240.466282,30.636898
5.979036,238.674222,28.446478
6.188578,236.051363,25.828990
6.744125,229.622220,22.948075
7.395564,220.699134,20.217262
7.554459,213.758336,17.895695
8.695784,202.852765,17.429884
10.004532,194.553908,14.208315
10.648381,184.581428,14.935278
14.273189,178.112332,14.955433
17.183048,174.872364,13.610618
22.345591,169.522418,13.225850
25.780678,169.450921,12.470904
28.305848,165.269214,10.571299
35.172455,160.011994,9.681091
44.219446,160.699866,7.946143
55.576183,165.592239,9.830056
69.623644,172.762745,11.356850
78.984970,178.098321,14.029568
92.270019,182.657974,16.514656
105.605327,183.853806,19.349768
123.032962,190.745703,24.569325
132.816249,190.552947,27.927517
148.591504,191.969436,32.088516
159.942577,192.617278,34.293875
178.318686,197.483326,38.050561
190.221030,200.437106,40.961520
204.895832,202.328367,46.176154
214.627517,202.281926,43.770730
220.551695,204.645234,42.875342
230.397393,205.030883,37.153352
233.938299,206.410363,34.295190
236.639577,204.628479,28.737021
238.520831,203.881977,27.772380
7.428267,251.081131,41.454146
6.998596,250.386107,38.114590
6.292575,249.648031,35.935906
5.727512,249.162222,30.123974
5.490556,249.159307,26.243806
4.734802,247.056565,22.829677
4.720854,244.884104,20.991932
5.292724,241.969524,20.949088
6.437336,238.970242,18.948917
6.173846,233.649551,17.230274
7.011538,228.337067,14.469468
8.439547,220.544088,14.013739
9.450990,210.681740,11.543623
11.064294,202.167686,11.812557
12.011635,196.590553,11.229458
16.221156,184.975762,12.459248
20.613567,182.005147,12.848196
25.998274,179.043370,11.071922
29.508654,176.398842,11.266809
34.988952,177.658317,10.464937
42.520359,177.165775,8.592411
51.614734,180.877941,8.613513
63.354131,181.879440,10.271589
75.776806,185.487198,13.191288
86.930163,189.529885,16.170039
94.891771,192.291518,17.680048
110.751109,195.331523,21.364648
127.086003,198.674923,24.908591
140.351485,203.551554,27.766449
149.977563,204.247209,32.621454
164.862739,206.189549,33.465718
182.163801,209.007636,40.750972
193.967184,211.450211,43.439920
206.969973,211.479060,47.505528
214.791608,211.737320,48.274348
221.224007,212.609182,45.573161
230.339039,214.753999,38.765465
233.209497,213.435048,32.209359
235.108865,214.271233,27.796223
238.558935,214.030483,28.712508
6.136931,250.971724,34.915019
6.452064,250.829549,31.668825
5.546727,250.871691,25.991893
4.168323,250.472682,22.013164
3.933073,250.279358,19.228723
4.178735,249.433073,16.300142
3.885268,247.406727,13.278481
4.835304,245.990320,12.572189
5.095318,242.914858,13.721309
6.673171,236.643889,12.798247
8.392001,233.841936,11.852588
9.502941,225.891952,10.381773
10.153719,219.891871,9.708424
11.962688,208.099871,9.949125
13.297102,201.089716,10.877593
16.445598,195.255917,11.178220
24.254911,188.707455,11.072448
27.804035,182.966936,10.729268
32.528507,181.910440,10.668070
41.142528,185.921955,8.497520
48.081207,190.655278,8.194472
57.495794,189.511340,9.755576
68.818639,190.839316,12.354367
77.269016,193.157879,14.487059
91.766892,199.118408,18.024656
100.304060,201.394709,19.890484
116.346638,205.788348,22.484747
130.132729,210.992774,25.526601
142.367314,210.381256,29.338614
150.567928,210.342422,32.747768
168.041147,215.419440,36.333640
184.454446,216.465065,41.467588
193.147170,218.387215,43.837222
206.816692,217.620419,48.587032
214.765969,217.804254,47.284193
224.085917,221.291548,44.768622
229.119743,221.677307,39.901514
233.057655,222.118042,33.828720
235.118455,222.729853,28.714799
239.630912,223.050360,28.638859
4.838588,251.635828,28.806689
4.433586,251.283480,24.504092
3.777735,251.448751,20.692067
2.875859,251.586729,17.420405
2.915233,250.974482,13.815874
3.047578,250.125740,11.794835
3.336861,248.862515,10.269747
4.000957,247.890604,9.739374
5.415732,245.500165,9.670929
7.394106,242.698567,8.916011
8.964983,237.421770,8.549629
9.845000,231.846157,8.747308
11.571568,225.761453,8.285338
13.396833,218.234781,8.345334
14.874373,209.870099,9.141235
17.725270,201.187551,9.232227
28.480347,195.753272,8.803371
33.546256,193.748614,7.695054
38.551964,191.438415,8.110689
45.554361,192.179429,8.071627
50.603007,195.232030,7.791219
62.139430,198.946725,10.481307
73.387566,199.383690,13.186522
85.449521,202.611852,17.075671
97.329985,207.415042,16.996994
105.712704,210.450303,20.048342
120.814508,215.427184,23.566628
130.788270,217.768585,23.841541
141.423804,219.643326,29.289244
152.197080,219.808689,31.892437
170.008963,222.248809,39.900566
187.486076,220.681792,43.454161
195.686518,223.846951,43.537279
204.883183,224.463412,47.361289
217.389307,227.871996,49.185755
225.583575,227.208543,43.862987
229.882182,228.089940,40.403547
233.465635,228.257564,32.961717
235.988182,228.467521,28.973544
239.719089,227.535858,26.968758
3.300861,251.963039,22.403410
2.575710,252.151132,17.128812
2.119450,251.989793,14.296484
1.981534,251.816593,11.972382
2.541049,251.948441,9.250970
2.566990,251.621642,8.004116
3.465758,250.422851,7.002117
4.072844,249.132379,7.344852
5.562574,247.319910,6.928271
7.800575,245.617576,7.679338
9.992907,240.129079,8.046197
11.928543,236.006261,7.127894
13.134705,231.247882,7.898502
14.006154,225.055310,8.627443
17.226451,216.878335,7.252699
24.382276,212.838641,6.588878
31.100845,201.460199,7.604335
36.606769,197.159159,6.984622
40.427281,194.266139,7.556006
47.091349,196.224926,7.298785
54.263179,199.546493,7.339554
64.719188,202.548875,10.014372
74.190116,203.640624,12.979747
89.254211,207.906743,15.900036
100.646551,212.963479,17.512698
112.030038,216.969680,21.243354
122.544582,219.687594,24.053381
132.366123,221.517401,24.749032
141.832977,223.626897,28.994580
157.983096,228.204668,32.800234
168.650763,228.598542,39.639714
186.504933,228.132616,42.794401
198.320110,229.567859,43.000277
207.546024,230.893281,45.596659
217.345631,232.318252,43.405322
224.730288,234.485863,41.107976
228.560607,235.137041,39.163275
232.711309,234.328035,34.496033
236.251472,233.968153,29.212494
238.950224,233.355780,26.499207
3.427694,251.918498,19.567480
2.704586,252.186857,14.485570
2.327452,252.236593,12.278542
2.037568,252.457753,10.397671
2.391278,252.546003,8.287839
2.269010,252.099537,5.483653
3.413454,251.267138,6.093330
3.952634,249.935213,6.626798
5.796650,248.343771,6.506982
8.348404,246.248719,6.138724
10.831502,242.418950,6.479743
12.837243,239.437300,5.819882
13.899175,234.281195,6.617155
15.915474,230.841573,6.390960
17.717589,224.491504,6.120587
24.472456,216.647313,6.328073
33.215552,205.800673,7.865500
38.317272,201.629886,7.466778
43.221919,197.849611,7.069968
51.058301,201.630027,7.573931
58.035312,205.979177,8.694892
68.616246,209.472621,9.820335
78.026607,207.899701,12.431005
90.287065,210.861605,16.316527
103.345042,215.997207,17.574436
110.840907,218.144626,21.063587
124.841874,221.610074,23.874313
133.739104,223.602198,24.957574
144.958744,227.428568,26.990929
156.860026,230.107121,29.209490
169.242754,231.039646,38.414659
187.856753,232.335714,40.418728
198.846273,233.732348,41.785451
206.578115,234.156068,40.017542
217.718138,233.681708,40.501765
224.460777,235.415773,38.234007
228.417317,236.725293,36.927573
232.318996,237.517850,33.753995
235.394145,237.470241,27.501132
238.428202,237.538371,25.522494
