1600
3
242.708236,240.398577,29.960181
242.782160,234.541875,33.819096
244.704350,227.927444,36.189714
245.901996,218.779585,39.308745
245.642465,211.152038,42.227061
246.271430,203.662954,41.549676
245.912179,194.417074,36.449484
245.920925,181.779149,33.766565
246.242606,168.886595,32.045994
245.818278,158.352838,25.259188
245.612550,147.537105,19.846995
244.482741,137.052528,15.455286
244.949839,125.101680,14.786484
244.253693,109.232746,12.485775
245.791003,98.492041,9.841682
244.092577,91.309026,8.366728
244.993137,80.452684,7.543039
245.036882,66.954988,5.773211
245.443415,54.427187,3.915573
247.404181,40.175944,2.373311
248.145717,30.661019,2.161027
248.363171,22.184457,1.804016
250.446902,13.887108,1.055996
251.364920,7.149937,1.075613
252.268848,3.843490,1.227902
252.868500,2.282636,1.181865
253.587734,1.049741,1.118202
253.242070,1.219619,2.559640
253.137523,1.446574,5.264326
252.971995,1.814982,9.492324
252.681000,2.055146,14.946354
252.646013,2.387560,22.137658
252.976694,3.250915,30.355894
252.886134,3.951626,40.458103
252.485978,4.591701,52.228170
252.393762,5.059967,63.975103
252.115311,6.001297,75.857320
251.410728,6.602156,83.506426
251.404845,7.681347,92.448021
251.894366,8.750509,97.632666
240.060246,239.263555,36.166311
240.087237,234.409456,37.513200
241.075004,228.131488,39.587452
241.576109,221.620239,42.680884
242.043138,212.358932,41.857563
241.192013,202.601477,42.257406
240.872489,193.598927,37.726531
241.708282,182.166893,32.519781
242.389204,169.905945,28.573732
241.895165,157.433305,23.974004
240.904771,146.734598,18.790041
240.688401,136.936909,16.002362
240.057636,124.917749,14.991743
239.846536,109.523815,12.470563
240.202309,100.353066,9.694230
240.077911,91.729231,8.664290
241.568945,81.065039,6.761414
240.662540,66.364785,5.217763
241.189414,52.777390,4.089778
242.171492,38.757552,2.683992
245.451678,29.822771,2.187841
245.890366,21.343575,1.861256
246.988263,14.670509,1.025873
248.555386,7.193265,1.084683
250.180793,3.446245,1.310645
250.755859,2.195789,1.393869
251.463923,1.354448,1.994280
251.736777,1.475510,3.450597
252.052017,1.495130,5.832925
251.934910,1.859170,9.997449
251.471723,2.574698,16.531674
251.442007,3.106839,23.468401
251.464850,4.299330,32.123954
251.873802,5.195692,41.907546
252.119916,6.012586,57.654944
251.927416,6.393823,71.277214
251.232554,8.171825,81.514763
251.555621,9.247222,90.420006
251.111115,9.890758,98.223328
251.040764,11.045922,102.258035
234.924120,239.595023,42.351938
235.023432,235.846333,48.368932
235.866126,230.231099,48.786939
236.364951,223.299825,47.890022
236.153775,210.894245,44.607141
236.969750,203.140232,42.911179
236.403021,193.325935,39.891600
235.444165,183.122446,36.549341
236.478271,168.228024,29.949143
238.122128,157.903808,24.307746
236.181984,146.355343,17.703190
235.317070,135.851627,15.478996
233.358296,123.686324,15.068752
234.443148,110.897221,12.047607
234.066712,99.556436,10.264443
234.661797,90.983618,8.662937
234.464510,80.447152,7.141713
233.779177,65.016251,5.442257
234.790858,51.868784,4.092421
235.959858,39.673614,3.182980
238.704905,30.300450,2.714869
241.088916,20.528432,1.619459
242.648265,14.548459,1.089263
245.276352,6.456154,1.253460
246.525224,3.962989,1.749980
247.725770,2.434692,2.122900
248.414983,1.682443,2.415988
249.247858,1.614803,4.239297
249.731962,1.784272,6.748577
250.450972,2.220598,11.438372
249.699606,3.142461,18.298142
249.972831,4.121787,23.994780
250.264138,5.178965,33.993134
250.025023,6.121973,46.838904
251.255572,7.796401,64.150721
251.554268,10.862933,76.345030
250.918177,11.694763,88.170512
250.244822,12.497829,100.427886
250.007226,12.998936,107.030004
250.789037,13.160067,113.178800
230.471405,240.086136,52.862072
231.162235,236.150248,56.436566
231.714283,231.452225,57.965749
230.286813,224.175671,56.058663
230.489314,212.662293,51.041117
230.736557,204.130696,46.767059
232.323054,192.753408,40.631395
228.827094,183.417502,38.639123
229.647315,169.526890,31.872068
230.796944,157.399769,26.117516
230.673272,144.882434,19.598349
229.408241,134.716544,16.095770
226.864095,120.896023,13.944068
226.736998,109.440815,11.126238
227.804622,100.976407,10.215532
227.231305,89.449536,9.843195
226.683420,78.472707,7.172562
227.246451,61.557874,5.505792
227.715572,50.630301,4.757221
230.984606,40.443631,3.345881
232.769693,29.960266,2.926131
233.773334,20.115582,1.755202
235.542496,13.552056,1.565206
238.186157,8.388805,2.099384
242.103905,4.606667,2.287896
243.575543,2.744991,2.625229
244.640047,2.116895,3.472705
245.798578,2.002833,4.893829
247.229167,2.061065,7.420147
247.113044,2.849650,13.130085
247.809249,3.484213,19.355671
248.285632,6.302051,29.567958
247.663455,7.804319,38.164140
248.947205,10.228279,55.839899
248.917584,13.860559,73.107883
249.798512,14.995845,84.854501
249.334060,15.957769,100.783412
249.798333,15.223509,107.228995
249.534468,13.880395,114.308386
249.458801,15.406533,121.470785
225.043128,239.153748,57.375863
225.683709,236.064970,61.911613
224.358036,231.498124,62.301832
224.464208,222.983709,60.495563
221.751634,214.627851,59.029610
223.848712,205.328383,51.330411
221.848268,193.488446,42.591437
222.449561,181.375588,37.852678
219.820322,169.804776,34.599414
222.453623,157.597868,26.129153
222.284424,144.567233,21.320423
220.449434,130.322896,16.089624
218.953506,119.264886,13.156207
218.626862,110.451364,12.467293
217.221593,100.788198,10.750141
218.169954,88.337874,10.628827
214.490010,73.069833,9.326902
214.864420,64.371590,6.249267
218.916317,51.813483,4.448365
222.133394,39.667567,3.423275
223.223415,26.111122,2.125110
225.349046,19.001875,2.224597
227.092256,12.807399,2.423948
229.789085,8.090429,2.507405
233.666035,5.513995,2.998600
234.992111,3.223317,3.590667
239.384887,2.688140,4.734338
239.655742,2.649964,6.414215
241.885961,2.809231,9.932626
243.396898,3.187787,14.819834
244.264459,5.883831,24.182629
244.625165,7.766484,32.574655
245.478635,10.931143,47.451184
245.512839,15.945133,68.929784
246.224206,19.158890,82.634632
247.493316,20.113938,96.456090
248.095139,21.799802,106.695721
248.922211,20.446587,118.670886
249.427742,18.931324,124.872004
249.426527,17.599485,132.414202
218.797830,239.249420,61.029585
219.798214,235.923673,68.494013
218.418973,230.640440,64.003157
215.773498,223.310230,62.073052
216.827871,216.221302,60.270708
215.972410,204.080853,48.680180
215.078543,195.201071,43.687883
215.495420,181.358500,37.927378
213.515016,167.089520,31.926168
210.208218,157.669796,27.089925
208.074577,141.472068,21.586018
207.484085,129.629325,16.592162
206.534679,117.446775,13.144177
207.908045,107.947151,12.559704
206.820712,98.022743,11.432324
202.863560,86.462052,9.346531
202.403395,73.235055,8.438156
203.266548,62.128621,6.647499
205.001632,51.179197,4.628868
206.899423,34.326624,3.178285
209.083411,25.216941,2.478246
213.814139,17.481048,3.074513
216.052869,11.824363,3.499469
219.029424,7.925856,3.484739
222.700195,4.973159,4.015321
225.881976,3.671186,4.864540
228.949348,3.270618,6.509531
232.324603,3.118092,8.474516
233.486919,3.340739,12.203916
236.209301,5.263305,19.559160
238.636777,7.052753,29.126971
239.185803,10.551512,40.794497
241.584476,15.708034,58.922910
242.163698,19.780547,80.305869
244.212863,23.190306,95.137151
244.803426,25.634075,106.525464
246.375806,25.142950,119.886238
247.453911,23.153413,129.050214
248.274152,22.027194,135.529991
248.770890,20.679453,140.226661
209.183635,239.875178,62.262653
211.426319,235.727378,68.143084
211.995882,228.789079,65.732047
210.741519,223.495042,62.663107
206.920598,216.010554,54.370262
205.649498,204.176407,46.050263
203.621138,195.436302,42.423411
204.280693,179.779120,33.746557
202.270117,165.761730,25.769026
201.186328,152.503664,23.432905
197.077242,140.250211,23.080995
195.831459,128.255665,17.318714
198.306644,118.427369,14.097518
194.647329,106.313191,12.211627
193.838293,91.791230,11.277706
191.820717,82.751811,10.319319
189.952773,71.161110,9.046265
189.074751,59.062908,7.026044
187.126967,48.637182,5.787220
191.968020,34.501023,3.942194
194.026667,24.825672,3.736624
196.720412,16.795709,3.859323
202.391057,11.786002,4.594729
207.115227,8.129874,4.253009
211.274766,5.143318,5.103760
216.453730,4.153565,6.035385
221.469040,3.326116,9.181001
221.574511,3.347383,13.150950
223.437285,4.605319,18.549602
226.153563,6.969989,26.663087
228.307641,8.574665,38.950245
230.889675,14.710469,54.984030
232.960569,19.378210,73.099904
237.543685,23.452824,94.633407
239.719506,28.461094,106.763235
242.552411,30.409838,120.867902
244.479305,31.892260,133.377728
246.370625,31.581884,144.504021
246.381424,29.770478,153.981145
248.183049,28.232661,160.112886
198.415279,240.653945,56.327986
199.097869,234.212842,59.384839
198.443748,227.151328,56.194810
197.879034,221.513740,55.802494
195.411640,214.657356,51.862651
194.631951,203.382533,42.936804
194.015999,194.884923,40.090315
191.110206,177.365788,30.871287
189.040969,163.419739,28.050982
190.579685,150.775880,24.314274
185.969226,136.593844,20.801999
186.131510,127.428045,20.692880
184.739916,116.831155,15.504414
179.686430,100.642318,11.941731
177.844241,89.167826,10.378426
176.103953,76.706644,9.693386
173.763416,67.225299,7.040828
174.412191,57.880132,6.964262
172.310325,44.869430,6.004262
174.819982,36.379270,5.007555
178.807566,22.357098,4.486581
182.327808,16.239057,5.085153
186.924892,11.998060,5.163435
192.782053,8.070175,5.222017
196.078362,5.843038,6.135674
203.331298,5.278255,9.426247
206.991909,3.567441,14.362651
210.350942,3.834687,21.672647
210.382226,5.781203,27.815480
212.423975,7.308158,37.350020
215.561424,9.810469,51.988016
219.383149,16.493479,67.892222
223.472174,20.980365,87.873774
228.126180,25.463585,106.444886
234.526385,32.330793,121.293418
240.099942,36.180145,136.205984
243.664556,36.457117,152.556293
245.510296,40.000170,164.332249
246.606871,37.332876,171.896394
247.284106,36.021895,175.225748
186.642306,241.226291,50.415127
185.073079,233.931306,51.532362
184.076090,228.234717,47.956931
184.519043,221.764357,46.316789
186.846952,214.786125,45.814912
182.777568,203.357554,36.954673
180.993348,191.743192,31.478839
179.588890,177.295275,29.110017
181.442141,163.141596,26.920810
177.385193,148.009603,26.035644
175.827434,136.301120,21.478319
173.191382,124.922227,19.464935
169.179386,109.315597,13.678442
166.095395,95.991950,12.453013
164.343977,84.752228,11.260324
162.497796,76.615929,9.208657
163.386916,65.415644,6.758784
163.165405,53.264899,6.626054
160.529245,41.726669,6.096566
160.654801,33.407226,6.009657
164.402193,21.437181,4.764701
166.422382,15.595216,5.461200
171.101399,11.457900,5.923728
177.912310,6.998922,7.159717
180.302067,6.747195,10.546292
184.738848,5.782304,13.650271
190.161987,4.427219,20.773489
195.245250,5.278735,29.380216
197.699379,6.583243,35.550521
199.217091,8.741718,45.061399
203.783397,11.424023,62.066305
208.199191,19.659546,82.632076
214.181146,26.260465,102.326069
222.899559,32.624905,125.005438
228.460892,37.903846,140.669882
235.066840,44.921113,156.658188
240.844402,47.519147,167.811665
245.166511,48.003949,181.102867
246.742992,44.963872,185.001488
247.604774,41.937034,189.139910
173.792809,240.996437,44.861071
172.985916,235.224918,45.594223
174.489400,228.849971,44.447144
176.162286,222.382303,42.399980
174.196553,213.690024,30.807723
171.937143,204.106605,28.733675
167.560921,189.374058,29.576527
167.525000,177.785503,26.508670
165.198678,160.342526,25.627711
164.698402,146.599635,22.364706
158.999138,131.531918,19.702179
157.290307,120.640734,18.173389
152.355779,104.970119,13.743500
150.082839,93.854743,11.787293
152.563299,84.268111,9.980663
149.585947,74.073348,8.444200
148.131873,64.923288,8.457274
147.536870,46.858066,6.338818
147.417356,38.575777,5.793276
145.260319,29.695635,6.078053
148.582670,20.009010,5.600343
152.127032,14.608990,5.363405
156.153587,12.133826,7.296557
162.558689,7.633989,8.955173
167.603740,6.754937,12.522968
171.771234,5.866621,17.736519
177.756554,4.919076,25.138858
181.745824,5.121610,33.188003
187.060392,7.984467,42.131257
188.499586,11.184271,53.355852
190.976645,16.159010,76.258896
197.451506,22.050502,95.536795
206.380893,28.255910,120.956831
219.240791,36.335974,137.659998
228.506008,43.335427,154.974030
233.077634,46.633683,167.087587
238.645056,53.945085,180.445883
242.438611,52.313898,186.075137
244.337145,50.273030,192.393384
245.831507,47.813365,195.701521
160.844851,240.791099,29.245706
160.457865,234.911529,30.632940
161.218509,228.821406,29.877064
161.944858,222.189627,29.653857
162.525505,212.451338,27.870697
161.345133,202.131707,27.313468
157.111319,188.803829,27.379014
153.961503,176.640034,24.511111
150.012216,160.900291,23.082913
148.027478,145.134360,20.481379
143.977153,130.570935,18.375028
142.132905,118.620651,15.435690
141.069613,104.367167,12.602759
141.039893,93.190783,11.450340
137.665206,81.240532,9.353369
135.200532,70.632352,8.977880
131.465506,60.837344,7.275729
130.702369,46.858901,5.980730
133.446137,35.475216,5.115551
135.196885,27.350651,5.960893
137.948390,19.216880,5.492201
141.459431,15.123763,5.807570
144.368912,11.222578,7.597775
147.587408,7.668227,11.796431
153.860936,6.296708,16.320073
158.149207,6.038237,22.401283
160.539613,5.321724,30.525850
167.712061,6.309659,39.260781
172.488922,9.163489,50.933500
174.057437,14.104189,68.336884
183.870820,17.788178,84.092219
192.158025,24.394325,109.205802
202.526685,30.582522,132.098728
212.270476,34.162679,148.491227
224.392634,42.772836,170.107720
232.108381,52.422015,179.119098
234.465354,55.380092,184.931399
239.533656,58.287069,194.606411
241.785716,59.091940,202.265522
244.402997,54.834741,205.639443
152.830404,241.116324,24.594128
153.067491,235.987269,25.043544
152.753649,230.010452,26.376557
151.242620,223.008548,27.609334
149.829055,212.171003,29.387652
146.871653,199.968653,24.676316
145.299248,188.717969,23.937318
141.317285,173.593657,22.902646
139.050968,160.437117,21.266221
135.056533,140.816591,18.862703
133.659520,127.402996,17.878937
129.683484,117.659629,15.907467
128.291209,104.532642,11.698485
126.300990,90.205247,10.844722
125.958099,78.702202,8.967443
121.533830,66.638574,7.389033
118.997752,57.397055,6.716728
118.779822,44.375550,6.494220
119.767755,31.969892,5.035659
122.206521,26.765747,5.259223
125.132055,18.004329,5.300080
127.343876,13.157293,6.260210
130.456497,9.541151,8.066230
136.200028,7.855557,12.963870
141.628714,6.169937,18.826641
144.719793,4.811000,26.941668
149.083153,5.490626,33.897733
153.956714,6.468389,47.326220
159.918830,9.865248,62.844671
166.206837,14.712411,76.186852
173.899872,18.312010,95.029584
188.204976,25.105531,117.664863
200.156836,29.271008,141.901626
209.563845,35.302644,160.069357
219.549545,43.869626,175.977458
225.557583,51.453811,184.807426
231.511489,58.004549,193.004875
236.681430,62.142498,203.425269
239.893907,64.208878,207.906929
242.108019,60.363455,213.376487
144.343651,240.758123,24.975805
144.424753,236.928578,24.940346
140.107168,230.275097,24.932141
137.539813,221.713347,26.036067
136.989173,211.055805,25.097953
138.018950,199.751884,24.028572
132.431104,184.820450,22.117954
128.817677,172.519872,21.314853
124.128994,156.638470,18.296204
119.439590,138.532139,18.026071
119.549849,127.204199,15.157685
116.626835,115.669052,11.904452
116.821546,104.023019,9.917723
115.093181,88.926638,9.436206
109.169171,73.508697,7.792706
110.344907,66.121169,6.415015
109.040506,56.803465,6.907774
106.232422,41.692475,6.139906
106.290255,32.098864,5.382999
109.796628,24.599859,4.564005
111.207319,16.420759,5.306966
114.044778,11.237135,6.715973
116.766909,9.516138,8.085624
121.597208,8.301940,13.471080
128.472106,6.305962,21.188882
134.028075,4.668650,30.609439
137.888605,5.684779,39.822753
145.057026,7.182268,52.795917
151.196926,11.658846,68.938721
158.831408,14.213109,81.570550
170.576012,21.015888,104.082607
182.740525,23.575740,126.373639
195.419190,28.115375,148.023048
206.519463,32.297265,165.730690
216.066783,42.607138,182.669788
223.888377,50.659719,192.297645
228.959055,57.984683,201.648155
233.671000,61.053717,211.791523
237.343191,64.914859,218.577369
240.610701,64.225476,222.963759
132.516793,240.673709,24.966295
133.180349,235.685102,24.533248
130.326770,227.930346,23.515555
128.432432,221.757938,24.820211
127.985892,212.826150,24.694821
122.922218,198.469487,20.642905
117.952237,181.203163,18.942007
116.521447,172.899935,18.004414
112.803991,153.940641,16.092932
108.380030,139.553837,14.610839
104.845194,127.416506,10.983713
100.784528,112.800002,9.298082
100.193092,103.158137,8.890459
99.540981,85.190017,8.408492
99.523091,72.550583,6.837860
97.590413,60.717985,5.994502
93.327533,51.863252,6.355223
89.241722,41.171678,5.977920
90.206433,30.567410,5.029482
90.420922,21.413570,4.394943
95.378110,14.709438,5.100014
99.420071,9.983197,6.733047
102.968363,8.743505,8.316853
109.162335,7.919553,15.737891
115.680102,5.765587,23.450927
121.606469,4.708389,32.298722
129.600871,5.816104,44.728784
133.968090,6.921566,56.542138
143.711727,10.511408,73.229307
151.100344,14.730685,87.500498
163.740036,18.116060,109.255211
177.758456,22.584021,126.398767
192.394734,28.288933,149.894440
203.320360,32.349476,169.547701
212.148317,39.371206,186.275886
219.211106,44.637207,198.971369
226.359892,52.228327,207.929084
233.048816,57.274008,218.489940
236.130052,62.666647,225.237167
238.064457,68.340272,230.722261
121.094429,241.164073,24.118025
120.703451,237.038841,24.107013
119.533455,228.903588,22.390847
119.495046,220.463784,21.979653
115.943595,211.146695,22.493945
111.001117,196.101507,20.009184
109.907370,181.797498,17.485271
106.506347,167.972902,16.367661
101.254291,154.044442,15.627115
96.091691,136.329550,12.257132
91.859870,126.229366,9.760888
87.834375,110.737519,7.700785
86.076056,103.883906,7.344590
86.380827,87.889836,6.580826
85.570763,69.928726,6.949534
85.025167,60.567969,6.324697
79.501642,47.358430,6.447733
74.854250,36.534173,5.614445
69.757110,28.562937,4.560141
74.539301,18.577388,4.282358
74.775013,12.161203,4.680400
80.983290,8.980035,6.160132
85.393939,7.135404,8.960775
93.137692,6.324998,15.742684
103.309745,5.414484,26.503859
111.697909,4.849547,36.096676
116.476162,5.476567,48.208149
128.039290,7.108663,61.883696
135.285639,10.764728,78.745197
143.056917,14.001348,91.927939
157.789081,18.417703,114.608248
169.092718,21.714395,128.938472
184.917471,27.444169,151.562006
198.171354,30.842670,173.437739
208.779869,40.447180,190.450306
217.078991,42.373265,203.883135
222.517633,47.877256,216.221590
227.755469,51.521132,224.723591
230.844004,57.954125,231.494672
232.389395,60.128260,235.486873
107.840277,239.717704,21.435670
107.411840,235.211338,20.296855
104.956510,228.865641,18.985117
103.977656,219.170233,18.476200
103.242246,210.675041,18.968531
100.358335,198.334506,16.891016
98.734189,184.461882,14.629489
96.034809,167.733370,15.688021
89.650003,150.198645,12.012192
82.623349,136.039183,11.283090
82.078501,122.521522,8.732355
79.861566,111.009343,7.704142
77.355419,101.971624,7.420329
74.536554,89.881263,6.098654
69.820054,73.183231,5.347642
67.961648,56.315274,5.916531
61.669232,40.997327,5.160645
56.645525,32.668675,4.581519
53.190846,23.286315,3.829370
52.438670,16.283757,4.343932
56.860897,10.801302,5.022533
62.795959,7.487595,6.698643
67.647310,6.460788,10.099245
73.762638,5.325896,16.322360
83.199589,5.191241,26.417067
95.785015,5.259271,39.413966
106.061336,5.469459,53.567917
115.019638,7.289692,66.154021
129.046139,11.476583,83.440381
139.358895,14.643547,97.440948
151.361851,17.377033,115.569614
163.435114,20.721653,132.438205
177.858112,25.862654,157.186553
192.161962,29.676900,177.841070
202.723102,36.262228,192.427482
213.440234,38.463182,209.863291
220.603848,40.979466,220.019504
224.664710,46.075910,227.787077
228.452295,46.601304,234.946323
229.853083,49.304238,238.587440
96.871700,238.979551,21.129255
93.988475,233.480346,20.521038
93.025307,227.667539,18.829561
92.799329,220.645603,18.343494
92.227819,209.048047,16.342971
89.251078,198.070381,15.374612
86.071034,185.229595,12.978763
80.416886,164.015008,10.817935
78.384848,147.043283,11.202117
75.724936,135.940565,9.230011
71.073112,124.640618,7.915689
71.158664,113.342665,6.852186
69.255146,101.972420,6.071394
61.830113,87.848584,5.300928
58.100823,73.125544,5.496631
51.953347,55.726111,4.994980
47.766194,36.984679,4.411940
44.183970,29.974896,4.156979
41.469545,21.276546,3.924863
41.543536,14.662811,4.592342
42.866901,11.075921,5.677710
46.625659,7.329125,7.514065
50.396469,5.849349,11.848424
58.472276,4.997942,19.168505
64.001915,4.675898,26.764487
78.766333,5.755311,41.733828
95.056770,6.483995,58.007114
107.128436,7.480323,68.620335
119.308980,10.079320,84.825213
132.176225,13.662511,102.058798
141.840607,17.437769,121.240899
156.277664,19.858053,142.925941
170.293448,24.356670,164.378452
184.986513,26.303450,181.397733
194.461180,28.406124,195.434813
205.926671,35.799581,210.957094
215.489356,38.011861,223.522955
221.347183,39.550098,230.422760
226.534801,41.775522,237.513945
228.570804,40.751350,240.613258
83.620637,239.043143,20.033029
83.896107,233.037636,18.469420
83.930025,226.866139,17.329905
81.709881,220.155139,15.392833
79.676100,210.400755,12.772185
77.702402,198.618994,12.363123
74.428747,182.198063,10.771567
67.439007,165.378508,7.283340
63.593762,148.689933,7.711962
63.401239,136.916265,7.536292
62.177045,125.574061,6.507370
60.311467,115.423600,5.532244
53.830920,98.632983,4.894240
49.540909,84.041402,5.080272
44.922686,68.364668,4.594660
37.868484,52.985393,4.331892
35.395083,40.591226,4.608950
34.308211,28.667005,3.518862
32.077772,20.819775,4.068531
32.660902,13.989597,4.629175
32.924952,9.426726,5.829409
35.612723,7.149144,7.891570
41.004743,5.886922,13.626235
46.457646,5.191896,21.479141
53.416143,4.806287,28.155302
61.988919,4.935668,39.581757
79.754186,6.091310,57.191588
94.909717,7.011175,73.323787
105.003352,9.234440,88.595163
122.385479,14.018603,107.901952
136.268250,17.830736,127.872544
145.575766,19.093544,144.464970
161.681334,19.983774,165.221657
174.488130,23.737429,181.139404
187.963365,27.633585,198.069103
198.455370,29.182738,211.405676
211.424192,34.330006,224.325466
217.450153,34.679166,234.328283
221.932844,34.415958,240.157561
225.185851,32.781372,243.455701
75.972837,239.844649,15.107815
74.855639,233.058800,13.780149
71.808699,227.337328,13.429598
70.945472,218.514501,12.592936
67.593308,209.194955,8.331526
63.084373,198.997120,8.631613
59.040080,182.490924,8.036535
54.038063,165.649637,6.641231
53.359442,154.520475,6.024387
51.601262,142.818071,6.105336
48.873941,128.135068,5.127840
44.609094,117.955183,5.402880
40.140111,97.321625,4.837533
37.187256,84.953756,4.819352
33.922125,65.969329,4.813672
29.167025,52.202869,4.202096
26.251050,40.979069,3.856048
25.491545,30.113472,4.400731
23.412823,21.316013,4.422856
22.769172,14.055993,5.193023
24.748153,8.933445,7.409174
26.290145,7.327718,10.275536
29.903934,6.283102,15.169615
36.729181,4.795449,21.513199
45.802400,4.633331,31.418142
52.943457,4.803960,41.792083
66.338882,6.706963,61.732414
82.515728,7.084594,76.269232
95.485440,9.160733,90.943798
109.301147,13.276009,110.939912
124.083891,15.739131,127.520603
141.623601,19.543195,147.971698
151.857899,21.701052,163.620965
164.511455,23.043894,182.566005
177.211119,23.861580,198.756097
191.419370,27.378582,213.521020
197.522600,26.609143,224.138935
208.462370,31.058415,236.817430
213.431289,32.373959,241.152161
216.533657,33.400684,244.804909
66.289697,240.311728,11.971832
64.195331,233.339467,10.459389
60.971160,226.432893,9.346769
58.829793,219.094736,9.713424
56.884338,209.074380,8.056879
52.942572,201.124794,7.541748
47.191071,184.217018,6.179585
45.174955,166.853420,5.305666
40.690126,155.113932,4.078057
38.469376,146.116330,4.387562
34.416911,133.422970,3.866622
32.813455,118.112267,4.351815
30.851620,101.883235,4.187852
29.495897,88.488668,4.116898
25.501979,69.856890,3.702643
22.132562,53.348549,4.034013
19.939801,42.240466,4.272304
18.131842,30.201672,5.029165
17.145491,23.545927,5.376935
17.037982,15.088241,6.255389
15.493039,8.901924,9.343807
20.525103,7.581135,12.735380
23.602724,6.967527,18.918262
28.627931,5.419197,25.037764
34.742534,5.037836,33.617272
46.054263,4.775310,48.786385
57.177182,5.518879,66.112704
67.830913,7.254846,80.691343
79.969974,8.408943,96.049471
94.758684,10.970675,110.648523
112.384532,13.722944,129.149684
131.244208,18.476235,151.718145
140.124937,19.193387,164.803014
155.256854,19.991284,183.040184
165.156767,21.108938,199.182422
177.386441,22.232613,212.789635
189.185577,22.654926,226.993444
196.532284,25.495631,236.979786
200.785593,25.495231,241.684568
204.006955,27.788654,245.697324
57.298931,241.381989,9.824949
56.545697,234.172529,9.114701
54.767358,226.901516,8.397238
50.333311,218.495833,7.296284
45.930778,208.926864,6.391205
41.841342,197.857297,5.985261
38.408469,185.764766,5.020158
33.057433,167.929494,3.868847
29.768129,157.872831,3.566660
27.899736,146.956021,3.194699
25.422435,138.681476,3.308662
25.481735,125.299838,3.758244
23.436208,107.435270,4.088685
22.647525,90.770160,3.999796
17.781424,71.960839,3.606440
15.819077,58.417854,4.379042
15.659045,45.195120,5.745749
14.786733,34.581767,6.237151
13.783496,25.422744,7.502358
12.399265,19.175061,10.122596
13.722662,12.733848,12.874962
16.444708,9.329722,16.952361
18.067474,7.417314,24.211914
21.258956,6.473403,32.005513
26.810185,6.105636,41.497685
34.593379,5.937008,53.473899
48.053084,5.768373,69.146672
61.115993,7.684235,83.696222
70.667868,8.209492,94.560847
84.834911,10.089514,111.127528
99.937575,12.225760,129.535039
121.477463,16.503357,153.881040
131.322957,17.985838,167.617147
144.261325,18.336762,184.307942
154.676117,18.991952,200.090326
164.648725,22.099374,215.072563
174.770852,23.485091,226.577143
183.656241,23.511355,237.301873
187.112353,24.550985,243.478563
189.541736,25.205780,246.938978
44.910962,240.566726,7.003103
44.147398,233.309537,7.217918
42.428269,226.288740,6.779021
41.625895,218.385937,6.449458
38.170552,211.337659,5.868530
32.812600,198.054469,4.937008
28.062013,185.054682,4.517207
23.643658,172.601541,3.703054
23.999553,160.428220,2.950867
21.437208,149.606423,3.442275
20.444206,139.827880,3.604251
18.129355,129.794546,4.757668
17.053453,115.138697,4.769980
14.428627,96.472544,4.961374
12.406804,78.631747,5.793112
12.853068,62.074905,6.169088
12.505983,51.357673,7.887609
12.780948,39.534142,10.290561
11.941318,29.150224,12.904114
10.773533,24.098864,14.479905
11.647072,17.396684,18.516300
12.879615,11.587983,24.398523
15.358883,8.747881,30.433226
18.853092,7.335905,39.422141
22.799503,6.371857,47.251981
30.608692,5.853337,59.067063
38.379085,6.391423,72.280031
50.546868,7.413610,87.401210
59.618635,8.079332,99.099421
73.911458,9.804819,117.216316
89.372351,10.800888,133.384743
103.172602,12.437978,151.580934
121.684021,16.294568,170.884742
134.781984,18.060508,191.790014
143.764969,18.830038,202.713610
152.242432,21.127553,212.590965
162.242137,22.068882,227.046069
167.512818,23.956558,237.164458
171.601859,24.616227,244.293208
172.890652,24.496068,246.944010
37.045862,242.075066,5.629816
34.528609,234.973479,5.362591
33.232164,227.982123,5.157920
31.316769,219.677383,5.394358
28.007018,209.452179,4.626673
23.573445,199.113108,4.067468
19.924532,187.681093,3.293449
16.617211,175.277929,2.808491
16.545641,168.041397,3.598509
14.975971,157.337729,4.433445
14.419474,144.255414,5.622357
13.627914,133.270190,5.713297
11.242556,118.883797,5.426220
10.266564,104.307600,6.985596
10.572820,85.018008,8.242531
10.016156,71.518979,9.802996
10.639096,55.959307,12.497071
10.462950,44.973831,15.891000
10.464151,33.631082,18.896438
9.840724,29.398438,21.226851
11.264723,20.865142,25.935483
11.813808,14.963441,31.300249
12.793881,11.622345,36.905856
17.101434,9.083595,46.192784
18.992603,7.755940,54.869846
24.977307,6.498374,67.281904
31.171812,7.140702,80.957896
41.565973,8.023150,94.705918
49.085290,8.123414,105.310766
61.165005,9.379944,120.592084
74.402060,10.830036,138.277868
89.964722,12.193343,157.571849
102.881415,15.085806,176.069003
120.838323,15.408246,192.227169
129.855015,17.806522,203.709689
135.918098,18.639548,217.761696
141.861945,20.249943,227.135174
152.932703,21.340027,237.124595
157.483567,23.636954,243.160936
158.947419,23.690299,247.240674
27.332064,243.192026,4.337743
25.945498,237.372401,3.953766
24.727832,229.891191,3.901644
22.248662,221.226349,3.744505
20.841064,212.961561,3.797111
17.611939,199.308109,3.764061
15.834651,189.148818,3.628081
13.293285,178.797197,3.473648
12.938707,170.665089,4.458039
11.070897,160.913712,5.036047
9.804309,148.892514,5.938959
8.277837,137.822977,7.750459
8.080564,123.620917,8.636019
8.705145,112.349302,10.610723
9.659829,95.561608,12.167602
8.296305,76.068045,14.106534
9.098013,63.904525,19.315247
9.604943,52.725206,22.743014
10.121021,41.569027,26.320027
9.461682,34.062455,26.593430
10.225061,26.515316,32.345707
10.851099,20.614697,39.220116
13.092234,16.955942,46.182967
13.626559,11.141019,55.387092
14.453180,8.713192,64.364208
18.425038,7.651055,73.552690
26.987801,7.459520,88.677161
33.839099,8.067151,99.760731
40.644249,8.751571,108.038361
51.829934,9.670324,124.521392
64.718480,10.421101,143.445956
78.821637,11.196942,161.245079
95.854072,14.987798,180.733128
103.621708,14.348467,193.548927
116.590207,15.281457,208.006701
126.120072,16.793152,219.602859
132.140901,18.121476,227.741944
138.976091,19.674156,238.233148
143.289340,21.055388,242.945772
145.972202,22.721809,246.720659
20.035088,243.831800,3.935900
19.094545,239.230778,3.841480
18.410384,232.155100,3.356330
16.007416,223.523694,3.646873
14.985101,216.700691,3.799903
12.469038,200.821861,3.696595
10.637787,192.320415,3.487124
9.063536,181.583338,4.421243
7.842860,175.917971,5.885036
6.532243,165.250647,6.849195
5.879052,154.501254,7.984257
5.833072,143.480355,9.137619
6.484151,131.865515,13.051025
6.966353,117.976232,15.447617
7.977101,108.047091,20.080148
7.854554,90.296368,24.989417
8.054289,70.941988,25.760014
9.639041,60.905923,30.719957
10.599933,49.858835,33.177020
10.230219,44.358777,36.498149
10.485562,33.774489,42.253991
10.829091,27.715212,48.406115
11.067778,21.288189,57.202839
11.625321,16.000313,65.641500
12.460759,11.525460,72.986657
14.929820,10.130386,85.016037
21.016756,9.468549,96.529255
26.568169,9.512868,104.870245
33.262724,9.219165,119.028410
41.731253,9.072683,129.791550
53.890319,9.180342,148.700975
65.784703,10.471934,167.380733
81.044143,11.817085,184.719496
94.887574,12.071411,196.454528
108.328438,13.282349,207.683472
114.358602,15.325472,217.969840
124.684534,17.684167,230.926315
128.196909,18.404617,240.055565
131.470240,19.818238,243.813076
133.447362,20.339207,246.451191
13.650812,246.883747,2.825413
12.988388,243.438308,2.439337
12.650374,236.635102,2.522844
12.145291,228.480862,2.823114
11.044467,220.016657,3.137078
9.064230,205.890177,2.974724
8.096175,196.267381,4.133111
7.095841,184.381517,5.064537
6.031454,177.769331,6.918660
5.325935,170.661441,8.495342
4.558857,159.772368,9.914314
4.855067,147.404646,12.666557
7.360550,135.979159,19.650382
8.364582,126.580346,22.430562
8.191082,115.187131,27.522663
9.398262,98.912027,34.510990
11.070217,84.816499,36.382299
11.424052,69.327216,38.265287
10.856596,59.052282,43.587326
11.660753,53.011198,48.410397
11.299663,45.939381,54.402849
11.212587,36.568709,60.937340
11.699531,26.559041,66.012316
10.840146,20.841003,74.228969
11.246824,17.992463,84.835336
13.218141,12.608748,93.488775
17.003877,10.944503,102.909062
20.507340,10.130702,112.210882
27.374628,8.985008,125.058680
35.029785,9.648132,137.996023
44.919145,9.172124,153.237313
57.072038,9.357335,169.236379
66.599228,9.675320,183.199245
79.889457,11.042996,194.188745
95.280450,12.710502,206.948494
104.469905,13.687852,221.141229
111.813293,15.828538,232.785790
117.147567,17.041386,240.409868
121.498196,17.184221,244.134211
122.078540,17.304568,246.628817
10.216869,247.059928,1.787562
9.244253,244.729317,1.684415
8.527822,241.172600,2.137696
7.270275,232.121675,2.090782
7.400785,225.339500,2.650712
6.705171,212.959420,4.142594
5.971115,201.027446,4.785416
4.836370,190.562106,6.494412
4.837145,179.663753,8.302027
4.260058,173.824745,10.087401
4.042638,165.784226,12.104214
4.977351,154.287577,19.324424
6.857582,143.111810,23.894153
8.099307,133.103338,32.834946
9.621787,123.158146,37.033018
12.464653,112.478229,43.405021
13.734068,102.860355,50.983898
13.793193,86.556706,55.274123
12.851921,69.656636,56.383226
12.672754,63.091914,57.944081
11.633098,52.418145,63.877717
12.075268,46.170526,71.380397
12.446662,36.840260,80.212459
11.385417,30.229544,87.617849
11.556271,26.544098,98.662468
13.326522,20.739774,103.318819
14.238591,14.974725,111.672530
16.621470,11.108651,119.607884
21.462943,10.060663,132.247633
30.038319,9.060084,144.605285
38.163661,8.126798,158.531327
47.194515,8.759426,171.227624
58.192953,8.797834,183.673957
70.781553,11.110231,195.203847
81.231592,11.940739,210.675592
92.226883,13.600027,223.891178
98.832296,14.271686,232.023757
106.455929,15.370676,240.203712
108.296081,16.144610,243.824008
109.504674,17.170334,247.048116
5.711615,248.696065,1.148980
5.402428,246.726554,1.272853
4.636582,243.536425,1.763048
4.791114,236.838651,2.103449
4.528666,232.273931,2.635481
4.226139,222.147864,5.135678
3.337722,206.133605,6.594190
3.296104,197.399114,8.797146
2.853475,187.438074,11.406576
2.435309,178.707940,13.705891
3.432405,171.183707,20.808659
5.383509,161.726551,26.836857
8.078956,150.914259,33.317275
9.843824,137.777944,41.235505
12.845010,131.142815,46.871943
13.513611,122.836301,52.755424
13.950451,108.846863,58.468569
15.360147,98.847128,66.174721
15.595946,85.204992,69.576325
15.718500,76.306168,73.411008
15.903677,64.308697,77.793702
14.109764,56.577919,83.378600
14.679567,48.645257,92.491374
12.082495,38.028981,100.196140
12.026698,31.975240,105.248632
12.361783,26.193438,114.269195
12.523868,21.262001,119.098698
14.299715,16.038859,132.065343
17.796704,12.669238,141.514062
24.183617,11.047251,152.240051
31.616502,10.760071,164.302030
39.741066,9.332604,175.066961
52.565262,9.546364,187.333879
59.431758,9.564745,196.217125
71.000842,10.778679,212.531918
79.925087,11.940842,223.828180
89.588513,12.759129,233.444953
92.301621,13.609216,240.053004
95.923230,14.433304,245.051077
97.782826,15.193085,247.870495
3.401311,250.649074,1.114508
3.201288,248.435696,1.353448
3.334037,245.582923,2.012902
3.041151,241.426471,2.130163
2.726089,233.871751,4.561252
2.288988,227.707223,6.782711
2.207894,217.058273,9.592913
1.920574,202.952586,13.907926
2.091171,196.482123,17.237785
2.860173,186.341980,22.258821
4.235649,178.269306,28.054370
7.557844,168.920261,36.975651
10.167504,159.542020,46.525578
13.749249,149.366018,54.052435
14.562066,141.065891,60.669287
14.527437,134.857512,64.535393
16.981417,122.843066,71.775313
17.118632,107.565728,75.667349
18.875206,99.963081,82.058178
18.767585,89.462187,85.786954
18.485660,77.893823,93.909457
17.641886,71.456096,97.745977
14.936134,59.049169,102.849332
14.472369,50.077033,110.723157
12.842388,41.229434,116.225665
12.435810,33.111236,122.446663
12.905023,27.141673,131.992825
13.652770,22.567018,142.360600
15.948995,18.896018,149.722233
19.359845,14.875904,157.196586
26.895289,12.275121,167.873413
34.910307,10.483320,180.106181
43.575117,9.767685,189.087422
51.873042,11.110667,201.254208
63.774868,10.441080,214.004260
72.693648,10.526424,225.780790
78.968651,11.204326,234.924181
83.839437,12.262189,242.099337
85.435348,11.766386,245.134278
88.452396,13.146237,248.081622
2.304379,252.133820,1.390561
2.053192,250.423032,1.606803
2.005272,248.498800,1.955950
1.949381,244.416602,3.926299
1.468269,239.195364,5.257512
1.516337,231.745993,9.036000
1.322539,224.426526,14.050840
1.766619,215.398849,18.745793
2.115503,204.007971,22.430991
4.464360,196.327324,32.750718
5.972104,188.178803,42.577296
8.557899,179.914651,51.819697
13.040579,165.567500,63.373273
16.589648,161.110182,69.575259
18.242452,151.283636,73.782731
21.127635,143.811373,83.838633
21.896503,138.511390,89.602035
23.250609,128.336257,93.146346
21.520084,114.191819,96.773316
21.712054,104.512263,102.566572
20.403781,94.772946,110.168985
20.680812,85.863781,115.157605
18.323735,75.290827,118.365038
17.370137,63.981390,125.457654
14.798504,54.069324,128.848379
15.141289,45.222481,138.580924
13.130278,37.018737,145.184917
13.962624,29.384538,152.890202
14.729519,24.876659,158.409516
17.582814,20.351852,167.198514
22.330178,16.309257,175.318915
28.857191,12.854618,184.895564
34.774865,12.428363,193.403021
44.383671,10.879684,203.637171
56.874552,11.092900,218.428880
62.711497,9.962189,228.623786
69.708359,9.384257,236.488264
75.604370,9.957828,242.625877
76.994291,9.353482,245.692406
79.760463,9.542547,248.442856
1.194459,253.088133,1.405175
1.098455,251.414980,1.740448
1.294218,249.541932,2.924229
1.214443,246.578942,5.240888
1.107920,242.412678,9.256725
1.120283,236.766814,14.935414
1.429090,230.076379,19.762542
1.924231,222.245928,27.607481
4.055026,216.743815,37.299187
4.617265,207.143121,44.335080
7.819871,196.761811,56.410853
9.428071,189.799033,64.525820
14.729528,179.621336,77.271530
18.326323,170.859103,82.856649
23.337438,163.515638,91.437731
25.353788,155.622922,99.528087
26.593079,153.763809,108.430797
28.886521,145.253030,112.047399
25.663355,133.806672,118.587342
24.440037,122.162120,124.229237
23.365212,115.094827,127.714561
22.219254,102.185834,129.431037
21.379072,87.665256,133.193208
19.649906,78.321326,138.280851
18.639500,66.559014,145.877890
17.060664,56.820900,153.556520
14.455085,47.114127,156.614256
14.035076,39.743600,165.217702
13.462928,33.456474,166.479137
16.651941,27.069907,176.755068
18.409965,22.000212,185.187087
24.611827,18.807657,190.965523
30.045788,15.472679,196.756119
38.316390,12.240938,206.793529
49.768667,11.222889,221.735666
54.942564,9.521392,230.797801
61.462796,9.475427,237.501167
66.331219,8.734963,244.176918
65.605862,8.247442,246.407594
65.295775,7.451596,249.052433
0.501536,254.069109,1.501464
0.808860,253.062080,2.745943
0.867778,250.751862,5.194252
0.944697,248.251897,7.978943
0.945466,244.086871,13.593096
1.189837,239.096185,18.086509
1.606894,235.835991,23.536824
3.641982,229.154377,38.892897
4.595082,223.550021,47.144775
6.218556,215.937745,59.150278
9.069658,207.700504,73.894490
12.158431,202.239152,83.892418
16.989095,194.913455,95.737039
20.698031,188.328962,104.978615
25.834958,180.166446,110.577977
28.249040,172.526673,121.843963
30.807033,166.305882,124.676930
31.574448,161.370473,131.175966
31.133755,151.963474,137.249320
29.860507,141.208338,141.414634
32.567713,130.976614,147.746416
31.775232,121.927684,154.167021
30.520067,108.784352,154.817465
27.309224,95.136285,159.399454
25.073220,83.769005,164.026418
19.220041,68.629150,164.693908
16.892391,57.337313,169.301516
15.601699,49.844639,175.686575
14.897441,41.625473,181.911184
15.285002,34.968163,187.075287
17.439522,28.746881,191.500599
20.282034,25.502922,196.097781
25.136230,20.245552,202.361280
33.386809,17.915538,212.046063
42.358630,11.738002,224.424636
46.506231,9.178375,234.440906
47.956549,7.331292,241.633393
50.436939,6.020031,245.013338
51.909067,5.665580,246.811204
53.015036,5.212737,248.918968
0.636603,253.939356,3.391321
0.660296,253.484158,4.778543
0.785090,252.292855,7.612558
1.071356,249.890897,11.835794
1.297667,246.833641,16.863110
1.721924,241.743751,23.076869
1.657927,237.392014,32.597901
4.362001,231.804109,48.778591
5.601947,229.026722,62.854362
9.628712,225.530806,76.246373
11.335961,216.804816,92.786473
13.190626,213.353585,100.545284
20.822906,205.209895,111.986387
25.166238,197.996534,118.527899
28.156559,191.032114,127.668631
33.797500,187.006629,137.179384
36.060275,182.322350,145.744608
40.325901,178.403727,154.921838
39.029656,171.544353,157.790165
40.854281,165.173431,169.309582
41.803125,151.312458,167.898299
43.029697,140.307498,170.867295
36.905558,123.618782,170.556016
34.279372,114.712030,176.318544
27.672992,100.480038,179.452158
27.747671,88.462074,185.586028
19.794042,72.055053,184.804744
19.150479,62.624664,192.859489
16.382530,52.761285,193.676168
15.538205,44.628780,196.457136
16.533652,38.948361,198.577772
19.225085,32.672045,204.983129
22.702753,28.078207,209.731803
30.585778,22.268284,220.613301
33.229797,15.269519,229.901828
38.986239,10.347749,237.972325
41.601049,7.024996,242.592750
43.404306,6.008049,246.849272
44.218743,5.176442,247.752429
44.544796,4.580978,249.229231
0.752547,253.696117,6.085674
0.882405,253.695395,8.384950
0.967571,252.718469,11.072616
1.815842,251.191495,19.784944
2.031473,249.736863,25.500912
2.810047,246.432792,35.085622
3.867767,242.812759,49.836973
4.986715,237.867624,63.335114
8.337980,234.266096,79.389138
10.545614,231.229220,93.921476
11.725250,224.259060,103.271221
16.416319,220.305396,112.644046
22.857380,213.496175,123.887306
27.604025,208.705032,135.924133
28.022769,205.188484,144.973891
36.687644,199.697057,157.071111
43.930521,199.030335,167.447128
45.648392,193.949435,174.507743
50.514773,188.636992,183.648784
50.702535,185.381387,190.645870
48.582421,176.468095,191.480060
48.703402,165.781446,196.917384
49.212956,153.681988,199.563693
45.305384,136.871781,199.978087
35.594583,121.629005,202.831204
30.652584,108.450640,203.591534
26.611450,91.872036,205.517426
19.320395,78.100187,207.520244
18.951304,68.930575,207.955873
15.782554,56.947110,206.378629
14.656128,49.960814,211.097828
16.309437,44.749625,214.829427
19.215072,38.080118,220.306117
21.512195,26.489456,228.520962
25.788428,19.574745,234.882867
30.953476,11.269729,241.088977
33.804609,8.048059,245.569192
35.644758,5.751546,246.883941
33.923716,4.630947,248.897312
33.332154,4.175268,250.179697
1.008803,254.007615,9.837896
1.008316,253.662217,12.761043
1.790916,253.040591,20.263731
2.282404,251.973566,26.255148
2.756666,250.967752,37.053245
3.792447,248.905385,47.510961
4.705055,246.641111,63.508246
7.452853,242.339574,79.189537
8.485423,239.293147,90.866237
11.426901,235.789669,103.832294
13.664140,233.787468,114.513851
16.026453,228.606266,128.167300
20.703553,226.738568,142.058787
26.250763,221.813992,156.043819
29.791301,217.972154,165.750222
40.552052,213.844915,174.083169
45.496826,210.861814,180.755717
54.008902,205.644100,187.012818
63.174552,200.515981,197.304731
61.594028,196.336185,203.144310
59.226160,187.818583,208.512122
59.409812,181.319638,216.845884
55.328255,168.337288,218.259122
49.614066,155.637195,222.342958
41.960719,141.762258,221.286449
33.595288,123.903219,218.381800
27.820317,104.582968,220.501074
20.065601,91.404625,219.069632
18.515638,81.351722,219.064536
16.456006,71.738261,218.545741
13.288549,58.870933,219.346406
13.807240,50.961192,224.804313
13.306268,42.153179,228.990081
15.621413,33.141307,235.348763
17.264057,22.435996,239.636536
21.729935,14.966766,244.902846
23.893792,6.797184,247.207124
23.719953,4.580743,248.491243
22.834282,3.121875,249.608839
24.036447,3.342831,250.185199
1.493498,253.928998,16.011915
1.720805,253.913208,20.054871
2.319771,253.239231,28.100335
2.900559,252.369104,39.170172
3.333139,251.736155,45.792372
4.249498,250.657954,59.306268
6.221216,248.336247,76.833982
7.660759,246.476788,88.450319
8.594238,243.656577,102.684809
11.051344,240.424353,115.140752
16.737334,239.613648,129.438728
16.813664,236.562864,141.678172
20.925892,232.980234,155.133363
25.340112,230.663542,170.301336
30.324026,227.868492,181.452865
40.858603,225.111462,188.287031
53.746169,221.549073,195.290766
61.966658,215.842030,200.200382
68.019504,210.551108,207.960580
69.710016,205.767672,218.178373
71.058411,199.595241,222.317176
69.247057,188.354379,227.359333
62.449635,179.546296,231.102919
53.358264,166.719154,232.522353
44.234162,152.882328,233.147518
38.079994,138.851536,233.621623
32.818551,125.443627,233.786994
21.819089,104.747831,228.176163
19.336110,93.332998,228.415803
16.274566,80.051503,228.136738
13.672477,70.134787,230.115885
11.606269,56.762777,233.151210
11.151202,47.203062,237.299809
11.572086,36.033089,240.455365
12.508047,26.374828,244.652047
12.271304,15.851415,246.766923
12.610315,8.943541,248.549132
14.529345,4.588836,248.882625
15.882454,2.640782,249.677450
15.878331,2.343055,249.850588
1.858783,253.985697,22.767170
2.224838,253.981165,29.648408
2.963450,253.584303,37.882913
3.723575,253.283347,47.773824
4.322493,252.385781,58.311664
5.199144,251.143228,71.667690
6.061465,249.887178,85.280043
7.063411,248.485941,96.281641
9.021934,246.760366,111.495793
10.402363,244.294522,125.280204
15.935274,243.388754,138.907532
17.075451,241.141516,149.454820
15.742328,240.191959,170.718554
23.560063,237.928496,187.253332
32.470969,235.233636,195.729277
40.631817,232.018319,204.165367
51.921840,229.787514,207.899789
61.974107,224.788491,210.217772
73.308964,218.257621,219.140508
76.231600,210.420861,225.572330
72.817715,204.667336,229.674178
67.711311,194.294918,234.311188
63.548544,183.293190,236.362649
52.505537,173.763304,238.784950
47.358049,160.247608,240.127502
41.182734,147.097647,241.721671
33.560379,135.608208,240.607536
25.738273,121.832579,238.845548
20.132405,103.574737,236.069550
16.277757,88.790862,237.249924
12.469663,76.338793,237.760486
9.990377,62.999392,239.451561
8.575586,48.905295,241.507983
7.905740,36.376669,245.111151
7.133015,26.115636,246.952813
6.693838,16.202455,248.026740
7.799869,8.489728,249.028211
7.721756,5.511516,249.473430
8.082156,3.320178,250.059158
8.344972,2.034727,249.897929
2.114656,254.059405,30.558302
3.362655,254.029249,38.971354
3.874808,253.898769,47.925949
4.174121,253.368562,56.281934
5.219075,253.126634,67.100971
5.950593,252.447147,80.748607
7.049217,251.313788,93.551647
7.201529,250.626963,105.833968
8.588670,248.830443,116.475154
9.955368,246.939645,131.160204
14.132820,246.277288,144.903708
15.452934,245.416504,165.065218
17.791056,243.478072,182.095498
21.730807,242.723967,196.043649
27.734636,242.232090,208.188483
40.160558,238.252306,215.887802
49.450085,236.224542,218.365937
59.993948,233.417785,222.500064
76.030258,223.894707,227.245182
82.988830,216.374515,232.586250
76.249425,208.662090,233.433720
68.534414,198.541678,236.683792
60.399164,186.684482,241.587016
53.000283,178.002545,244.853559
42.969072,166.914767,246.155876
39.742115,154.520012,245.055136
32.974521,141.171254,244.407266
24.183344,126.405634,242.903095
20.198862,112.946874,242.983055
14.051694,97.463499,243.686617
11.036775,82.766193,243.629987
8.095269,66.126146,245.083917
6.317094,49.480098,247.130307
5.730131,39.693021,247.760236
5.074994,25.749750,248.791439
4.494009,17.718745,249.366080
4.409604,9.958426,249.589872
4.542426,4.909296,249.779083
3.930551,2.754525,249.781542
4.062857,1.280272,249.813507
2.659345,254.050150,38.286774
4.011540,253.885742,46.181636
5.169141,253.856321,56.492005
5.157571,253.753131,63.968412
5.871609,253.224001,76.300585
7.858608,253.081284,88.205573
8.368233,252.501614,101.474321
8.177156,251.792525,113.327113
8.847254,249.832298,123.672589
9.539626,249.101404,136.709641
11.287294,248.148786,150.055115
14.732711,247.452301,172.862109
16.711356,246.560619,188.197797
21.090855,245.564082,204.638980
25.623427,244.832793,214.833214
37.690699,241.369601,222.367027
46.528036,240.292352,224.353464
56.806190,237.581023,226.161909
70.183265,230.428202,231.452641
76.454250,222.098608,235.636846
73.334408,213.196782,239.728491
65.890875,201.729132,242.909095
56.737750,191.554374,246.288659
50.181601,180.904754,247.157282
41.243035,171.817376,248.147081
35.585392,160.055606,248.103442
26.453486,143.336417,247.166099
22.687898,129.916519,246.468513
17.361201,114.154517,246.271542
13.236010,102.451000,247.607518
9.796410,87.374685,248.090717
7.033328,65.697878,247.922576
5.807211,54.582311,249.824703
4.422197,39.584047,249.641816
3.484464,26.244418,250.130883
3.401790,17.894829,250.283397
2.551143,10.370247,250.519473
2.376973,5.040431,250.097809
2.078288,2.776303,249.960568
2.082370,1.304375,249.257221
2.860454,254.100937,43.423518
4.322894,254.195054,51.875036
5.597084,253.893965,63.413463
5.622555,253.681210,71.880602
6.966963,253.553741,84.300723
8.507594,253.010853,96.078139
9.486697,252.701991,107.106794
8.879763,252.511304,116.803382
8.885106,251.626327,129.112681
10.168337,250.479454,142.760356
10.182889,250.228861,158.756465
13.333670,249.187725,176.015635
15.587848,247.989163,193.878229
19.266087,246.888221,208.726270
22.547823,245.986949,222.395040
32.157067,243.888567,225.157516
43.747953,241.004704,226.893516
51.950491,238.727635,229.181133
62.886500,231.873390,234.966646
67.759665,224.514006,238.203105
67.272267,215.668692,242.374847
59.501188,206.293203,246.299528
52.947165,195.412291,247.506118
47.178403,183.540520,248.798762
38.040719,175.422932,249.572767
29.870274,162.693311,249.678299
24.738836,146.721135,248.958688
21.129284,131.826933,248.520793
15.777313,115.180143,248.811069
10.432288,103.287086,249.513119
8.169352,86.888826,250.214237
6.568927,67.218779,250.795068
4.863530,55.491081,251.310288
3.606910,39.581724,250.646988
2.988677,26.901490,250.585983
2.230530,17.087737,250.612989
1.678501,10.507527,250.289212
1.298621,5.086736,250.085463
0.955254,2.777799,249.998934
0.826388,1.142698,250.815219
