1600
3
234.202176,153.174784,243.135389
233.749669,141.320534,236.188095
233.369157,130.518786,229.970924
238.367541,117.073477,217.886672
241.639698,101.896782,204.727962
242.772784,89.926278,190.641324
245.432101,69.682824,175.110987
248.140350,55.637513,160.949376
248.657022,44.750695,148.867207
250.537923,36.675837,132.291632
251.615788,26.568322,119.818210
251.542927,19.079315,105.943518
251.727423,12.336892,91.274222
252.037294,6.242079,77.622846
252.784439,5.405441,62.628833
253.273393,4.531896,52.402432
253.598999,3.058224,41.620220
253.848401,1.941981,30.266640
254.226379,1.174607,19.338621
254.392166,0.529852,8.990782
254.498098,0.373076,3.343605
254.732377,0.318313,0.895795
254.881728,0.254535,0.169727
254.784189,1.465530,0.158112
254.745010,4.562504,0.193891
254.711921,10.810583,0.380367
254.663240,23.193916,1.459999
254.582729,36.746721,2.431956
254.506773,51.111089,3.268600
254.400101,64.358940,3.672316
253.969830,80.709717,4.375666
253.726170,93.479893,4.682351
253.700373,104.983426,4.792033
253.621515,119.986816,4.892764
253.096645,133.508119,5.275747
252.869065,144.738825,4.776177
252.185288,157.692213,4.408771
252.560014,168.378938,5.078648
253.128798,178.952883,5.876547
253.684143,188.411860,7.258471
231.016304,136.709837,245.010675
233.466227,131.118269,238.354416
233.945815,123.548837,231.602261
237.380304,110.012533,220.363135
241.521126,97.670197,208.190199
244.165074,79.585697,192.316380
245.872169,62.713743,176.608900
247.879309,52.168388,162.185509
248.546525,39.380373,149.608820
249.109927,32.924183,135.031679
249.645104,23.294726,121.167033
249.973753,17.501389,109.313438
250.741281,10.268127,94.187403
251.039038,6.059621,81.177922
251.488523,4.801652,67.127741
251.716037,3.982590,54.227692
252.096397,2.920996,41.840957
252.498134,1.611771,29.538065
252.935161,1.247015,19.462433
253.398588,0.597843,8.606244
253.603119,0.406506,3.267344
254.037630,0.358284,0.909139
254.227280,0.540062,0.334551
254.328065,1.931651,0.140631
254.273001,5.004339,0.194398
254.223041,12.590515,0.847771
254.014168,24.849106,1.997820
253.962570,37.291478,3.041119
253.773431,52.636679,4.522563
253.455800,64.781955,5.075401
253.305152,81.481844,7.094854
253.220797,95.082924,6.811987
253.301291,107.075858,6.514159
253.107830,120.898393,6.961332
252.949806,136.686416,7.053972
252.579396,149.083482,5.922509
252.455081,163.973330,5.418201
252.476700,176.681715,4.478125
253.210144,190.126334,5.699103
253.809216,200.668369,7.163793
230.690199,117.685484,247.730421
233.550744,114.765145,242.475758
236.360006,107.160515,234.447087
239.345621,94.598651,225.288076
242.993825,83.429536,214.005398
244.066205,62.684791,195.694140
246.319153,50.985903,179.763123
247.152726,40.900322,164.069848
247.173972,33.640301,150.925977
247.364303,28.301058,140.063982
247.597433,19.575795,124.014432
248.250334,15.077505,113.084893
249.087458,7.558369,97.651285
249.004114,5.529299,85.282042
249.117334,4.811088,70.477217
248.221068,4.479164,54.788898
247.934604,3.190522,43.552756
248.445716,2.132130,29.449602
249.197304,1.414790,18.410503
249.980400,0.695309,8.368422
250.611461,0.461280,3.029066
251.328050,0.463842,1.045219
251.643428,0.866541,0.393699
252.457202,2.586468,0.209040
253.006491,5.970291,0.498941
252.838398,13.650503,1.376175
252.560746,25.793992,2.605566
251.773376,38.778585,4.681099
251.493205,53.088130,6.251941
252.177645,66.698756,8.491181
252.007273,82.955013,9.744999
252.087175,95.391081,10.379139
252.670033,109.810947,11.256133
252.742345,124.663021,12.049697
252.881925,142.279380,10.857068
252.992180,156.156477,8.887119
252.770132,172.641536,7.661406
252.987899,193.921278,7.092365
253.259030,207.010781,7.007543
253.190967,219.159445,7.509410
232.380391,99.258212,249.354556
235.565695,92.573799,246.025112
238.079432,85.938484,238.641271
240.935031,76.976636,230.294249
243.950605,64.314676,217.317025
244.527825,45.271866,203.578008
246.207875,38.073737,186.876972
244.455090,31.023344,168.667755
245.757221,25.395321,157.212217
245.613142,20.014825,143.336770
245.669090,14.801335,129.585770
244.683605,10.932336,116.212285
244.479908,6.975093,102.184907
244.862801,5.656505,89.143508
244.248791,5.596829,72.386118
242.116272,4.686546,53.992740
241.144224,3.044889,40.604682
240.792192,2.224419,28.186516
241.941757,1.797792,18.707678
243.266177,0.939327,8.958226
245.086767,0.790174,3.149177
246.007063,0.847975,1.024492
246.886455,1.263735,0.478622
247.604875,2.981210,0.362796
248.275577,7.244493,0.668282
248.607958,16.394879,2.239088
248.706267,29.011350,4.196326
248.472883,42.192920,6.550676
248.507236,57.154841,9.945815
248.288223,69.887462,12.753049
248.836668,85.222839,14.612832
250.248061,100.507594,18.055114
250.842987,115.393742,19.457404
251.840740,133.791799,20.013109
252.549097,148.131978,18.250701
252.869393,166.931345,16.916944
252.863043,187.199113,14.434567
252.337011,210.970927,9.705798
252.200208,224.472995,7.710295
252.243969,232.384276,8.064830
233.705291,76.964881,250.466370
236.174009,70.935349,248.783990
240.059026,62.144054,244.266843
243.035299,53.683341,235.150041
244.246963,38.661609,220.791940
245.262756,31.326318,208.720039
244.626758,25.293984,192.906224
243.311698,22.631812,175.377949
242.963324,17.491395,160.948240
239.318099,14.025635,147.955725
238.038021,11.506129,134.632104
236.207096,10.165406,118.989226
235.951340,8.011638,109.041474
234.632735,7.348011,90.368185
232.789662,6.398712,72.746333
230.134240,4.942179,53.078553
231.177360,3.452914,40.352307
230.347825,2.733535,29.926593
232.533558,1.502653,17.932450
234.677919,1.006590,9.509150
236.332484,1.183514,3.533142
236.698290,1.906059,1.093863
238.015919,2.453365,0.746888
237.502282,4.767346,0.657225
238.741201,10.270424,1.035226
238.660504,20.674029,3.082886
239.369097,33.277026,5.576327
239.613587,47.494939,8.204448
240.673119,63.388463,11.676060
241.817124,75.558835,15.003346
244.457036,91.167168,21.821859
246.866805,102.549301,24.458958
247.504998,122.131959,27.784591
249.967151,140.159259,26.513562
251.397674,159.995955,25.357429
251.507775,182.275702,26.336630
251.282909,204.528697,22.622402
251.015007,224.366193,16.097788
250.968245,235.645054,13.004921
251.382020,242.803369,9.654631
233.133594,57.060203,251.379900
236.832005,47.217576,249.998541
239.662366,36.650214,245.559463
242.320552,30.444274,238.236585
243.366267,25.041762,227.633835
243.412479,19.338279,213.750790
241.355113,16.525202,199.101370
239.733515,15.573620,184.272584
235.734445,13.962672,161.566036
233.488268,12.146197,150.635281
228.778910,11.236438,136.768071
226.029060,9.644200,121.245592
222.513999,8.863749,109.867455
220.465559,8.574238,89.022563
217.200538,7.324130,73.740681
216.668905,4.048660,51.251663
215.634791,2.976773,38.290185
217.861734,1.982935,28.529997
219.638309,1.537857,19.490117
221.084548,1.544668,10.981836
221.737725,2.009869,4.338808
224.673291,2.519015,1.771993
226.413414,3.679727,1.180024
227.706974,6.584105,1.070620
226.529828,13.611764,1.569909
224.831814,25.387036,3.996633
225.983058,40.550773,7.017391
227.874779,54.518315,9.405889
230.325421,69.446012,14.290662
232.992786,80.948871,19.400152
236.392519,93.793223,26.460323
238.701273,112.168872,31.615651
242.865848,128.190962,34.116763
246.601627,146.698389,36.690548
247.992175,173.465809,40.101110
249.204126,196.450003,39.991958
249.467951,218.410258,33.194048
249.271589,231.557427,24.546717
249.286712,241.520448,18.405871
247.712581,245.795106,14.623800
231.997307,36.140845,251.548163
235.972910,29.427592,249.885848
240.051921,23.537868,247.353530
241.053030,19.306463,241.417089
240.258464,14.865021,230.240228
236.882153,13.066150,218.303658
235.796209,11.580833,203.150464
231.212341,11.256376,185.303206
223.725468,12.139568,165.660212
220.295548,12.133903,148.408238
218.152128,12.864573,138.168443
213.243906,12.286309,123.304972
210.856344,11.303500,107.763829
204.651823,8.973864,89.353797
200.747930,7.029560,70.508066
201.876349,5.524463,54.008904
204.404753,3.308815,38.391641
204.731213,2.176519,27.843029
202.600100,2.138719,17.374631
201.423328,1.650565,10.374421
203.853694,2.296122,6.291217
206.995097,3.359714,3.573188
208.897022,5.757897,1.596752
209.476180,9.972683,1.399699
210.487014,17.604036,2.242271
212.408053,30.579057,4.113481
212.972778,43.292975,6.821706
215.249446,58.659299,9.170438
219.146221,73.288338,15.147662
223.174234,87.242087,21.232079
224.123363,101.354251,28.702612
229.165392,116.670680,34.450164
235.064400,133.171615,41.334762
238.797469,160.082758,50.913236
242.865688,184.598775,52.252642
245.782764,206.103325,47.331437
246.962734,222.533854,40.668058
247.237333,233.860364,33.770538
246.827818,243.086312,25.836790
246.604496,247.718915,21.954643
225.435625,21.604042,252.132902
230.478899,17.765074,251.012225
238.036785,13.002334,248.764759
236.279416,12.289839,241.657259
234.589019,10.281224,232.937946
231.186103,10.335076,221.064327
223.812016,11.058498,205.000881
217.874958,12.225691,187.925428
210.656485,13.436340,167.430269
205.518470,14.183248,149.719452
200.195652,15.553718,136.522121
193.756835,15.598962,121.826478
188.273629,13.690712,104.435608
186.047524,9.798758,86.371545
183.974222,8.070621,71.074800
185.103814,6.205914,54.296509
187.749043,4.398818,39.902590
187.091938,3.012234,25.679747
188.576746,1.952638,16.376237
188.389606,2.052404,10.899486
187.499204,2.447460,5.873747
189.642270,4.286595,4.018932
192.009758,6.518706,2.338433
195.619368,11.673522,2.026357
196.521486,22.345360,2.750250
196.664364,35.748731,4.318581
199.585450,47.022440,6.028093
201.018940,61.199967,9.886864
205.017147,79.218763,16.422744
209.206309,92.663058,22.206224
214.304650,106.528663,28.906608
217.601057,121.753261,38.336752
223.153549,141.421656,45.679895
229.160435,168.106914,57.283464
235.066716,189.858800,58.684314
239.081318,211.253103,62.695733
242.479812,228.214564,52.952729
242.355318,236.768238,48.054676
243.722875,243.660609,36.729960
243.292313,248.452471,33.596795
217.757742,14.971800,252.047504
222.006925,12.264873,250.708981
225.594110,11.046322,248.595993
226.861392,9.609837,242.960908
226.155506,9.823986,231.556087
219.939747,9.482117,218.177252
212.824815,11.903020,202.150259
203.921896,14.552327,185.175269
195.756865,17.069173,166.440096
191.344781,18.056569,147.952228
185.088402,17.965739,133.698217
178.497562,17.827450,117.298161
173.532341,14.675274,102.465494
169.688749,10.798302,86.129832
170.973446,8.877518,73.881901
172.619147,6.820655,57.545762
174.756730,5.378907,41.258856
174.599520,3.569980,27.366703
175.381554,2.469984,16.678321
174.639440,2.294420,9.732676
173.730878,2.704345,5.540688
174.954940,4.319243,3.995518
175.945443,7.259214,2.847261
177.540750,13.410631,2.553418
180.997970,25.672518,2.829771
183.838197,37.812102,4.190127
186.514954,51.300714,6.357433
189.520040,66.359350,10.993005
193.008370,83.333169,14.930979
194.843411,98.850221,20.448732
198.736585,113.266178,28.851584
204.907622,130.581943,37.028790
212.747836,150.908806,47.097439
219.588837,172.340106,60.248800
228.735326,195.803966,71.093841
232.207365,214.696565,69.619051
235.916822,228.112682,64.221291
237.510912,238.586482,56.665419
239.084263,245.280186,48.032530
238.196979,248.948796,40.532490
203.263189,12.415998,252.353271
209.157228,10.147920,250.761264
213.105461,8.681520,248.156844
213.456487,9.260221,241.199904
213.105141,9.764240,231.950006
207.940135,12.316226,215.184834
197.404099,14.047204,197.591137
190.246073,16.947999,182.224109
182.039544,18.527716,164.030740
176.804102,17.623386,147.481542
170.259233,17.241073,129.327645
164.190202,16.781846,115.240350
163.092616,13.392499,100.433776
160.870345,12.028450,87.250031
161.127394,9.994328,75.178259
160.972714,7.017388,59.141414
159.151227,4.839635,40.153133
161.772556,3.781377,27.831384
158.322027,2.984854,15.297951
157.578173,2.710075,9.736583
159.029127,3.062311,5.930539
160.641584,4.723846,3.885133
161.385231,8.054166,2.992028
163.550331,15.441753,2.511367
165.560890,25.530216,2.635099
171.233095,41.138781,3.983361
172.079935,53.532392,5.167337
174.743426,71.039185,9.761833
178.781532,87.099228,14.619586
183.657859,103.260651,21.133978
189.138945,117.154849,27.434711
197.118268,133.268808,36.988920
202.068564,153.277304,45.304794
210.349338,177.211306,61.444247
217.611703,200.702048,75.436430
222.095469,214.987699,77.877984
227.495472,230.761818,75.894784
230.540567,239.663334,67.300711
231.787018,247.697391,54.242694
233.426677,249.591555,45.545583
186.728399,10.869348,252.271770
189.484858,9.742436,250.251712
195.037826,9.509835,247.157769
197.197238,9.083817,241.036964
196.764958,10.314141,231.511375
190.632481,14.735630,211.778222
184.379340,15.587956,194.819283
174.874544,17.811148,176.782119
164.754361,19.363082,161.043173
159.839263,19.282507,144.855492
154.135076,17.156682,125.664382
152.985464,15.419990,115.822463
151.268754,13.125866,102.195908
150.740055,12.382242,87.646741
148.762650,9.428130,74.743734
148.155902,7.674802,60.773420
146.032325,5.116981,42.191457
144.014259,3.525599,26.339547
143.783968,2.925566,15.827489
145.303214,3.181769,10.053765
147.763529,3.498165,5.973553
146.630521,4.461865,3.704693
149.278892,8.879034,2.819507
151.332970,16.374518,2.604599
152.755512,27.298212,3.026648
158.848123,43.737954,4.121837
160.621837,57.367007,6.810644
163.216500,74.785407,10.534635
165.644215,89.058973,12.930566
169.979772,105.053169,21.303360
176.471894,117.721689,27.100213
182.786397,132.991776,35.151806
191.708344,156.491734,46.794114
198.004275,178.909940,62.742344
204.282541,202.531476,76.745590
209.959068,218.728838,82.174112
213.149562,230.559218,83.955718
217.092396,239.800940,74.650203
220.675621,247.703042,63.260074
223.549989,249.993343,53.014945
169.754762,11.557863,252.040782
173.616586,9.926623,250.787852
175.528369,10.085222,247.266444
176.110028,9.519521,238.885968
176.314815,11.682158,230.109771
170.107674,14.874148,208.810342
166.958589,16.375167,192.044744
157.789978,18.453607,173.421166
151.190515,17.304159,157.987387
146.339116,17.728985,143.190893
143.656118,16.660662,127.199971
142.788334,15.056090,115.613357
139.701438,12.477290,101.328634
139.371558,12.453506,89.011065
137.103021,8.286591,73.791046
133.640047,6.830343,59.250005
131.267025,4.093595,40.727106
131.150780,3.664088,27.462698
133.211927,2.912003,17.090402
134.345741,3.256400,10.428801
131.872226,3.738150,5.549442
132.499404,4.685958,3.597856
134.814237,9.192224,2.834436
138.147523,18.110010,2.610716
141.144707,27.869277,3.330145
145.342989,45.946430,4.423547
147.705206,61.101395,6.132076
150.676367,78.419798,10.750728
155.306963,92.073363,15.104522
159.182568,104.137283,19.946694
166.554711,118.988103,25.631696
169.308206,134.348672,30.792278
177.727316,155.765153,45.292464
184.489288,181.270369,63.834028
190.027038,200.596327,74.776004
195.989617,218.203336,80.477007
198.948512,230.048202,83.259632
202.458118,239.123495,72.091073
208.634484,246.198046,63.587892
211.492531,249.211360,55.496842
158.001456,12.318011,251.987576
160.289554,10.384467,250.562820
160.456225,9.777221,247.203799
161.125043,9.998682,239.774849
158.963709,11.466593,226.230100
153.432564,14.905717,208.928618
148.903994,15.135051,189.942946
144.039097,15.893025,171.117408
139.899565,17.361199,155.155560
136.523697,15.693219,141.077106
131.918486,15.022150,127.614470
130.963429,13.402851,116.343978
128.552000,11.524462,103.004188
127.350374,9.312293,88.587287
124.147612,7.938642,72.496906
122.239811,5.966935,58.666977
119.299846,4.474470,41.324729
120.664169,3.492654,26.958587
120.109898,2.898415,18.122261
119.095633,3.394049,10.580045
117.334195,3.822408,5.208978
118.613706,5.195021,3.671566
119.943862,9.635568,3.076243
124.354247,18.554427,2.998126
128.555177,29.662033,3.498821
131.647192,44.676319,5.004836
135.425925,64.148768,7.080621
141.199884,80.589016,11.137655
146.174704,94.206657,13.247682
149.534726,105.893502,19.331383
153.517742,122.059522,23.892662
158.791212,138.388639,30.192487
162.800230,156.909228,38.905429
169.114775,179.505472,53.727111
178.631305,204.021316,67.841414
182.286280,220.173177,70.368640
186.593714,228.899174,70.145078
189.246335,237.061304,65.312929
195.115568,244.064975,56.098469
197.718485,248.393468,47.507587
140.019186,12.368553,251.650892
143.064527,10.427689,250.334897
143.312120,10.652439,245.480607
140.304657,10.678906,237.796029
137.290073,10.836973,226.187621
136.092178,12.931737,210.824583
131.795781,15.002506,192.091371
130.582171,14.113088,170.825636
124.684616,12.999110,154.294353
122.040249,13.051266,140.495921
119.460796,12.396143,127.286653
117.211865,11.450852,115.171915
114.852941,10.473107,103.707900
111.737308,9.280423,87.629987
109.585325,6.943162,71.859232
106.056700,5.420735,56.646765
105.420573,3.979725,43.042113
106.366781,2.950451,27.225916
101.972236,2.700614,16.817955
102.341416,2.890069,10.131135
102.369663,3.703517,4.665965
103.965863,5.341742,3.537680
103.496501,10.308618,2.784000
109.447954,18.301486,2.675550
111.400325,28.033473,2.990641
117.204155,48.082930,4.250909
121.061206,63.182012,7.188044
128.284283,80.705717,9.394677
133.252404,94.190962,12.698714
137.780903,106.566830,17.046681
144.359691,125.865061,22.086289
148.231416,141.117562,26.863662
150.909271,156.878547,31.839539
157.966594,178.470083,39.601099
165.758852,198.871555,51.842476
175.630561,215.757501,58.632492
180.004896,229.016860,56.613570
182.852996,236.143828,51.500088
186.444350,243.886255,42.447048
190.277499,248.269076,38.391811
126.436592,11.872011,251.820914
127.132613,12.144881,249.878698
126.323997,11.074581,245.325201
125.303303,10.385299,238.992658
120.031113,9.966549,225.393760
118.274746,10.513564,209.621408
114.649880,11.697647,194.894615
110.601504,10.273694,172.684945
108.984775,11.858248,152.706532
109.856215,12.488935,138.436065
105.967615,12.324444,127.067658
102.245676,10.226278,113.782183
97.251635,9.583212,101.584391
97.090365,8.636472,88.880224
93.309283,6.108010,72.126806
90.274900,5.018255,57.569248
87.540638,3.918625,45.982275
85.626442,2.422900,26.922661
83.862271,2.501178,16.153550
85.056052,3.031077,9.469894
87.733982,3.868207,4.816768
86.894632,5.786187,3.044226
88.924274,10.166819,2.484444
92.031254,17.596834,2.997627
96.508511,30.192548,2.828140
102.729548,47.180141,4.879341
109.301068,64.309915,6.956938
116.206979,81.167584,8.525919
122.891665,95.986066,10.861722
127.250438,109.593414,15.612660
134.082398,127.680130,19.822892
139.113505,143.706417,22.619149
145.617616,159.840056,26.457109
151.540264,176.624601,30.555237
158.326961,193.669845,34.537330
167.242775,213.664263,38.891254
172.202712,226.897214,39.469914
175.728776,236.252272,35.469588
177.152835,241.424581,31.024568
180.208504,246.936656,27.573275
116.962795,11.703033,251.935478
116.460260,11.068905,248.906220
112.124405,10.256509,245.411800
110.395233,10.093086,237.379003
104.268017,8.814272,225.419727
103.487556,10.056826,209.413556
100.236858,10.502932,194.145559
97.033916,9.169156,173.986456
93.512764,8.662410,155.505635
92.234013,9.187454,141.047628
90.115520,9.238694,127.540810
87.996779,9.007266,114.497487
85.484719,7.929197,101.766383
81.931623,6.007743,89.237436
78.516318,4.932857,73.183236
76.448006,4.691211,58.390999
71.686780,3.143922,43.271612
68.427898,2.692418,26.461183
69.142473,2.053983,15.558389
67.161267,2.949819,9.582538
66.739738,3.458850,4.849726
68.518972,6.260714,2.999149
73.315775,11.110530,2.252351
76.313314,19.471653,2.442760
82.060911,29.566349,2.628253
88.851953,47.400595,3.884467
96.271426,65.101602,6.783591
103.861179,80.622263,7.656962
110.109955,95.660088,9.338392
116.000944,110.661750,12.387194
122.696234,128.230795,15.751593
129.997500,142.478569,18.150289
137.631951,159.813418,20.953358
144.708311,176.335801,21.134963
151.480311,192.266208,24.654454
158.116190,211.057178,26.735478
163.962059,226.520139,25.763221
166.579640,235.082579,25.855332
168.131172,240.904890,22.521212
169.961774,246.901609,20.463960
102.551089,10.935528,251.718689
101.758439,10.088426,248.756759
99.887132,8.991710,244.190566
97.346134,8.291287,237.540661
95.624324,8.552118,226.754601
94.355267,9.179547,212.556518
89.426349,8.907536,195.151679
86.181879,7.325578,176.373950
82.518502,8.257025,158.933073
80.771373,8.782296,144.262888
77.800932,8.452629,127.676990
71.995756,6.264084,114.359370
69.840560,5.928045,102.137908
66.365271,5.166019,89.352523
62.776609,4.522482,75.412650
60.996781,4.003403,57.426956
53.559449,2.783357,40.899966
50.145548,2.190080,26.297423
48.262649,1.960833,14.683090
48.228709,2.368596,7.350768
48.461166,3.105246,3.866212
50.766538,5.079459,2.260485
54.972414,10.300119,1.926768
61.250404,19.557121,2.232259
66.116050,30.411781,2.440659
74.329906,47.013554,3.937074
82.630945,62.686279,6.169122
91.548296,80.123617,7.261350
99.702289,97.940742,7.885296
105.659280,113.225268,10.425831
113.245903,128.682980,12.992885
119.392584,141.455557,13.519843
127.949669,161.023997,15.933129
136.862624,179.294465,16.600596
142.544442,193.845359,16.767355
149.539158,211.710191,19.756762
154.918990,226.175251,20.314187
157.546408,233.194173,19.852775
160.998767,240.151487,18.064967
162.405154,247.445637,17.520661
92.707146,8.108101,251.284578
91.682593,8.218889,248.344925
90.982304,8.324745,244.231875
88.896196,6.933844,235.923450
86.022458,7.915194,227.277199
83.431208,8.175845,214.181335
79.760981,8.635685,195.201553
73.601427,6.239938,176.648951
70.885149,6.700114,160.914897
67.228964,7.273070,146.797080
63.469494,6.907338,129.706038
61.997820,6.001013,116.089907
57.327464,4.977532,101.965391
53.064681,4.506375,90.094107
49.166608,4.031548,75.124690
44.692311,2.984953,58.140248
40.575107,2.291261,38.890020
33.707702,2.034751,23.855587
30.983969,1.948781,13.612858
30.482233,2.092968,7.014637
34.114195,2.924502,3.877152
35.751437,5.114411,2.645180
39.137728,9.268456,2.145048
42.350426,18.783447,1.776835
51.257975,28.802654,2.345070
62.768253,46.801311,3.022176
69.362797,61.005184,3.995367
79.399043,82.174876,7.429900
85.315203,97.918983,8.448823
91.956939,111.687224,8.408020
99.406600,127.642481,10.031222
107.618053,140.558531,11.630463
118.161976,161.516769,13.917852
127.842823,180.103100,15.676930
133.976183,193.750234,16.843434
140.497904,211.628217,17.864441
145.644378,224.919003,17.494062
147.813474,234.126607,17.359402
147.378880,242.433506,15.434040
148.696859,247.593026,15.150402
81.295136,7.127290,250.996392
81.323441,7.214492,249.028173
82.410224,6.762909,243.885583
80.543416,6.530409,235.564235
77.890532,7.386726,226.704046
74.423055,7.844903,213.863340
67.364338,6.594613,195.953841
61.446943,6.596281,175.967811
58.000175,6.034621,159.926769
50.990290,6.142241,144.565890
47.699363,5.936174,133.600866
44.018732,5.075912,117.437348
42.312383,4.148248,102.550150
37.159869,3.483248,89.343344
33.107327,2.342704,75.465357
30.416458,2.279251,57.724491
25.795428,2.043501,41.051664
21.939482,1.845022,23.550717
19.913792,1.683325,14.091841
19.086666,2.229059,7.222584
19.145488,2.887506,3.973916
21.380549,5.080877,2.730527
25.107192,9.849377,2.355057
30.001253,17.692598,2.069586
37.907496,28.811145,2.451439
47.467593,43.474999,3.104663
56.594578,60.392516,3.328550
65.429640,79.819919,4.155218
72.519008,100.001180,5.792289
79.123791,111.580031,6.537515
88.035402,126.211812,7.502434
95.788869,140.706814,10.637750
106.873242,159.489380,11.788465
115.781040,176.893082,14.349496
124.493794,195.024237,15.241176
131.331753,213.263298,16.946746
135.599637,226.839970,17.701352
137.022833,235.728471,17.309355
136.687546,242.115020,16.914412
137.281457,248.004233,18.057986
71.934389,6.136383,251.351972
71.495990,5.889336,249.642979
70.702435,6.495525,245.190714
70.164012,6.298014,235.519456
66.624911,7.081899,225.823981
61.441005,6.182064,212.196607
53.340934,6.139993,195.523219
46.274204,4.801422,177.337213
42.336037,4.621266,161.735386
38.743052,4.510622,146.865274
35.727423,4.572098,135.790192
31.651213,4.302185,119.866931
28.396953,3.205537,105.713903
27.014803,2.625165,89.989605
23.218244,2.258617,77.355246
18.855621,2.144841,57.331985
14.994294,1.854907,40.805266
12.814087,1.856949,25.604779
11.284165,2.624918,13.812979
10.341990,2.472753,7.898384
11.176356,3.015471,3.834113
12.628133,5.006975,2.923295
15.936661,10.194480,2.342802
18.910395,18.215440,2.336579
24.325251,28.501330,2.242929
34.316027,46.411234,2.647809
44.575157,66.300853,2.775794
51.143451,84.251373,3.117660
58.234944,99.174775,3.615139
66.211287,111.480615,4.401363
72.974758,123.662499,5.264335
82.566058,138.547946,7.166545
91.859055,158.987796,10.509880
99.811837,175.531128,12.597823
110.358646,194.284119,14.197100
118.592386,211.177804,16.702779
124.044729,226.149749,18.410967
127.118861,236.751267,19.441411
127.212675,243.408041,19.393798
128.117159,247.121585,19.525387
60.311931,4.914911,252.060358
61.580759,5.633298,249.702140
59.030408,5.312734,244.520592
57.418087,5.233307,237.874572
55.143524,5.408474,227.185805
44.379650,4.970989,209.891964
40.253016,4.364518,196.182741
32.608515,4.317387,177.684036
29.273510,3.874301,160.738360
25.844559,4.293472,149.693571
25.419139,3.948388,135.433097
19.986562,3.090613,122.327538
17.696333,2.842577,106.596303
14.759271,2.425949,94.292499
12.928778,2.556460,77.017041
9.500952,2.347496,60.385530
8.132236,2.298048,43.397689
7.655084,2.280940,28.848570
7.366809,2.806093,16.438967
6.138616,2.914435,9.305483
4.858458,2.984101,4.449143
7.105668,6.420254,3.088357
10.016947,11.727584,2.769285
12.407769,21.639883,2.551910
16.390566,32.763718,2.221671
23.688676,49.629871,2.527482
31.457290,68.707226,2.848717
39.154491,87.647658,3.297022
45.521852,100.896785,3.416706
50.857994,112.669968,3.873231
57.886816,125.835147,5.216570
64.276187,139.024962,5.943907
75.051351,156.110270,8.105205
85.310888,173.061220,10.273030
92.757453,190.882395,12.042428
101.815019,209.152729,15.759045
110.553406,225.587875,17.775339
115.643304,237.180697,19.862865
115.643270,243.676238,20.166671
116.038674,247.913693,21.768921
46.084403,3.465910,252.730390
45.853321,3.831809,250.268487
44.577807,3.862981,245.249858
43.041213,3.911929,237.577316
37.788220,3.186671,224.547669
30.073485,2.723857,209.858942
25.125520,2.974330,195.382534
20.872830,2.957512,181.274917
17.310401,3.628536,165.637630
16.022604,4.060000,154.373411
13.977672,3.685994,139.960810
11.353522,3.394589,125.609968
9.761726,3.067283,112.451430
7.883619,3.761324,97.058623
6.762791,3.370721,80.911737
5.650967,3.745536,64.989555
4.881053,3.314993,46.003655
4.325451,3.618395,34.356260
4.810367,3.651625,20.906624
4.558638,4.275430,12.151521
4.329720,5.934267,7.372271
5.013645,9.803459,4.580839
6.343955,17.269317,3.824846
8.880999,27.147072,3.290601
10.708562,38.674218,2.833075
15.646855,55.608696,2.822769
22.047686,72.702691,2.374934
28.338563,92.797676,3.048834
33.666319,105.016035,3.102164
37.085082,114.831889,3.364796
42.586949,127.295554,3.986026
49.918175,140.651254,4.384060
57.179663,153.915464,6.899454
69.386997,174.844796,8.343718
76.063273,189.574417,10.216817
85.541035,204.746641,12.862587
94.989804,224.256222,16.375701
101.293630,236.072174,18.249278
102.586854,242.492227,17.149815
104.964396,246.336251,17.621123
30.662984,2.213749,253.377524
30.981158,2.361709,251.305320
29.565684,2.068185,246.266572
28.279374,1.653900,238.982934
23.237342,1.967293,225.120207
18.430592,1.768087,211.435012
14.070201,2.165432,198.051236
11.645015,2.371087,184.629580
10.335278,2.962442,172.090434
8.770945,2.939709,159.963593
7.516237,3.608531,144.162769
6.477407,3.840339,130.525522
6.197199,4.508608,114.853472
5.059382,5.311000,102.031574
4.874923,5.750038,86.630353
3.456196,5.764161,69.989003
3.292163,5.085323,53.262486
3.201535,5.536056,38.462243
3.361720,7.188116,27.109331
3.590271,8.482452,17.345273
3.966614,10.490602,11.347757
4.507764,16.053520,7.583854
4.552325,23.063007,6.451603
5.460730,34.419708,4.954394
7.477762,48.137336,4.542330
9.924337,65.482200,3.965525
12.741990,80.413802,2.964863
16.596147,95.757408,2.859823
22.220921,111.518949,2.991914
25.799008,120.341627,3.038221
30.500531,130.821079,3.718352
35.640565,142.424622,3.972905
43.627982,155.659625,5.313794
52.301410,173.185443,6.630904
60.706441,187.385738,7.739450
69.119912,203.898999,10.807470
78.253071,220.067592,13.664316
86.851581,233.190695,14.915790
90.866432,241.017911,15.776556
93.221188,245.028148,15.612429
19.414341,0.983501,254.029425
18.583076,1.025630,251.875563
18.093630,0.925562,247.659666
14.698302,1.125068,239.634706
12.821082,1.314028,225.350299
9.267437,1.374191,211.397429
8.139993,2.019789,199.955084
6.222062,1.826232,187.800266
5.680792,2.290759,177.783839
5.240250,3.247029,164.999524
4.882995,4.251364,149.915691
4.169049,5.881555,137.679287
3.866536,7.244631,120.920840
3.639693,8.313091,107.995935
3.229096,9.842333,95.053607
2.776498,10.627467,76.876925
2.757014,11.278214,62.279955
2.808122,11.890616,46.897412
3.098011,12.310889,33.663178
3.289931,14.411849,23.610152
4.240987,17.321162,16.506950
4.277170,24.459665,12.407207
4.392622,32.154845,9.865567
4.101768,44.059229,7.800298
4.499442,58.880864,6.767843
6.518499,76.410441,5.858266
7.870405,88.559176,4.416545
10.619679,103.449733,3.675296
13.959370,117.287803,2.869364
15.837991,126.704770,2.413336
19.156325,134.890779,2.379606
23.732474,144.379451,3.269056
30.665929,157.566125,3.286169
39.335869,172.999475,5.706737
46.215922,185.115502,6.329973
55.753039,200.673755,8.201435
65.885846,216.125136,10.184531
75.555757,230.732089,12.597121
79.742831,238.936365,13.585243
82.238767,242.943108,13.938740
9.171047,0.684802,253.937203
8.457335,0.684187,251.945752
8.024434,0.758561,248.662277
6.458589,0.561932,241.212356
4.472225,0.695854,230.151857
4.288047,1.924751,215.075234
4.626245,2.643144,203.814283
4.019404,2.581232,191.035508
3.305232,2.933500,181.662453
2.769719,5.353541,170.364330
3.001487,6.755770,157.864214
3.182084,8.626936,142.874515
2.891057,12.469960,126.623177
2.965058,14.853270,114.334625
2.627081,16.766583,101.626287
3.359677,18.502747,87.763370
4.112395,19.720578,71.256818
3.919223,21.645298,59.470799
4.997473,24.091101,43.931424
4.927952,25.141512,33.780167
5.241695,27.799546,25.768841
5.726626,33.607248,20.181135
5.073618,45.181781,17.028858
4.564861,57.981570,13.720719
4.213763,73.080546,10.958088
3.150287,87.000169,8.974956
4.892706,98.912687,7.365849
6.403516,113.789996,4.804876
7.955196,124.748794,3.248675
10.140731,132.624621,2.531026
11.018169,139.986618,2.229254
14.110982,148.753894,2.390607
20.354652,159.802096,2.894373
26.601832,172.029709,3.700730
34.139280,184.903260,4.537312
41.994714,197.683918,6.035133
53.201344,212.251295,7.153764
62.429793,226.162656,8.221094
67.925145,235.811291,10.083144
71.658285,240.823280,10.889629
3.370996,0.371745,254.233726
2.822031,0.297607,252.839730
2.547374,0.271243,249.944531
2.211233,0.479690,243.556165
1.825205,0.981358,233.086444
1.595641,1.540815,220.548268
2.029128,2.552485,208.521856
2.494587,3.827499,197.161152
2.562444,5.872392,185.289906
2.441429,8.026905,176.233525
2.933641,10.775879,162.458995
2.813182,15.226295,148.558186
3.386078,19.764239,134.946058
3.319203,22.315299,121.044965
4.233721,25.706484,109.833085
5.600636,29.486847,97.064046
6.342737,32.136298,85.391924
7.635560,34.959109,70.937844
9.242610,40.355272,57.306232
8.737172,43.019378,49.666701
8.072862,45.987062,38.776633
7.416537,51.082497,33.004767
7.322179,64.208156,27.863759
5.748408,75.271361,23.224062
4.528493,85.613409,17.513198
3.586855,96.867179,13.927885
3.787096,108.514410,9.733733
3.825961,121.145730,7.136968
4.753935,129.887741,4.812857
5.760169,138.684948,2.800918
7.866523,144.962734,2.180076
10.274943,152.943406,2.337350
12.865174,160.290361,2.107102
18.878727,172.678864,3.279672
27.216096,186.720890,3.682654
32.452872,196.069951,4.596990
39.327218,207.241613,5.068298
49.845230,221.440656,6.494911
58.883188,231.645022,7.226287
61.919276,237.215587,7.973022
0.791616,0.229793,254.543241
0.690500,0.243293,253.434722
0.701096,0.361614,250.893748
0.573550,0.870697,245.486384
0.488668,1.186575,237.712131
0.647182,2.163546,225.305583
1.479389,3.920555,212.789057
2.389423,7.860098,200.846772
2.859933,10.952082,190.965887
2.575688,13.283874,180.266025
3.276538,19.893585,168.442221
3.451250,26.020589,155.186461
4.392628,29.279625,142.678574
5.042817,31.926406,131.110868
5.778743,35.127803,117.550362
7.550554,40.210073,106.597772
10.489671,46.215165,95.899304
11.836624,52.231879,84.380832
11.694937,55.763705,70.272915
12.298845,59.773803,62.206995
9.761320,67.082244,55.443306
9.490230,74.194895,48.337324
9.065038,80.510316,42.173742
7.905748,89.691211,34.212434
6.141615,99.441085,26.040104
4.140246,108.493779,20.144355
2.241935,119.245444,15.339300
2.177279,127.832383,10.788353
2.732430,137.332902,7.467713
3.865681,143.947435,4.854400
4.874170,150.041543,3.313648
6.700455,156.632839,2.657254
9.010296,164.453327,2.335369
12.975762,173.981851,2.278373
20.274440,185.495018,2.702948
25.789527,195.311953,3.429461
32.265488,206.898604,4.283488
39.105382,216.878563,4.972507
45.772590,225.281305,6.022102
51.117174,231.132575,7.250123
0.116691,0.166854,254.828370
0.218524,0.378670,254.032566
0.300560,0.723742,251.784444
0.301442,1.123219,247.362845
0.335506,2.291239,239.712051
0.937122,5.281229,229.515034
1.978012,9.927407,217.132121
3.031553,14.252988,206.294372
3.190302,17.394674,197.637853
3.782622,22.572830,185.007963
4.878574,29.684783,172.785054
5.587671,35.184208,160.920160
6.240274,41.745401,152.062456
7.135792,47.895925,140.883074
8.408209,51.651084,129.955039
11.337701,58.242540,118.120594
14.545554,65.651385,108.749610
14.965301,69.871797,99.257258
16.105024,77.064919,87.266327
15.981342,79.307573,76.466614
14.691599,85.483578,68.851664
12.870944,89.159390,62.778174
10.474355,95.890488,52.788247
8.988334,104.685724,46.567441
6.989536,111.376835,36.766108
4.575170,121.203552,28.651186
2.809136,128.081938,22.559641
1.405163,135.168239,16.738690
2.201880,143.227503,11.641190
2.714832,150.954789,8.421229
3.200451,156.422042,6.079081
4.662214,161.672846,4.193753
6.213274,168.448399,2.818538
9.447201,176.053632,2.395106
13.090903,184.960814,2.623417
19.419249,194.772354,3.177624
25.178084,204.069987,3.173512
31.068154,213.351153,3.754400
37.144885,221.562305,5.090908
42.714505,228.515654,5.711068
0.145843,0.896835,254.664594
0.175649,1.264113,254.290591
0.352724,2.077633,252.690131
0.828131,3.617803,248.640889
1.103315,6.319346,242.878186
1.568258,9.437140,232.684169
2.591299,15.302606,222.253892
3.756003,21.679099,210.318130
4.676860,25.593359,202.660527
5.949058,33.441253,190.572953
6.626403,41.822378,178.975860
7.478407,49.231093,168.085411
10.151058,58.406570,159.461972
12.261445,63.774120,150.352822
13.703837,72.182499,141.562465
16.054064,76.650045,130.101569
18.191195,81.217448,118.532624
18.868362,86.167932,110.184340
18.780172,94.354651,101.117383
20.179074,98.603423,93.072188
18.862255,102.049561,83.086909
17.307092,105.064444,75.532071
14.301894,110.482311,66.383711
11.277612,116.270578,56.990954
9.037413,124.844434,47.892024
5.631060,132.169541,38.589288
3.696558,137.838130,30.314865
1.918850,145.228330,23.555360
1.444379,150.141496,16.899169
2.260705,156.937903,11.381085
2.879238,161.825296,8.833296
3.769586,167.171235,6.653211
4.341892,173.970315,5.156124
5.864381,179.634746,2.869497
8.342311,185.337198,2.891466
13.148377,193.919597,2.747353
18.145634,202.767425,2.823215
24.724810,211.326878,3.509806
30.622731,218.507617,4.102113
34.519491,224.102558,4.618031
0.230565,3.250083,254.690189
0.379522,3.589455,254.466608
0.945397,5.526415,253.452805
1.589366,7.907359,250.344803
2.361265,11.387255,244.065336
3.570486,16.686305,236.768126
5.759735,25.725154,226.749516
7.557293,32.359240,216.094483
9.421326,38.781491,208.481053
11.480814,47.797659,196.894946
11.330822,55.463440,185.384863
13.242099,65.444532,175.194945
15.626554,74.361977,167.257675
17.485854,80.542615,158.259792
20.020616,87.847029,150.453714
21.643086,94.274112,141.141388
22.198198,99.284261,130.725203
22.307137,106.674276,122.891786
23.118692,111.112797,114.593284
23.719962,116.979080,106.034623
23.195650,118.028444,96.746730
20.754876,120.096126,87.335912
16.811647,127.825959,80.031469
13.068329,133.395629,68.340704
9.444480,140.503287,59.681772
7.862852,143.407631,50.871764
4.560665,148.387290,40.494029
2.387110,153.277261,30.773854
1.580103,157.985561,23.012091
2.026486,163.904167,16.981885
2.421385,168.626074,12.851723
3.351055,173.853434,10.358756
3.817036,178.768318,7.230155
4.512005,183.564043,4.541519
5.966718,187.705175,3.227177
7.916165,193.421794,2.949998
11.860671,201.255865,2.971391
17.402279,209.061895,2.714823
20.956152,215.691249,3.095467
23.199190,220.264680,3.219928
0.327314,7.966592,254.680614
0.905034,9.283261,254.477250
1.619104,11.048062,253.747991
2.185322,13.223531,251.527007
4.060638,17.860240,246.980851
8.589404,31.083858,240.769468
9.880935,38.164509,230.688986
11.727045,46.680210,222.457780
14.534466,55.611391,214.648615
17.187099,64.575787,206.023017
20.160955,77.192307,194.446405
20.175369,86.084267,186.870352
19.454090,89.908772,176.702894
21.700038,96.159202,167.436742
23.937306,101.252905,158.996851
24.156102,109.090995,150.040990
26.704210,117.236331,142.761628
27.204908,124.436284,133.345872
28.409301,127.896890,126.103976
27.438825,130.286526,115.887524
28.806412,132.854110,108.972818
24.142643,137.609514,100.137653
18.449471,141.957328,90.030546
14.665788,145.407939,78.499469
10.571850,151.160159,67.606951
8.479634,156.537206,61.945499
5.875044,160.483190,51.057670
2.358982,165.732773,40.942736
1.729515,170.951330,32.320632
1.663792,174.901232,26.735337
2.195848,177.121372,19.440911
2.867660,180.662012,14.499931
3.548602,184.428226,10.739251
3.777085,187.139080,6.407938
4.283650,191.522155,4.137700
5.077317,196.553395,3.340038
7.194836,201.463719,3.016148
9.984895,209.756547,2.769725
13.979058,217.462860,2.681398
16.520347,221.956311,2.991817
0.499690,16.001162,254.579819
1.421998,18.244938,254.285702
2.018947,20.248022,253.816173
4.433041,24.283990,251.753618
9.937819,34.953650,247.663915
11.862522,42.457270,243.034865
14.689958,52.921737,236.275819
19.228646,65.133052,229.685300
21.531227,75.343935,220.914142
23.677627,86.190945,213.975528
27.208042,99.788887,205.899680
24.954070,108.089558,199.102535
25.486350,113.056973,192.210932
27.127640,117.545250,180.415841
27.751439,127.141667,175.955441
27.971330,135.742554,168.043055
28.460695,138.387080,158.872741
30.124028,143.458406,151.300252
29.089946,142.828324,140.381502
29.719889,142.991033,126.239712
28.206197,146.992823,117.815685
24.888169,151.781965,109.791445
19.948569,156.612996,101.449627
16.284009,158.099625,88.408993
13.182277,163.396845,76.878574
10.029197,165.518509,68.181978
6.668282,169.320302,59.019131
2.837068,173.839718,49.155533
2.089931,178.662920,40.303550
2.117780,181.259246,32.589190
2.265436,185.813539,26.249313
2.587555,187.923986,20.679772
3.095144,190.862748,14.082447
3.296922,192.843763,10.106175
3.751412,197.389732,6.860860
4.529896,201.642710,3.553642
4.857820,208.317532,3.139225
6.484026,215.038110,2.628403
7.805413,221.592301,1.682834
9.184556,225.929012,1.628037
0.786248,26.979396,254.403442
1.862307,29.873679,254.053757
3.302333,33.326842,253.705746
7.773514,41.555708,251.673689
11.180480,47.603817,248.430960
16.864088,59.616759,245.155971
21.920578,70.614599,241.935735
25.740427,85.112439,236.086797
31.360203,102.255637,231.157318
34.737385,114.854830,226.493054
34.440346,123.771374,218.786782
33.671629,129.307530,211.339315
31.986684,137.174596,204.287898
30.013744,147.880842,201.794072
29.940303,150.183662,194.301991
30.127361,156.806101,185.771412
27.240692,159.478976,176.329251
30.878428,162.096460,168.547697
30.058334,160.350138,155.301040
29.969451,164.629278,148.250994
29.903776,163.906111,128.749756
25.786544,166.640287,120.245842
21.955829,171.004452,112.322192
17.554121,176.852940,100.760180
14.010082,179.978162,91.983135
10.922156,183.323129,82.677936
7.361599,185.843959,70.580142
4.346249,189.654780,58.996131
2.403055,191.410287,49.960213
2.337383,195.112254,42.770755
2.316039,194.437672,33.661876
2.589565,197.248474,28.870193
2.980728,198.559099,19.061336
3.777214,203.085155,14.426019
4.611065,206.882795,9.700533
4.963103,212.222696,5.924823
5.449431,217.170972,2.842331
5.025237,224.658856,2.200675
5.685540,228.421782,1.400265
4.876397,231.797977,0.945179
1.327691,41.323556,253.898254
2.225378,43.921907,253.761394
5.322980,48.756717,253.420697
9.498125,56.892059,252.625476
13.855661,66.519252,250.266748
20.698122,80.063115,247.874281
27.002523,89.037019,245.200287
35.613956,107.334057,241.570227
40.118618,121.847382,238.212590
42.346955,132.628452,234.858619
41.645146,143.489866,229.512674
40.187502,152.455828,223.732528
37.155584,162.002536,220.098175
35.137625,172.109660,217.382230
33.268942,177.502844,211.865821
32.723429,180.640275,205.200840
28.600833,181.569796,197.276061
26.403852,179.593263,185.870234
27.751294,180.593243,174.638715
26.286008,182.897851,162.690544
27.362298,185.053745,147.591800
28.300899,186.557475,133.488288
25.645572,192.503791,126.231733
20.151188,196.030880,114.460647
15.886087,198.070657,105.117776
11.359843,199.613154,94.798469
7.931151,204.912110,83.255295
5.191626,208.392167,71.812744
3.967660,209.725978,63.932854
3.333880,212.172682,56.091616
2.609116,211.078005,48.013774
2.918744,211.188617,39.876217
4.120979,214.420659,28.907730
5.304261,215.762462,20.932182
5.258981,218.088176,12.654180
6.350909,224.626445,7.823877
7.118849,230.432106,2.964083
6.679407,234.521299,1.705483
6.199449,237.394747,1.074968
5.382512,239.927645,0.709876
1.935526,54.433633,253.605152
3.120120,58.699948,253.629143
5.873568,62.096496,253.232082
9.474861,69.017802,252.686539
14.628139,81.233984,252.135830
24.082970,96.009832,250.166420
33.250010,107.951290,249.202745
41.060515,122.929141,245.785872
52.735718,137.684839,242.615568
54.331978,149.433665,240.718136
51.580234,161.833381,238.347122
50.712348,173.029968,233.377721
44.631329,187.426673,232.187567
41.179030,191.894219,228.451663
36.263036,197.836869,226.064881
29.358872,199.316477,220.686383
27.190415,202.641573,215.738905
23.716516,203.434995,208.714254
21.441687,205.921906,197.849573
23.097158,204.546433,182.797812
27.250522,207.846089,166.073642
31.706278,209.011267,148.904145
26.739756,209.855744,138.272171
25.036038,211.617023,125.369291
18.090850,214.117316,116.735981
12.356962,214.902699,104.885335
8.207962,218.891547,93.462499
6.208667,218.735804,78.565105
5.285896,221.670848,71.292723
5.040957,224.124018,64.535816
4.562684,225.557007,57.867096
4.323718,225.687391,49.551019
4.931802,227.439521,39.796062
5.941468,228.689821,26.059971
7.869780,233.381769,14.804205
8.480108,236.265081,8.243912
8.519051,240.672095,3.881440
8.000880,243.167899,1.338326
7.018246,245.349504,0.846204
5.827127,246.604055,0.501419
2.513939,66.021932,253.450541
2.902010,70.723475,253.074198
5.529235,78.613732,253.143754
9.713516,87.987661,252.930976
15.883329,98.218599,252.636301
26.764750,112.938535,252.221385
36.813292,126.390399,251.059787
50.024041,138.981377,250.127011
58.698285,151.451009,246.934134
65.616153,167.249007,246.081915
69.933269,180.624275,243.556638
67.745954,195.374511,241.872157
58.699574,206.844183,238.543828
53.787927,211.154673,237.886242
44.715095,213.849863,234.955320
33.537685,216.893554,233.840076
20.386909,219.029790,231.046198
17.204921,222.662620,225.665942
16.910271,224.088144,214.336047
18.338354,226.890934,205.692532
23.056999,225.935546,185.185204
26.538254,226.274657,164.230727
26.088141,225.908534,152.096573
21.424685,228.012668,137.869336
16.797290,229.074715,127.581833
12.019052,230.230152,113.865754
10.159276,232.540799,103.283598
6.856384,231.409982,89.198367
6.613845,231.054345,77.695973
5.165009,231.807401,67.819701
4.770385,233.417744,62.390772
4.703800,235.368111,54.060453
5.369092,236.616735,43.772868
7.490779,240.718017,31.550463
7.846790,242.028638,18.111989
9.013958,245.821288,9.095015
9.264613,247.148721,3.810864
7.559486,250.256159,1.603562
6.491801,250.920938,0.782948
5.475402,251.448875,0.469698
3.455745,76.168129,253.448491
3.579427,82.486338,253.217309
5.092938,91.952588,253.108891
7.947305,102.211730,253.000962
14.518865,114.355196,252.953829
24.683276,123.361959,252.937582
38.858603,139.278039,252.432171
50.581814,148.968976,251.740274
64.264242,162.461858,250.174267
77.006759,177.290626,246.828994
78.882249,192.486756,245.239129
78.073062,204.777805,242.818602
69.944044,217.326052,240.894245
62.847633,222.838103,240.846549
51.004980,225.754506,241.871582
34.653175,229.993232,241.054688
21.180856,233.925241,241.274119
13.998210,235.711741,236.398495
13.480819,237.799146,229.239656
14.137184,236.623061,214.619289
17.323919,237.169463,200.602989
21.128397,236.571412,176.826345
19.229523,237.367175,160.431439
18.553736,239.679405,147.567695
15.346088,240.634504,135.317447
12.475998,240.878661,121.142172
10.146465,241.238295,110.048468
8.246694,240.848324,97.460297
6.519625,241.143596,85.635984
6.746502,241.297078,74.149982
6.662878,241.594244,65.539668
6.073660,242.952967,57.194575
6.405445,245.940236,47.489438
6.988281,248.347786,33.592813
7.529533,249.756664,21.139159
8.073722,251.149288,11.094804
7.922698,252.748897,4.086213
6.230818,253.175472,1.950294
4.689366,253.612054,0.700752
3.599299,253.757806,0.382634
4.175294,84.726715,253.501941
3.875265,95.316785,253.453534
4.308900,102.139164,253.187010
7.889879,112.706273,253.415414
13.437388,121.706758,253.234268
22.122493,133.562684,253.359171
39.200484,148.207126,253.121015
48.894609,157.042119,252.612865
65.091016,172.295667,251.221747
79.413796,188.031618,248.509995
85.229357,205.265386,245.370797
87.884920,217.335504,242.244706
82.554489,225.369457,239.868512
73.458195,231.053588,240.120425
57.369856,236.764743,242.615345
36.541514,239.853577,244.878108
21.153725,241.643935,244.874854
13.460387,243.015467,240.747065
11.413501,244.391607,234.321280
11.625733,245.222436,222.994437
12.898023,246.218700,209.429535
15.140892,246.091501,187.594942
16.002546,245.788261,169.777593
16.494140,245.473478,151.683626
13.147775,246.429494,138.494342
12.288915,247.276964,127.162129
10.494619,247.942358,115.459846
10.657613,248.398899,102.890957
8.957174,247.855294,89.907423
9.266870,248.238793,79.074779
7.783762,248.152410,68.898036
7.716395,249.105524,58.409420
6.895680,250.356404,47.458256
6.974157,251.721477,34.078415
6.689487,253.265545,21.751920
6.124766,254.097286,12.976295
5.103108,254.344458,5.379472
4.215268,254.484956,2.073851
2.531014,254.546751,0.656800
1.687046,254.531458,0.276170
4.686649,94.523378,253.668602
4.661829,102.672948,253.763200
5.616293,110.873830,253.740576
7.940814,120.298413,253.411042
12.186029,129.413202,253.373788
22.209036,140.114204,253.395479
34.439362,151.406879,253.585976
46.425772,162.654614,252.990224
63.166200,179.242592,251.793049
79.756766,196.799687,248.323580
90.880025,217.194056,245.125591
95.294978,225.595504,241.637782
91.647225,233.402718,240.329874
76.558528,236.428657,240.388148
61.026111,242.683845,242.955551
40.662119,244.843569,245.285880
24.544780,246.461676,245.446553
14.105350,248.297727,243.367520
11.899547,248.490059,235.502802
10.756956,249.006268,223.990555
12.517961,250.364125,209.119564
13.810500,250.631748,191.838913
13.597963,250.710020,175.152913
13.867429,250.318905,157.046454
13.864744,250.923325,142.955016
12.309111,251.366460,130.594035
12.972196,250.948516,117.081647
12.958586,251.054539,105.992826
12.244635,250.646940,91.966169
10.728188,251.277963,80.521956
10.503938,251.953965,71.497839
8.307304,252.462915,58.668720
7.198016,253.002957,47.858127
6.580743,253.883905,35.658456
5.685257,254.448811,22.572577
4.360849,254.610091,13.540188
3.025529,254.736076,6.183542
1.648627,254.791882,2.052467
1.058584,254.870311,0.531979
0.613602,254.888106,0.219225
6.365820,100.410249,253.876481
5.654234,108.745888,253.852196
6.812217,117.830212,254.056759
7.693198,127.054603,253.818689
12.817522,136.338993,253.572789
19.615412,143.196263,253.557586
31.482690,153.856730,253.789105
47.328036,167.753190,253.263874
62.798718,184.880343,252.237934
78.891843,203.356964,249.426521
90.781017,221.230002,244.699210
99.353500,232.254323,241.202332
94.528264,238.179541,239.111254
81.491297,240.853830,240.877987
64.080712,245.556906,242.785449
44.028420,246.914070,245.713923
29.397870,248.816745,244.414766
19.204728,249.062614,241.058595
13.823069,250.012073,234.108559
13.054437,251.190772,222.171155
12.083874,252.046056,209.412223
13.219549,252.122207,193.454094
12.860559,251.867087,177.379426
13.251290,252.046676,156.500364
13.560585,252.425230,142.856799
14.365621,252.672553,131.336500
15.766295,252.873716,118.715513
15.738483,252.722964,107.181850
14.008711,252.556736,93.061579
12.625692,252.816425,80.736176
12.180733,252.992499,72.208799
9.388621,253.537202,58.291257
7.831659,254.190083,47.584869
7.634110,254.315527,36.025233
4.841401,254.690080,23.289620
3.244386,254.798140,14.044923
2.022232,254.869093,6.298255
1.191631,254.929146,2.064368
0.622397,254.943287,0.540396
0.236365,254.965596,0.127089
