1600
3
254.913974,1.853288,36.063103
254.887790,1.932631,43.854062
254.623413,2.623784,53.035602
254.469122,4.029234,61.960295
254.188350,4.266228,75.503495
253.705849,5.125775,90.561819
252.802823,6.478463,102.786180
252.175407,10.357392,119.666486
251.274491,12.079190,134.755256
250.660870,15.859031,150.275839
250.536135,19.575635,166.081774
250.514237,29.811907,179.090871
249.730927,48.043044,191.734191
249.756562,61.814366,201.434657
248.382690,77.242532,217.681943
247.410308,87.282840,229.288832
245.437127,91.459821,236.660346
242.422904,83.397234,243.817492
241.172497,65.088415,247.942082
240.270087,45.759135,249.050764
237.145926,32.455266,249.784384
235.004243,17.596896,250.105160
222.288120,14.647810,250.951300
207.207715,12.037156,251.673887
184.991253,10.433852,252.545372
162.018024,11.177175,252.715130
145.052527,9.355019,252.655729
130.622414,9.016600,252.716052
118.067270,9.480170,252.456685
103.225674,8.940730,252.613602
93.289077,7.797507,252.874020
81.858953,6.107198,253.222097
70.388303,5.136098,253.504285
56.788408,3.678213,254.045826
40.512457,2.626712,254.428379
28.942212,1.967254,254.548710
15.761696,0.894801,254.708366
6.724295,0.223258,254.776623
2.655009,0.160916,254.836500
0.725532,0.113881,254.843199
254.864705,1.123390,32.314864
254.677485,1.389177,39.918781
254.556184,2.164738,46.969307
254.396131,3.328455,56.783276
254.001907,3.546886,70.360833
253.467237,4.811249,83.992388
252.458150,7.501530,101.077515
251.336010,10.599515,116.284957
250.381235,13.418181,133.051512
249.804644,19.099607,146.080934
249.731831,23.460506,162.229166
250.071270,34.070290,173.484892
249.122631,52.029096,188.203317
248.658156,70.104703,199.386143
247.195359,81.634621,213.565472
245.619058,92.282993,225.728140
242.995202,100.515115,235.646877
239.471649,88.295286,240.262287
237.671455,68.876028,245.441562
236.204822,46.641416,247.687955
233.952379,33.700865,248.249471
228.761844,20.565752,248.205139
218.889680,14.467812,248.739958
204.814393,12.677125,249.769361
182.469984,12.119790,251.384624
161.145223,11.993506,250.931920
143.715668,11.702136,251.111815
128.729621,11.172606,251.296411
116.719376,10.956992,251.553076
102.288503,10.203711,251.301728
90.927236,8.692268,251.582962
80.064225,7.070049,251.975789
67.716635,5.322084,252.855966
53.542406,3.676404,253.406878
37.824944,2.618910,254.024801
24.803944,1.718351,254.388219
13.550286,0.780705,254.603789
5.104268,0.301508,254.744755
1.822833,0.128240,254.840908
0.392639,0.096858,254.865420
254.710152,0.967907,28.974989
254.561210,1.522332,35.768998
254.537186,2.575005,42.895640
254.095850,3.320969,51.489932
253.750091,4.072546,62.542362
253.084259,5.267268,76.487704
252.018142,7.915358,95.749368
250.351658,12.308318,111.507403
249.162481,17.775559,131.044524
248.889016,24.011636,140.942370
249.152858,30.536779,155.208386
248.367525,39.404972,167.232816
247.177165,56.860725,180.630007
246.114319,75.776838,191.349860
242.540599,86.358011,207.021742
239.675133,94.571465,218.343534
235.816733,94.863585,225.254415
232.717217,87.058515,233.530715
230.828946,71.319721,240.319662
229.550989,51.753376,244.099562
225.337209,35.683984,243.698136
221.100004,24.261121,243.964863
212.560420,16.346276,244.594030
198.869869,13.754041,245.751010
177.131718,13.522353,246.708407
154.368156,14.225394,247.029977
141.055032,14.118533,248.475649
124.364945,12.329151,247.942494
113.036691,11.751821,248.194872
98.942171,10.706569,248.292420
87.507655,9.691006,248.526292
77.485078,7.118380,249.082938
64.940598,5.486112,250.446126
50.135016,3.606701,251.714787
35.266337,2.223765,253.257524
21.003049,1.474863,253.679463
11.551184,0.649915,254.270701
3.997194,0.291581,254.566135
0.999464,0.159903,254.741805
0.140600,0.079127,254.913957
254.610085,0.817334,22.287840
254.530869,1.215195,25.588329
254.319897,1.865946,31.815898
253.956992,3.307839,42.152237
253.390769,4.523502,54.090327
252.276645,7.099674,68.184955
250.746791,10.107360,86.313301
249.367497,17.829908,104.846973
248.385433,22.997352,121.065084
247.734583,30.459692,135.388824
246.992190,35.746135,146.624916
244.550961,45.291852,159.327047
242.784069,61.048582,169.710724
241.025975,79.506753,181.963175
237.352961,86.009847,196.167158
233.809790,89.640167,210.010116
230.574680,87.851544,218.931611
225.749499,84.723903,223.190785
221.983331,74.406732,232.403512
219.143353,56.276869,236.980394
217.402488,39.759223,238.529311
211.108025,26.732538,238.552358
201.333090,17.938987,238.208861
186.837954,14.496193,238.212964
165.918852,16.085768,239.086932
151.361178,15.885085,241.972422
133.481869,16.302859,243.965191
116.848164,12.169623,242.321584
105.760674,10.087790,242.611058
94.251333,8.809257,242.699480
83.627990,8.439017,243.784405
73.557430,7.218923,245.388580
60.408361,5.045580,246.546432
44.713012,2.586169,248.156557
30.229100,1.842594,249.830148
16.545192,0.931324,251.643931
7.708392,0.561785,252.931736
3.339970,0.414459,253.822659
0.780127,0.350624,254.333914
0.245524,0.334621,254.686034
254.560009,0.615199,12.764361
254.554450,0.769470,16.256226
254.257314,1.586827,21.060488
253.686583,2.636950,29.062709
252.717997,4.405711,41.091063
251.065447,8.401300,59.281483
249.517973,13.227581,75.643070
248.565720,22.338155,95.775210
245.638150,26.064863,110.277938
244.030755,34.852133,126.799228
241.364099,41.761035,137.594019
239.228853,51.892040,148.686587
234.721839,57.592831,156.304298
231.833544,69.865876,167.181249
227.298558,80.891322,182.365469
223.507255,82.342347,194.664129
219.799081,78.602240,202.383739
214.869680,74.371514,208.386282
207.871156,65.718093,214.482409
205.097376,52.502696,219.817054
201.211051,37.222455,224.449467
195.833135,24.894695,225.952279
185.660444,19.158543,227.883205
172.813719,16.664130,227.809608
153.889532,16.404806,228.180318
137.163780,15.721800,230.231740
119.880935,13.825568,230.334949
110.318019,10.639830,235.109879
99.403703,9.114200,235.692083
89.406413,8.386088,236.651175
79.866763,7.292807,237.740180
66.648387,5.783291,238.774077
52.723027,3.830502,240.221259
38.395787,2.502752,243.280792
23.075735,1.226725,245.518017
11.839585,1.123036,248.425616
5.964008,1.020380,250.960821
2.387385,0.683962,252.594982
0.532588,0.676129,253.564052
0.252512,0.759370,254.033968
254.727875,0.342204,5.051102
254.613839,0.438449,7.539737
254.212742,0.968514,11.723832
253.547763,2.423755,18.064211
251.785964,4.188237,29.173656
250.172488,8.327198,43.446122
247.187024,14.456410,60.831806
243.732669,22.944159,80.293798
240.935387,27.171883,98.660729
237.084593,35.601108,112.914058
235.484166,43.477083,129.315377
228.560222,52.257553,137.415685
225.073840,58.011347,144.721977
219.973791,60.498866,152.935201
215.051346,67.325556,164.600803
207.403093,70.182972,173.512440
203.884174,69.582962,182.082034
198.393168,62.829774,190.044222
192.777706,52.723726,193.922404
187.604301,37.984753,197.667334
184.725315,30.018378,204.511664
176.686044,22.220122,205.687254
163.984678,19.386604,207.366165
152.526108,20.273354,211.360582
137.132555,17.149678,213.769609
124.827394,15.654698,217.713983
110.704072,11.502236,217.942527
100.076972,10.081684,222.086242
90.583961,8.031256,226.011569
80.905479,7.016458,228.368095
69.395638,6.618461,228.293379
52.347606,4.884328,229.074485
41.484156,4.086952,230.808592
29.034270,2.216467,234.136835
18.013583,1.989363,240.004202
9.030230,2.041747,243.893603
3.982672,1.669887,246.984664
1.302320,1.654834,249.766874
0.382540,2.051596,251.940979
0.321521,2.312538,253.048197
254.767645,0.198082,2.184318
254.620144,0.374590,3.326311
254.225040,0.729107,5.225320
253.181251,1.482236,8.595003
250.795915,3.043125,16.120723
246.416874,6.501548,27.576909
240.172477,12.425214,47.197058
235.999637,18.990818,63.898851
231.127222,24.842574,81.268906
226.186781,30.327497,97.705040
223.591591,39.710748,114.695587
219.337499,47.315764,124.042905
213.256830,50.652978,133.046510
206.695404,52.213923,143.949211
201.205742,53.682539,149.594506
195.538289,54.864931,155.635616
190.545765,55.691071,164.989543
182.267905,48.839662,172.162998
176.090631,42.092557,173.869921
171.232419,35.877483,177.364149
165.737538,25.810469,183.900298
154.600740,21.453312,185.358164
145.172639,17.658548,189.089510
136.339453,17.311505,194.541246
125.185132,16.655581,198.529385
110.934923,12.205241,201.183768
100.479036,10.567292,207.261605
87.862518,9.722305,208.816073
78.852400,8.193052,213.712642
65.979648,6.686137,214.958959
54.355143,5.462624,216.357413
41.351721,3.978940,220.141889
29.950510,3.742352,221.425318
21.946316,3.065744,225.750348
12.711037,3.106611,232.693230
6.766215,2.922338,237.549112
2.484210,2.808597,242.124884
0.906957,4.064711,246.761660
0.795197,5.588917,250.047230
0.677192,6.352310,252.179885
254.789615,0.123290,0.623049
254.581377,0.185302,1.047699
253.891999,0.386812,2.449734
252.377932,1.085027,4.655673
248.142727,1.899477,10.057180
242.440161,5.089358,19.084945
234.147068,7.505566,31.665767
228.980799,12.597383,45.952856
222.129945,17.909425,63.563014
215.446555,23.210209,80.113925
210.853166,27.573995,92.817022
203.859301,37.306006,107.687877
197.023887,37.625104,115.902274
192.820970,41.950990,124.999070
186.508709,41.898695,131.537769
178.047163,41.319066,136.756250
171.423613,38.818920,141.660806
166.050784,37.920567,150.720699
160.036165,34.956989,155.237044
155.466866,29.768038,158.665448
147.019410,21.531245,162.120189
137.698634,17.762880,166.496189
130.902983,15.324855,172.995261
122.365350,14.486660,177.480755
107.214184,12.339044,180.805128
93.790178,11.865096,183.949322
81.645818,9.944129,188.561396
71.267521,8.604050,192.621930
61.418079,6.722664,195.105066
49.677869,5.836440,201.255670
39.068412,4.114367,204.121470
26.646867,3.682364,209.009006
21.895268,4.006049,211.546686
14.883593,4.143565,217.923855
8.627741,4.495345,223.987589
4.544820,4.274599,230.709594
1.559899,7.003562,237.505229
0.945014,9.306218,243.953175
0.871949,9.924314,248.013060
0.862435,10.692830,250.544737
254.866055,0.151081,0.117933
254.483488,0.294547,0.310314
253.222259,0.371528,0.729544
249.903719,0.558760,2.259257
244.273125,1.469287,6.423688
236.742321,2.675120,12.827695
229.275261,4.455066,20.910354
220.452349,6.235964,31.752481
210.592736,9.967602,47.852789
203.820808,12.877103,61.146165
198.441412,15.985376,75.114113
191.099182,21.756435,88.074801
184.900710,26.918272,101.289895
178.194964,26.265626,107.378091
169.871186,28.618768,116.095575
165.426182,28.843048,121.650634
160.519331,30.434252,128.221461
153.463346,29.726624,133.538984
147.127933,27.306674,139.740917
138.579676,22.346667,141.326850
132.950274,17.912590,146.995198
122.019453,14.660724,149.710668
114.708776,11.254577,154.989901
102.682745,10.600237,158.021861
89.667340,10.380092,162.341746
74.244152,10.709458,165.601261
66.921220,8.483046,172.445945
60.330968,7.293242,179.569418
51.815677,6.045160,185.388391
38.976362,5.129019,188.163049
29.162163,3.340652,192.840869
17.255923,3.973642,199.679604
14.058409,4.150992,202.730324
8.571527,4.798864,207.080340
5.354922,6.161486,216.363857
2.657522,8.474546,225.140845
1.819851,12.002670,233.093293
1.711211,14.689329,240.399520
1.785622,16.691057,245.630103
1.697393,17.993191,249.253539
254.609596,0.543772,0.122608
254.082046,0.628302,0.204782
251.710981,0.713276,0.421389
248.307914,0.738894,1.068227
242.315021,1.325970,3.724819
232.406652,2.018896,10.221886
223.980309,3.514958,15.903837
213.224967,4.006607,25.740841
204.864846,4.751228,34.112797
196.022015,7.181412,48.119053
188.615695,8.697783,60.226240
181.887848,11.866632,70.615404
172.474572,17.514275,84.998654
165.492188,20.703086,92.943284
159.626904,21.032597,102.258818
154.651276,22.345134,106.773029
147.727234,22.579236,111.547441
140.902662,21.647173,116.401881
131.180064,20.289464,121.808778
123.047777,15.299040,125.091536
114.546555,13.666485,125.776058
105.069787,11.644857,132.203032
96.806308,9.422863,136.582565
88.690600,9.180018,142.263621
75.890564,9.171623,149.026657
64.188882,8.378970,155.035580
54.810946,6.596686,160.524389
47.734338,5.130144,166.727030
36.203304,4.784208,172.026932
27.075435,4.218735,176.642766
19.050251,3.790156,183.267600
12.927357,4.038484,190.838306
8.446849,5.069146,196.590197
5.648044,6.117112,202.942558
3.978498,7.986277,209.540821
2.204425,13.313521,221.355796
2.207777,18.203305,231.066530
2.308695,22.163557,238.627876
1.816291,26.432439,244.520123
2.031359,29.275122,248.398483
254.278145,1.839390,0.163118
253.127988,1.846872,0.196614
250.247995,1.798499,0.323510
244.789187,1.661133,1.060621
237.221231,1.997447,2.313390
230.519074,1.993290,5.979828
218.407378,2.787305,14.223906
206.385530,3.279048,21.140847
197.215186,3.543670,27.694536
188.426997,4.242674,35.886434
180.464074,6.937827,48.760705
173.025134,8.456575,58.597688
163.577920,11.459330,70.767149
156.216071,14.861903,79.596565
149.996813,16.989614,87.771191
143.648082,17.322983,93.664033
137.709864,18.406969,99.978315
127.652633,15.940399,102.418842
117.113965,13.212606,105.795986
107.582917,12.531262,109.921037
101.479022,11.021779,113.633296
92.731388,8.849652,118.803110
82.622712,8.435807,122.418656
72.847127,8.469653,124.753623
61.865061,6.868249,132.296522
50.524765,6.251924,140.596352
44.867076,5.570561,147.750641
37.183745,5.254211,154.961842
26.323244,4.249730,162.995436
17.367052,4.473929,168.587159
12.354080,3.691915,175.063815
8.351587,4.555798,181.806096
5.851174,5.577579,191.962082
3.773711,8.514670,198.983397
2.521317,11.543599,207.130362
2.307713,17.788814,216.919029
2.623353,25.372384,228.794350
2.607417,30.717575,238.022880
2.166235,35.084078,244.213589
2.103276,38.358234,247.800864
253.694850,5.015217,0.130292
252.214921,4.467678,0.190778
247.548504,4.111451,0.256174
240.279245,3.984296,0.917115
233.830194,3.841159,2.426231
224.141179,3.075276,5.181378
211.397380,3.299346,10.032875
198.766426,3.409659,15.511025
190.025196,2.843344,21.336824
181.958766,3.325691,28.594815
173.829895,4.206213,35.713806
162.770224,6.470508,44.736292
154.851666,8.250144,55.441932
144.876666,10.055328,64.106441
140.506068,11.688855,73.531464
132.797810,11.616602,79.812502
124.770119,11.732339,84.714928
114.426642,11.794136,89.834912
105.186149,11.603179,93.329740
98.725544,11.115085,98.279979
88.246904,8.515891,102.634498
79.226923,7.250463,105.649126
69.225070,7.445850,110.606460
59.360710,6.839495,111.656109
48.292371,6.061160,119.198083
38.459356,5.170585,125.774402
30.801354,5.309904,132.029000
24.017570,4.846369,140.559739
14.618067,4.707218,149.493065
11.667770,4.498271,160.466503
8.246741,4.827078,168.521829
5.436124,5.615733,176.134200
3.577975,7.777544,184.434575
2.801013,11.995071,196.151681
2.119998,15.865388,205.627549
2.188175,22.468858,216.694376
2.829228,31.901124,228.455878
2.520601,40.593818,238.085541
2.778688,45.825001,244.902202
2.710706,48.553610,248.460539
252.483907,10.291672,0.330557
250.067114,9.727666,0.371126
244.332806,8.091464,0.366861
237.458488,7.240873,1.076950
230.125868,6.483102,2.093812
214.583305,5.105526,5.211013
202.774180,4.243872,7.554062
192.014506,3.260773,10.899898
184.083579,3.149808,15.137801
174.048271,3.131517,19.602829
163.035087,3.911131,25.583611
153.906055,4.363101,30.566735
144.922185,6.180052,41.429448
136.010181,6.702906,49.695821
129.175196,8.611814,57.514782
120.528737,8.474436,63.984152
113.525050,9.612994,71.637650
99.872905,9.427633,72.943212
92.535651,10.031328,79.446398
81.255874,7.802570,81.617462
75.433837,7.477236,89.629886
62.876800,6.080122,91.887177
54.923478,6.182615,95.341910
46.289363,5.200570,101.523357
37.639630,4.615404,106.748028
28.731943,4.145686,114.808992
23.233040,4.979475,124.575131
15.082680,4.720276,129.030509
10.281538,4.912502,142.867643
7.343324,5.497167,151.010001
4.939611,6.294670,161.213666
3.997972,8.742678,170.708524
3.107602,12.463830,180.336301
2.881657,17.287952,192.799393
2.806980,24.196617,203.875899
2.202237,31.569015,214.956445
2.714719,42.387965,229.445625
3.249749,51.716750,239.883094
3.445226,55.840096,245.315493
3.031124,58.736772,248.369497
251.467740,16.545600,0.589507
248.313229,15.626132,0.655445
242.498382,13.185603,0.760351
234.596011,12.271809,1.116087
223.921531,11.161560,2.446408
208.693808,7.895944,4.130488
195.487769,5.389445,5.960442
186.970160,4.094135,7.185640
175.281989,2.807601,9.521340
164.331399,2.834868,12.102346
153.815654,3.131671,17.122554
145.255714,3.541425,21.282271
136.617441,3.968446,26.830759
124.911450,4.219117,33.078492
117.049185,5.435018,39.805229
104.700233,6.536369,45.075143
92.315260,6.442635,49.874730
80.720505,6.440711,54.311116
72.921938,6.590364,58.929391
62.616368,6.415747,61.793451
52.851703,5.493343,65.166771
47.032702,4.841488,72.652461
40.496102,4.692720,82.754093
31.420402,4.555626,86.332181
25.669550,3.784985,93.821310
19.186798,4.150540,102.576681
13.945636,5.215406,112.784934
9.950853,5.510229,123.478701
6.827981,5.866792,132.816662
5.190605,6.963002,144.391089
4.286068,9.343518,154.442086
3.456832,13.067629,165.427103
3.159150,17.636098,176.671725
2.985270,24.268978,189.869198
3.312284,33.958348,203.701794
3.209568,44.394335,216.644722
3.483001,54.940284,229.055938
3.918407,61.888955,239.643357
5.053927,66.356493,246.279018
5.263419,68.776178,248.983781
249.442609,25.119724,1.438095
245.870391,23.947684,1.617837
239.432886,22.358870,1.496646
230.030172,17.982498,1.644084
218.627254,15.755825,2.207433
204.825104,12.080800,3.516503
192.701976,7.854445,5.089830
180.638480,5.848137,5.669294
166.448774,4.196820,6.497018
156.121491,3.615466,8.755010
145.780327,3.221367,10.894923
136.733577,3.521165,13.594315
126.331920,3.664420,15.595710
113.822298,3.987354,19.844480
100.109796,3.797195,23.078292
87.775679,3.559005,26.628561
73.187488,4.394621,30.265989
63.948563,4.556970,36.693000
55.129964,4.464228,41.577958
47.210378,4.231172,45.823481
39.475852,4.286321,50.663169
33.007860,3.326599,57.622248
25.779428,3.339662,64.064362
21.002202,3.507564,73.822524
16.774374,4.396761,83.435163
12.194981,5.432663,92.187955
8.419711,6.117579,102.912202
6.788354,6.790469,114.635585
5.251375,9.412945,124.114179
4.333855,11.954510,137.075542
3.696432,15.155215,148.699849
3.298230,20.286740,160.823543
2.876168,26.232869,173.004358
3.062660,35.030116,187.452998
3.731943,45.520776,204.022752
4.351621,54.095611,218.113584
5.312073,66.263560,231.366598
5.854731,73.160156,239.980476
5.723487,78.651422,246.698419
5.733172,82.648743,250.094361
247.963692,35.994244,2.159178
244.955539,34.640124,2.144738
238.446035,30.595574,2.175557
228.300099,26.707151,2.464833
216.468336,21.750431,2.622603
200.139007,16.776834,3.211736
186.780322,11.955209,3.959399
172.423279,7.951227,4.719712
160.810779,5.858501,5.401000
150.879394,4.696757,6.120473
140.455064,3.929090,7.633248
129.964220,4.149607,9.249567
119.890227,3.685268,10.648672
104.494704,3.460914,12.432595
88.639370,3.457096,13.187892
76.369257,3.062317,15.396628
60.907461,3.124298,18.223083
47.045640,3.113647,20.603484
36.415800,3.446194,24.102884
30.863970,2.983744,29.948318
26.620818,2.714697,34.675612
22.143402,2.672431,44.345087
17.345398,3.392124,53.195637
13.104897,3.876811,61.949171
8.990611,5.201952,71.953732
7.436377,6.809197,84.113850
6.053333,8.456660,95.934260
4.998627,11.517895,106.784112
3.999246,13.865103,118.669392
3.248219,19.031913,129.765749
3.296786,25.401325,143.851427
3.797172,30.513905,155.215680
3.979570,37.032683,170.648547
3.896850,45.923577,185.240649
5.087888,54.748378,201.573146
6.408364,68.184362,219.391302
6.079505,78.542278,233.379965
6.898648,89.335190,242.129909
7.084148,96.222297,248.451745
7.457114,97.320072,250.745596
248.334568,45.367894,4.014791
244.424805,41.532037,3.597177
238.234787,39.186495,3.414283
228.212007,34.067742,2.847571
215.004752,28.105554,3.205602
199.771701,22.827037,3.250930
183.076602,16.545845,3.764083
168.998501,12.799674,3.777556
155.054753,9.233470,4.112294
144.875840,6.854297,4.635315
135.443621,5.683074,5.001368
123.071256,4.372208,6.040906
112.691318,4.407644,6.146213
95.811526,3.810848,7.011220
80.191824,3.643000,8.627120
67.331750,3.394381,8.924555
48.696130,2.750643,9.492642
35.697968,2.515810,10.913124
27.462695,2.420432,13.225466
20.491286,2.550673,18.451213
15.705312,2.540782,21.806246
12.654369,2.798591,30.511066
9.242699,3.681139,41.107873
8.035665,4.582933,51.908321
5.950358,5.424240,63.921726
5.645791,7.982609,78.283138
4.447161,11.237298,90.310032
4.081928,15.976391,101.837974
3.968309,21.505141,113.712326
4.082714,27.375618,125.932356
4.552668,32.524664,140.139223
5.145391,38.727039,152.459237
4.767736,49.079325,168.633478
6.692843,58.290965,186.370852
7.592094,69.478508,201.032987
9.915682,84.864596,221.752569
9.374351,98.329369,236.537290
8.917615,104.951145,244.231810
9.026244,107.600347,248.982035
8.822130,108.050133,250.631110
249.388999,53.573454,5.102216
245.062583,51.688949,5.323149
239.462168,47.541388,4.328270
229.232247,43.243008,4.635305
214.357325,38.064448,3.896174
198.765459,32.287060,3.740895
181.055374,25.092242,3.677852
163.673700,18.558851,3.634262
151.304167,15.088129,3.402841
140.858202,11.440304,3.733973
130.984953,8.851164,3.879349
118.928250,6.538667,3.818079
104.421684,5.517239,4.297253
89.751139,5.196307,4.211362
73.626457,5.040733,4.738939
59.405649,3.933612,5.438354
42.330407,2.936036,5.579459
29.875559,2.476924,6.778612
19.360178,2.670094,7.191111
12.720191,2.596152,10.414906
9.495402,3.266662,13.672673
7.864452,3.710697,21.809667
5.862128,4.442918,30.696025
5.363601,5.250221,43.149611
3.784734,9.010521,57.447142
3.549504,13.055988,68.251180
3.449642,18.548768,84.209607
3.928867,22.958785,97.433607
5.115043,31.075413,110.264884
5.517088,36.841533,121.396208
6.108311,42.467484,136.265725
7.134321,51.270651,149.077651
8.007427,60.356956,167.115678
9.195660,73.764427,185.575200
10.153512,84.161294,202.528804
11.833405,102.452867,223.352358
11.301776,111.713884,235.422371
11.974386,116.583453,244.953344
12.291360,117.431636,249.364721
12.886947,118.798387,251.395540
249.863869,62.742557,5.919748
245.394806,60.999919,5.839079
239.690118,57.804473,5.712145
227.478124,54.308290,5.063310
214.549204,48.695777,4.880916
197.424730,39.578640,3.847488
178.582571,36.100889,4.364287
161.549872,28.697954,3.401365
149.945891,23.732794,3.554248
137.750932,19.600057,3.408228
126.304915,17.158054,3.647967
114.739109,14.485035,3.227161
97.902506,11.816312,3.061099
84.038239,9.126484,2.820370
66.787778,8.462691,2.939011
50.964503,5.455838,2.375873
37.486935,4.688898,2.323563
23.500208,3.250691,2.611732
14.200892,3.156901,3.559823
8.545762,3.454177,5.664072
6.662517,4.205137,9.099008
5.386195,4.881658,15.215005
4.330096,6.780193,23.854451
3.741116,9.222337,34.964876
3.848409,13.923519,49.101186
3.904506,20.232990,65.216913
5.009038,28.307066,79.902236
6.999573,35.384913,91.494659
7.539749,42.928821,105.815748
8.353661,49.956137,119.447738
8.520718,59.112855,131.366118
10.413500,66.393274,146.891007
12.720459,78.916781,165.915011
14.437488,90.397949,183.421279
14.604012,103.646352,203.424357
14.294367,116.861869,222.327511
14.342767,123.109295,234.486185
15.431493,126.350303,243.739404
15.517977,128.766181,249.556895
17.675477,127.543032,251.462412
249.298199,72.166037,8.218948
246.494793,71.000828,7.697588
237.516476,69.751502,7.083093
228.168969,65.565164,5.831816
215.520536,61.162673,5.910794
195.000016,54.849896,5.714142
178.556554,48.354299,5.528868
162.075496,40.926780,4.341652
148.655056,37.848590,3.903446
136.364976,31.532957,4.080833
125.609959,28.413274,3.713821
111.569171,24.545806,3.500869
97.040732,20.197064,2.626282
79.557982,15.177827,2.258577
64.631089,13.032921,2.120495
46.012076,9.406418,1.815547
32.662023,7.663709,1.955494
19.959816,6.242573,1.778933
10.952477,5.377648,2.229224
5.245629,4.120498,2.502284
4.735208,5.585896,6.432387
4.312819,7.117695,11.180228
3.661059,11.226976,19.448721
3.310287,14.015300,28.579090
3.655125,21.610760,45.462365
5.563854,30.654392,58.606692
7.708142,39.710674,74.699856
9.845416,45.674792,89.053770
10.807739,53.361440,102.007629
11.453192,64.281993,115.395111
11.870401,72.124448,129.188848
16.639020,83.835268,145.218681
18.098181,92.930884,163.234096
20.606225,105.397175,185.100206
20.837685,116.487152,201.873979
19.835509,127.094060,221.978704
20.648699,131.661627,233.175647
22.705086,137.094474,243.572610
21.298229,139.469364,249.109393
23.978499,136.937369,250.813494
249.900039,80.491126,8.340064
245.024666,79.505446,7.857438
238.855406,77.250951,7.872062
227.759179,76.464800,8.037154
212.657964,73.389119,7.148274
196.343635,69.752153,6.815779
178.056837,61.446606,6.621516
160.766345,56.933553,5.979620
148.175357,49.848000,4.625659
136.880774,45.105941,4.670145
122.842957,39.926385,3.642357
111.007694,35.945913,3.647791
96.409610,31.241083,2.987934
76.929661,23.936968,2.128204
62.715395,20.778403,1.690159
43.958462,17.004850,1.719303
30.300629,13.262140,1.737657
18.180384,10.751759,1.648882
10.662991,9.505394,1.775425
6.045457,9.540752,2.425773
4.461841,11.389977,4.151481
3.808348,15.019673,8.942253
3.309889,17.613384,16.684811
3.872851,20.988316,24.495033
5.069326,31.479601,42.023126
7.184562,39.750422,56.561586
10.098354,49.543109,70.954460
12.559718,58.315397,84.433038
13.085954,70.010304,100.527780
14.279160,76.697978,110.685067
16.439249,85.988369,127.750710
21.003804,97.296639,144.095194
24.191240,104.594766,158.843100
26.202504,116.531944,182.207545
28.067284,123.930748,198.750689
28.915048,135.492311,218.008411
32.515092,142.821318,233.454776
35.061238,144.774529,242.187011
34.443847,146.312266,248.300854
36.070228,146.017226,250.782179
250.426072,91.291166,8.761788
245.865907,90.227807,8.172766
237.176603,88.348953,8.500202
226.634304,87.250910,7.921058
213.613178,84.663681,7.599361
197.588555,78.952732,7.092771
180.378857,72.121396,7.813489
163.305582,68.466763,6.665892
147.877272,61.660227,6.240377
136.224804,58.761569,5.884650
122.550770,53.957950,6.239581
109.456108,49.309601,4.769634
96.445274,43.857470,4.133337
77.196631,35.814937,2.476565
61.570717,31.614805,2.129156
44.941894,26.570855,1.586106
29.705135,21.171498,1.573099
18.421185,19.107168,1.397208
10.979199,17.835518,1.906794
6.755696,18.501912,2.191912
4.153313,22.295500,3.604383
3.421861,26.803307,6.674923
3.141758,30.186590,12.914858
4.153349,34.485293,23.059356
5.338658,44.324653,38.955170
8.639529,54.570723,54.634492
11.416170,65.281924,69.243838
13.880592,75.731487,84.024669
14.497991,82.539539,97.654225
16.855510,91.545025,110.732094
19.687143,100.318888,125.659520
25.315246,110.082587,143.321110
28.092801,115.711236,157.702490
30.196158,126.400815,175.740739
36.116093,134.224266,199.685033
41.004574,143.509001,216.229743
45.429332,147.257556,231.451745
49.607945,150.351884,241.046401
53.297463,154.624524,248.010292
53.490051,157.900688,250.194764
250.361455,101.838013,7.568907
246.107991,101.791833,8.172693
238.637546,100.286796,8.372054
227.053030,98.139354,8.494340
215.145842,94.951323,9.656211
199.557071,89.494359,9.913560
180.833701,85.841490,10.443550
163.618635,79.841495,10.467624
146.655065,75.188502,9.390729
135.577333,69.797612,8.500629
122.146733,65.284325,7.148282
109.908031,61.994963,6.736003
96.839103,58.144237,6.182960
79.442601,52.366035,4.408361
60.687408,45.895623,2.449013
47.188280,41.347861,2.233630
32.284492,35.727416,1.855796
19.708311,31.616314,1.345623
12.373670,31.713288,1.530274
6.905425,34.206833,2.134776
3.664592,38.551415,3.717787
2.949819,41.307351,6.069220
3.104868,45.096570,10.448935
3.841297,53.588516,21.242831
6.114149,61.441009,36.399293
9.746065,72.347050,53.999016
12.238914,78.655264,67.099390
15.470095,88.392145,81.669231
18.653859,98.544044,94.254166
21.065227,105.912718,109.250635
26.033068,116.383346,123.558987
28.124105,120.227227,138.590334
33.155352,126.614740,155.576337
38.887573,133.494672,170.979108
46.521588,142.823030,197.261646
54.438274,150.649543,214.214139
60.292291,154.886691,229.791788
68.280154,159.609847,241.024959
71.130564,164.668593,247.105526
72.492998,167.407158,249.903703
249.772115,109.930700,7.901446
245.486182,110.325200,8.453166
237.911947,108.792166,9.256222
228.023817,106.617167,11.294001
214.735700,104.694601,12.601306
199.031809,100.689641,13.810377
179.100211,96.348864,15.024012
165.275100,93.523305,14.980929
148.042062,87.708645,12.808757
136.291714,84.165126,11.431682
123.755629,81.186072,9.978600
109.032855,76.427737,7.889477
95.504957,73.775119,6.650617
79.805246,69.480027,5.972125
64.093877,63.905878,3.568974
48.404950,58.747567,1.979380
36.048004,56.579191,1.861686
22.726579,52.530263,1.757183
11.921323,50.932992,1.470717
6.611551,53.754813,2.106670
3.382275,56.062308,3.636476
2.740328,61.487228,6.221692
2.373376,66.175580,11.429622
3.746392,71.547046,19.425407
6.169228,79.219692,32.895779
9.573958,87.624432,50.183260
11.637471,94.497917,65.558664
16.047288,104.611334,82.098366
20.080223,111.264861,93.285529
24.228801,119.786759,106.569406
27.306609,125.039083,120.384582
32.872203,127.544177,134.535061
38.882668,137.414717,151.998860
48.649885,143.009910,167.544690
61.010771,153.048379,190.407273
68.606066,160.343845,211.291112
87.430812,170.914546,229.187450
89.631768,171.778354,240.428365
91.701756,173.981392,246.423157
90.857854,178.562899,249.307493
249.811784,119.506276,11.055236
246.282011,119.070054,11.464545
239.757548,118.315958,14.817871
228.135413,114.893486,15.241051
214.445353,112.394728,17.148489
199.002306,111.180064,15.975882
180.418833,107.133990,16.858501
165.702716,104.081590,17.896038
147.945393,98.931177,17.422895
135.710186,97.038259,14.174781
123.087688,93.960112,12.263417
107.933614,90.772399,9.222335
93.405795,88.648096,8.341616
80.762433,86.881018,7.079462
67.220949,82.440563,4.433517
48.109383,75.920874,2.191771
35.855456,78.156508,2.023868
23.209554,76.303343,1.667762
13.592462,73.511375,1.885763
8.146955,74.866048,2.380262
3.750136,79.909503,3.982492
2.233569,83.526953,6.562016
1.862425,86.637381,10.997584
3.249585,89.518332,18.187171
6.296165,97.732143,32.732524
9.043716,103.439355,49.659754
11.787020,112.829296,63.244950
15.548629,118.338584,78.886988
21.148503,122.412589,91.390490
25.099838,127.367670,107.034901
29.131585,130.964679,115.305669
36.012083,136.769497,130.559713
45.394548,144.793028,147.987005
56.320970,154.802199,167.239682
73.647079,167.437195,187.797995
92.780034,177.903629,209.970444
103.012095,184.201336,226.334250
107.197405,186.830712,237.686746
112.232030,189.467386,245.060767
113.110479,193.065904,248.679710
250.567662,129.561364,12.830642
246.660024,128.282572,14.704261
240.486050,126.186475,17.584737
229.527103,125.982653,20.505548
214.683908,122.718297,19.724813
200.969709,119.924714,18.189496
182.077783,116.882916,19.590255
165.043656,114.850683,21.567367
150.058350,112.395894,19.161072
136.777724,108.957842,16.833185
124.016812,107.570861,13.994310
106.765845,104.415470,11.784943
92.315312,103.249295,9.025991
79.590832,101.128009,7.745805
67.046409,98.270886,5.227660
48.248485,98.612415,2.599288
34.998775,96.646487,2.125300
24.392362,98.378719,1.670954
14.353045,96.092919,1.634499
7.002394,98.496611,2.077157
2.888892,99.834343,3.280087
1.602219,102.106007,5.568331
1.456708,103.823697,10.137522
2.963032,109.352540,17.827213
5.121740,115.811551,31.815188
7.406902,120.909809,45.418479
10.734301,125.489616,60.543031
14.196542,129.817500,72.783359
20.872374,134.177728,87.049809
26.143282,136.096316,100.711143
31.527970,142.622189,111.541748
38.039782,147.561562,129.621555
52.761865,159.426205,147.669581
68.269512,169.725936,165.715585
86.542975,187.725343,187.196806
103.743233,196.020877,207.302261
115.103825,199.333002,221.005016
121.970133,201.704582,234.843496
127.274959,203.471024,242.584488
129.203046,207.179396,247.893441
250.797977,139.680842,13.790465
247.262288,138.529743,16.093051
240.628291,137.601145,18.187018
229.810714,136.918270,22.143177
218.436898,134.799859,21.386843
202.090429,130.714113,21.978025
181.788258,129.233341,23.443043
165.307815,126.158626,23.185747
149.173656,123.589539,21.291627
135.990028,119.733486,18.137051
122.259600,119.728987,15.062534
107.027336,117.322898,12.069597
93.348991,113.293511,9.046793
78.787102,112.392398,8.416385
67.898810,112.312526,5.799872
51.549512,111.390564,3.245441
33.698020,112.151419,1.818991
23.587255,113.753965,1.516349
14.915684,117.432295,1.546670
7.517153,118.051965,1.869556
2.623796,118.320426,3.047772
1.291760,119.004446,5.261343
0.993951,122.581167,10.022876
2.451049,124.873220,17.708804
4.374664,129.000980,28.628900
6.365962,132.742833,44.361413
8.655550,137.702464,57.372532
12.284714,140.183364,66.655783
18.576927,146.310837,82.533534
23.888440,150.297522,96.589783
31.009834,154.571050,108.893008
38.856854,162.640280,122.819637
51.953161,170.742272,143.694316
74.989989,187.997466,167.421514
95.797074,202.347300,185.325331
108.460106,210.518252,203.919166
121.634481,212.068333,217.274701
130.108027,215.830916,230.428365
138.546332,218.756639,237.926165
143.799816,220.784723,246.686194
250.912507,148.854666,14.432718
247.063814,148.730627,18.264538
240.311154,146.876017,19.136753
231.650057,144.899619,21.730384
219.000190,143.160212,22.552131
202.854283,140.408725,24.586341
181.512593,141.467219,24.660068
165.093060,139.295842,23.814013
150.834418,137.221080,22.419225
137.652509,135.497956,20.279587
124.885937,131.612936,16.920685
109.272661,126.591536,12.709723
94.684346,124.766638,10.273824
78.821580,122.158715,8.496380
65.650602,122.935928,5.545294
50.194506,123.672489,3.655317
32.526201,125.040008,1.765083
22.062122,127.718326,1.265417
12.589411,132.903687,1.295087
6.715866,135.464514,1.614794
2.960556,134.039776,2.265944
1.361676,135.095845,4.848072
0.838030,137.048401,9.240053
1.529440,138.296869,15.521990
3.028333,139.980241,27.422103
5.180501,142.984890,39.593833
8.220511,146.777596,55.428518
10.396962,153.163288,64.528491
14.743028,157.528660,80.408707
20.890065,161.425988,92.209084
29.341080,166.435833,106.186221
39.061893,171.822594,121.648436
56.287599,186.142380,140.425434
75.173514,200.629348,164.521165
97.585033,213.657902,188.034597
108.567958,219.036358,200.004728
120.745603,223.171695,214.258802
127.873055,225.107932,230.336289
132.994167,227.581908,236.766131
134.744930,228.641044,246.123289
251.266861,158.585339,16.097031
248.099418,158.464497,18.961086
241.902490,157.168580,22.110979
232.294121,153.543646,22.340762
219.112867,152.514274,22.452306
200.009460,153.480280,23.470287
181.191652,153.105361,23.078563
166.237118,151.154631,21.508639
152.336997,148.696857,22.726418
139.063427,146.036336,20.051338
127.756763,144.251034,16.831138
110.733898,139.262174,12.488259
94.048457,136.060501,10.039302
80.177582,136.120624,8.470921
64.260074,134.077653,5.129021
48.816775,136.412119,4.005562
32.310209,137.121799,2.273538
19.420572,142.753834,1.530214
10.622188,143.846974,1.152065
6.615992,144.252253,1.262020
3.403373,143.732494,1.976870
1.471326,144.416255,4.341369
0.848856,146.425585,8.983497
0.905212,150.458105,14.913236
2.681681,151.886734,24.340409
4.724133,155.911632,39.618963
6.340156,158.789188,53.381771
10.413424,161.136923,64.706752
13.814031,164.653360,78.223060
20.600253,170.119944,88.831952
28.838607,176.902164,104.590312
37.050258,184.446406,121.439615
55.673494,194.696688,141.930041
73.890734,209.694545,165.801759
94.430154,220.695047,182.765766
106.646658,226.151183,196.794209
116.080035,231.281643,215.613102
116.903688,233.188294,228.774340
118.013968,234.942119,237.501302
116.322593,235.636249,245.342338
251.209577,167.931291,15.858814
248.523481,167.232598,18.042440
241.640785,167.678025,20.248453
232.021099,166.744416,21.297464
217.215667,163.340819,22.104231
198.694056,163.517432,21.515583
181.376440,162.399902,23.351385
168.595479,161.610129,20.213844
154.630211,159.861635,19.674179
141.750848,158.980259,16.834492
127.708228,156.776257,16.251673
112.160093,155.533160,13.904837
97.859247,153.394325,10.920520
80.482951,150.680225,8.425928
63.028817,150.749485,7.456693
45.422481,149.634342,3.772259
30.904496,152.635782,2.379261
18.051038,151.612858,1.432772
10.505898,152.749573,1.161318
6.593664,153.639962,1.200045
3.304127,155.619942,1.872239
1.835972,157.024450,3.834341
1.215962,158.278119,8.458921
0.965421,160.418066,15.169684
1.537369,162.534294,22.257057
3.086310,165.928904,33.961213
5.059573,167.619537,49.225864
8.290301,170.879572,62.923991
13.429870,176.845487,75.973200
18.132005,181.619409,87.522888
25.363031,188.693676,103.396310
34.005942,194.260051,119.365388
47.705706,204.379572,139.485622
65.071662,216.690582,163.040098
83.819976,226.822605,182.735123
92.841361,233.993381,200.267359
97.277642,238.444437,217.008078
99.700891,240.482599,230.562483
95.477961,242.213968,239.247247
93.310374,241.929581,245.385278
250.970453,180.087016,16.177057
248.345661,183.603962,15.514025
243.222228,184.654194,17.996439
231.931963,182.519779,18.467321
219.199109,182.246070,19.239024
200.642808,179.014646,18.988440
182.691718,175.950895,18.076157
166.758070,172.947270,17.817495
155.730698,171.751601,17.439776
141.340269,171.130197,15.786154
128.940940,168.868211,14.986267
113.714443,167.163821,13.451262
99.129714,164.863650,11.351468
83.899107,164.551628,10.773874
62.944240,164.822310,8.134054
44.364678,166.489594,5.323061
30.936579,165.814976,2.580871
18.621480,163.472381,1.654799
11.229193,164.040076,0.897975
6.576607,165.721151,1.272875
3.198816,165.872068,1.769176
2.226368,168.647178,3.609475
1.442390,169.314665,7.443954
0.982442,170.509563,13.004603
1.092972,173.601171,22.373746
1.739682,177.435706,32.469566
2.927503,179.499077,44.481933
7.061121,183.538616,61.172447
10.352368,187.726309,73.808295
14.876360,193.626544,84.054738
22.307716,200.190822,100.503673
27.429950,207.880063,115.828588
37.247386,216.064561,136.165222
53.122703,225.534253,161.406018
65.094360,232.777486,181.003227
78.615656,237.811890,204.564130
76.916581,241.821907,220.669682
75.809622,243.538346,232.803575
72.807595,244.079780,242.313743
69.676960,244.469885,247.695022
251.718954,199.812204,14.239666
249.483980,202.422676,12.499919
244.701736,206.820024,12.916568
235.677964,205.832095,14.217456
220.884623,205.283635,13.916488
204.978438,199.178122,14.330946
183.706553,194.161072,15.307045
168.982379,192.291186,14.468974
157.798395,188.697913,15.679549
144.102950,184.547545,15.477528
130.776628,182.355614,15.377414
115.521726,181.078147,13.824149
102.215347,179.497217,11.710956
84.217722,178.183243,11.008437
63.665262,175.769914,9.045045
44.676028,175.513647,5.131943
32.325949,179.101970,3.823989
19.832215,177.968540,1.513187
12.216234,176.783866,1.226187
6.202837,175.793322,1.261995
3.371193,176.967614,1.557294
2.356536,178.714167,3.185382
1.440643,181.181540,6.559034
1.145008,181.197353,11.457789
1.040384,185.020955,22.326824
1.264608,184.956700,29.641978
2.235568,189.968200,42.770339
5.734801,196.183674,59.790297
7.855404,200.669308,71.497293
13.321321,205.501457,84.527716
19.357754,212.300981,97.948604
24.706496,219.206266,117.828535
29.688984,226.466138,133.125228
36.619154,229.678388,152.393180
42.957071,236.432594,180.203058
48.196672,240.152769,202.250741
52.686559,241.475414,223.148593
50.375182,243.535588,234.769423
50.195629,245.003426,243.479461
49.364082,244.939399,247.430354
251.400969,215.889878,12.637136
249.953513,219.937213,10.340278
246.824976,222.969582,9.417962
238.676714,224.387389,8.642108
226.311659,220.562165,10.005080
208.940335,216.762316,9.934828
185.438269,210.787527,14.609855
172.440338,208.689127,13.390632
159.423287,204.123905,14.820708
146.364313,203.820669,13.424674
133.044618,199.306823,14.438395
118.703575,196.946746,13.694164
104.377187,194.092919,13.363404
85.774752,192.524472,11.668715
66.008074,189.337793,9.745772
45.351857,188.263804,4.898010
32.407275,187.170165,3.636397
21.731674,188.474607,2.012409
12.605771,188.288477,1.511046
7.346811,188.473811,1.181873
3.855970,188.932034,1.435875
2.387024,191.084269,2.475084
1.504347,193.045305,5.147267
1.148427,195.536275,9.890964
0.837078,196.151611,19.289369
0.919159,199.190187,27.998284
1.992659,203.496707,41.423313
5.147540,210.556330,59.667925
6.291615,214.158371,69.541501
11.706891,218.602674,81.917711
17.220215,223.988261,95.381166
23.285192,231.050344,113.302851
26.499487,233.223474,128.197148
27.444180,236.474009,151.023874
29.048748,239.490073,176.359463
28.660893,240.668574,200.784997
30.946458,243.146607,222.124939
29.844088,243.592092,236.118619
30.943330,244.613767,244.106658
31.534376,244.707786,247.462760
250.804123,227.927743,14.674393
249.810021,232.930294,10.681390
246.859752,236.137564,7.829617
239.981274,236.653795,7.436787
227.925398,233.537601,8.409029
208.697994,230.973745,9.307043
188.743174,224.947951,11.604750
172.274803,221.628061,12.627250
159.498040,219.944953,12.690083
148.656294,216.338180,14.021336
135.497386,212.049481,16.368098
120.244420,210.489637,13.787978
105.022108,207.646403,12.772676
90.067651,205.884483,13.482835
68.372022,205.185174,10.213945
46.751124,200.810324,6.367929
33.601935,199.190905,4.724515
21.979053,198.135143,2.370612
14.672173,199.255439,1.643509
8.067401,200.424850,1.335278
4.028141,201.665233,1.213633
2.321154,204.387155,2.037073
1.661736,206.366113,4.006106
1.114455,208.182331,6.568807
0.691038,210.634182,16.354129
0.788039,215.354173,24.925448
1.791063,219.162015,40.748193
2.874375,222.340641,52.947665
6.574443,226.214806,67.428638
9.550148,229.520258,78.280024
14.241388,231.792283,94.353252
18.763434,235.963553,109.383744
22.009399,238.504256,122.801946
22.667043,241.533308,147.428992
20.603070,241.727407,173.897777
18.586286,243.279432,201.887546
17.447085,243.524182,218.088353
16.551466,244.244747,234.029032
15.873578,243.801265,242.954353
15.410229,243.858331,247.148023
249.797849,238.191064,18.735409
249.135614,242.066846,13.443578
248.128167,245.487500,9.240608
239.701573,244.323496,8.952135
228.280194,242.960903,8.573309
210.766578,240.002767,9.839463
189.390388,234.940959,12.270249
170.792379,230.987738,12.176695
159.105196,230.166563,12.675764
149.864991,229.080678,12.397846
137.854528,225.248510,13.354060
120.795585,220.923833,14.999284
108.052071,220.099088,16.077816
87.613308,219.877351,14.144132
68.396267,220.250383,10.909785
52.186301,215.499738,7.515001
35.878061,212.792605,5.671034
25.071258,210.637763,3.145252
16.223690,210.005187,2.041124
9.494737,209.149381,1.221886
4.284629,212.358182,0.860299
1.962734,216.210256,1.080026
1.059512,220.287995,1.812988
0.623367,223.451695,4.374992
0.442288,229.959935,11.173995
0.667807,232.704537,21.666472
1.367314,235.159428,33.677338
2.548232,234.267373,49.087308
4.939493,235.279149,63.538855
8.465060,236.988247,75.619695
11.466948,239.899508,88.883282
14.884695,242.094082,105.024956
16.462626,244.243476,119.652070
17.427456,245.545887,142.501727
14.888019,245.179079,169.910565
12.258426,244.142297,196.918370
10.808377,244.429106,212.618294
9.195349,243.742877,229.927762
7.677684,244.227917,240.276255
6.139778,243.236605,246.350898
248.150264,242.890440,27.139440
247.222802,245.903896,21.262241
244.681580,247.712387,17.085704
236.923627,248.338131,14.009406
223.745076,247.743822,12.126845
208.348846,246.181301,10.311110
187.715818,242.195281,13.403008
170.405444,239.479114,13.544140
159.134179,237.687175,13.002060
149.513285,236.005235,13.408683
137.227416,234.782902,14.800064
120.930006,233.661984,14.288934
104.229266,233.134403,13.040036
87.692950,233.067245,12.590024
72.191923,230.406946,10.702263
55.248110,228.838252,8.587597
39.086158,226.234721,6.813688
26.987441,224.624384,3.901536
20.232000,223.895158,2.975168
10.614680,222.650856,1.394826
4.269610,225.708843,0.573680
1.754852,228.090777,0.610303
0.831006,233.854085,1.241532
0.437272,239.755108,2.848463
0.463581,241.540038,7.891528
0.715307,243.533496,17.342334
1.041646,244.325331,28.127665
2.362324,243.424643,40.934416
4.428529,242.131584,57.880529
7.339559,244.136333,71.122986
9.754569,245.466104,83.104115
12.358214,246.797920,98.052045
12.323697,246.913642,116.139408
12.221951,247.777256,136.823529
10.328593,246.880918,162.046716
8.231311,245.526454,188.564007
7.263956,245.244242,207.214011
6.151965,245.954770,223.358496
5.640038,245.242859,234.386027
5.639245,245.028685,239.762160
246.876768,243.435281,41.241953
244.753771,245.746823,37.902258
240.812348,247.938110,29.353286
231.549813,249.287338,24.762069
219.243030,250.085277,20.334139
206.740839,249.470180,16.655797
186.224755,247.299527,16.396269
169.970631,245.214186,16.464447
157.989167,243.831365,17.312621
145.433139,242.559581,16.485965
134.244371,242.627028,15.488425
117.279681,243.221729,15.234710
103.752183,243.235870,13.791018
89.029070,242.097655,11.946288
74.734687,240.008686,9.933095
56.914703,239.525710,7.885774
41.460978,238.733746,6.130041
32.507556,236.532409,5.286093
21.950838,235.299468,2.852314
12.400129,238.216990,1.629989
4.661131,240.065806,0.603984
1.924103,242.897522,0.486084
0.721877,245.962229,0.848905
0.367739,247.863867,1.551191
0.350119,249.696449,4.787483
0.593733,250.601992,13.035728
0.950819,249.673949,23.411946
2.109477,248.910912,34.389402
4.408534,248.469270,49.458858
6.842338,248.302052,68.384872
8.029916,249.164278,80.609090
9.040008,249.522309,93.551217
8.958993,250.064198,110.390926
9.231037,250.408556,131.322849
7.635501,249.747771,153.225745
5.897118,248.389073,176.929134
5.176455,248.407800,196.221854
4.327921,247.453260,212.421784
4.886725,247.842081,223.956527
5.542151,246.734076,231.657741
244.761439,243.139295,56.309407
239.715420,244.637008,54.355361
235.079247,246.948998,48.750184
226.636869,248.837260,40.656054
212.987065,250.677954,30.263889
198.383950,250.829878,24.606347
183.436570,249.434120,22.364562
168.740393,247.903902,21.982915
154.991103,246.934183,20.799558
142.707340,246.660008,20.297291
128.377657,246.959823,18.808918
115.163475,247.690974,17.645567
101.669261,248.354589,15.373704
89.418982,247.654269,14.890846
74.694314,247.431368,11.356458
60.501466,247.369067,8.457352
45.913893,245.756378,7.575445
33.987168,244.306242,5.121117
22.596852,245.322893,2.814961
12.957082,246.996070,1.509070
5.567368,248.466224,0.849181
1.583896,249.947727,0.438742
0.509306,251.532318,0.618429
0.210336,252.721959,0.817270
0.285669,253.584948,2.696435
0.420916,253.676883,8.275459
0.893762,253.300631,18.348535
2.399095,252.612373,30.005172
3.768291,252.392113,43.113472
5.591714,251.935116,62.318217
6.683699,251.685958,77.689709
7.758184,252.138162,91.287563
6.812394,251.827630,106.750911
6.180901,251.755020,123.367512
5.503784,251.267097,146.258191
4.789031,250.906498,167.454092
4.039717,249.894343,186.934572
4.558195,249.670504,201.614740
4.928105,249.085396,213.269649
6.258233,248.039667,222.905956
240.942575,241.672279,69.929252
235.984858,244.234860,67.990612
229.063193,246.092934,65.679357
222.125095,247.385854,59.733147
208.591874,250.913174,42.186067
195.550681,251.007619,34.592838
181.527048,250.493940,30.785462
166.615321,249.920047,26.922425
152.125141,249.802218,26.775891
140.450245,249.528407,24.844435
125.763528,249.295769,24.745335
114.016355,249.407556,21.788866
99.785812,250.376366,19.172590
88.278093,249.975431,18.577957
73.430007,249.866258,15.163928
59.124161,250.319722,11.138129
46.146559,250.683824,7.932343
34.140626,250.328494,5.597938
22.996907,251.540553,3.770683
12.635264,251.482807,1.517449
6.051231,252.775338,0.761401
1.556406,253.620080,0.441020
0.472130,254.151066,0.408779
0.153875,254.481480,0.592280
0.172358,254.693688,1.694554
0.233486,254.685357,5.694331
0.565995,254.498619,14.609673
1.759265,254.086402,25.877860
3.043192,253.992669,40.265594
4.295945,253.683142,59.635834
5.361798,253.232076,76.186297
5.525841,252.848727,89.857037
4.948696,252.902469,104.303109
4.899312,252.890821,118.670531
5.033785,253.067721,136.570224
4.223361,252.419435,157.508052
4.493940,251.832996,173.617131
4.496813,250.700936,192.161124
4.794778,249.787242,202.639868
6.024851,248.987661,213.922207
240.164675,241.690465,78.888360
233.051980,244.405874,77.176583
225.516829,247.082405,72.730344
219.878225,248.162287,66.420409
207.398248,251.525828,51.987320
195.190709,251.811179,44.626596
180.711612,251.388580,36.463304
166.575223,251.142819,31.759923
150.564113,250.507469,32.796263
136.747517,250.576154,30.529759
125.397611,251.014866,27.915612
113.191869,250.893591,27.134330
98.968992,251.001025,23.305123
87.613557,250.887220,21.820372
72.717478,251.821318,18.508059
56.092528,252.002340,13.141693
44.314123,252.693930,9.090993
34.166173,252.565202,7.254214
22.906881,253.274188,3.772441
13.312396,253.695919,1.630848
6.302788,254.369096,0.785786
1.585474,254.542435,0.363815
0.442424,254.799059,0.370249
0.078709,254.921804,0.219582
0.123432,254.863496,1.176288
0.215860,254.829529,4.645298
0.334374,254.769053,12.152220
1.358394,254.624082,23.622653
1.923247,254.509255,36.650269
3.524959,254.075765,57.939895
3.845568,254.012386,74.921665
4.293332,253.906473,89.014967
3.447405,253.811419,102.648976
4.415018,253.639236,117.735293
4.786693,253.746107,127.971679
4.834686,253.654433,146.477209
4.890944,253.170573,162.768270
5.726795,252.430364,177.083156
6.713065,251.623545,187.780052
8.321986,250.876607,199.365177
