1600
3
0.346846,1.265263,254.494976
0.766871,1.750482,253.959504
2.088399,2.036983,253.405808
3.911612,2.089435,252.575256
9.371673,2.279329,251.730865
17.040099,2.501900,251.102942
24.812243,2.435645,250.287908
36.128060,2.826135,249.780177
49.066023,4.198968,249.614022
60.655383,6.523908,249.900751
70.216958,7.325942,249.712724
81.718561,7.616759,249.642015
90.133616,9.006441,249.138637
102.491928,10.699615,249.663550
112.577758,11.235087,249.244102
124.129592,14.231549,249.277216
137.246554,14.575723,248.778915
148.822903,16.116304,249.588699
168.151813,17.751694,248.800706
182.128771,22.581632,249.198211
202.600089,25.535360,248.676866
218.480543,30.231425,248.995768
230.075344,33.530841,248.167119
232.242664,45.387610,246.951520
235.861429,60.766730,244.263443
237.743280,75.659027,241.655465
242.164905,84.961426,236.680869
244.689351,73.537512,229.631985
246.660145,62.958890,219.726269
246.678950,52.199237,206.088694
247.925462,38.534131,193.750035
249.262456,31.418581,180.374377
250.134784,23.546547,169.677519
251.297322,19.175863,159.584626
251.803747,15.646007,143.148858
252.792318,14.718345,126.060326
253.135334,12.668405,115.620660
253.659399,13.100993,108.974481
253.782493,11.283628,100.001808
253.896885,9.896451,94.490155
0.498507,3.320177,254.192388
0.747193,3.652374,253.786726
1.977417,3.807921,253.083264
3.730582,3.094762,251.963844
7.761230,2.802599,250.392348
15.844925,3.267393,249.754007
23.432135,3.454066,248.925693
34.563560,3.713876,248.071274
46.657363,4.613891,247.418556
57.646810,6.687512,247.249184
67.349349,7.191126,247.398726
79.197203,7.934559,247.508324
88.889536,8.821187,246.459421
101.236855,10.480216,247.144552
110.886421,10.440268,246.879082
121.726766,13.050362,246.749632
135.838853,12.930152,247.027024
147.931367,15.077198,246.566768
163.932283,17.802175,245.958267
180.252361,19.878503,246.116930
200.411541,25.610498,246.106049
214.840121,29.706640,246.634545
225.510035,37.599274,246.345269
229.005451,45.630522,244.733939
232.199997,61.663708,242.222352
235.693097,71.802154,238.206914
241.212588,77.992037,233.516507
244.482840,69.781437,226.850590
245.523382,63.192278,216.289408
246.143487,52.636631,203.210430
247.500772,41.478550,189.317010
248.273211,31.305954,175.720300
250.034193,25.731583,166.490879
251.277828,17.053173,152.883712
251.688663,14.647051,137.278504
252.334204,13.151357,120.867795
252.899656,11.138751,109.447869
253.776955,11.061754,100.540415
253.917753,9.634640,93.382551
254.024629,8.653367,85.530737
0.708200,7.330561,253.927050
1.011791,6.518552,253.295466
1.513031,6.027372,252.540610
3.595450,5.940960,250.879713
6.480936,5.825086,249.172281
13.081448,3.833458,247.791441
22.004730,4.397068,245.956007
31.353696,4.681334,244.314636
40.265442,5.540270,241.928848
50.668959,5.856382,241.588939
64.063984,7.872652,242.036551
74.143382,8.338767,242.163709
84.030725,8.826814,241.527060
96.270092,9.700600,243.326488
107.449086,10.280358,243.411381
120.965039,11.401530,243.435036
132.401459,13.592019,243.107019
145.906901,15.085883,241.572507
159.485390,18.033394,240.674802
177.427614,19.670856,240.759863
192.796716,23.694951,240.945305
207.523814,29.063314,242.053745
219.797146,37.828702,242.277510
224.562963,46.572814,241.337705
227.957802,59.613491,237.561958
233.393755,67.667112,232.691894
237.398458,70.466208,226.927639
241.185469,67.137490,219.799220
243.793087,61.441391,208.518345
245.623522,50.156864,195.621358
246.033038,40.042634,181.547969
247.592909,32.749809,171.003857
248.867926,25.954100,159.022987
250.841171,19.045177,143.756756
251.330332,14.846816,129.989230
251.783142,13.192080,113.194136
252.822607,10.211296,100.055438
253.481863,9.623601,91.578649
253.837000,8.163599,86.148678
254.001179,7.894668,79.820102
1.514244,14.521731,253.913443
1.798842,14.415459,253.143524
1.842260,13.349949,251.633499
2.920836,11.652229,249.628685
5.384531,9.469054,247.526353
8.850062,7.923955,244.768251
18.313061,5.679920,240.016189
26.342955,5.266734,236.999304
34.728160,5.754918,235.974877
43.755515,6.227789,235.537951
55.522713,7.372197,235.165655
66.044470,8.652328,235.254701
77.963224,8.892385,235.712349
88.957207,9.362379,236.770998
101.088600,10.134726,236.782890
115.018304,11.896749,236.607249
126.973335,12.101156,236.148376
145.316567,15.218854,235.410830
155.460337,16.520779,234.653420
168.586205,21.068684,234.011950
185.853739,23.828520,235.014616
199.931386,29.907642,234.832127
211.648875,38.207899,235.886598
220.823258,47.745865,234.175288
224.953327,53.266001,230.038943
229.818412,60.543038,224.542390
234.437270,62.356716,218.541865
236.861301,63.448237,210.494738
240.343080,59.234710,196.629710
242.789236,51.590433,186.556576
244.655970,40.159819,171.002530
246.122581,32.710660,159.258825
247.320180,28.560260,150.827633
249.446678,21.825987,135.821863
250.226653,16.341673,117.002877
251.418317,12.617560,101.354973
252.068018,10.135774,92.514142
253.401937,9.147840,84.779513
253.696339,7.170082,78.565110
253.927302,6.555860,71.968711
2.338281,24.928470,253.765392
2.182516,23.428241,252.566209
2.424985,21.146591,250.993629
3.055111,19.961832,248.782356
3.937669,16.443749,246.253435
7.091937,12.257848,239.938026
11.934293,9.311356,234.242673
20.756964,6.852448,230.847810
29.865785,6.582191,229.781279
37.647495,7.153152,225.941796
45.792714,7.266840,225.917047
58.110947,7.929286,227.266183
69.597975,7.196298,226.650572
78.817116,8.671846,227.496036
93.562056,8.965115,228.002368
107.388773,10.570485,227.075079
120.298845,12.612629,225.814695
134.015329,14.911007,224.872650
146.136463,16.084868,224.610066
161.568047,20.443958,223.974888
176.146192,22.581667,222.123945
184.611636,27.885446,221.334936
195.866252,35.771438,218.390922
206.825035,42.939001,215.156799
214.970929,50.730731,215.867341
220.817927,57.330329,211.680209
223.596287,61.161555,202.486225
228.082796,59.259358,193.523113
231.819101,55.453359,184.249822
236.213720,51.889545,170.506440
240.820619,39.286675,159.250183
242.603125,33.656699,148.330514
245.213577,28.948595,136.372532
247.340808,23.484397,121.990905
249.791339,14.855358,103.351813
250.949819,12.740838,90.984101
252.091997,10.522496,82.898708
253.558869,7.717562,73.856349
253.886668,6.376636,67.587529
254.194162,4.849233,57.080817
3.884494,36.681384,253.721232
3.694720,36.178113,252.582003
3.332891,34.371164,250.774817
3.542953,30.521677,248.148379
3.620693,24.322082,242.873610
5.603291,20.378014,235.347971
9.839890,15.183874,230.310594
15.627303,11.045706,224.327223
21.986234,7.298102,220.261163
29.582271,7.196801,218.140098
36.584800,6.818420,216.532032
43.826777,6.718199,214.272328
57.239496,6.285109,215.208939
67.116121,6.838797,215.353011
79.270433,7.714668,216.621900
96.219447,8.901676,215.130967
111.321972,11.139495,214.317345
123.937032,14.053518,214.134752
136.431630,15.487658,212.421335
151.460997,18.204700,208.603141
162.749122,21.040536,207.851043
173.071304,24.510441,207.210778
183.198475,32.453800,200.860779
191.847096,39.815435,197.641395
197.274746,45.360563,193.308001
202.348896,47.860366,185.645167
210.294252,53.970587,182.854372
215.535705,49.992465,172.128617
220.018687,47.174495,161.400515
227.914086,41.766895,152.543259
232.172351,38.883245,143.254032
237.833968,33.509663,134.506573
239.768764,31.270737,120.423137
244.275468,23.891803,104.628948
248.192901,15.817386,88.952630
250.164710,11.513156,78.936805
251.958567,8.950309,70.696117
253.138206,7.728166,62.979269
253.942303,4.757321,50.107226
254.127057,3.878119,44.357777
6.648455,52.106604,253.631099
5.763750,50.442687,252.360266
5.664733,50.866903,250.556335
4.864584,46.308841,247.256380
5.882826,38.012255,238.874082
6.941078,31.754439,232.444686
6.848445,24.751416,224.821619
11.195964,17.141003,217.967281
15.622991,10.643390,211.388588
20.194154,8.068333,206.864541
28.275467,7.889565,205.706838
34.920995,7.199752,204.317194
43.270364,7.345982,202.680031
54.199946,6.808982,202.369243
63.356662,6.693120,200.959246
83.616090,7.811874,201.504419
95.940408,9.547616,200.092767
111.796656,11.968359,197.623442
121.584869,12.772194,191.807989
135.701489,16.343481,191.090696
148.671623,20.735632,190.837058
159.354163,24.618433,186.729847
167.874110,28.632395,177.686980
176.448361,33.780285,175.769907
184.160035,36.421830,171.994566
190.344999,40.556086,165.638271
196.034145,41.773643,160.674690
202.286400,43.233330,150.279378
208.608701,41.380105,142.456282
215.764493,39.174217,133.618980
221.266132,35.796432,125.390513
229.683745,33.392500,113.683506
233.747549,27.948603,103.133360
239.597931,21.645561,85.974617
244.999774,15.079956,73.948717
248.605162,10.498883,64.659422
251.463828,8.110994,55.910207
252.576485,5.491937,43.839615
254.152661,3.260198,34.750006
254.251212,2.545268,32.755476
9.613183,66.954211,253.611924
9.042086,65.388029,252.159140
8.547720,63.924033,250.232665
8.391138,61.603360,245.504080
7.726608,53.777945,238.183216
7.380532,41.348911,230.818333
7.814042,32.595752,222.360731
7.984756,21.699510,210.467593
10.439066,13.876166,203.778961
13.384585,10.655711,197.446491
18.060166,7.899210,194.536641
25.331794,7.440184,193.091108
34.329285,7.740626,192.287246
41.538578,6.663376,187.269342
49.368192,6.426698,184.881879
66.287529,7.341465,182.743619
79.827632,7.349045,182.786088
94.700122,10.686275,179.840731
109.591297,10.278509,176.768989
117.547211,13.142388,171.502850
133.440746,17.236258,169.347527
144.696102,20.303802,164.625073
155.816064,24.975739,158.726582
162.757347,27.902060,157.142761
169.552619,32.358441,152.335683
177.431123,34.095270,146.657063
183.251836,36.536550,138.202045
190.661216,36.836763,133.788721
197.504831,35.265335,127.734324
206.269142,36.410167,119.357414
213.140006,32.467158,109.043120
219.738759,27.153090,96.267451
226.966761,24.227918,81.851960
235.133556,17.342873,66.813287
241.467894,12.849904,57.777755
247.144571,10.345259,47.328634
250.561022,6.242353,36.812673
252.919154,4.034068,29.241665
253.860108,2.813182,25.089246
254.353015,1.749121,22.408521
13.163498,79.048347,253.091869
12.106310,79.233835,251.755158
11.551289,76.276807,248.949948
10.527834,71.318332,243.892265
9.530077,63.103976,236.719705
8.957200,52.549186,229.017127
8.764854,40.713652,218.845565
6.813225,26.920648,206.181057
7.560909,19.240469,196.905334
10.459208,11.918943,190.221154
13.585045,11.028299,186.726255
19.482104,8.155723,182.013057
23.184393,7.345259,178.042669
29.089315,6.490682,174.757308
38.631102,5.802514,171.583044
51.899313,6.282415,169.182375
66.066260,7.580374,166.488275
77.851831,7.639793,162.195189
93.453660,9.551558,156.858977
103.330165,10.933614,154.325194
118.375199,13.357071,151.114757
128.832715,16.551231,145.866794
143.520779,19.972395,144.384321
152.805118,25.631131,142.940751
159.503189,26.925840,139.665368
166.225878,28.317715,130.108490
175.406481,29.401370,127.430024
180.665785,30.453775,121.932138
187.187774,29.469883,109.764286
195.056758,30.295883,101.073704
202.297762,25.520265,88.526173
212.487157,22.113438,77.266306
222.871779,17.604219,65.695689
231.698691,14.187748,53.961377
239.467026,9.657342,43.842043
246.162794,6.556161,32.273570
250.854039,4.417592,24.549658
252.690310,2.952289,17.813250
253.975529,2.237949,16.285042
254.486330,1.081402,13.888301
15.663232,95.041375,253.019398
14.581236,92.762127,251.360765
14.694353,90.028909,248.682113
13.440733,84.559004,244.265849
10.509759,72.271652,235.813639
9.386640,62.357055,226.866421
8.902887,48.932656,215.345857
8.075982,34.454477,202.568478
6.251428,24.548090,193.155532
7.711000,16.329006,183.873697
9.031917,12.020574,177.686303
13.826839,9.806296,172.101165
17.448444,7.241341,167.463311
23.196206,6.240958,163.894562
29.847755,5.739563,160.188135
40.340062,6.243455,153.098025
50.851137,7.378278,148.032199
63.729661,6.874939,146.994672
81.605185,8.298635,145.238485
91.043736,7.961775,138.124964
103.782420,12.036372,133.681696
114.937156,14.722854,131.625001
127.781551,16.607650,126.929477
139.936738,21.370043,127.718551
148.739163,22.567980,121.764541
155.301158,22.886916,117.332196
164.647649,24.466084,109.963411
171.035825,22.464048,101.230647
176.873453,21.984667,92.547214
183.955037,22.252391,81.262526
192.476870,17.875993,71.125608
204.920344,16.157063,61.144980
215.468564,12.826100,50.687004
228.672611,9.583440,39.176748
237.677575,6.526921,29.115631
245.182350,4.875269,22.250022
249.583294,2.908531,15.641352
252.801357,2.269694,10.819412
254.117968,1.320201,9.187377
254.537767,0.655756,7.759766
20.142230,109.739336,252.914784
19.299825,107.700216,251.415132
19.835314,103.068713,248.544948
16.219528,97.306555,243.353620
14.075919,87.809103,235.595699
11.018384,73.737748,224.273935
10.421287,58.992997,212.207540
9.480801,42.724970,198.243579
6.214699,31.781973,186.039921
6.156918,23.571053,177.671494
6.506123,14.561624,167.852284
8.797233,11.565997,164.394901
13.545063,9.452685,159.254361
17.363437,7.007256,153.416885
22.411664,5.988054,148.312701
32.320240,6.089072,141.174828
41.623567,6.707518,135.356999
51.106163,6.375336,132.836772
66.985179,6.691258,126.822291
79.719802,7.873272,124.899215
94.065345,10.323188,124.054484
105.709553,12.220291,118.131833
116.242547,15.344528,113.377578
124.231438,16.338838,109.458724
136.734232,16.565942,102.709882
143.781176,18.083479,97.993581
152.717822,17.735495,94.540694
163.610268,17.486416,86.779553
170.184949,16.944605,76.521627
177.081180,15.600390,66.557387
186.565677,12.454055,58.979500
202.001914,10.639462,48.721988
210.887489,9.383707,42.603376
226.645681,6.231918,29.566793
235.590435,4.881311,21.673483
243.733128,3.193605,13.063091
249.670703,2.254165,9.305687
252.619831,1.443938,6.249829
253.962048,0.765019,5.191309
254.541286,0.520038,3.944999
21.438000,123.010815,252.925939
22.796341,119.386214,251.453530
21.982144,114.525887,247.883805
22.381284,108.529267,243.103443
17.454462,99.678983,235.152376
13.621569,84.827661,223.766497
12.761242,69.412948,211.295806
9.838614,48.393530,194.138001
7.429573,33.241866,181.890020
5.127316,25.976427,170.362825
5.477919,17.419088,162.080732
5.969198,12.628581,154.300403
9.407506,10.328493,149.703114
13.449043,7.794270,142.422502
17.137364,6.530829,135.137511
23.434234,6.088859,128.578218
32.110162,5.845765,123.995581
39.642988,5.941370,120.253698
55.730244,5.994254,116.415817
66.052365,6.080184,112.674923
78.831551,9.285866,105.802624
93.038995,11.197691,103.151433
104.997269,11.682226,101.386677
114.202036,12.335166,95.528171
127.154808,12.035465,91.193747
137.510614,13.204151,85.049422
143.266482,12.547547,77.597700
152.899669,12.099387,67.921077
163.135017,10.576364,59.482347
168.809533,10.513529,53.953398
180.240802,8.620667,47.612111
195.261489,6.940159,36.987554
206.760702,5.401182,29.681630
220.411799,4.379711,20.026909
232.447951,2.976137,13.837438
240.692269,1.958161,8.204773
247.998898,1.350862,5.081675
252.110615,0.853817,3.480397
253.788411,0.486966,2.483082
254.480755,0.326033,2.158425
27.220831,139.986469,251.909814
29.205244,136.230214,250.237139
27.923076,129.697537,247.015442
27.842239,120.612819,242.352903
25.230764,111.355200,235.667064
19.312913,98.554150,222.453912
14.677867,79.402433,207.294615
12.593970,59.041067,190.006238
8.096479,38.654450,173.837757
6.505561,29.044528,163.840605
5.124001,23.116765,155.903989
5.675834,17.008353,148.643459
6.652540,12.092998,140.791600
9.134534,9.976773,132.207686
13.066460,7.681611,126.174993
17.653251,6.815420,118.623762
24.723450,6.036171,113.459273
31.769633,5.755931,106.916522
44.723133,5.632515,103.318058
53.015769,6.422970,98.215984
67.793148,7.069740,95.400055
82.007792,9.580949,92.812868
93.775752,9.441678,88.389790
106.986630,10.814044,86.219567
120.355558,10.264180,78.396634
129.798337,10.905443,71.247308
136.917964,9.172196,62.647662
144.775941,8.529955,54.836960
153.436639,8.520225,47.205296
163.901006,7.638710,41.189950
174.859734,6.297469,37.456965
190.404589,4.856383,27.626018
200.758192,4.256653,21.670175
218.598733,3.049668,14.423596
229.709506,2.205737,9.047718
239.249658,1.613603,5.123370
245.720637,1.015162,3.162319
250.427516,0.645247,1.586171
253.480837,0.515953,0.964128
254.537440,0.362422,0.557909
36.412145,153.318444,251.989491
37.356509,149.566745,250.792728
35.567740,144.015210,247.177598
33.218531,135.134000,241.298704
32.196383,124.157039,232.914220
22.890099,107.866259,219.638130
17.542962,89.614325,204.396429
14.204245,68.596982,188.371637
9.713225,51.160782,169.603017
6.797278,36.255317,158.410067
5.614903,26.970221,150.270842
4.494993,19.008344,140.963870
6.224443,13.777774,130.723802
7.303099,10.899022,123.668069
9.726813,9.572092,117.524914
13.586203,7.782768,112.377306
19.874955,6.455604,105.215830
26.937007,6.125922,95.947614
33.756164,5.622440,90.777913
44.400433,5.676652,89.510970
56.991335,6.935640,84.501188
70.622842,7.030302,79.719537
84.067824,7.039162,76.254730
95.960983,7.420746,71.098571
113.406355,7.343958,67.352606
124.700829,7.346753,56.899614
131.424379,6.712330,49.513996
137.970016,6.196455,42.866236
147.155389,5.777966,35.981650
158.989968,4.985816,31.161114
168.049206,4.383155,26.092100
183.048302,3.797501,18.584282
195.289921,3.186010,14.215805
211.819341,2.067086,8.471037
226.247978,1.782604,5.723351
234.710497,1.260017,3.923567
243.597960,1.091858,1.978955
249.046795,1.035583,1.019883
252.315303,0.982556,0.725708
253.885316,1.046938,0.608146
44.854503,165.412591,251.426075
47.137985,163.641133,249.861428
46.863947,158.745169,246.816196
45.836944,148.802668,240.580185
37.573255,137.782061,230.638780
32.607199,127.490839,219.978527
24.730314,101.525144,202.326330
18.833830,78.274401,181.760753
12.883567,60.209514,164.830264
9.679400,45.978143,153.005291
5.748740,33.440316,141.591378
4.906669,23.913239,130.663482
5.060309,16.422543,122.975313
6.219338,13.741684,115.268534
7.774559,11.075787,110.185873
10.832241,9.207460,103.350358
15.293568,8.246492,95.863106
23.275201,6.313385,87.570678
27.421957,5.458129,81.611203
33.852841,5.137052,76.943925
44.688901,5.132839,71.943876
57.346577,5.684120,68.354741
74.286442,6.081495,65.062335
88.106257,5.584639,59.968864
102.414530,5.448053,47.726250
116.164562,5.689876,43.347728
126.080993,5.759535,37.804723
132.925661,5.157445,33.639647
142.029784,5.071480,28.218716
151.825137,4.599688,24.221268
163.562141,3.921189,17.450290
177.362111,3.527506,12.989342
189.617462,3.121245,9.065427
207.622885,2.475581,6.264369
219.266055,1.738280,4.342565
231.878192,1.788935,2.919366
240.432292,1.905591,1.367772
247.274598,1.938004,1.005232
250.677833,2.118634,0.641691
253.262450,2.216395,0.600594
54.413042,180.492564,250.227853
57.219057,178.243260,248.759950
59.276986,172.327771,245.573807
56.271593,165.582542,239.128907
46.846143,152.927778,229.217320
41.742806,141.658310,215.796684
31.023598,120.659878,197.806192
23.565639,90.772691,178.374484
14.257338,68.149678,159.641693
11.919462,54.601181,148.331610
7.796272,40.478481,137.314794
5.108349,29.042750,125.901320
4.156027,20.612820,115.853740
5.529920,16.530795,109.396618
6.812649,12.497999,101.952049
8.369416,9.973800,93.337174
11.286690,8.594250,84.071132
16.336410,6.512402,76.478954
22.505677,5.086718,71.543370
27.286188,4.558648,67.914082
37.172202,4.898203,62.860278
48.898669,4.676965,56.414988
62.046131,4.836290,48.207287
77.908555,4.856323,41.200025
91.785434,5.011931,33.338138
105.209820,5.252133,30.997066
117.504235,4.252058,26.360845
126.067423,4.551470,24.443239
135.715889,4.245408,19.777494
145.040986,3.628465,16.488402
157.364281,3.673622,11.030123
170.291286,3.432995,8.597468
183.311940,2.971022,6.577941
198.855289,3.013137,5.574828
213.864851,2.768049,3.693042
228.256054,3.006386,2.111020
236.409309,3.308367,1.127672
244.454028,4.245600,0.595699
248.793672,4.891284,0.443004
252.279408,5.923091,0.453580
63.787007,194.452732,248.898341
69.595230,193.851825,247.867325
73.223835,190.604293,245.021157
70.294144,181.263054,238.142542
61.743290,166.842776,226.852970
45.944871,151.267857,210.011528
37.061126,138.540055,197.371590
27.732872,113.784224,178.247546
16.994736,80.807126,157.349887
14.121357,63.686544,143.471980
10.654866,52.549294,132.249463
5.960969,37.674054,120.349458
4.500877,24.949608,109.202275
4.870854,21.759568,99.973998
5.800492,15.128453,89.409233
6.152078,11.902637,82.981327
8.438976,8.681363,73.737599
10.170254,7.102423,66.303365
15.554854,5.471596,60.588104
19.707241,4.477996,52.350955
27.444438,4.359218,47.002114
36.652960,4.323080,39.162100
52.552969,4.144397,35.396447
70.415481,4.787398,29.340149
83.405895,4.675658,25.265434
97.963359,4.377674,22.064714
108.100780,4.209672,20.274795
119.508784,4.043814,17.183345
131.014143,3.985521,13.664016
140.185987,4.090777,9.970239
151.719365,3.950443,7.585806
163.859422,4.054211,6.164495
176.559961,4.043642,5.311791
189.877224,4.118983,4.268348
206.616334,4.675449,3.049043
222.475824,5.410362,1.633223
234.447303,8.451928,0.687264
242.004213,9.536201,0.586956
247.617451,10.774566,0.478739
251.195281,12.134578,0.433916
70.708681,209.475784,247.584406
77.450150,209.881295,246.529447
84.156261,209.075817,244.175793
81.453533,197.232152,236.167493
67.107374,184.106547,222.928148
47.703697,163.819124,208.058950
38.148262,145.988049,193.172607
29.565441,123.006794,173.146673
21.747597,94.327898,153.332822
16.260299,75.672410,138.970842
12.186483,61.029256,125.641221
9.986471,47.998363,114.273991
6.294144,35.641978,102.449432
4.742903,27.854695,93.945718
5.098292,20.529065,84.203403
6.006099,14.627160,75.616014
7.015623,10.445544,65.582628
7.475754,6.484541,56.176752
9.494317,5.054903,47.781865
14.173352,4.235625,40.811901
19.515170,3.453054,34.448358
31.255964,3.679012,27.655858
39.020914,3.830763,21.583261
56.009327,3.871618,17.375844
73.414152,3.956168,15.807099
86.302949,3.531907,13.252717
99.547066,3.659385,10.131242
111.645336,3.775438,8.597703
125.067435,3.925357,7.400541
134.649982,4.724721,6.146721
145.527665,5.059944,5.268383
157.482578,5.577153,4.679677
171.022661,6.803498,4.244155
184.190926,7.070530,2.795568
200.426265,8.734349,1.853362
217.257309,12.768558,1.080351
230.630082,13.773487,0.960835
239.105143,15.833619,0.806319
246.607688,20.175715,0.870741
250.762832,20.855847,0.935845
70.279992,222.439461,246.560953
82.495833,221.659503,245.245834
96.455366,221.333885,242.894116
89.422502,211.507383,232.451124
71.027130,197.475109,220.994745
53.639001,176.672788,205.549581
38.217043,153.882990,187.275264
32.499448,136.407486,173.202312
22.248291,106.748907,151.199443
18.819156,86.341952,136.903525
12.519081,67.404524,120.777310
11.304831,57.587861,110.575287
6.287429,42.986306,97.414572
5.127586,34.687969,88.506447
4.020660,24.556065,77.604214
5.246952,17.795499,66.778682
5.144397,12.017944,53.809278
6.020053,7.700723,46.828258
7.909308,5.954588,38.966679
10.613640,5.031231,31.250623
15.268005,4.046066,23.919536
24.469632,3.515960,18.424980
34.040360,3.501562,15.274142
47.062078,3.371548,11.600124
62.380435,3.535490,9.405543
78.040760,4.123659,7.786541
91.180144,3.893930,5.709471
105.567474,4.169565,4.710963
117.759677,5.184866,3.867630
128.599288,6.014739,3.924517
139.029857,7.115031,3.983888
152.369791,8.863865,3.865973
164.318782,10.231565,3.340156
178.975792,11.723437,2.727861
197.420395,15.852612,1.835345
213.459200,19.748103,1.183597
227.344886,23.729676,1.085155
239.102274,26.677954,1.456190
246.027076,30.407557,2.318844
250.655999,31.169352,2.153184
62.821053,230.884389,246.267883
71.876423,229.201440,244.885831
80.674208,228.426097,239.569734
80.594703,220.189252,229.331980
69.794006,205.705643,215.700865
56.431957,190.583719,202.370614
44.349211,167.492730,183.503053
33.819587,146.302498,169.405292
23.273178,123.387475,149.240403
18.850184,100.025960,130.916702
13.993825,80.570783,116.166413
11.338186,66.170990,106.414368
7.945945,51.987069,93.684311
6.265130,41.728993,85.894345
5.074653,30.114876,73.855757
3.802119,19.518806,59.173222
4.069573,13.897087,45.490823
4.956248,11.044708,35.912190
6.255254,7.492283,28.592587
8.571293,5.459902,22.570342
12.880894,4.356468,16.090033
19.492049,3.661711,12.351332
27.371933,3.885704,9.581843
41.894516,3.916182,6.527069
53.296993,3.707488,5.407018
70.920325,4.737220,4.549521
87.197473,5.324974,3.716379
100.176077,5.706618,3.151184
112.274398,6.828301,3.355557
125.626875,8.564188,3.424769
136.026779,10.041443,3.391611
150.156623,12.853134,3.185572
161.697806,13.900681,3.164718
176.419313,17.980005,2.460208
193.569959,23.375100,2.166872
210.979303,28.565384,2.055906
226.521562,34.156394,2.554757
237.337775,38.607625,3.057315
245.694704,40.565305,2.948898
249.328084,41.948410,2.992417
52.391447,236.505228,244.500533
58.885882,235.974320,241.013167
64.786331,234.066222,235.631174
67.879143,227.348767,225.267158
65.126346,212.240526,209.492359
54.464761,196.916075,197.557610
44.169990,175.810385,179.115267
37.583552,155.167713,161.723126
26.001033,131.421285,143.194267
20.465704,109.623548,126.908987
14.790507,92.272731,111.355363
12.241370,80.849662,101.956076
8.154121,63.974169,88.318330
6.773194,54.171250,79.951299
6.265347,39.327964,66.673573
4.246488,24.388624,46.690788
3.958396,18.449095,38.773845
4.839601,12.448501,28.881825
5.679281,9.509664,22.445028
7.396864,6.615899,15.681813
10.505343,4.944307,11.293338
16.043668,4.631181,8.185097
24.350806,4.186257,6.760517
36.352453,4.349214,4.662921
50.131892,5.295351,3.453926
63.541971,5.984823,2.989791
80.737673,8.193835,2.670608
96.630795,9.764006,2.557620
109.129999,10.728615,2.582056
121.362227,11.668318,2.846790
133.197569,14.761895,3.058526
146.726994,17.615875,2.911826
161.437748,21.531976,2.975685
175.748286,25.731096,2.897949
192.855516,31.081429,2.734289
210.954758,40.904881,3.881806
225.610463,46.043184,4.296909
237.685855,48.893255,3.932910
244.229212,52.092680,3.962373
249.601682,53.285880,3.737466
38.333958,240.940325,242.911962
43.526124,240.032848,238.501562
49.601631,237.038928,231.353229
55.647373,231.734862,221.699028
61.302132,219.770449,206.717014
50.830143,201.247792,192.728158
40.999549,181.103534,172.020907
35.491614,162.456169,157.625513
29.157817,139.793292,138.104140
20.213413,117.589115,120.783705
16.977492,102.424939,109.761879
12.499564,87.279398,96.121334
9.311400,75.737554,85.137775
6.958088,62.544554,73.723634
6.199020,48.715992,57.922070
4.526041,31.786397,42.259592
4.702152,21.336214,31.188268
4.641647,16.164534,24.443261
5.805271,11.829939,16.730540
6.854022,8.919818,11.404797
8.007474,5.768601,7.001790
14.450021,5.470412,5.879876
22.552069,5.786427,4.587433
34.384163,6.829325,3.595051
44.957712,7.819904,2.779425
60.461341,9.052829,2.282884
77.575035,10.746216,2.370607
91.053052,12.376038,2.383672
104.552113,14.258622,2.378923
118.833723,20.158464,2.843917
132.324345,23.469949,3.885756
147.238710,27.266999,3.901943
162.081845,33.303822,4.150566
175.788557,38.259390,4.275562
197.074876,45.539984,4.460030
211.772861,51.070126,4.476439
226.425538,59.917275,4.718506
235.619130,63.326717,5.308020
243.970132,66.186584,5.926643
247.860401,67.775596,6.512928
26.697818,243.356144,240.216171
33.807145,241.854361,233.852268
43.185771,239.545651,226.479777
48.233932,235.119725,219.236530
53.152630,221.821367,202.898296
45.305891,202.545722,181.781037
36.970291,184.362161,166.886213
34.071194,169.008021,152.324165
25.988146,148.699541,133.615874
20.397611,127.331466,116.948680
15.343094,111.016951,104.310746
11.530359,97.703439,90.352860
9.970696,87.322548,79.704437
6.989612,72.068399,65.658704
5.583567,57.179469,50.636974
4.718408,40.864132,35.784056
4.665160,28.993709,25.996482
5.299367,21.975648,19.328179
5.431109,16.635906,13.992473
6.800508,11.854154,9.861913
9.283436,9.248906,6.658361
14.104298,8.936400,4.792792
21.510259,9.714686,4.169528
30.803120,10.207774,3.062622
44.057842,11.112630,2.267221
54.435765,13.522712,2.240091
74.677882,15.889299,2.127522
87.870596,18.808691,2.260193
104.393544,23.287320,2.737357
119.273894,28.887544,3.458447
133.173114,33.791276,3.996665
147.194877,38.790041,4.935919
162.996741,46.494455,5.260787
177.363862,53.487207,5.528986
198.589954,59.266271,6.452811
219.106133,67.420152,6.620750
228.373505,71.558104,6.965572
236.033383,74.584112,6.590299
244.470026,78.063052,7.018244
248.007350,80.344569,7.214001
27.707351,245.249567,229.989320
30.234548,244.171792,226.125165
37.386120,241.718103,220.611284
40.389566,236.442642,210.216774
38.230893,224.588976,193.716289
36.558594,206.109218,175.429892
31.811559,188.716012,157.873278
26.873819,174.596738,141.195501
23.305260,155.078105,128.722088
18.443369,138.033647,110.534818
13.520386,123.013944,95.314749
10.696522,108.427165,82.390583
10.168309,97.355561,72.451499
7.061390,85.871700,59.418750
5.510768,70.806242,45.320526
5.131397,54.184799,31.565307
4.883795,39.398582,21.443162
5.333914,31.786678,15.495655
5.149916,26.153574,11.489590
7.468807,21.035446,7.850578
10.073133,17.749164,5.655096
14.543461,15.410341,4.619312
21.476219,15.792104,3.231762
32.530973,16.446555,2.624475
41.982891,18.134690,2.581960
57.068056,21.240225,2.159657
75.979786,25.462723,2.160038
90.413591,30.556198,2.309618
104.866862,35.290237,3.209286
118.700195,38.311681,4.339623
135.784738,43.984972,4.880497
149.707980,51.327604,5.204550
166.596094,58.170208,5.628228
180.002066,62.888325,6.908014
202.085535,73.433401,7.816409
218.891504,77.347772,7.783023
229.602435,81.306193,7.662569
238.085021,85.783482,7.297864
245.363504,89.310792,7.158512
247.961085,90.371616,7.415827
27.267485,246.759555,215.919328
28.937284,245.568417,214.144141
28.782594,243.064381,208.768538
31.210097,237.370277,198.094663
30.008148,226.333347,182.264029
29.506527,209.446312,165.144390
24.454854,194.324490,152.755952
24.936720,180.128230,137.004424
17.975565,164.535512,120.604736
16.706316,143.557133,103.289032
12.900311,131.434522,89.187506
10.668851,117.157374,74.729386
8.905617,107.848555,65.016508
5.747752,93.790594,52.633975
5.450314,79.882036,41.077226
5.406490,63.282998,28.735763
5.264920,47.610725,19.107377
5.514544,39.915446,14.138189
5.577953,35.559427,10.284856
7.942690,30.126701,7.196397
11.010187,27.410575,4.895589
15.521702,25.477409,3.695126
23.844681,24.856384,3.444927
33.519680,27.182585,4.003247
44.422603,27.886660,3.820725
58.264233,32.827285,3.482740
76.639168,36.143954,2.951056
91.563557,41.291563,2.965177
104.831286,44.739385,4.041892
119.180708,52.363864,4.373144
138.009897,55.899731,5.196471
151.431387,62.184858,6.250138
169.262080,69.066520,7.081636
184.456502,79.126772,7.664985
202.980848,84.778466,8.994107
219.287181,91.690130,8.884506
230.372608,91.448535,7.552684
239.064411,94.451262,7.765474
245.926943,95.994577,7.661425
248.247848,96.956215,7.407882
19.593698,248.112004,202.001574
20.839470,246.244615,198.621788
22.026431,242.216017,192.539434
24.753080,237.547936,182.871706
23.288042,228.208918,171.029294
22.262266,212.476941,155.010025
22.074473,197.572459,139.900976
18.112424,182.249729,126.072216
16.116487,168.990216,110.995556
15.821479,153.197086,97.803143
13.153614,137.026777,81.354845
9.746680,123.115877,67.281689
8.039570,116.699980,60.041789
5.667739,104.377163,47.613572
4.847267,90.321229,36.253217
5.590810,78.210403,25.778901
5.656872,64.894720,18.020571
5.350812,51.560313,12.710407
6.405916,41.567553,9.061580
9.194526,39.610207,6.958055
12.505954,36.001100,4.535944
19.205978,35.807409,4.892784
24.516998,34.929019,4.205890
34.958578,36.736467,4.335918
51.447256,41.972656,4.119313
61.245199,43.537081,4.072146
79.618040,50.159706,4.524338
93.768974,57.199458,5.914168
105.303838,62.414592,5.608497
119.090312,65.369157,5.468789
140.011552,71.910365,6.633673
156.652827,76.715594,8.319693
172.422693,83.644747,9.963133
188.214679,91.279118,9.835364
205.081465,98.474864,9.724977
220.517648,100.632683,10.245861
230.203822,103.462751,11.829584
239.529871,105.509212,10.497947
245.765899,106.711790,10.301142
248.815225,106.582625,8.514092
17.652298,249.252164,180.869198
17.161363,247.082064,176.897570
18.188075,243.197515,170.316555
19.721847,238.529541,163.497721
20.025557,231.557572,156.577639
17.233313,215.114255,140.289596
15.388842,201.464696,129.327088
13.040920,185.937452,115.022144
13.423490,174.537444,103.758128
12.155210,161.953665,88.247957
9.897758,143.573405,72.282821
8.002987,128.576910,61.588350
7.595082,122.436144,52.959178
5.672072,113.115855,43.692663
5.004341,100.414558,28.925049
4.936831,92.568922,23.633543
5.003591,78.890675,16.239184
5.888464,67.712476,11.219770
7.444072,60.140295,7.568348
11.390080,49.836698,5.568479
16.251669,47.827414,5.052505
21.269644,46.818538,5.110733
30.367241,51.021344,4.756386
41.105679,55.209935,4.536106
52.619656,55.109107,4.431761
67.937391,60.541393,4.436773
82.926474,67.644968,5.577659
96.024821,70.582126,7.639333
110.403967,78.004074,7.782744
123.102775,82.875090,8.131937
140.097905,86.149467,9.416090
156.348275,92.101298,11.019205
176.872954,99.332036,11.722242
192.084481,104.385406,12.011261
207.536008,109.707418,13.667881
220.941980,112.200197,14.023068
230.834416,112.067988,12.461475
239.136670,114.032220,12.103558
244.865511,115.669201,11.646707
248.117265,116.878531,10.707888
16.494425,250.188172,161.702747
15.652452,248.177421,160.491519
16.005510,245.214181,155.546973
16.622083,240.474985,147.367180
17.535700,233.750922,138.403725
13.176771,219.641186,127.663109
11.930858,206.450049,114.828901
11.779276,193.385108,102.236921
11.047966,179.389166,91.565554
9.981378,166.352588,77.169980
8.544051,153.325086,65.082668
7.214295,137.832974,52.846101
6.686718,129.217868,45.026178
4.220902,120.424563,34.543769
4.348152,110.797678,24.947501
4.251505,103.690260,19.285268
5.351507,94.082739,13.187161
6.437784,83.604520,9.690218
10.483208,78.348357,6.439243
14.547804,73.804057,5.787268
21.273758,67.103454,6.192556
27.839880,65.238233,5.667562
36.132156,65.991235,5.661609
49.128774,70.937838,6.080252
60.039277,74.815153,6.382690
75.106322,79.697820,7.064316
87.293705,83.295400,8.068636
100.281120,87.646346,9.517000
112.631850,91.165219,12.195946
126.411976,98.159007,12.019979
143.385442,103.838278,12.889073
161.110846,107.716151,14.637261
179.157545,113.489878,16.375380
190.596083,117.591080,16.171923
205.884684,117.572066,15.531979
219.009516,119.852993,15.100853
231.944971,122.246018,15.026008
239.130426,124.317948,14.147071
245.713730,125.761722,12.414246
248.893497,127.877199,12.117367
16.666637,251.027333,143.665979
15.025952,249.109655,141.868661
13.666240,246.302973,137.553833
13.836588,242.226389,131.321758
12.401347,234.634087,123.854070
10.623930,224.865019,114.342134
9.689738,209.352918,100.355127
9.820193,200.944769,93.818293
9.752731,186.831546,79.087869
9.003507,174.941982,68.989161
7.928926,158.218925,58.578056
5.720008,144.797903,47.276858
4.497409,136.340414,36.707061
3.552725,127.405349,27.585954
3.835466,123.287744,20.583682
4.441668,114.321393,14.199385
5.009893,108.703370,10.675698
7.133573,99.350134,7.413629
12.479782,93.168934,5.859768
16.890416,88.283397,4.955710
24.499614,84.346163,5.812249
33.032632,79.635041,5.952396
44.687833,85.467768,7.348019
54.897723,86.101345,7.574955
65.119579,89.922308,9.029566
79.026607,94.600527,9.592671
90.428984,97.570388,11.014959
102.943877,99.659994,14.146034
115.540950,104.759861,13.821403
129.347988,108.478186,14.354426
145.559527,114.431644,16.377606
162.144241,118.487111,17.412096
179.395414,123.639322,18.988166
191.911172,124.805363,17.289444
204.389596,128.128742,18.468522
220.210229,129.697280,16.712843
229.782306,131.113311,16.424926
239.250650,135.130285,16.437523
246.615958,137.603570,15.322717
249.271746,138.737304,15.012903
15.174040,251.642907,126.352039
12.933739,250.209828,125.855536
11.595830,247.565983,122.396710
11.718424,243.688342,118.494958
11.047481,236.402004,110.344992
9.994326,228.540625,101.581971
8.987654,216.711013,91.859180
7.472834,203.460299,81.051980
7.033602,192.480485,70.383878
7.010944,180.923649,63.578700
5.543714,167.532783,50.047178
4.757195,153.142123,37.539641
3.742876,143.387442,28.159682
3.640084,136.659459,21.427620
3.888994,128.509275,14.821095
4.044798,124.903593,11.117078
5.050636,117.450605,8.598510
9.217420,111.487339,5.622060
13.324831,107.795433,4.668050
20.961315,102.016295,5.192748
27.808704,98.675187,6.247248
40.069528,99.624002,7.806567
46.422700,98.724239,7.845717
58.918692,100.611298,8.525772
69.556510,105.342739,10.826981
82.109918,108.037451,11.690806
93.893216,110.434442,14.393390
107.406775,114.119357,16.312740
119.916158,118.686703,16.742346
131.303270,120.044845,14.239145
148.220846,123.469512,18.093026
164.593869,128.796815,20.474945
180.224412,132.001051,20.328310
188.819567,134.526441,19.243280
205.169994,139.552719,22.064601
219.196090,143.149678,20.282586
231.716248,144.989740,20.356176
239.813741,145.818287,18.528749
246.851989,148.192185,17.405710
249.691790,148.882304,16.327085
14.453729,252.536296,107.684408
13.320580,251.178143,104.367959
11.839141,249.181344,103.382049
11.208438,245.047524,101.200827
9.270794,238.050519,93.633368
8.125942,232.378383,87.666109
6.297689,221.207823,79.507888
5.143403,209.394411,70.131270
5.650300,198.869499,63.706484
4.967795,185.558424,50.992232
3.457198,174.182783,40.271224
3.306389,163.477759,30.993683
2.598880,152.262608,23.354387
3.007661,143.064894,16.520353
3.295682,134.843739,10.849842
4.238375,130.211017,8.276008
5.751845,127.723609,6.566474
9.921990,123.757120,4.594588
15.600303,119.898796,4.163073
23.030587,117.731019,4.090718
33.607762,116.619419,6.672424
43.162160,115.243513,7.484030
51.924528,112.336118,8.301798
63.297244,116.577954,9.446357
74.081820,117.799471,12.144356
85.789089,120.291026,14.804487
98.956239,124.854054,17.524910
112.480267,129.851086,17.147671
121.254212,130.268002,17.028802
134.931009,136.432077,17.780058
148.072175,137.273903,18.902050
165.571414,141.352474,22.656327
180.389788,140.652322,23.388778
193.366827,144.641938,21.224564
206.999335,149.339861,24.177266
220.283226,153.562348,25.478759
232.330062,156.718744,25.384189
239.889948,159.279405,24.161566
246.541155,161.172949,22.366637
248.963326,161.767699,20.646723
13.610857,252.984879,94.720193
12.504586,252.493093,94.021360
11.737847,250.339628,91.085961
10.820696,246.186703,87.469827
8.950844,239.849600,82.043243
6.857385,233.086529,74.446707
6.138543,226.691893,71.534477
4.184211,214.742038,63.191222
3.639815,206.041022,53.836029
3.024516,192.081785,41.500964
2.451707,181.652320,33.251195
2.075967,169.198095,23.998267
2.539773,160.251077,18.109893
3.416391,151.911459,12.097212
3.989802,145.160290,9.026127
4.767029,137.813054,5.498534
7.439905,134.908456,4.923827
11.241074,131.983539,3.340947
17.732034,129.755401,3.246632
26.165000,129.298002,5.137293
36.029820,128.555104,6.510488
44.414877,125.388720,7.798372
56.568683,126.914717,9.569081
66.301595,129.854692,10.244630
80.781808,135.195252,15.685788
91.690680,138.435221,15.758509
106.684050,144.716842,18.607816
114.712394,145.994898,19.393411
126.303921,151.658188,18.849093
138.610099,153.291541,19.168748
150.201578,152.249068,21.171324
164.494459,152.310051,24.541683
180.016820,154.586445,26.232699
194.993604,154.199561,24.888958
209.594723,159.146427,28.751076
224.166610,166.119870,31.678831
232.876727,169.115706,31.213010
241.067156,169.996445,29.383153
245.775735,169.704902,29.123103
247.948506,170.882242,25.917234
11.943963,253.419153,83.133442
11.024996,252.832293,82.378184
10.097189,251.570327,77.062893
9.482121,248.795985,69.455983
7.647958,242.811656,60.985794
6.769245,238.442244,57.784932
5.524400,232.528547,50.942832
2.522932,222.408557,45.260658
2.405706,213.641779,40.414353
1.988647,199.146101,33.452309
1.888293,186.342306,25.800492
2.043323,177.437767,19.559499
2.465859,166.695116,13.123254
4.044374,159.754547,9.138294
4.630947,153.553202,6.327388
6.614685,149.634207,4.904600
10.309736,144.830808,4.275749
15.694178,142.490545,2.747889
21.199355,139.747147,3.343069
31.351797,140.459997,5.061223
40.611982,142.234369,6.337975
51.756385,146.725962,7.169846
63.308037,145.739086,10.003383
73.937698,151.708958,13.009148
88.476363,156.363440,16.473237
97.476997,158.680466,18.262558
109.445725,159.978338,20.490207
120.223941,162.855045,19.838655
130.156646,167.281602,21.733002
140.136305,167.791177,20.523927
149.265461,169.802242,23.646989
163.996722,168.622831,27.641946
179.380365,172.383130,30.523612
198.942214,173.296979,33.306916
212.859782,174.325604,36.392869
225.237977,176.376770,36.382810
234.655162,178.403746,33.856369
241.190098,179.797991,32.784265
244.736839,179.949240,30.783375
247.716492,180.601024,29.240464
11.467302,253.598995,69.616484
9.934221,253.642902,64.115305
9.804617,252.972690,59.182295
9.306352,250.857182,54.120441
8.457561,247.076721,46.881030
6.263206,242.995411,43.634721
5.097028,238.030941,37.593493
3.099120,227.421326,31.487686
2.638977,220.215841,26.566909
2.341812,210.579304,22.094598
1.686874,197.294491,16.978680
2.031791,185.127075,12.345251
2.524717,175.614746,8.348561
4.545698,167.217803,6.251510
6.327055,163.217544,5.004959
9.437471,160.326357,4.056339
13.509549,158.556681,3.705281
20.084622,157.445573,3.085833
26.821315,155.334373,3.790954
38.296386,158.673110,5.905380
48.791325,160.271668,8.058731
60.642567,166.086045,9.586631
72.154166,167.165717,10.715077
80.521895,170.754743,13.174825
93.579309,171.621408,16.187889
101.109296,172.386347,18.464659
112.506388,176.238382,20.113159
123.325195,177.623904,22.909147
132.214701,177.498330,23.033689
143.237318,179.562887,22.740057
151.727071,181.228458,26.843946
165.213140,182.587235,33.704000
181.325936,185.153298,41.266248
197.511986,185.605452,40.792646
212.946915,184.650797,37.132875
225.287143,187.243134,41.906914
235.384843,187.306256,43.215682
241.370861,189.200140,35.983298
245.438083,189.825825,30.937832
247.874353,190.647281,30.421938
9.533903,254.297199,55.367567
9.178885,254.032235,51.366756
9.749802,253.742764,45.879249
9.558437,252.367955,41.390154
7.647446,249.600487,32.435870
6.950524,247.730451,28.345472
4.553242,244.495606,23.105661
4.290166,234.126958,21.097122
3.422942,224.912221,15.977831
2.304492,217.119053,12.345749
2.504073,207.462056,9.423600
2.107050,192.961242,7.633719
2.975417,183.088735,6.175299
5.633821,173.836628,4.787407
9.013932,170.078920,4.052339
12.275370,169.373005,3.377420
17.278134,167.454761,3.374116
23.672183,166.517998,2.876108
32.531431,167.005344,4.586827
42.867312,169.585099,6.099257
55.683053,176.478738,9.383035
64.861267,177.190136,9.677629
76.531996,180.227779,11.308750
85.834965,182.722686,13.117409
97.277350,185.131502,16.286875
105.555785,188.737354,17.243327
118.760158,191.214741,18.843200
127.906588,193.604776,20.605183
135.906422,195.695155,22.919278
145.472614,195.589037,24.344150
153.121673,193.940221,28.980969
168.216036,196.522648,40.276502
183.541462,196.118194,42.931325
196.966303,199.275243,42.225471
211.722050,200.073907,45.673697
226.574121,200.743747,44.475182
235.265945,201.666920,45.140971
241.942108,203.967499,39.267732
245.136319,205.311273,32.178639
247.408496,205.997250,29.995882
7.617663,254.396355,44.272192
8.216173,254.242602,39.185316
7.954923,254.298553,31.759873
7.982124,253.824504,25.763588
6.776298,252.785729,20.139029
5.302309,250.629945,15.192043
4.014348,248.035223,13.430053
3.921845,242.064782,10.203131
3.618186,233.542372,7.778406
3.482622,225.297228,6.784570
2.834025,216.911856,5.729463
3.269052,204.896583,5.069376
4.019712,190.791155,4.465691
7.817272,183.102280,4.547422
11.024533,177.118829,3.906474
15.196448,174.828850,2.986832
20.310747,174.930473,2.608575
27.025231,175.792548,3.635613
36.825831,177.524297,5.274008
48.627160,181.497491,6.758205
61.246296,186.614482,9.383424
69.707386,190.333996,11.307667
82.466903,193.677974,12.820557
90.306747,196.629042,13.342784
102.657368,201.323694,15.679279
111.778914,202.966569,17.232572
122.007775,207.091293,17.864935
129.860974,206.986298,18.420983
139.374063,208.198833,23.011011
146.564759,207.150528,26.046732
157.128388,206.984153,31.753803
171.172429,210.646323,42.478279
184.954054,213.353980,45.548746
199.729853,216.043857,50.614584
212.844938,214.943005,48.369686
226.793782,215.750694,47.871505
235.328562,216.562467,41.961210
242.152328,217.503199,34.053624
244.577333,219.193405,29.150452
247.289114,220.295961,26.247211
6.230914,254.443018,33.283585
6.628173,254.594303,26.986136
6.707277,254.591529,22.224814
5.982612,254.468979,15.426510
4.897032,254.075125,9.564651
4.123232,253.112403,6.656811
3.657884,251.437247,5.250325
4.113666,247.990119,3.940015
4.133733,241.021330,3.326004
3.844415,232.493449,3.102696
3.882775,224.116016,3.429536
3.791704,215.350874,3.036150
5.652579,202.731566,3.820754
9.491334,191.630667,3.223880
13.460291,184.427096,2.930281
19.235070,182.483883,3.021040
23.386765,182.304172,3.039952
30.799612,183.435450,4.046401
42.891208,187.627460,5.977025
55.649811,193.026032,7.790008
64.941722,197.059450,9.825453
75.911617,203.444862,11.168081
86.693972,207.805665,14.510815
94.867232,208.956239,15.470421
107.161983,214.344986,15.932300
115.729537,215.855064,15.939174
124.952963,216.247941,17.559454
133.381262,217.802226,19.928671
140.897530,218.418511,20.856028
149.505261,219.018490,26.659374
160.761638,221.807331,36.545884
175.289166,224.421897,44.539761
187.471373,224.097197,51.723000
200.246568,225.164408,54.833611
213.048373,226.122003,58.837571
226.304273,227.935172,53.402763
234.452558,228.791483,44.836412
239.583061,230.495433,36.361308
243.770064,230.346409,29.672657
245.856933,230.662733,25.991742
5.475530,254.654132,23.682759
4.207664,254.671142,17.478368
4.109415,254.719899,12.345396
3.935371,254.687119,7.776127
3.087107,254.452519,4.458533
2.529783,253.865424,3.067049
2.907639,252.955597,2.119734
3.474479,250.333680,1.651736
4.494204,245.759599,1.587397
5.135550,239.027684,1.769709
5.197551,229.823933,2.220793
5.417489,222.525810,2.183538
8.371188,213.895061,2.443826
11.958465,202.143456,2.962481
17.367035,194.399176,3.016273
23.168789,190.582318,3.456556
26.553337,189.329699,3.802549
36.087035,193.546437,5.126311
47.549352,197.697243,5.856402
59.786562,201.503742,8.351909
69.475675,207.922459,10.512600
80.637248,214.191378,11.613357
89.226280,216.817280,13.625574
99.329001,220.507511,14.568192
109.123027,222.084496,16.401037
118.119766,224.522370,17.345320
125.737904,225.472659,17.933557
135.953618,228.592305,20.088889
143.856751,228.448648,21.420991
154.341064,231.910816,27.948767
164.448921,232.473174,35.530638
175.810704,233.645877,47.543222
188.479879,232.616791,51.837920
199.524146,233.241132,57.269787
214.319041,235.530762,61.522953
225.063130,235.720085,56.165350
233.445148,234.638632,50.682832
238.980836,236.343842,39.177888
243.220766,237.279451,32.967264
245.603872,240.121761,24.055617
3.872512,254.722552,14.367013
3.511386,254.747134,10.899540
3.132583,254.750927,7.587665
2.730998,254.782305,4.429009
2.045813,254.644995,2.463998
1.905434,254.383324,1.447891
2.276369,253.632861,0.811782
3.275924,252.656983,0.952609
5.556927,249.892221,1.055135
6.765093,244.097967,1.085047
6.868737,236.557274,0.936678
6.241592,227.836212,1.182649
8.912866,220.323672,1.635568
14.119743,208.608376,1.984705
19.595161,199.973754,2.655774
26.077569,196.416029,3.809611
32.045320,197.801821,5.048143
42.247325,201.428402,5.830070
53.016674,207.113220,6.874917
64.538632,213.410985,9.114324
75.611852,219.043176,9.991847
85.274452,222.752941,11.115191
91.736325,225.194209,13.060997
101.540758,228.265848,14.746407
112.096323,230.683282,15.660748
119.651156,231.227240,16.545389
127.687251,231.768269,18.393973
135.933157,234.275313,20.136106
146.299122,234.636464,20.597491
156.845498,236.899338,27.330920
166.255298,239.078159,33.878826
178.308456,238.538494,43.314131
188.057184,237.837327,51.361398
203.911321,239.404933,60.729824
214.526534,240.099744,63.279732
225.113761,240.983255,60.349243
230.676751,240.370363,57.253670
237.979904,241.140346,45.766159
243.068787,241.514152,36.061901
244.638326,241.268138,32.650672
3.699128,254.694636,10.442654
3.544131,254.779381,7.426434
2.870729,254.780258,4.940741
2.345432,254.798396,2.831892
1.684581,254.713393,1.365345
1.030409,254.686377,0.463762
2.047831,254.101855,0.622110
3.414492,253.168369,0.687248
6.071663,251.463479,0.770467
8.594888,248.208092,0.737625
7.759669,241.399773,0.906697
7.533600,231.548176,1.139900
9.699481,223.139151,1.173602
15.540956,212.237110,1.709643
22.233574,204.866748,2.918557
29.287819,202.039031,4.138000
35.927859,204.020741,5.577083
46.493066,207.058056,6.544733
57.890129,214.133464,7.790756
68.166280,221.053736,9.265253
78.433799,227.326180,11.076947
87.584372,228.372794,11.670042
94.784998,231.187309,13.338036
103.809141,233.589926,15.710802
114.210995,236.461387,15.213005
119.711911,236.312536,16.760139
129.285542,237.229658,18.371661
137.084503,238.582177,20.181509
147.554880,239.862088,20.504065
158.814252,241.061011,26.982650
169.049555,242.784829,32.032449
178.812370,241.158058,42.086906
189.638592,241.719506,53.342314
203.135962,242.700319,66.254744
213.765413,243.388774,66.136340
224.902710,243.235936,62.124446
231.128840,243.753959,62.814161
237.472569,244.376546,51.487093
241.614903,243.234748,43.046377
243.366857,243.547854,40.358090
