1600
3
1.209712,254.932551,3.375162
0.822101,254.957164,2.530851
0.487702,254.930572,1.384893
0.272201,254.913073,0.791523
0.167362,254.914250,0.235038
0.468908,254.714937,0.340158
1.118478,254.068579,0.405491
2.788242,252.986240,0.427249
4.627274,251.448106,0.407745
7.551125,249.243517,0.565608
11.516636,245.883936,0.780916
16.465033,240.761482,0.987232
25.557429,235.652676,2.540234
33.739285,232.488126,3.345077
42.319335,234.428032,4.663515
50.074633,236.369856,5.717074
58.190075,237.463718,8.807177
69.654866,238.777854,11.058203
79.928772,240.594515,13.487657
90.358190,242.792185,15.520362
101.641329,244.729730,18.568147
113.962264,245.296021,19.985641
125.561287,246.533012,22.619504
133.900219,246.501701,19.590676
141.143356,247.096845,20.222781
154.685646,247.247215,21.337544
165.032758,247.655068,24.126344
172.671281,248.109648,25.133538
181.666744,247.592725,29.771365
191.928501,247.894568,38.425351
202.285480,248.530114,48.020687
211.678058,248.149211,51.157723
222.320517,247.220342,54.169659
232.571015,246.751300,50.206987
238.884962,247.775664,40.896397
243.947914,247.177695,27.303086
246.975481,246.935105,20.288205
248.219236,247.445705,12.841921
249.264980,243.054379,15.204096
249.902035,238.367856,16.428127
2.155271,254.919112,7.252378
1.226815,254.906609,4.872128
0.674176,254.893386,3.185278
0.437534,254.865670,1.830505
0.379211,254.786867,1.099117
0.522420,254.425993,0.809718
0.989286,253.408373,0.658727
2.619746,251.658359,0.568946
4.039705,249.015457,0.648192
7.215896,245.136889,0.858222
10.521237,242.088179,1.007579
15.251508,235.361300,1.692873
23.970525,230.409013,2.967707
30.024246,227.616431,3.346344
38.986209,229.104983,4.480776
45.950698,230.945686,5.407288
54.794185,231.713557,7.941633
65.425421,233.593240,9.406197
77.157580,236.299019,12.105197
88.548442,238.309912,14.905315
100.151472,240.387265,17.493488
110.584595,239.824276,19.160098
123.422629,241.784998,20.573523
132.620978,242.246431,20.015631
140.244687,242.898143,19.715249
152.909632,240.885573,22.326852
165.232694,242.116588,23.349182
171.690156,242.426689,24.920180
180.404778,243.353783,33.852690
190.534464,244.108399,43.302463
201.876257,245.256879,54.965029
211.837127,244.601554,60.809175
221.855376,244.178699,61.655249
231.809702,243.650837,57.013762
239.165739,243.877317,46.919798
244.173862,243.488898,34.721752
247.281972,243.261764,23.192694
248.428482,241.970192,15.268138
249.806473,236.928296,14.099111
250.560950,232.165596,14.962492
3.128104,254.868565,13.663855
1.969594,254.892367,10.424091
1.172670,254.825251,7.158451
0.666706,254.726012,4.792673
0.581995,254.486331,2.846460
0.781995,253.770611,2.100462
0.930194,252.263623,1.373038
2.523550,249.680374,0.916526
3.683417,245.171717,0.910899
5.809468,239.739004,1.160991
8.503450,233.675472,1.402814
12.743513,227.423086,1.763685
20.122735,223.242014,2.698786
26.599751,221.699899,3.578402
33.523657,221.600784,3.889302
41.755175,223.410405,5.146084
49.502228,223.117330,7.124984
60.840855,226.365400,8.397989
72.797804,227.775392,11.308800
84.379703,230.549087,13.491045
98.722383,233.393435,16.308629
108.993606,233.722925,18.683388
123.176389,236.468980,20.025257
131.466994,236.739217,20.391203
139.830290,234.939096,20.421630
151.055278,235.373348,22.901826
162.519120,235.475287,24.913738
169.185564,235.355558,28.739316
178.457579,238.154163,37.261834
188.719993,238.348552,47.200352
199.810616,239.664235,59.378715
210.015252,240.225511,68.119272
220.301918,239.880763,70.987810
230.841585,238.052696,66.063069
238.478341,238.172872,54.465358
244.975877,236.987321,39.178046
247.633395,233.733203,27.218997
249.305964,231.644663,17.679621
250.784563,226.244787,14.698956
251.418060,222.216072,12.757132
4.073608,254.813732,23.141797
2.447751,254.774942,17.933086
1.764195,254.777701,13.830894
1.414093,254.590911,11.225521
0.834216,254.040697,7.948849
0.933759,252.656917,5.267824
1.427067,250.391587,3.340283
2.261801,245.734055,2.645103
3.789265,240.567214,1.690381
4.909013,233.425970,1.631245
7.401718,226.250839,2.231988
11.000798,219.663663,2.425850
15.271728,213.922731,2.833666
20.858621,211.598162,3.276317
28.148789,212.359289,3.833741
35.786654,212.583605,4.639980
43.200955,213.624391,5.313773
52.383636,214.947196,8.843294
67.506018,219.556367,10.570647
78.760580,221.527233,12.393316
94.512072,224.656474,14.553598
106.730728,225.962246,17.246794
117.048799,226.554762,19.335437
130.216174,227.628735,21.800720
139.221780,226.295260,20.858746
147.942690,224.162161,21.549977
158.688560,225.275090,25.703308
165.878107,226.160557,31.707650
176.159910,228.063223,38.382047
185.381161,232.216191,51.400329
196.592225,232.918300,62.048802
208.015120,232.104251,74.235124
221.392729,230.040010,78.559508
229.463666,229.532953,70.947034
237.999333,227.772799,59.419856
245.261091,223.540759,45.499173
248.355082,221.686435,29.397566
250.495315,217.634264,19.884693
251.272686,214.631629,15.530202
252.503720,209.736390,12.730312
5.619882,254.588264,33.356812
3.978151,254.600983,28.667279
3.017027,254.459347,24.052420
2.373985,254.115192,20.584867
1.483505,253.160953,15.721315
1.270540,250.677984,11.217722
1.573395,247.426516,7.649547
2.198638,240.270557,5.946385
3.419631,232.248044,4.543176
4.189225,224.638385,3.955306
5.465662,214.856965,3.549221
7.658793,206.840175,3.488304
9.923285,202.181956,3.360098
14.881956,199.531502,3.110349
20.558456,198.592872,2.982060
26.746829,200.309134,3.684311
35.357508,202.030789,4.765260
45.524661,205.235204,6.882806
56.779861,207.041177,8.828580
72.949173,210.527456,11.904460
87.561123,211.086054,13.618698
103.010860,216.474128,16.634815
116.337873,217.263275,19.708022
128.807703,216.998597,20.303539
136.961172,213.209060,20.933164
145.936947,213.591361,20.914770
154.526757,214.011212,26.231778
163.199004,216.527377,32.415192
170.939145,215.264841,37.484524
182.992014,216.892208,48.500755
193.268673,219.602748,62.578257
204.601915,219.335069,74.020510
218.554962,218.381509,76.181595
228.341095,216.875377,72.005000
237.944519,213.536426,59.769398
245.522541,209.426223,42.714058
250.043942,202.797062,32.417069
251.562548,199.602378,22.480684
252.426512,195.495919,14.682234
253.151011,191.578192,11.169430
7.014072,254.361173,43.868772
5.573611,254.192116,40.837630
4.267423,253.967423,37.867540
3.626346,253.181183,31.959603
2.718609,251.644475,28.096187
1.820467,247.742283,21.451831
2.368529,242.088530,16.372718
2.390427,234.133223,11.610246
2.105515,223.713859,9.832444
3.742717,214.847000,7.567861
4.670213,204.692914,5.517295
5.787693,197.609482,4.613074
7.085202,192.260208,3.998185
9.926788,190.197483,3.244397
15.465539,190.258029,2.954770
19.367565,189.767716,2.621214
27.660828,188.871424,3.939362
36.649821,191.456099,4.686578
50.280564,193.481741,7.567506
65.178986,193.467794,10.004455
78.963518,196.912127,10.623762
94.912230,200.628205,15.888903
110.548038,201.438297,18.381625
125.483441,200.644791,18.234847
134.614880,202.103708,19.567310
144.231960,203.816261,21.624359
151.042119,201.942630,22.384629
160.659934,205.070802,26.043401
170.216124,201.956136,34.441316
179.049454,203.001442,44.980318
188.622723,204.597852,55.328162
202.004283,203.958857,68.568651
216.147365,203.067377,69.377720
226.882771,199.845940,65.111082
236.257223,195.220786,56.592471
245.179869,191.519380,41.336639
250.016015,185.227518,29.812311
251.412087,182.068919,20.423797
252.199577,178.512575,13.155328
252.850097,176.454891,10.050972
9.499545,254.047825,57.889471
7.269869,253.681544,53.015656
5.619840,253.174694,49.646812
4.170378,251.936667,44.475785
3.969015,249.203248,42.684617
2.837449,243.726159,37.205584
2.900312,236.364201,28.369827
2.529887,225.691267,20.320834
2.322471,215.919202,16.221558
2.569994,204.562797,12.763068
2.909355,195.416570,8.052009
4.160928,190.749460,6.048671
5.189150,186.991232,5.115177
7.257258,183.346296,3.850673
11.127052,179.879892,2.993937
15.616246,178.422073,3.022662
21.776274,178.579036,3.323131
30.283898,177.202000,4.913711
41.317960,177.732068,6.226645
55.972785,180.747888,7.308460
73.638037,184.280215,10.509386
88.253999,183.106163,15.171956
106.803060,185.871690,18.419143
120.462151,184.929774,18.232292
128.102008,185.973985,18.237939
138.249824,186.433915,23.194679
147.802839,187.935545,22.081246
155.236331,184.333753,24.217406
165.849800,187.032128,29.216976
175.636654,185.207352,35.328710
184.657259,185.839105,45.389002
198.286769,184.560315,53.234391
214.684588,184.446582,57.385527
224.903746,180.775264,55.034795
236.043067,177.422043,48.072169
242.729091,172.854342,37.224360
249.397210,168.770147,26.858485
251.270723,167.528656,18.057029
252.276246,164.086078,12.194231
252.155567,161.820709,9.466643
10.695412,253.474913,70.067893
8.888410,253.188454,67.266541
7.061249,252.124790,64.199735
5.826463,249.635878,59.763089
5.108564,245.740492,57.131124
3.658123,238.836969,50.704399
3.427021,229.192111,41.819702
3.133373,218.516849,32.281769
2.844112,207.312620,25.579345
2.639818,196.441615,18.178889
2.514512,188.792932,12.079444
3.698794,185.304376,8.410704
4.064116,181.468745,6.584701
5.506990,177.964329,4.369908
7.893967,173.391110,3.355970
12.584117,170.507822,3.125695
17.283073,168.867021,2.774746
24.570553,166.188864,3.836841
35.727830,166.121256,4.774729
47.581001,166.907463,6.089256
64.523188,163.956718,9.078464
80.859527,166.298050,12.318321
100.245296,165.442088,15.688191
115.048727,168.080069,15.647964
121.260414,170.450233,16.473752
132.881390,170.457230,18.804478
142.966535,169.039815,21.024523
152.267549,168.251087,24.584524
161.700244,168.509661,26.858024
172.602870,168.795515,30.736552
183.434027,166.135546,35.642475
195.093607,165.588181,45.075262
208.315297,164.077015,44.628152
222.400943,164.414349,43.819521
232.576944,158.383437,40.417920
242.781289,157.740203,34.304299
249.003981,152.624742,20.396697
250.853971,152.118145,16.593017
251.970153,148.507789,10.700205
252.366163,147.130228,8.999699
13.194456,253.148139,78.842430
11.023701,252.471231,77.661949
8.724407,251.356294,74.874728
6.426581,247.192936,71.231886
6.327025,243.919122,68.755516
5.930915,235.992014,64.122999
4.084362,225.209557,52.089845
4.145196,213.539934,43.827678
3.001162,201.242520,33.808132
2.626220,191.365855,25.829010
2.826417,183.411728,16.590984
2.804361,180.534065,12.310850
3.392066,175.510337,8.309529
4.383643,169.547572,5.526234
6.312469,164.247774,3.401110
9.753329,162.121018,3.101655
14.361634,158.831395,2.519875
20.750188,155.917824,3.058996
29.626612,152.701463,4.546344
43.602686,149.652630,5.513210
56.071089,148.869953,7.466546
75.332405,148.637374,11.096498
94.160154,150.750892,12.650065
108.002014,155.383883,12.934959
119.191910,156.019139,15.748252
127.489412,152.133982,16.934834
137.402003,152.179726,19.323320
148.223394,154.070310,22.117092
158.382560,154.671002,27.371581
169.450179,152.348173,29.672678
181.632551,151.752978,31.770038
192.808960,147.792007,35.509779
204.115613,147.595727,38.249369
218.870544,145.471415,37.554787
229.897120,140.934491,34.962366
241.299976,138.192742,27.388701
247.838460,139.126244,19.165998
250.571071,136.730143,14.413205
251.940436,135.381245,9.982579
252.717560,135.224160,7.767195
14.620719,253.012196,95.213637
12.005837,252.175844,93.329498
8.474898,250.590500,89.813867
8.034365,247.120965,84.429571
7.437554,240.144860,77.092124
6.498981,232.315725,71.440473
6.903945,223.374109,64.429018
3.544844,210.272239,52.068017
3.090135,196.618672,40.372127
2.271275,184.771105,29.727778
2.466879,178.653877,21.888359
2.438486,173.711227,16.364984
2.520264,168.029055,10.944964
3.423742,162.289407,6.736279
4.988320,156.920328,4.160558
8.276479,153.147617,3.170690
11.701491,149.164773,2.748430
18.368639,143.310550,3.132782
25.672878,138.143598,3.797419
39.328389,137.668643,5.226848
52.362654,135.216919,6.585946
68.445753,133.761853,8.696993
84.738705,133.999601,9.921506
97.100175,136.328244,11.541042
112.837174,136.264439,14.254247
124.499998,136.919576,15.850606
134.332532,139.818353,19.065086
142.019386,140.744127,20.875175
154.499445,139.468056,24.986137
165.868827,138.891247,26.915415
179.423796,135.262783,30.759935
190.022173,132.261384,32.579592
203.150576,132.176117,33.679862
215.217314,129.739323,31.636185
226.951322,128.349426,31.417572
239.661233,125.154159,23.279509
247.075013,125.050375,18.236501
250.119877,124.522246,11.306029
251.978988,124.572950,8.747553
252.635064,124.226551,6.786233
15.695157,252.888368,108.765074
13.209400,252.135461,107.098294
10.516146,250.452424,104.894317
8.945861,246.034588,98.730763
8.732783,238.683267,87.948029
7.266531,229.497138,78.672103
6.989289,219.239192,73.845701
5.262421,205.811082,60.315090
3.369881,191.668860,46.407229
2.400867,179.891307,36.071950
2.575272,174.957697,27.695176
2.285538,169.398518,22.116274
2.037671,160.388765,14.137509
2.545089,154.594241,9.040088
3.547506,148.440500,5.257397
6.401690,144.079829,3.675903
10.122822,139.669370,3.057440
16.955926,133.933017,3.326640
23.980169,129.746744,3.391273
35.144822,126.158213,4.246230
47.674968,121.641722,4.950888
64.696236,120.682288,6.282047
77.304351,118.253622,7.775594
92.534205,119.979096,9.785092
107.137122,122.048210,12.496068
118.989050,123.185540,13.287771
127.988738,124.120839,15.972150
139.684032,124.167068,19.871198
151.773474,123.875106,21.017228
163.069801,121.691515,23.215539
177.387981,121.463119,26.578351
186.381253,119.069352,28.309016
201.733517,119.925021,29.277362
214.650853,118.971218,27.176464
227.180538,115.006087,24.116094
238.149174,112.833158,19.547593
245.395217,112.257788,14.805245
249.361621,110.560530,11.013739
252.113993,110.779302,8.519447
253.081431,110.483146,6.899391
15.406497,252.949093,121.043735
13.239013,252.090773,118.898737
11.274298,249.841694,114.969413
10.936430,245.603228,110.937455
10.435781,238.705045,103.397517
8.017201,226.116325,91.496470
7.985756,213.420038,79.275717
6.360914,202.473541,68.869313
4.608870,187.208303,55.181848
2.889543,176.028493,44.281104
2.525046,166.891996,35.975537
2.277068,162.026733,28.329453
2.076024,152.564450,19.540246
1.917838,145.520493,12.193347
2.675407,140.156544,7.554190
4.730364,134.977524,4.090867
8.604407,129.864382,3.466721
14.486610,125.228059,2.831428
21.934819,116.124675,3.744054
30.943777,111.899990,4.067691
43.420188,106.459878,4.489595
58.347798,104.736593,5.084635
73.535612,107.287416,6.522213
84.772793,104.802546,8.541186
103.167439,108.141681,10.364910
114.894320,110.342547,11.254799
125.076175,108.017387,13.204287
136.919813,107.370006,15.199467
149.419848,106.209243,16.586439
160.072542,106.772834,18.204259
174.588628,108.197217,21.234628
187.274101,106.076642,21.755401
198.878796,103.319687,22.616100
212.362624,103.775873,20.071426
226.419911,104.111282,18.519338
238.257913,102.001635,15.333512
245.055621,100.126588,12.249176
250.137441,98.655842,10.000058
251.913738,98.254286,7.377011
253.355389,97.662487,6.187604
14.766412,252.797205,133.931346
13.548021,251.694132,132.414800
11.969718,249.789978,130.079010
11.146337,243.597400,122.620896
12.213398,235.124992,116.474015
9.590079,225.188502,104.810177
8.708030,211.533183,90.310539
7.472748,198.617845,77.949974
5.029127,181.101307,62.265349
3.246049,170.468391,51.070039
2.924082,161.909145,41.558270
2.506995,156.193070,35.324655
1.930298,146.332161,24.467145
2.007583,139.453166,16.610019
2.448411,131.488351,10.697376
4.097657,122.166140,6.614478
6.540744,117.231322,4.518128
11.942432,108.184759,3.095177
18.870810,102.858469,3.625398
28.051053,95.208223,3.938560
40.460628,94.584056,3.885263
51.702311,92.322984,4.186778
67.404727,92.949777,4.890662
80.273075,93.485345,6.973174
96.484421,93.803525,9.544361
110.173648,92.319152,10.609150
121.432822,93.575053,11.972609
133.062414,94.404379,12.891967
145.514920,94.376933,13.525595
159.466353,95.111262,14.816195
172.180317,92.984437,14.641283
186.446149,93.145573,15.626904
197.826502,92.867479,15.965696
211.485564,92.546534,15.611092
226.247817,91.411375,14.652475
236.423358,91.515338,12.958812
244.824362,90.304595,11.694206
250.071731,89.283447,9.044048
252.487313,88.214796,7.332020
253.719481,87.958692,5.762414
14.417146,252.605038,153.160085
13.023208,251.331062,150.318249
12.216586,249.395032,146.140170
13.167351,242.155224,138.939720
15.212477,233.550952,127.358336
12.153557,223.357166,116.686776
10.485531,208.073175,100.393376
9.421790,194.521593,89.933214
6.735060,175.648223,71.569636
5.968164,165.528295,59.031378
5.089234,155.643110,50.143792
3.753265,149.881261,42.205841
2.202173,138.410752,29.360384
2.151853,129.513252,21.562003
2.076882,117.471613,14.089701
3.847865,109.710906,9.639085
5.513631,99.943462,6.365942
8.761688,94.331243,4.114026
15.674319,86.793930,3.764662
25.212512,82.376311,3.186412
34.279193,78.352185,3.460204
47.059655,78.395255,3.320253
59.692098,77.649604,3.985423
76.642028,79.832783,4.990031
90.710413,77.612654,6.084209
104.854995,79.079010,8.612294
118.696714,79.580651,9.616327
129.855613,80.408008,9.801672
143.206289,80.522289,11.467350
155.152085,80.748357,10.434851
169.926170,81.288193,10.802873
184.371148,81.819134,11.655970
197.798301,78.588549,11.438958
211.137607,77.128133,9.708191
223.765562,76.360451,11.771715
236.475149,77.088162,11.795139
244.571038,76.614980,10.498442
250.238577,74.604264,8.247112
252.769589,74.245693,6.170848
253.748493,73.375691,5.100209
12.550722,252.490200,175.337005
12.087957,250.746529,169.217504
12.668425,247.920516,164.312432
13.538752,241.633324,155.732568
14.465446,233.627950,143.885855
13.753888,219.876006,128.843238
12.809338,204.498151,114.720344
11.182860,188.430051,100.748001
10.313404,173.063770,82.727984
8.272037,160.776594,67.678709
6.765824,150.463501,58.690950
6.103165,141.438014,51.301757
4.181569,128.372231,37.637565
3.636663,116.085413,27.391589
2.479084,106.925736,18.162701
2.969360,95.380202,12.187938
4.494769,85.734691,7.559364
6.611314,76.801841,4.901800
11.950148,67.614745,3.265421
19.330217,60.935656,3.181442
28.596476,58.604477,2.924310
40.184505,56.728292,3.056415
53.757677,56.359981,3.406841
69.292774,57.423574,4.427303
84.956286,56.998276,3.952374
100.749027,61.138903,5.220182
114.784247,62.888210,6.023302
128.455360,63.964395,6.239898
139.485000,64.926003,6.996450
153.992994,66.647203,7.206278
169.585109,63.654422,7.013533
183.346226,62.825878,7.440563
196.377761,62.355408,8.789630
210.688815,60.882875,8.863089
223.203581,61.981369,10.156801
235.434457,61.043633,9.978439
244.003811,62.342381,9.328446
250.424366,60.387433,7.437452
252.610733,59.040891,5.316904
253.785692,58.203580,4.396903
12.016177,251.990134,192.173104
11.426397,250.760846,189.043981
12.263584,247.225835,185.214920
13.081476,241.019960,176.374963
13.127763,231.961538,164.468059
14.640644,215.497934,144.007717
16.566565,198.620421,127.582501
15.598301,185.078823,114.059666
14.605277,167.201240,94.892049
12.071274,152.775188,79.101376
10.743812,140.561893,66.752424
10.156347,128.463361,58.180463
8.324816,117.101293,47.423887
5.629071,105.276877,34.288200
4.860027,95.442157,24.466386
3.497763,80.093715,14.484117
4.194249,70.470948,9.621778
5.587920,62.986726,6.286779
9.392031,52.597021,3.439581
16.354591,45.257377,3.006775
23.832511,41.159654,2.429362
34.128745,40.339818,2.456076
48.747354,41.677519,3.158860
63.705428,42.010114,3.322638
81.722593,45.554066,3.682113
95.587823,46.843958,3.695882
110.879931,48.190498,4.344959
125.674344,48.431457,5.032949
136.140676,51.146289,5.257035
149.884832,49.544163,5.938965
168.492771,48.251227,5.746887
183.477504,49.473292,6.289626
195.818800,47.154421,6.763956
209.919855,45.013496,6.561788
222.947725,45.956005,6.936180
235.687671,47.041616,7.874014
244.883572,43.786040,6.735495
250.522680,43.405585,5.789132
252.979945,43.100612,3.952501
253.979244,43.378153,3.164387
12.729869,250.794425,211.112639
11.771514,248.861568,210.486634
11.474947,245.240354,207.214543
11.892248,238.957503,197.384368
12.871275,229.347474,183.554444
16.589694,211.152533,160.553320
18.938385,195.063793,144.468092
18.679804,180.155332,127.343863
17.221585,162.019506,107.507981
13.762447,144.619826,87.798694
12.561996,131.178711,75.458032
11.103467,122.296109,64.059356
9.850610,109.228476,54.365218
8.385770,95.174228,42.095011
6.168833,82.306566,31.021104
4.171316,66.528791,18.604458
4.571319,56.545393,12.363763
4.826880,44.637529,7.184444
7.635541,33.380830,4.027502
11.501005,29.793481,2.660996
19.152208,25.344371,2.415219
27.864810,26.067734,2.247185
42.937453,26.484868,2.628223
58.491874,29.941652,2.876854
75.820640,34.025012,3.039313
94.900232,36.067981,3.586869
109.536486,35.271295,4.047470
122.915453,37.733754,4.290678
135.352442,36.695813,4.373228
151.409839,35.176179,3.902350
166.374797,34.999182,4.041990
185.081187,36.369791,4.348919
195.724106,33.069610,5.177004
209.268832,31.967061,4.813633
222.681355,32.592901,3.992604
235.291317,31.118082,4.851209
244.070079,29.235819,4.073791
248.834020,31.017843,3.615762
253.178625,31.040026,2.652029
254.254009,30.600030,2.232114
13.369642,249.612684,226.210998
13.118863,247.349909,225.040808
13.343730,243.006125,220.147402
13.987925,237.871447,213.831044
15.235879,227.062962,199.605591
18.099279,210.667775,178.187844
19.146684,191.618841,155.598348
20.609108,173.410407,136.283967
19.980026,157.125654,119.821825
17.697073,139.069634,99.364677
14.802066,125.963200,83.714599
12.638974,112.906594,71.549509
11.243767,102.954869,59.203745
9.994200,85.339622,45.102565
8.235753,70.147113,34.049496
5.951872,53.919961,21.686060
4.327730,40.364303,14.025914
5.379352,30.821025,8.857040
5.964100,24.296542,4.928299
10.126383,17.992517,3.416628
15.936151,16.807388,2.694311
25.250739,16.608656,2.216247
38.816687,18.284869,2.374880
54.158703,21.056004,2.488958
71.827596,20.837544,2.555783
88.736531,20.336574,3.177398
107.099994,22.187457,3.603486
120.400890,22.561027,3.870331
137.112828,21.555147,3.685501
151.463089,19.956755,3.883645
166.672578,20.621287,3.508114
182.085709,19.103987,3.187988
195.591508,19.470958,3.260760
209.350838,20.713673,3.284498
221.802905,19.637925,3.204499
235.182921,19.854955,2.039753
244.725808,18.805349,1.732135
249.706444,16.505581,1.303232
252.722021,17.926445,1.135339
254.225961,17.821476,1.024527
14.536823,248.420735,237.798236
15.988819,245.581120,234.446668
17.467478,241.855703,230.864342
17.980419,235.378309,225.954176
18.695415,225.382255,216.123158
23.625203,206.880095,191.390067
23.772579,186.304639,166.233786
24.391545,167.127332,144.858635
24.288605,151.408908,126.801986
21.670966,135.683477,111.390561
19.353386,117.696804,92.822417
15.030779,107.221908,79.890622
11.635212,95.232767,65.798569
10.642795,77.061468,48.668106
9.857775,63.160541,38.536999
7.037956,43.592621,25.721444
4.054449,30.144835,15.712040
5.577503,20.576541,10.408067
5.772069,13.880167,6.214467
7.885559,10.250912,4.125583
13.333668,9.318195,3.084411
22.302810,9.490889,2.616947
35.070691,10.046211,2.024818
53.553261,11.630726,2.239656
71.583157,11.836404,2.663630
87.039813,12.336058,3.020838
105.314648,14.292900,3.245507
123.292934,12.894043,3.304334
137.350859,13.025631,3.153563
150.682321,11.929929,3.226600
165.972445,11.175493,3.360547
180.627946,11.709874,3.108962
195.647239,11.562329,2.801405
210.432646,11.692145,2.481566
223.561880,11.400909,2.202062
235.556570,10.968072,1.587124
245.458362,10.286931,1.070303
250.694205,10.249984,0.833592
252.899628,10.191044,0.787303
254.254818,9.694143,0.735876
23.502495,246.533964,239.995397
23.236055,243.438228,238.913635
22.519109,238.683658,236.310674
23.684875,232.012982,233.092819
26.230188,220.399441,220.386289
29.878455,201.427504,199.155194
31.695827,181.368262,174.442195
27.770657,164.275524,153.353789
28.299333,149.679834,135.178559
24.521001,130.558891,114.846652
20.967984,115.481019,99.388749
18.584854,105.623385,89.911614
13.139900,85.366056,71.975830
11.451927,68.386080,57.802947
9.732390,51.810105,43.525532
6.711008,35.134247,30.431290
4.859105,23.191120,19.364810
5.521094,15.126907,13.206186
5.947656,9.652717,7.804489
6.523266,5.575124,4.429058
12.845675,5.699587,3.789836
21.392981,5.586400,3.368593
33.444114,5.808035,2.874031
54.081398,6.967329,2.805851
71.309682,7.075315,2.768578
86.198368,7.225472,3.135406
105.890961,7.128517,3.240568
122.254385,7.036328,3.340563
138.395456,6.827626,3.928541
151.281575,6.715293,3.972915
166.321677,6.450091,3.602132
181.118582,7.553767,3.580134
196.768472,7.124380,3.010021
213.059498,6.478537,2.482215
225.949508,6.186803,1.847318
237.604324,5.484588,1.233213
245.554289,5.107495,0.936558
251.576891,5.429601,0.586004
253.371766,4.618731,0.451982
254.355849,4.700140,0.447698
37.638665,245.261063,243.478570
36.565122,242.596605,242.196672
33.648898,238.231275,238.876099
33.522186,229.281440,234.211305
38.480480,218.016789,223.412676
36.240631,200.368634,205.515417
35.268413,180.969983,181.676542
31.324136,160.905850,157.553212
29.080388,146.853982,142.278175
25.704557,127.915639,121.099302
21.257147,111.471531,106.020834
18.219738,97.348602,95.200075
15.711699,77.649418,78.368217
11.221435,61.177957,65.276541
9.318493,46.646127,48.540110
6.011520,29.414348,37.121169
4.943090,17.239636,25.739062
5.345413,11.014603,18.534282
5.535029,7.117871,13.307430
7.922693,5.392698,9.414062
14.874840,4.142447,5.910202
22.752908,3.685636,5.021408
34.326396,3.681106,4.249063
53.878959,3.792129,4.083735
73.574625,4.234570,4.050701
87.965194,4.138710,4.234383
106.259966,4.355001,4.682764
125.020875,4.531200,4.479974
139.716717,4.516673,5.102223
150.986237,4.643439,5.071568
165.059294,4.327301,4.975965
179.833911,4.181687,4.128093
195.581651,3.684681,3.652619
214.143089,3.847676,2.583052
228.497925,3.488192,1.845725
238.733677,2.755470,1.230204
245.809726,2.304296,0.849320
251.855155,1.947172,0.662239
253.696202,1.604596,0.558559
254.508782,1.627786,0.484857
53.355572,244.577724,244.073105
53.058621,240.915331,241.654532
53.939053,235.418732,238.929397
50.767524,227.258216,234.835845
49.032147,214.188447,223.121765
47.575043,201.388948,210.888722
44.391527,178.599995,188.513047
36.844016,156.413687,164.008213
29.358896,138.610037,145.024283
25.780034,120.437220,129.025306
21.342408,103.155571,114.188265
18.461077,91.599328,102.092236
15.297264,72.465194,84.626829
12.816902,58.071824,72.724974
9.574287,40.143245,58.843278
5.259358,24.497564,44.199606
4.971230,15.430397,33.040472
5.708940,9.256079,25.074686
6.203869,6.390123,20.360802
10.043396,4.459863,15.791021
15.468334,3.411081,12.849498
24.656978,2.903523,9.537720
37.946761,2.658804,9.151015
56.297001,2.356373,8.415755
72.828525,2.702007,7.802628
88.126347,3.321263,7.276205
108.888693,3.496868,7.613864
125.734564,3.375178,7.397568
140.577785,3.330602,7.585034
152.402357,3.094056,7.519760
165.493398,2.760831,7.324622
180.537537,2.600011,7.636395
195.854855,2.491965,6.679005
214.797749,1.973156,5.359201
231.110697,1.606148,2.869851
239.394158,1.128806,2.052233
247.362810,1.000015,1.654532
252.071975,0.735099,1.416247
253.918659,0.574709,0.984624
254.720653,0.330967,0.474488
72.312243,242.956983,242.849041
74.029911,238.262655,239.311943
72.178946,231.574925,236.770296
70.256001,224.781111,232.048677
61.417275,209.542818,224.297631
53.257084,197.186305,212.154054
53.276590,172.699853,191.396867
41.423380,152.811341,172.019130
33.194706,131.458715,150.730964
24.971038,114.524418,136.521805
21.091604,97.041789,121.420782
17.673549,84.047297,110.900865
14.086518,65.699061,95.915237
12.864661,50.032974,80.971494
8.569290,37.666376,68.436133
4.662395,21.328296,51.843343
4.258326,13.794074,44.439990
5.653087,8.490722,34.694799
6.826269,5.863937,28.415648
10.869158,4.144119,23.657966
17.579701,2.906017,19.143936
26.995445,2.745025,16.386105
41.369615,2.707262,14.942160
57.900940,2.890145,14.665013
76.871737,2.878267,15.088830
91.357481,3.106151,14.891141
111.680227,3.180222,15.089875
128.402911,3.085094,13.184408
141.800490,3.101314,13.701878
155.053782,2.937888,11.886474
166.278097,2.531853,11.704951
181.181249,1.956010,11.447588
196.011400,1.630472,10.358152
216.621796,1.228668,9.100783
230.176668,1.104633,7.236901
240.554020,0.712694,5.258575
247.995616,0.641372,4.755673
252.302038,0.470875,3.085890
254.067656,0.446331,2.800276
254.542448,0.404862,2.095375
88.418766,237.787232,241.831028
96.066518,233.614271,237.510883
95.516656,225.427798,232.670009
89.633066,217.070678,232.603855
78.926021,204.325537,227.245477
65.277285,186.468552,212.131836
59.418404,167.523617,196.343880
46.899870,149.036948,178.170450
35.198144,123.847298,158.014014
25.475771,104.498132,141.545323
19.329199,89.275341,128.214570
16.378396,75.186875,117.724828
13.289295,58.601141,104.411848
9.882544,43.157952,89.786565
7.117660,31.240990,81.383402
4.132343,17.867617,65.944562
4.243954,11.292743,56.386919
6.254623,7.269710,48.752645
8.553575,5.253722,41.995561
13.282100,4.375532,35.123458
22.007670,3.390406,31.758253
31.932235,3.044065,28.036998
46.407992,2.947035,26.035317
62.130752,2.994463,23.982118
80.130675,2.895696,24.505904
95.667199,3.034910,23.623917
112.759471,3.506200,24.856244
127.630666,3.764953,22.336288
142.324862,4.079226,21.085018
157.027487,3.209989,20.249637
168.499268,2.983092,18.719707
182.905042,3.040537,17.725848
197.871556,2.587011,18.201041
217.554493,1.826105,14.964363
229.690980,1.241421,12.675238
240.892281,0.723306,10.673714
248.909134,0.897807,9.507561
252.523300,0.512412,8.047691
254.022524,0.528247,6.438896
254.384285,0.533740,5.327668
97.626816,230.701109,243.315041
107.257775,226.811273,239.801118
104.464477,218.731468,237.816107
95.395281,210.387850,236.065550
83.163944,198.539367,232.179983
75.663886,178.945506,217.086521
62.592051,160.504536,200.704810
51.532554,138.248117,184.036817
36.138683,115.846944,167.515573
24.715697,93.637643,150.095864
18.260702,77.827881,136.234493
14.586836,64.470622,126.225624
10.130873,50.084040,114.570646
8.012352,35.419605,101.624880
5.597619,27.558399,93.564194
4.029306,17.992453,81.234951
4.656535,10.971878,69.790015
6.387969,6.777861,62.080141
10.287980,4.709163,54.321615
15.891580,3.653309,49.409987
24.430355,3.414735,44.108109
36.453057,2.918324,40.854498
53.664508,3.187328,38.923909
70.701862,3.473624,38.857855
83.707616,3.690231,37.170241
101.377894,3.445758,36.648335
116.723846,3.920602,34.767797
127.591913,4.426958,34.876071
143.405343,4.434833,31.729468
157.692888,4.563810,31.255389
169.358403,3.741172,31.793424
183.490223,3.346823,29.281372
197.274875,2.709780,25.698226
215.755392,2.367760,22.271176
230.744314,2.041663,21.389157
240.584467,1.800029,21.377970
248.323301,0.898133,19.177255
252.299782,1.136545,17.101487
253.727493,1.037025,16.462741
254.354629,1.204702,13.690325
91.756096,220.948374,246.646885
99.385547,215.279383,244.192981
98.191420,207.231697,243.057224
93.104943,200.762518,242.577111
85.698522,186.159860,234.493625
77.075377,168.643890,221.845572
64.580368,151.379366,209.290945
47.896431,126.362614,189.063471
33.687343,105.834121,173.261447
22.959408,85.498558,155.825997
17.024059,70.844188,145.159488
13.188402,57.001393,134.475260
8.314479,41.589188,124.223853
5.647743,29.962494,112.858124
4.409733,23.137713,103.932101
4.686334,15.194656,94.510466
5.093707,9.831313,84.878404
8.050220,6.548942,77.404123
12.186057,4.987808,70.854533
18.955138,3.918634,66.134187
30.189767,3.239434,61.465796
43.186050,3.671751,58.429516
61.140687,3.296508,55.984688
76.572597,3.737174,53.461097
89.540576,4.612607,50.964980
104.527996,5.659172,49.653943
120.111917,5.986500,47.578104
129.123705,6.049034,46.152595
147.493812,5.792473,45.519578
159.946771,5.384034,43.314608
172.161346,4.688665,42.069311
183.361098,4.294599,40.745091
197.053615,2.910596,37.795097
213.218008,2.765134,35.799077
229.361896,2.436784,31.810910
240.655166,2.330582,32.630173
247.529759,2.780974,30.906989
252.113775,2.122846,28.441457
253.434407,2.003800,26.773194
254.083377,2.261247,24.700309
80.366462,206.038204,249.362211
85.732255,199.964751,247.922095
88.444997,194.655503,246.408378
89.220112,183.838295,244.132867
80.647295,170.038305,237.267457
68.567705,155.329782,227.019526
59.349996,137.773536,214.642176
42.479008,113.329343,197.441836
28.815968,93.607338,179.428333
19.184570,74.334551,166.393718
13.982121,59.537092,154.533373
10.174371,46.485951,143.756163
6.077503,36.097950,133.513597
4.572910,26.168465,121.872738
4.530622,17.306918,115.656993
5.025224,12.620769,107.593947
6.651192,8.028192,98.599255
11.534133,5.236031,92.238823
15.189727,4.310983,86.642913
24.417575,3.398683,80.955831
35.026679,3.590677,79.534410
49.643080,3.580358,76.042146
63.767287,3.769401,71.927511
77.839400,5.158296,68.383257
94.596094,6.113393,64.972928
106.968547,7.038152,64.386228
120.781528,7.210049,62.898213
133.883637,7.684278,63.901875
147.310785,8.887686,63.617273
160.199868,8.040317,61.511395
171.992394,6.685851,56.006031
182.340773,6.321726,53.089005
197.296278,5.104981,50.353651
213.130433,3.429084,47.616129
230.680639,3.612688,48.600728
240.943637,3.998982,47.244259
248.290104,3.286543,45.722710
251.783586,2.633606,42.538189
253.129663,2.901185,37.692629
253.636541,3.131147,35.505421
72.363379,189.213853,250.082825
76.747668,184.592383,248.526410
80.358185,179.902780,246.894046
77.572397,171.862458,245.347257
71.101415,157.643369,240.741094
63.435019,140.678377,232.385043
52.726608,127.172105,220.237361
37.186876,105.585932,203.665808
24.852976,80.825345,186.717287
17.528537,64.753851,173.751851
11.912924,52.704747,162.429143
7.795620,40.407399,151.798976
5.834180,29.942566,142.949091
5.549460,21.938406,136.084851
5.116390,14.530105,126.111512
5.828426,8.967860,119.003935
7.670244,6.266663,113.017814
12.943808,4.801029,103.866670
19.141918,3.562399,98.171706
28.290710,3.669963,94.803961
39.106350,3.652587,91.982198
53.714445,3.797881,88.057466
68.755251,5.490978,84.877181
82.462861,6.098428,84.366214
97.204242,7.048191,79.560704
112.029227,8.986972,77.745980
125.340239,9.783596,77.040544
137.930809,10.056883,76.637832
149.428411,9.448570,76.860011
159.458267,9.071389,75.683769
170.603245,9.573030,71.769537
183.037154,7.765164,71.144815
198.136631,6.636802,67.888614
215.626411,5.548592,70.124610
231.595519,4.901516,67.956577
241.727903,4.822002,62.970033
248.419803,4.128286,58.168281
251.614770,4.775528,55.785890
252.991565,4.810168,52.735194
253.272361,5.495403,50.816539
57.742837,175.969703,251.480935
60.330992,172.349983,250.591356
61.523083,164.311803,248.498057
62.050377,155.695888,246.376818
58.595456,146.323428,242.047239
51.258573,130.534458,234.845895
40.055118,111.897910,224.794859
30.463042,86.135877,206.962669
24.194616,73.708022,196.718905
15.552494,56.722063,180.456343
9.149530,43.298283,169.713678
6.947593,32.748441,160.740948
5.510665,23.090143,152.458573
4.873064,15.688335,144.682513
5.681403,11.013857,139.479016
6.648101,6.922501,131.145329
9.058817,5.100183,124.606994
14.497324,4.492957,117.031805
21.723653,3.954836,109.465235
33.561162,3.777146,107.042130
45.132739,4.492424,106.534199
56.199590,4.266862,103.103445
74.250166,6.226520,101.254620
86.645145,7.036077,99.687380
100.048734,9.706263,95.999118
114.210439,10.111249,91.523535
127.201731,9.984873,89.795960
140.679819,12.323395,91.420848
151.721316,12.006930,90.905976
161.779795,12.291810,89.523430
172.676975,10.641588,88.073921
185.806372,9.852210,89.507318
202.505478,8.791228,93.204354
218.122272,8.111135,91.461503
232.661700,6.628310,88.251333
242.166808,6.092411,81.558097
248.283491,6.177578,77.332534
250.810816,6.673666,71.315488
252.285404,7.471012,67.004314
253.130856,9.162163,64.681037
37.743745,158.048741,251.966943
41.249881,155.731433,250.949866
43.657049,150.146422,249.006706
48.089328,143.586989,247.093397
43.849215,131.227103,242.060552
38.737780,117.153479,235.030434
32.533789,100.704100,225.159024
26.887309,77.489107,212.533240
22.321088,64.778017,204.011214
12.823002,46.506872,189.912873
8.448283,35.287408,178.971150
6.139974,25.980506,171.538327
4.667867,16.375645,161.757670
5.376107,11.300076,155.835831
5.971172,8.372900,149.936348
8.069126,5.782853,143.452384
10.809451,5.191209,138.806030
16.269546,4.963548,135.393655
26.695579,4.475292,127.766628
39.526518,5.357061,123.035100
51.553038,5.659474,119.813827
65.328505,6.221646,118.893525
77.705518,7.066941,114.226241
89.109792,7.722132,111.562152
101.763668,10.588853,110.339116
119.197749,10.609990,109.423684
130.234977,12.900183,109.763094
143.439711,13.136528,106.612388
155.545784,14.284925,105.865062
164.945988,14.039056,103.795202
177.405200,14.429156,105.455844
190.027966,12.252607,110.489264
208.719358,9.396617,110.557097
223.072035,8.958781,111.399604
235.476128,7.967898,106.721355
243.333803,7.394150,102.217469
247.846038,8.075479,95.768999
250.126341,8.370747,85.314844
251.620439,10.782638,80.348160
252.766008,13.232429,78.105580
23.361259,145.184725,252.471497
26.570171,143.118369,251.650664
30.248738,138.526661,249.792887
31.620750,131.160566,246.591217
31.573609,120.339313,242.659039
29.389749,105.676565,235.846318
25.629625,83.591350,226.278103
22.504727,69.396996,217.245950
17.812963,55.578606,208.044940
9.935667,37.933462,196.639926
6.854916,24.488009,187.697920
4.392984,16.968722,182.157320
4.661570,10.431136,172.704356
5.540169,7.450697,165.592788
7.223087,5.704192,160.196028
9.254577,4.186805,154.203088
13.241503,4.601647,150.614728
19.484072,4.886806,146.603274
30.897843,4.652369,140.567430
42.599685,4.977021,135.287806
54.436856,5.400689,133.296545
67.440194,7.285298,130.389143
81.663010,7.581628,129.142962
92.595744,9.583674,124.750261
106.741251,10.084897,123.679257
120.879398,12.101050,122.033766
132.721439,12.309793,122.254307
144.393643,14.533240,121.692421
157.118565,16.044867,119.263671
168.385808,15.802353,118.089979
180.081573,14.470459,121.138488
195.618631,13.744545,122.975597
213.070520,10.390515,126.877956
226.410760,9.677118,125.633092
236.439496,8.927726,120.108435
243.180607,9.789275,113.686756
247.792265,9.420522,108.567836
249.843944,12.097489,104.060391
251.471579,15.985439,98.834744
252.253561,20.399245,97.702859
13.431300,132.355109,252.507027
16.154930,131.144698,251.735465
19.123116,126.756318,250.148839
22.050098,117.471989,247.089699
23.931532,106.354662,242.885841
22.765279,91.470220,238.703665
20.736322,73.495611,231.740553
17.687962,58.497085,221.167495
11.373739,40.601680,214.870764
6.682165,25.498615,207.221277
3.838364,14.550655,198.364171
3.801591,11.186259,193.467320
4.123868,6.700941,186.844445
5.716648,4.772791,178.389157
7.940334,4.555412,170.196465
11.909098,4.023836,163.480551
17.192821,4.174690,161.002879
22.474659,4.964077,158.724761
32.936370,4.611625,155.005641
46.828547,5.015413,149.440496
60.328698,5.301105,146.397640
73.077061,6.834313,144.878454
83.734031,7.816984,143.038421
95.264373,10.024409,139.123327
109.661025,9.144610,137.697672
125.688109,11.587053,135.895590
135.676097,14.181289,136.146458
147.438541,16.561263,137.483266
158.624271,17.261386,134.404280
171.678499,17.732116,132.222744
184.946794,16.100053,132.718234
201.339599,13.743776,135.313984
216.350928,11.014448,138.808128
230.018998,10.288339,140.275944
238.160775,10.776980,136.509873
243.837419,12.197222,130.239333
247.942484,14.138642,123.674567
249.608046,19.458737,121.456625
250.869238,25.515687,116.813848
251.863814,31.094876,117.700603
10.234401,121.422792,252.681315
11.210636,118.693567,252.407348
12.480519,113.670616,251.090050
14.572422,104.822698,248.418101
17.209663,93.806988,245.251568
15.751913,77.899172,239.982361
15.456424,61.069903,234.549854
12.870421,45.853731,228.561534
6.917329,28.755793,220.224975
3.978367,17.704080,214.717970
3.326083,11.361106,206.934185
3.070673,6.522830,201.533039
4.030186,4.471981,197.295263
6.189570,4.297990,190.301734
10.925948,3.380576,185.376954
14.955086,3.116688,178.302419
22.305334,4.082097,174.546211
28.286508,4.005809,171.950429
39.442205,4.759725,172.566608
52.764143,5.506062,165.513365
64.578554,5.723493,164.023931
78.871398,6.121155,162.453624
87.577531,7.775574,159.340129
100.336291,10.017954,156.238466
111.910231,11.379797,154.680062
129.680400,12.870475,153.126680
141.829031,14.679844,154.980482
151.341795,17.873543,155.497005
163.869363,19.131475,159.575081
174.017718,18.889711,155.788751
191.651050,16.249702,153.959727
206.121572,14.515272,156.884387
221.833756,11.890927,156.118883
232.732631,11.629021,154.477694
240.263037,13.117449,152.186217
243.878941,16.827154,148.393306
247.990147,21.012482,141.758717
249.462565,29.965648,137.146087
250.620562,36.438479,134.679963
251.264660,43.875403,131.024264
8.728977,111.433854,252.903645
9.121743,109.851103,252.572732
10.085722,101.844477,251.986741
11.507117,92.278644,249.710148
12.214122,80.313071,247.050626
12.079745,64.938102,242.655087
11.498591,50.693912,238.722510
7.182303,32.866379,232.503726
4.319327,19.944913,226.186522
2.729953,12.808672,220.550960
2.505497,8.015683,215.947016
2.623143,5.058052,209.322318
3.978335,3.634685,203.644159
6.290703,3.073707,200.360834
11.753935,2.580463,196.454152
19.129136,3.428154,192.421239
26.183742,3.520845,188.104429
35.876155,4.578461,188.417878
48.517384,4.793582,191.701443
60.060892,5.745913,187.839406
71.175040,5.638745,187.624327
81.939355,7.024656,182.541417
93.424465,8.463667,177.481282
105.057732,10.653937,177.359102
116.894977,11.957272,176.844863
133.667761,12.529128,173.375257
147.161407,13.914312,170.991910
156.411006,16.855143,171.571655
167.425954,18.826523,172.301798
180.234067,18.284444,176.272508
197.078936,16.212948,180.788504
211.813276,12.693467,179.137157
226.497579,11.505055,177.546479
235.303142,13.660938,174.823762
242.487696,15.980343,167.668055
244.828897,22.138653,163.371485
247.950239,33.411531,160.737412
248.540077,43.540928,155.383929
249.806794,49.398894,152.761353
251.030340,56.622277,153.149741
7.437545,99.102663,253.151506
7.157040,93.786675,252.754757
7.369965,85.862069,252.455307
8.066439,76.019091,251.465357
8.228653,66.300696,249.204672
8.156131,53.982306,246.138471
4.940587,33.396052,243.039145
3.307735,20.429959,239.338486
2.035845,12.345798,235.393939
1.718622,7.502833,232.515844
1.347430,3.805194,226.177720
1.990577,3.116827,221.686763
3.705438,2.755152,215.479913
9.224910,2.270688,210.832271
15.303676,2.326868,206.833603
22.413520,2.292172,205.988510
34.125969,3.014353,203.953891
45.601085,4.107821,206.955127
52.900016,4.856533,204.513162
64.530147,6.365557,206.012636
75.740210,7.254206,203.000033
88.091150,8.153322,203.598646
97.004283,8.556481,202.797191
110.117199,10.803510,198.545330
123.650437,10.951202,199.607221
135.884157,11.513866,198.215907
149.348324,11.643490,192.966960
161.794025,14.797134,189.510612
175.119050,18.301122,193.082810
189.928076,17.033407,194.274066
204.069804,13.216565,198.400423
218.620929,11.816111,199.011206
231.743661,12.990400,201.687657
237.852113,14.888645,195.797479
241.315342,22.971790,187.421890
243.826883,33.498870,181.105064
245.443181,46.559368,177.631113
246.054657,56.385795,175.236841
246.828111,62.662497,171.070560
247.957187,66.856834,167.014538
7.188929,85.239695,253.470182
6.254925,78.931835,253.068862
5.793658,73.104917,252.762784
6.149122,64.475273,252.346212
5.843254,55.654620,251.116385
3.879302,35.993230,250.064259
2.634156,22.638434,247.727457
1.996137,11.798703,246.833104
0.726890,5.723536,243.096506
0.607281,3.596053,240.761692
0.698512,2.171680,238.192931
1.648812,1.198447,233.589185
4.658892,1.726435,227.900807
10.572498,1.219899,224.225238
18.544720,2.367647,218.054464
28.427070,2.553386,217.932084
41.906061,3.789614,217.050712
50.296391,3.997695,217.188112
60.142271,5.035863,218.717580
71.148980,6.617560,219.004850
81.764153,8.687609,218.874842
91.974838,8.766018,217.873564
103.080689,9.324140,218.224092
114.834523,10.907312,217.301736
125.342659,12.042049,214.946943
136.754877,12.174641,211.059656
150.676565,13.682046,210.897233
166.902483,14.604055,211.576308
181.395968,14.443636,212.181568
198.318069,13.725064,212.148984
212.139616,12.764157,215.226578
223.943181,12.837390,216.785257
234.882938,12.880738,215.483108
240.314082,14.887109,211.853949
243.516210,25.153310,206.629465
244.178015,42.911825,200.906055
243.702141,54.532483,193.586485
244.275957,70.638027,190.949531
245.011020,82.480384,188.776616
246.547811,86.324529,186.258674
5.360484,73.334823,253.997180
4.958144,68.583019,253.695874
3.912943,61.649163,253.297924
3.521606,56.260679,253.072162
2.294997,38.263335,252.977234
1.906649,26.243398,252.234115
1.226497,13.233388,252.264298
1.057422,6.794791,250.380476
0.483955,3.418918,249.524806
0.356442,1.647184,246.990984
0.829428,0.843912,245.313724
2.140270,0.781993,241.729689
4.283734,0.645031,240.140807
13.489726,1.451420,234.221542
23.340741,2.238399,233.632034
35.084197,2.724982,231.360832
47.595913,3.467486,230.468938
56.680768,4.847620,228.267739
66.435975,5.803983,228.656943
77.095476,6.912478,231.543793
85.053626,8.008728,232.054268
95.423197,8.120886,231.971664
105.818477,8.359164,230.066818
114.761603,9.377004,229.442008
126.217711,12.628325,226.166336
141.169348,12.492389,226.786469
156.907112,12.364745,228.230677
171.557040,13.665401,227.418501
185.463605,13.903007,227.782538
200.518936,12.538541,228.991280
217.184679,12.869853,230.565235
228.285518,13.442540,231.578718
235.661233,13.852849,226.888672
241.201989,19.567502,225.865072
242.527958,31.729426,223.298325
242.910275,45.291237,216.909572
242.964334,68.938558,211.210330
241.479004,86.824307,208.712871
243.196112,95.120236,203.618131
244.589975,100.779118,200.394516
4.283536,63.141338,254.008870
4.136705,59.615505,254.017990
3.084019,52.532715,253.918520
2.667454,42.384192,253.851965
1.898485,30.472908,253.679182
1.338719,17.075012,253.589368
0.676857,9.309249,253.564147
0.496924,4.570167,253.269792
0.260732,1.902775,252.131364
0.395157,0.835678,251.475021
0.846393,0.560817,249.966982
2.185628,0.420029,248.413814
5.755573,0.580334,246.730118
12.816923,0.886082,245.457064
27.359065,1.906961,243.138297
39.550953,2.693855,240.966095
48.592233,3.854351,239.566907
58.814409,5.428910,237.239422
71.126932,6.380565,238.364026
80.851461,7.352509,238.571989
88.932639,7.529952,238.684929
97.866846,8.609318,238.975221
108.550606,9.200284,239.507245
116.145432,10.261871,237.990763
130.635514,11.034605,239.528461
144.037314,12.587170,238.955956
159.066560,12.846075,239.078707
171.903575,13.998063,238.451276
186.166402,13.059961,238.606047
202.104634,13.264758,239.337733
219.503439,12.930611,240.502880
230.098003,13.070891,239.671467
236.013820,15.373794,239.078036
240.331600,24.051979,235.789814
242.939782,36.367409,233.393530
242.430785,56.746477,229.624908
240.846821,78.341372,226.740122
240.068712,98.972495,220.090044
241.065153,106.773415,218.339131
242.437559,110.910731,215.333228
3.889991,57.674943,253.988782
3.772005,53.182225,254.067569
2.906237,45.634325,254.138171
2.132303,34.435225,254.081989
1.837490,24.044231,254.009303
1.226282,14.589780,254.158698
0.486073,7.942900,254.211180
0.302187,3.407540,254.038204
0.188463,1.256081,253.877316
0.318990,0.458455,253.500615
0.915014,0.367556,252.863715
2.683300,0.321747,251.642876
6.895196,0.481654,251.253338
15.215643,1.013346,250.642901
28.847570,1.794276,247.528134
40.388200,2.611251,245.583175
50.219295,3.926083,243.811321
62.662303,5.169203,242.910331
73.626979,6.393572,243.803465
82.439414,7.525593,244.291003
90.230110,8.487234,244.272168
99.208967,9.042801,244.808378
109.142917,9.739048,243.627708
117.509430,10.868177,244.993026
132.207685,11.451490,245.534939
145.898282,11.632585,244.793295
159.999757,13.032655,245.065352
172.276015,13.426858,244.605232
188.857550,13.163343,244.599247
201.399099,13.793772,244.719308
216.315593,14.390459,245.131006
229.145179,14.322282,244.859396
237.284810,16.245972,245.683486
240.092035,28.864497,243.830341
241.478702,42.824060,240.984311
240.792707,64.273081,238.304802
239.363841,84.351452,236.232518
238.871975,102.913178,230.626063
239.675951,112.676578,228.157309
241.529809,118.695508,225.368788
3.987719,50.504358,254.295788
3.402744,44.975495,254.205632
2.765202,38.151539,254.058719
2.283434,27.980176,254.195762
1.768975,20.700170,254.302263
0.884757,11.958409,254.388464
0.522363,6.374099,254.403078
0.265082,2.457945,254.406100
0.206726,0.880005,254.481656
0.230663,0.194289,254.575512
0.926653,0.338868,254.133489
3.025262,0.333439,253.711130
8.027074,0.531087,253.277323
15.904915,0.990688,252.859998
29.642589,1.884165,251.411244
40.360017,2.683482,250.499584
51.840397,3.798183,249.301544
64.904737,5.420210,247.834220
75.797058,6.347649,247.721599
83.438365,7.368557,248.069059
91.162312,8.218964,247.794347
98.789151,9.676205,247.539917
109.811825,10.671531,247.610188
120.021833,10.998946,248.631080
132.561007,11.532760,248.220528
145.686460,13.103685,248.457667
159.099278,13.274586,248.796122
174.375893,13.506486,248.689026
188.300304,13.410336,248.812997
199.869330,14.771615,249.309823
214.795084,15.704111,249.195102
226.604928,17.021893,248.019914
233.459517,20.795481,247.835260
238.891270,34.085565,247.237067
239.163791,46.494101,246.688420
240.314568,68.521434,245.449721
239.033058,87.866768,242.824190
238.750630,103.320538,239.065194
239.642134,116.060626,236.716292
242.193775,128.713635,235.560817
