1600
3
1.375330,254.695526,1.570656
3.314710,254.525018,2.313373
6.137277,254.469003,2.955126
10.068151,254.334101,4.060638
17.765220,254.055016,5.301127
27.707465,253.735254,8.610460
37.048869,253.121219,10.283510
50.824443,252.660022,14.642441
62.315575,251.471358,17.736470
77.689923,250.289212,19.345074
91.626845,249.673557,21.160879
104.675885,249.071648,23.029068
119.754743,247.908230,22.248566
136.121302,246.620354,25.779842
144.913435,246.554078,26.113815
155.063726,245.403662,28.896397
169.729334,243.508911,34.434324
184.341151,243.846788,33.293985
200.081279,242.942137,35.057934
208.477162,241.026577,41.914017
218.619520,237.039760,49.218260
225.928437,236.579567,48.477120
233.287186,234.618190,46.132912
236.308842,230.000529,43.965350
240.646495,227.247679,36.826218
244.245565,223.530259,29.593803
244.054074,211.589863,26.942944
244.944437,196.185592,23.016666
246.485103,183.424278,20.680544
248.423645,175.392192,16.667823
249.195708,169.202086,16.630649
250.114568,156.076771,14.639517
251.974607,141.232437,14.817387
253.207715,127.998447,13.862942
253.232932,114.195181,11.999826
253.482421,102.102519,12.326987
253.543203,94.898831,12.188203
253.986440,80.279979,10.900785
254.159389,72.499158,9.701219
254.087406,64.711580,6.966693
2.049190,254.338895,2.398313
3.491314,254.283053,2.821689
6.318855,254.190439,3.298744
10.267784,253.970463,4.332976
17.987072,253.826592,4.908560
27.604101,253.352571,8.377419
38.175958,252.343079,10.849415
49.741132,251.041818,14.005060
62.107346,250.279861,16.781836
77.931233,248.245110,18.787551
90.560267,247.637895,20.942276
103.743700,245.949218,22.456636
117.500538,245.113736,22.072110
133.262101,244.133939,24.219231
143.391111,242.620241,24.862992
152.503602,241.239496,29.212864
165.486019,239.723197,37.316501
181.773902,240.267737,38.493423
198.894563,239.587361,40.296680
207.013695,238.149428,46.170554
215.837525,235.896765,53.754151
222.468964,234.171175,52.362001
230.352368,230.969442,48.536042
235.280796,227.591737,45.466861
238.513925,222.898562,37.960780
241.036701,216.532908,33.190891
242.809197,207.045075,30.322154
243.894897,191.798947,25.753890
244.825270,181.317414,22.607606
246.737032,173.725249,16.774288
248.199207,165.515775,15.496469
249.391229,149.852770,14.235848
250.698408,134.805856,13.402982
252.223093,121.118445,12.053105
253.177476,108.628587,10.623479
253.468133,94.751300,9.937039
253.722340,84.675832,10.124129
254.048625,71.244211,8.504763
254.208605,63.847478,7.692659
254.379501,53.684399,4.914102
2.306644,253.510793,3.263028
3.660575,253.573004,3.863784
6.139432,253.562311,4.424893
10.045227,253.311060,4.866842
17.632262,252.892778,5.874395
27.912772,251.985839,8.712422
41.080100,250.098813,10.957698
51.634272,248.514968,12.811725
63.181330,247.021561,15.997379
77.806238,244.872578,17.971499
89.811910,243.090922,19.942553
102.437296,242.470194,23.022874
117.682329,240.909122,21.590332
130.364927,238.394964,23.851708
139.269448,236.216468,25.771149
147.384680,234.637719,31.090594
162.325016,235.636045,38.516618
176.319053,235.723959,37.791779
192.482069,234.560252,40.616321
203.885535,231.989112,45.933715
213.600964,230.385619,50.505475
219.581071,227.601674,52.454748
226.144644,226.958874,49.341505
231.623309,222.649299,46.361952
235.256044,217.841857,42.275014
238.612644,211.111076,36.406520
240.315333,202.741022,32.187505
242.324017,187.060032,28.712627
243.128920,177.926861,25.484978
244.493600,169.414522,18.868262
246.528534,160.580826,15.685944
248.356758,145.966470,14.164816
249.793703,129.382436,11.752209
251.130529,114.245787,9.629617
252.812485,96.791548,8.074403
253.316202,83.962553,8.106489
253.637893,74.378350,7.611738
253.714744,62.033503,6.576771
254.025664,53.273572,5.808205
254.037460,45.153643,3.897403
2.460478,252.306662,3.839012
3.508110,252.335610,4.927645
5.836173,252.060783,4.875383
11.113244,250.934193,5.117925
18.036537,249.723777,5.888848
29.145424,248.121996,7.495114
39.350614,246.315104,10.596961
49.455391,243.975970,12.590267
63.085876,242.767741,15.696740
74.016197,240.108051,18.381352
88.262065,239.535218,20.249494
100.080983,236.124730,21.703792
114.641670,234.316356,21.747363
126.887345,232.266453,24.325321
135.524937,231.852860,28.369638
144.402513,230.794559,31.501886
154.680389,227.377360,34.781426
168.474635,225.398573,38.856689
186.684816,226.883171,41.572845
199.349270,225.646816,44.015629
208.206448,222.747079,46.900724
214.927004,221.441504,50.498997
218.850433,218.491092,49.261232
225.069604,213.464044,46.017379
230.893773,208.978153,41.753519
234.139653,203.430779,39.428065
235.805448,193.060263,35.119684
240.189305,178.627990,31.029447
240.497718,172.972718,26.450712
242.646748,164.979649,20.642300
243.770104,156.756016,16.288017
246.259728,135.800861,13.342223
248.406763,119.681720,9.478587
250.202511,105.782148,7.928191
251.991616,86.550922,6.555427
252.960722,74.245509,6.428780
253.132177,62.293738,5.401143
253.531241,55.555503,5.441540
253.906741,43.647227,4.412919
253.808883,37.647117,3.403539
2.737134,250.046539,3.729720
3.789216,249.587576,4.450755
7.000847,248.717772,6.067134
12.135699,245.683422,4.974577
16.852964,244.383485,5.523754
27.761322,240.495799,6.776478
40.552682,239.665438,9.609402
50.519661,237.753769,11.987879
62.365607,236.154879,15.044818
73.699918,234.015345,18.101341
85.933880,234.028590,19.359922
99.979051,230.608429,20.024922
111.555478,227.195389,21.902175
123.484691,225.644833,26.316450
131.397515,223.701109,27.127772
139.507539,219.685783,29.946769
148.041451,217.249828,33.378096
160.101632,213.621127,38.658202
174.930536,214.270607,39.921285
189.109286,213.479977,41.194335
201.778108,214.480916,46.401084
209.887516,212.781691,47.131825
213.478588,209.706368,45.151818
218.387065,204.742003,43.527866
223.951492,199.584000,41.714613
226.826925,193.008962,40.815311
230.460827,182.424658,36.206295
233.440492,172.747723,30.024933
238.244726,167.063454,22.950606
238.848811,157.852283,21.366715
238.940259,143.688599,17.251817
242.926487,128.588714,14.123776
246.625316,107.891945,8.596579
248.466212,89.399557,6.113424
250.289872,78.779929,5.780880
252.381901,63.189900,4.932612
252.821095,55.383644,4.198960
253.295757,41.570474,3.745676
253.959893,30.706509,2.600455
254.079348,27.119252,2.674499
3.791539,247.092109,3.566900
4.263278,245.162067,3.794239
7.608727,242.355211,4.424148
11.093616,241.312391,5.210662
20.056249,237.055331,5.730357
26.726977,233.477494,5.668949
34.689994,229.680221,6.886221
47.260123,228.598234,9.726362
58.740013,226.836661,12.287297
68.773354,224.304038,16.049992
79.405688,223.003591,17.295135
95.156677,220.106909,19.456649
106.335463,218.428810,22.350302
116.738271,215.915759,25.735732
125.530641,212.656914,28.399630
135.550928,212.168393,32.356466
142.046932,203.843334,31.888437
152.863711,201.292346,35.637657
162.095887,201.832856,37.088468
177.501741,200.582455,42.362951
189.444135,202.292300,42.341074
198.815787,198.812758,43.513397
205.149393,195.657264,43.166770
209.583721,193.016114,40.836783
215.361615,188.945070,38.153053
217.303442,180.407211,37.360332
222.180247,171.995849,30.770358
227.143366,167.914640,27.275508
231.013157,155.052533,21.600556
234.020355,146.715909,21.272407
236.641031,130.512795,16.013653
237.974452,110.324201,11.788390
242.567694,92.349971,8.157258
245.927528,76.415731,5.826510
248.269451,66.088898,5.275242
251.186104,52.139395,4.190407
252.818949,39.406328,3.076226
253.266466,26.361240,2.090395
253.828297,22.676960,2.116963
254.002824,18.574908,2.224173
4.200806,240.507300,3.417104
5.034505,238.128890,3.457504
6.843814,236.881806,3.771912
11.179114,234.768331,4.457625
17.653232,229.547304,5.231986
26.087788,225.186424,5.945910
35.262415,221.987774,7.074655
42.383984,218.714198,8.997426
52.213661,214.384842,11.139707
64.599709,215.677420,15.037609
72.658666,212.804654,15.869550
86.902835,209.428287,18.236553
100.004958,205.379647,23.219900
107.705099,203.440371,26.006723
120.717527,202.422203,28.937649
130.067394,194.670469,30.923343
137.184766,192.063835,33.461277
143.840301,188.990491,33.865220
151.334491,186.867947,36.909496
164.399409,185.670361,37.913307
174.681601,184.142776,37.715688
186.126732,183.033419,39.070535
191.553230,176.462610,37.449196
196.107812,177.336124,36.654987
203.654950,175.748187,33.342107
210.098359,171.115814,31.410587
211.872626,162.081719,26.225375
219.711273,157.285721,19.382221
223.416260,145.606086,18.233935
226.804644,133.941393,16.130246
231.902196,115.716970,12.969065
235.318292,96.646136,9.347852
238.704053,78.427300,6.934844
244.070442,61.870927,4.694895
246.548375,50.638407,3.330920
249.300621,35.159928,2.534320
252.363415,24.640795,1.628723
253.430287,20.260581,1.852720
253.838255,14.812678,1.698869
254.163263,12.325379,1.565999
5.076204,235.365959,2.938398
6.232933,233.957305,2.823005
7.276045,229.406365,2.580032
10.864934,224.789021,2.631624
16.972415,220.738292,4.325747
25.024419,217.972275,6.307553
34.412074,209.970405,7.148813
39.155680,207.760149,7.183985
46.582991,207.063837,9.294455
54.880450,204.291630,11.326819
67.719904,201.703826,14.020331
76.695216,196.128817,15.462912
92.344970,191.445119,21.395279
99.784824,187.400501,25.200302
107.741565,184.711200,26.799513
121.080496,182.770391,29.944968
131.034315,183.443317,30.673533
138.885971,182.732877,31.753466
146.254130,179.517862,34.516696
156.079512,173.463771,34.584499
164.756388,168.458335,35.719597
173.195578,164.763511,34.449064
182.718975,166.243224,33.949250
185.192296,160.955640,31.573453
188.847720,153.204002,28.908097
195.705228,146.002949,22.793116
199.590436,144.298324,20.226166
205.065632,134.139958,17.372042
209.049514,123.773470,16.102469
217.329262,112.394406,12.761908
225.092719,93.954094,9.555840
229.785953,78.089884,7.006962
234.793656,62.235238,4.913318
239.299123,47.698527,3.165987
244.279522,36.016779,2.374744
248.926734,23.518526,1.836060
251.374460,18.544068,1.362014
253.259393,12.519777,1.266051
253.825172,9.183868,1.018576
253.920670,7.417783,1.004364
5.041262,230.384756,4.123716
6.525880,226.070460,3.443162
7.456280,222.825345,3.209712
11.141824,217.138707,2.872623
15.038681,209.204845,3.166825
20.178426,202.915401,4.573018
28.245709,199.876977,5.698000
34.314735,197.940570,6.823308
40.828569,193.957108,7.155047
45.910983,189.396968,8.171021
57.182693,185.334644,10.565900
68.062515,182.190786,12.912627
80.394945,180.558610,18.585183
93.974305,179.262922,23.294053
101.175752,173.057186,26.727253
109.749142,170.444756,29.390519
119.916815,170.983352,32.031022
127.697322,168.863036,31.431029
135.081101,163.000112,27.984919
145.967869,156.338519,27.399934
155.524339,151.915466,28.896269
159.349328,148.205455,27.811495
165.647054,143.003228,25.161175
172.485011,140.823557,25.211080
176.094995,134.588314,23.383997
182.448023,129.772239,21.704465
189.616436,123.823755,16.669499
193.371880,112.884939,14.230252
199.724241,103.197135,13.675570
204.216962,88.251845,10.309772
213.168418,75.470232,7.417668
223.533163,59.925717,4.801353
231.999676,52.759655,4.613176
237.511477,39.507497,3.294605
243.397438,29.014958,2.263042
247.797280,16.278230,1.535445
250.586366,11.703634,1.345226
252.592035,7.271241,1.188684
253.698449,5.052109,1.020687
253.986487,3.710780,0.940870
5.323390,221.835861,5.568613
6.488267,217.732961,4.767408
7.666606,213.551101,4.705238
10.210301,204.431359,3.863114
12.204965,198.950356,3.424101
17.073095,194.477676,3.717779
22.024462,189.781178,4.602052
27.762377,187.245627,4.993394
34.061134,182.423558,5.734469
40.745421,180.605235,6.629857
48.946979,176.446747,8.527028
61.031883,172.800895,11.258579
68.875121,167.509168,15.475311
82.161235,163.305369,20.925516
91.473518,161.292775,22.762903
100.171581,159.977675,26.193440
108.500107,156.581382,28.218495
116.959849,153.834980,26.312774
128.807143,151.744868,25.797740
135.530518,142.150118,25.418791
142.915525,135.425059,25.321785
148.692762,133.208832,25.384657
156.001261,127.008072,21.260494
161.156505,125.282676,21.762955
168.394714,120.890804,20.912794
172.489743,113.220563,19.544046
181.565935,106.340206,15.403908
185.538886,96.248793,12.210616
191.035111,82.010365,11.624640
198.223015,71.798410,9.794571
207.119021,62.064921,7.260803
219.758889,47.103589,5.388168
224.936796,41.791146,4.260501
232.496885,29.782219,3.581386
240.591763,19.499741,2.715407
245.969559,13.086885,1.944856
249.581356,8.027588,1.452455
251.641517,4.660948,1.241382
253.347285,3.040990,0.987487
254.115095,1.725602,0.775914
4.659812,215.413425,7.801165
5.206377,211.585220,7.745351
7.129916,204.227023,5.435291
8.242881,196.995119,4.159029
10.688708,190.934149,3.288587
13.892207,185.119144,3.199012
17.413988,181.859551,3.546625
20.929326,176.900556,4.237437
26.380778,175.721110,4.641261
34.215560,171.892035,5.723822
41.734650,166.914746,7.001986
50.768179,161.838368,11.381799
59.353334,157.659945,11.809667
71.604996,153.271427,18.498054
82.245311,151.448268,20.916169
90.792379,146.642743,21.787713
99.142052,140.413329,21.483159
104.001974,137.821346,23.164525
112.569901,130.638694,22.493501
123.793235,124.330675,21.432835
130.477396,119.824435,20.460896
138.341086,116.755741,21.696199
145.302920,113.721557,20.642492
151.827136,110.430411,20.086883
157.530055,103.886408,18.262168
163.170428,96.461001,17.418677
170.726421,86.858355,11.371264
177.321708,76.532826,10.957843
185.253639,70.532425,10.862399
191.541766,60.775343,8.364621
201.946246,50.848480,7.098415
211.119630,40.329222,5.283019
220.968159,31.458036,5.020820
230.568042,22.267137,3.810921
237.564520,13.594359,3.190516
244.193318,8.801680,2.284828
248.011214,5.289623,1.786328
250.986422,3.061496,1.742486
252.483612,2.088683,1.562309
253.664725,1.945964,1.642647
4.171358,212.196246,16.992362
4.725970,207.512056,14.490314
5.972020,196.916326,9.955294
7.300450,192.693983,8.516991
11.021987,185.156367,4.986707
12.298744,180.136116,4.065416
14.014736,175.026368,3.442605
17.982286,171.853059,4.196641
21.463595,168.422323,4.096390
26.717602,161.465309,4.638037
33.818304,156.854212,5.788867
41.257809,150.374578,7.720995
49.000629,147.164027,9.739736
59.737490,138.313839,13.379335
67.308324,135.295939,16.628499
77.998145,129.279671,19.322787
84.227401,122.697511,18.299349
89.192056,117.013766,17.911599
97.004305,110.233120,17.310909
111.451595,106.882661,17.611741
118.568089,101.714318,17.101176
122.851785,98.695437,17.452818
130.665122,97.393082,16.475803
139.917980,91.407723,16.182073
148.609660,86.920317,14.201899
155.164759,81.113933,12.704868
163.958055,72.390341,9.932376
171.597118,66.270497,8.766266
178.537245,58.883935,9.039358
186.453360,49.381208,7.921082
193.769577,40.216431,6.311707
204.274191,31.628033,4.996885
214.669349,25.291372,4.749846
225.326010,16.546071,4.160848
233.446839,10.819417,3.518741
241.921199,6.789655,3.092673
246.757587,3.825312,3.848127
249.354253,2.767144,3.386752
251.958514,2.030799,3.565626
253.225524,1.698486,3.743405
3.470368,212.000467,25.477778
3.870647,206.560910,23.214944
4.618549,198.426754,19.844791
5.144474,192.716731,16.537457
8.767936,182.042961,10.431571
9.503935,177.668043,8.508249
12.048497,171.660710,4.962070
15.279672,166.875454,4.484186
17.854156,163.046686,4.787947
22.228212,155.073556,5.188156
28.352716,148.811393,5.614224
34.035192,142.203266,6.865359
41.497727,134.919036,7.950014
50.786910,127.264417,9.755559
57.755291,121.461950,12.320369
63.531434,113.787177,13.980205
71.597133,106.371920,15.043957
75.874188,98.192296,14.622737
83.339740,91.830010,14.044961
95.082691,89.096013,15.303213
107.116125,89.744047,14.337863
113.576252,88.635408,15.191319
121.045997,85.427817,13.604800
129.200394,75.367643,13.864326
135.065353,68.390966,11.790050
146.594662,62.710118,8.898811
152.842094,58.393746,7.864360
163.578837,50.018357,7.658102
169.965044,45.006969,7.730015
178.126239,36.791093,7.317184
186.144188,31.724109,5.761290
197.590806,24.469782,5.687746
208.712607,18.612920,5.201013
221.086716,12.004712,4.598846
230.201060,9.468547,5.505624
237.527939,6.353560,5.546386
245.559794,3.824563,5.381245
248.011460,2.762431,5.588612
251.270604,2.050523,5.891936
252.352244,1.913863,6.029950
3.399181,214.953782,36.029657
3.339451,208.954678,31.665841
4.612237,202.407693,27.182735
5.099016,194.398151,22.890264
6.745772,186.551239,18.436341
8.566390,175.711030,11.984069
9.060676,168.872249,9.167199
10.878526,160.787910,6.032021
14.314078,153.278598,5.588780
17.409958,146.818025,5.869092
21.384486,140.298837,6.419406
28.425805,135.160705,7.018001
36.304591,127.231307,7.396925
43.692236,117.256715,7.720211
46.274886,105.232408,7.265328
51.709733,99.714662,8.696709
59.380760,91.479029,11.831583
67.783620,84.753869,13.361273
73.243295,80.876983,12.918821
79.509285,76.127424,13.097023
89.044873,73.106734,12.046580
96.720537,70.377602,13.376398
106.230311,63.611142,11.610456
118.310996,60.748429,10.213240
126.955372,55.500791,9.061800
136.960077,48.020374,8.334052
143.472094,42.661895,6.746761
154.098554,38.934146,7.321591
163.593823,35.244640,7.414605
173.017707,31.150258,7.254544
181.415913,25.027865,6.178148
192.642710,18.286590,6.089870
200.450042,15.541238,5.889156
214.430461,11.770094,7.158038
227.107588,8.270540,7.838182
233.479432,6.091812,8.412757
242.067569,3.698554,8.640916
247.154830,2.755638,9.700875
250.427067,2.490017,11.307021
251.611711,2.141206,11.232255
3.165310,220.672017,43.928183
2.940455,214.572475,39.616120
3.350098,207.422053,35.552899
4.526098,197.817011,28.449769
5.688003,188.079467,24.322601
7.093474,176.778718,18.191338
7.970111,166.947543,12.742938
9.000514,158.210520,9.879887
11.596337,148.130219,7.269050
15.068579,141.281036,6.722231
18.382356,135.187249,6.315708
22.433283,126.887875,7.357546
30.209377,114.665499,7.126650
33.165222,104.326085,6.564446
39.782522,98.598312,6.287280
45.986382,89.849259,7.406644
48.660627,79.350465,7.933204
53.766386,71.880987,9.002104
60.223637,67.655477,10.062584
66.847233,63.826667,10.660755
75.909255,61.927191,10.158542
83.062274,54.392251,9.100888
92.479398,47.110738,6.893362
102.077023,45.347645,7.275202
115.553290,41.997907,7.211064
128.880780,37.807600,6.839768
138.684289,35.327371,6.669085
146.789911,30.620559,7.678884
154.941813,24.963377,7.250790
165.971255,21.477918,7.411794
175.457910,18.880886,6.955064
185.368944,16.742769,7.027815
197.041080,13.879258,7.664984
209.052787,9.214687,10.117061
222.323427,7.734803,10.893401
232.653357,4.797919,13.452366
239.035847,3.431300,15.895468
245.655410,3.036969,17.451343
249.443833,2.285454,17.764746
250.909612,2.153861,17.898173
3.274404,224.640067,53.013421
3.228154,217.812086,47.605676
3.025892,210.648707,42.882048
3.423801,205.231464,39.153349
4.818256,192.690253,31.764872
6.566779,176.934418,23.189804
6.830831,166.616077,17.885207
7.854927,155.650381,13.292170
9.926745,144.648537,9.505139
12.761018,135.482827,8.354497
14.807656,128.223301,7.438096
18.347131,115.241912,7.272894
22.741797,102.720827,8.288182
26.046654,93.044324,7.007245
30.885105,90.321611,6.416034
38.007498,80.155875,6.539118
41.486537,67.561403,6.735824
46.315600,63.547230,6.815049
49.979999,55.959409,7.381673
54.097344,50.514201,7.442618
65.892972,47.658303,8.295091
74.161025,43.971518,6.800541
86.485405,38.927992,6.219192
94.073159,33.851420,5.158289
103.858780,27.985639,5.480180
117.859556,26.735725,5.173964
130.067736,25.582572,5.846869
141.124938,20.553574,7.548826
149.861918,18.938261,7.220608
158.107616,16.799550,7.491829
171.623878,15.448740,8.813258
181.001307,12.838999,8.593090
193.494799,10.754873,11.541480
203.865779,9.196815,12.816097
214.639767,6.446294,16.039186
231.634625,4.613010,20.334892
237.883016,3.163046,23.533597
242.540916,3.210881,24.501509
248.312505,2.701225,24.658902
250.523601,2.581111,26.397760
4.426941,228.754156,60.626157
4.253055,220.479836,54.668635
3.434048,213.850109,50.051564
3.569824,208.594278,46.024890
3.777995,194.059473,38.452818
5.012407,179.747539,31.715227
6.058199,167.007039,25.108010
7.084324,155.477195,19.817877
8.753568,142.691011,15.711979
10.952758,131.798364,10.962002
12.246321,120.851716,8.928012
14.784273,105.756564,7.879007
17.013554,93.094088,8.039334
21.805603,89.485260,8.023936
24.994060,79.636000,7.782428
30.261043,68.200463,7.293816
36.334590,59.477069,7.301228
36.601465,48.728001,6.681379
39.876620,44.775671,6.445730
43.980230,38.556530,6.875685
50.176723,33.244446,6.082291
62.095646,30.878817,6.105900
77.885332,30.272498,5.496701
88.347760,25.594397,5.610768
99.677429,21.865500,5.491653
108.513971,19.426033,5.369400
121.990256,17.953181,7.031556
134.386937,16.108306,7.531851
144.040643,15.228371,7.868874
152.622903,14.487785,9.281832
164.481188,12.665953,11.023761
178.179210,11.088706,13.432244
189.814922,9.390829,14.853171
203.645136,6.618460,19.584696
213.182265,4.805043,23.159054
227.680260,4.306912,27.690438
236.722307,3.906893,31.444855
242.934047,3.641144,33.922094
247.806623,3.579028,35.752790
249.998343,3.488380,37.087049
4.797096,232.714285,69.942226
4.841829,226.850478,65.747047
4.830979,217.700730,58.880533
4.768600,210.198268,54.515795
4.456956,194.967202,47.460958
4.492487,180.144462,39.818611
5.787227,167.677459,33.165836
6.570543,156.756897,26.513907
7.280247,139.242139,19.533045
9.327585,126.391838,16.948372
10.721286,111.713493,13.528417
11.977076,94.117516,11.561506
13.563147,88.404402,9.589928
16.254248,81.736181,9.480180
16.755451,67.845256,8.505348
19.265017,54.004167,8.601985
24.607838,44.930888,8.208256
29.519996,39.136813,6.126048
31.787819,33.918586,5.894414
35.516086,29.139581,6.017534
42.776759,25.506150,5.922797
51.523844,23.303516,5.716198
65.664247,19.099085,5.658470
77.003013,18.090790,5.500023
92.332555,16.092516,5.588860
104.036714,14.220923,6.002167
115.227402,13.455987,7.669700
128.347666,12.574419,9.886241
139.028865,11.924259,12.964054
147.507821,11.247508,14.321989
158.291989,10.654953,17.863024
172.997265,9.649857,20.474847
187.006354,6.868437,23.101529
200.893206,5.310270,26.504650
211.409795,4.759779,29.928188
228.950987,4.946267,36.717787
235.056301,4.450912,40.512391
241.809546,3.916185,41.741033
247.271303,3.842720,45.021723
250.604909,3.841919,46.296796
6.043318,234.258615,77.648334
5.536029,229.342582,74.445484
5.201536,220.733160,68.345649
5.239083,213.252733,63.256575
4.768464,197.618883,55.377739
4.977919,183.237774,45.750077
6.085444,169.664174,41.856780
7.061876,154.952992,36.793845
8.165952,135.877313,29.063044
8.710421,118.000493,22.861221
8.951553,101.897295,19.103821
9.648472,88.852651,15.998815
11.015118,83.515249,15.259614
10.994721,69.609373,12.815892
12.745411,56.311569,11.297973
13.883916,46.574395,10.276216
16.469333,35.891721,9.632316
20.002501,30.174080,8.152205
24.648896,25.355568,7.347276
28.959286,22.344963,7.037735
34.908278,19.642025,7.468774
43.032094,15.489616,7.463007
58.069629,13.612830,6.804504
69.311849,12.340379,6.773796
84.813925,10.564601,7.270816
96.663619,9.373842,8.014829
107.703142,9.104731,9.743506
119.529535,9.406842,12.941899
134.217117,9.541334,16.234850
143.505790,9.714764,19.582435
155.229498,8.746164,24.789768
169.836171,7.459891,28.561804
180.705324,6.481084,31.218789
197.955193,6.147497,35.485774
211.822070,5.124185,40.114144
226.421078,5.520953,46.219208
235.842889,5.192854,49.086802
242.335834,6.132106,53.874120
247.343188,6.110362,56.863314
249.837950,6.492712,57.924105
6.105029,238.058793,88.320829
5.704441,233.417358,85.830335
5.722239,225.216695,79.587718
5.141043,214.608215,72.530686
6.179982,201.676221,65.229513
6.585196,186.560269,58.776423
6.890610,169.324216,52.404102
7.993882,153.849580,44.498499
8.989485,130.901098,36.887507
9.266298,116.858393,31.192538
8.651753,97.536061,24.978824
8.253259,83.870837,19.699535
9.220811,77.272860,19.641524
9.533019,63.373163,17.619040
10.856841,49.578457,15.169907
10.720893,39.472739,13.008128
13.043107,30.585954,10.789734
14.620873,24.762837,9.870769
17.213867,18.276851,8.506003
22.240793,15.815934,7.308194
29.090472,13.535795,7.087080
36.952850,11.879258,7.703002
50.381459,9.046335,8.033176
62.219884,8.361209,8.813500
77.578392,7.160232,10.120882
91.114474,7.747815,10.964169
102.942440,6.889463,14.404435
116.901063,7.751021,17.113413
128.981447,8.426531,21.640806
142.189655,8.032187,25.834849
153.360574,8.130307,29.805899
168.506838,7.455960,35.927265
177.033625,7.574551,38.581896
195.136844,7.288736,46.130482
208.562480,7.544732,52.872634
222.402740,7.729536,60.042837
234.440101,6.785215,60.666486
242.539411,6.415363,65.875821
246.823315,8.229204,68.023683
249.531097,8.405950,68.233097
6.791767,238.514306,93.909804
6.237093,233.751126,91.334453
5.938251,228.147054,89.548250
6.177216,216.973197,84.143742
6.960488,204.942631,80.624406
7.561564,186.335463,69.830602
8.380766,171.445833,61.536516
8.860402,152.608865,54.826851
9.525605,131.429570,47.433634
9.435852,111.123301,40.826882
8.958779,96.879654,34.771151
8.593588,82.548103,27.881422
9.301546,72.217502,26.159713
8.837107,57.089744,21.387202
8.630638,45.086217,18.870206
9.442497,35.710522,16.055493
11.049369,25.948630,14.038719
11.237437,20.253507,12.463374
13.520648,14.793686,11.534268
15.787748,11.983878,10.262189
22.281086,9.112984,9.633037
31.415761,8.097718,8.911991
43.150585,6.980202,10.852803
54.601250,6.080055,12.508476
69.022105,5.995851,14.182067
82.948893,5.604196,16.859706
97.572089,6.172850,19.540902
110.413225,7.156571,22.973222
127.370811,7.455936,27.928922
140.583163,8.698720,34.319745
151.518968,8.750290,40.218849
165.705402,8.488562,45.582234
176.557596,8.967659,48.906279
196.628646,9.221721,59.562637
211.928136,9.062957,69.054437
220.611224,8.301392,72.858210
233.185156,10.703792,79.814677
241.174440,11.082263,80.363915
245.949050,11.337931,80.884516
248.805463,11.211827,80.831735
9.053266,238.367480,101.906598
8.882695,236.034710,101.013256
8.660855,226.099818,97.523169
7.682220,217.064399,94.582701
7.804671,208.209554,91.399804
9.132591,188.443528,85.360005
9.570794,174.542805,77.051148
8.893373,151.618979,65.269160
7.905839,128.731545,57.728516
9.061774,112.117707,50.622069
8.644679,95.231678,43.602268
8.838914,80.832992,37.136425
8.848911,69.253294,34.132181
8.331456,54.802980,28.402903
8.459316,42.138232,22.496418
7.579056,31.811473,21.395420
8.971026,24.566937,18.347826
9.445301,16.335257,17.122303
10.377152,12.104479,15.785994
11.681162,8.312821,13.327307
17.533078,6.861098,14.477830
25.798055,6.116637,15.578074
36.884244,5.293802,17.584870
49.666017,4.772623,18.949754
63.488119,5.031610,20.976924
78.749865,5.562782,24.198553
92.777762,5.902921,26.744166
105.915857,6.454303,30.786422
124.318743,7.274041,40.558219
135.965437,8.359714,47.733220
149.311734,9.342209,52.243672
161.860578,10.002452,57.023143
178.219518,11.275840,66.022888
194.987288,11.427609,76.946667
212.128525,9.587642,83.066860
222.635371,12.695855,89.426221
230.728687,12.796693,92.090025
239.174299,14.120009,91.225815
242.884396,13.918609,92.751945
246.231790,13.900655,94.695666
9.860474,239.767719,111.482308
10.298705,235.432892,110.101346
10.429551,228.004959,108.524383
10.051353,218.486839,104.101738
9.756462,206.379608,101.090022
10.389975,189.878261,93.722294
10.677182,175.661545,88.576679
10.816821,155.848766,76.885082
9.134854,131.435452,68.911052
8.624984,108.772140,58.859124
8.510702,93.828503,53.979520
8.366751,76.498799,45.780325
9.345467,68.152294,43.361607
8.109529,55.353259,38.500505
7.403699,40.168512,32.494347
6.780855,31.037934,29.320722
7.368578,21.537911,26.366807
8.700594,14.722028,21.490091
9.000276,10.787278,21.412569
11.436569,7.721338,20.861245
14.880159,6.374989,21.613974
22.347591,4.763047,23.833250
33.184548,4.544366,26.590987
43.939492,4.973944,27.454751
56.598544,4.321785,29.352147
73.696229,4.462891,35.766504
86.552766,4.837008,40.660889
102.021227,6.551837,44.339906
122.542402,8.234239,56.260071
132.641082,9.234065,59.103199
146.489793,10.103075,64.771101
161.370549,11.994737,73.880465
177.131170,13.753125,89.267505
197.441722,14.007100,92.473790
209.305176,13.165455,96.030578
221.000040,13.812466,100.354705
229.256802,15.871291,104.205005
235.875499,14.827048,104.778318
241.977830,15.479677,106.822716
244.986687,15.301891,107.050298
10.907654,240.990181,119.954597
11.532544,234.899777,119.474012
10.624447,229.213412,118.869441
11.059477,219.388842,113.312844
12.814705,206.583540,111.552547
12.357582,192.729455,105.927855
13.063521,179.139367,97.452552
12.248320,157.752246,91.167642
10.581401,128.528053,78.562334
9.623146,110.999547,71.206090
9.567233,89.265536,62.765508
9.267867,74.368034,54.596174
9.516669,66.129455,52.329452
9.150539,53.789384,48.460732
7.152697,39.840751,42.416721
6.702046,29.075139,37.036648
6.885813,20.250485,33.133040
7.633505,14.107423,31.832829
8.744127,9.436325,31.288516
10.505146,7.044520,30.273589
14.269471,5.676152,31.221291
21.132670,4.357762,31.919093
29.359364,3.851050,33.101252
39.962724,4.076835,36.361665
52.636104,4.283855,41.727794
69.040558,5.114347,48.048571
82.654477,6.057050,52.886081
98.353699,7.173291,61.323263
117.405462,8.550615,69.175822
128.364324,10.395417,76.611800
144.270363,14.157388,88.479721
159.393492,15.565945,95.286352
175.169782,14.528776,98.513618
191.154640,14.863960,102.435421
208.919787,15.939873,105.948301
221.097068,16.627841,109.557495
228.376816,16.357647,112.382158
234.713687,16.739005,115.669038
240.269934,18.104781,117.357931
243.536089,18.509759,116.396359
11.807141,241.156629,130.154213
12.771563,234.616283,127.742892
11.872807,229.037164,127.740866
12.356230,220.238823,125.524191
13.527132,207.700557,121.317434
15.988682,196.985275,116.114696
15.727264,181.514468,109.352994
15.086678,155.199596,99.941293
12.342467,133.588930,93.514160
12.305396,113.199432,85.275181
9.571296,87.302025,71.714362
10.116593,74.877774,66.414861
9.064145,62.494013,62.841056
9.226132,51.252319,57.084708
6.986974,40.701043,54.016298
6.860586,29.837213,48.797533
6.201870,20.412998,45.317008
6.806385,10.903031,44.681362
7.345276,7.913049,46.317223
9.564001,6.509537,46.352656
12.258679,5.299652,46.983528
19.754280,3.542457,48.301213
27.955426,2.954978,47.453434
37.782193,3.724258,50.163919
50.630593,4.133664,57.144094
63.970065,4.952171,62.023204
77.835335,6.351598,69.250981
93.902127,8.050416,75.032154
115.021699,9.216915,83.062147
125.477038,11.694334,89.092975
143.670617,14.501665,100.832170
157.768328,16.237312,103.989769
172.281023,16.665971,110.734873
188.513821,15.459673,115.487107
205.924037,17.260398,119.168234
219.002419,18.681188,120.337971
226.941565,21.694486,121.937684
233.962126,20.591082,122.517859
239.648086,21.360967,124.089549
243.411393,21.976657,125.921893
16.149441,239.982290,140.102553
16.632774,234.893066,138.774596
16.593942,228.943162,137.824113
17.316103,218.794401,135.070183
15.563888,210.996990,131.502389
17.089822,199.119916,126.157850
16.471839,182.900859,119.919873
15.475085,157.125805,110.997732
14.449312,133.990822,103.229723
12.945313,113.309363,95.050807
11.553305,90.470178,84.865296
10.870521,72.071920,78.192511
9.650443,63.083756,74.809382
9.096995,51.940013,70.233631
7.316270,41.536998,66.107004
6.013941,30.095114,62.770980
5.755635,18.073202,61.169315
5.357180,11.351996,60.409168
6.747766,8.105867,61.194774
8.239677,6.036885,59.111939
11.639522,4.585975,61.513524
17.090651,3.590940,63.441997
25.093927,2.662244,64.230683
36.785274,3.731848,65.772245
50.198759,4.898990,68.182309
64.043410,5.729129,74.625950
78.595081,5.888031,81.191763
98.027944,7.876488,91.220815
109.175321,9.324087,97.268529
125.882431,11.819985,101.297021
139.412723,13.887569,105.907395
157.291193,16.153655,114.719001
174.806599,16.589747,120.884846
185.022365,17.914883,123.374033
202.450890,19.786783,130.155917
214.422101,22.037749,129.212425
226.642142,23.677219,130.651664
234.033205,23.627670,134.005171
238.442694,24.150932,134.335225
242.129526,26.250643,135.205699
16.728380,240.502291,149.584990
17.328523,235.441843,148.061347
17.235508,229.414923,147.142372
18.372721,222.055417,144.067779
19.321856,211.323809,139.641735
17.226991,198.864404,135.837812
19.019515,183.105812,131.073659
17.552529,158.747822,124.550753
17.164642,135.291017,113.950816
14.227355,114.781053,107.650642
11.870869,89.363496,96.865580
10.632313,72.066491,90.710208
10.802779,62.542842,85.304324
9.183939,50.708649,84.193647
7.189716,41.621226,83.399916
6.208860,29.097076,82.493502
5.451785,18.648714,78.120446
5.625801,12.278874,76.573291
5.996626,7.962530,75.713611
7.766400,5.826063,74.982912
10.189227,4.438670,73.987707
16.709715,3.617898,77.797545
23.983937,3.216127,80.972407
32.350544,3.462055,85.514672
47.643474,4.742388,85.429066
62.590001,5.268406,89.452712
77.560527,5.720613,93.478027
97.351296,8.057458,100.724288
107.875889,9.360696,106.210944
123.974237,12.292879,113.720820
139.492345,13.099798,118.406637
160.286915,17.104352,126.289339
172.312257,18.750771,130.630201
185.664411,19.222321,135.346677
200.650587,22.918561,138.322722
211.940813,24.682542,141.250090
226.281801,27.404429,144.301658
231.879867,27.240309,144.321061
237.043221,27.932402,145.175525
241.498526,29.401734,147.236348
16.281440,240.708079,158.250759
16.874695,234.912583,156.688257
18.195137,227.832871,155.389997
18.271036,219.877125,152.862048
20.545182,210.877288,152.452257
21.640214,198.224621,147.598131
18.934491,183.421499,142.984503
17.376918,160.619810,134.967641
16.614877,135.517003,125.476974
14.769315,121.749500,121.770264
12.260867,91.686330,109.084003
11.676130,74.383340,103.640490
11.075549,62.594346,99.887812
8.883602,48.784255,99.073810
6.604955,40.034266,97.655658
6.195623,29.734367,95.795416
6.097801,19.455726,93.904405
5.757280,12.945215,94.819586
5.895680,8.235303,92.137709
7.817532,6.481978,92.709929
9.896431,4.826846,92.318851
16.731005,3.284417,94.226846
23.831047,3.915415,97.433986
33.245835,3.933665,100.885526
44.867575,4.592412,104.091065
57.989532,5.209349,109.788484
75.133570,5.855647,108.214844
95.471320,8.445397,114.596893
106.218147,9.843686,119.226288
123.221499,12.991938,128.557222
137.438620,14.771937,134.301180
155.271002,16.582377,139.693770
170.580486,20.723887,141.978960
183.341328,23.674080,146.763323
196.802273,28.462844,152.757374
210.828320,30.873833,153.257555
223.273767,34.262387,155.450972
230.033727,31.387031,157.881638
236.735382,29.591273,159.083813
241.035308,29.453357,161.397239
13.735327,240.910248,178.690044
15.289695,235.233921,177.162211
17.577312,228.439878,170.051665
19.509913,219.828356,165.726569
20.495405,210.613751,162.304556
21.799312,200.949911,159.425897
22.263108,184.281425,152.789392
19.545786,162.392235,147.830760
17.920860,138.468044,137.117557
16.201680,119.168867,130.164198
12.436673,92.801016,119.784791
10.583135,73.709287,115.611357
10.507290,64.455705,115.942405
9.785570,52.203888,111.332845
6.301845,38.905745,108.612300
5.713573,27.856649,111.891028
5.622559,20.556099,110.236986
5.590833,13.664148,104.541206
5.856238,8.283781,105.945989
7.375705,5.945722,108.183609
9.937997,4.625026,111.125798
16.349998,3.370544,111.421450
22.937216,3.057444,112.283568
31.006194,3.765820,115.343627
44.129435,4.818314,119.084202
57.019044,4.886527,125.604494
70.633620,6.380335,129.701939
91.918964,8.086152,129.819836
105.155469,9.724188,137.022860
122.309325,14.611410,142.915614
136.012319,15.462310,149.893567
151.095243,18.534388,153.048213
166.735774,25.136273,159.436139
182.663065,26.466768,160.227537
197.051162,30.377188,162.501857
207.546955,34.007870,167.894725
222.367078,38.063380,168.079557
228.381230,35.387428,171.858113
234.166678,36.985400,174.250415
241.025296,35.085135,176.118354
15.109343,241.087221,191.991360
15.988981,235.885348,190.468265
17.284950,230.954531,189.406183
18.755219,223.542346,185.582974
20.708055,211.897287,176.211434
20.251810,201.205982,170.924766
21.725691,187.753646,166.366845
20.804046,165.561142,156.889650
19.054413,141.045578,150.097742
16.102347,118.754614,143.213861
12.456586,96.036877,135.781675
10.729568,73.221598,127.791734
9.278861,61.964607,129.261929
8.827069,53.056960,125.208476
6.090847,36.334460,124.303418
5.358002,27.335217,120.877250
4.967914,20.642256,120.408683
5.164745,13.693303,125.348878
5.552278,9.268052,122.974139
7.180552,6.056171,124.264171
9.809718,4.088384,125.603861
15.652400,3.420661,127.183721
22.922431,3.192831,128.500959
31.872920,3.986544,132.350208
42.153107,4.608257,135.509790
54.885788,4.475039,138.874100
66.850364,5.149870,145.119572
84.732118,7.545602,148.246046
102.773881,9.195912,153.573616
116.375827,13.441875,157.581851
132.763062,14.921092,159.217066
149.165646,20.220878,163.180310
166.759395,23.855064,167.114080
178.403552,26.667870,170.799718
196.203347,31.159808,176.056491
209.264663,38.394235,180.086958
219.422384,40.660315,179.878019
228.460237,41.891273,184.700769
234.274502,44.280281,185.544710
239.316278,45.743509,187.797772
18.998819,241.888542,204.141524
18.708664,236.735160,203.172804
18.963761,231.734084,202.995567
18.485650,225.644822,203.500147
18.286727,217.129776,197.683291
20.427735,203.022841,188.730786
20.379494,188.941614,183.000088
18.781174,162.029579,175.516297
18.728383,140.875521,166.173510
16.118506,116.876613,157.019905
12.746291,95.445489,149.790688
10.604499,75.674801,143.836228
9.436851,64.284665,140.451437
7.360110,51.292830,140.729929
5.544833,37.664937,139.929573
5.052311,28.626415,137.010746
5.135631,19.256506,136.051809
5.082108,14.534465,134.805756
4.718430,9.185622,136.696974
5.627277,6.168546,140.764497
8.612676,3.479257,143.862945
14.266081,3.132624,145.004808
20.589245,3.107760,148.274948
28.204016,3.881188,149.784756
40.633038,3.722666,149.673023
52.483009,4.648755,153.849033
67.482943,5.283023,158.716340
80.290324,7.159827,165.483968
97.016372,9.162617,168.507501
112.792913,13.174913,169.352311
128.948453,14.541913,172.234518
147.180305,21.902758,176.613935
163.766658,25.134643,180.981193
175.792959,26.567411,183.311504
194.392816,32.816333,186.089569
209.359257,41.527984,188.633582
220.213560,48.363708,192.373349
227.837379,52.276539,195.103732
232.987732,53.010367,198.199513
238.035580,55.119651,199.360984
28.133811,242.485419,215.725748
24.811389,236.724002,214.521092
21.426031,232.199335,214.540598
19.749152,226.426396,213.621956
20.692643,217.585097,210.769116
22.816222,205.024575,203.612250
20.057156,187.386641,198.687273
17.382498,168.091865,194.644406
17.751440,143.655273,184.260617
16.071290,118.955138,175.015646
13.996719,97.629581,170.187415
10.777309,77.479158,166.082194
8.053420,62.922586,159.315532
7.353236,51.155249,156.463525
5.028753,39.113445,156.161778
4.887808,30.497152,153.476223
4.707817,21.340503,153.371152
3.831366,12.642940,154.385459
3.885101,8.234882,156.360001
4.982618,5.100888,159.957134
6.907437,3.346134,162.152337
11.051605,2.636811,163.490823
18.461911,2.830741,164.534470
27.465233,2.983105,168.313923
37.008652,4.033194,166.544353
50.169380,4.280798,171.146167
66.165116,5.960486,179.748187
78.041535,6.869814,180.168532
92.386857,8.057128,180.210639
108.819341,12.079999,185.245131
122.556689,14.209674,188.649515
142.204135,22.736646,190.441013
161.881821,25.224855,191.956044
175.942686,29.586821,195.733302
191.030069,38.243113,199.880564
207.849943,48.059812,200.026284
219.116052,52.285852,202.567206
227.424421,60.308573,205.458477
233.282083,63.685089,207.228230
237.169818,66.663231,209.162913
30.198802,242.252753,223.762920
28.568012,237.748577,225.264262
27.341367,233.129346,225.687181
28.497934,226.707362,225.299529
23.232698,216.580003,220.782571
20.513946,204.165147,217.786916
21.789748,186.688263,210.780334
16.145646,170.466586,207.251303
16.941366,145.609230,198.910077
15.619147,123.110721,194.855710
12.436499,98.558728,185.142651
9.729534,79.585681,180.202813
7.225544,63.895634,175.935683
5.912444,53.088329,172.092123
4.767813,41.873278,169.766522
4.028317,30.033522,171.244525
3.164023,21.151963,171.386775
3.028640,12.263418,178.663074
3.282664,7.677296,179.178419
3.935872,4.547619,180.399560
4.946580,3.175538,182.676930
9.427245,2.028264,184.139919
14.536781,2.077289,183.492703
22.014410,2.380367,182.740719
34.041187,4.012284,184.607180
47.838320,4.779587,189.967552
64.034577,5.912521,192.018759
76.144963,7.299160,193.574211
89.052527,8.604907,196.254453
106.207784,11.208290,202.016330
117.412444,13.839645,202.687052
135.913135,21.957280,203.428954
154.706074,27.369074,207.881927
171.624068,29.848009,208.863600
192.150931,42.030218,209.853838
200.379732,48.401202,210.481500
214.631945,58.363234,212.954651
225.950005,65.282529,215.116779
231.484701,68.688025,215.462309
236.332677,70.865987,216.851485
33.947647,240.922140,229.429050
28.777685,238.190915,233.093601
29.012360,231.041538,231.666279
29.908651,225.111151,230.351282
31.098285,217.653261,231.806775
26.290963,203.745445,229.185406
23.674939,184.670101,223.760037
18.498038,167.204436,223.371509
14.609927,145.985625,215.955052
14.194657,125.603559,210.683045
12.189263,102.284425,202.426239
9.436495,83.076789,195.903847
7.530751,69.181509,193.728147
5.142478,54.039118,192.803360
3.953855,41.608469,190.480993
2.612649,29.505255,190.564528
2.301711,18.689624,192.154028
2.533749,11.610854,192.664756
2.651406,7.134833,194.565292
3.208262,3.724134,198.411794
4.313481,2.850129,198.587688
6.773933,1.954725,199.552974
11.363148,1.836369,200.902677
19.583540,1.929416,203.377856
29.746438,3.379163,206.073939
45.760012,5.002833,204.898257
59.796025,5.765704,208.401326
74.749698,6.837613,209.842534
85.101244,7.147975,213.752655
101.225603,9.632870,211.502346
114.421046,14.090447,212.148546
135.096021,20.214114,215.254325
149.179832,27.302148,219.329571
164.522761,34.022183,219.652004
182.411918,39.414745,219.552407
201.152746,53.457674,220.636759
212.676629,61.682754,222.983404
220.434316,67.145174,224.467819
229.647680,72.285392,226.171524
234.620691,75.814285,227.859864
43.259547,239.031930,233.833419
38.737102,233.957683,235.678116
39.081170,228.757795,236.714029
37.803723,219.530076,235.880537
37.316300,211.422357,235.351066
37.411831,199.084759,236.854108
31.483065,180.294140,234.248129
26.333931,163.108381,233.982088
22.071549,148.168639,230.097540
16.941482,126.188615,224.373456
13.177202,107.904843,217.881242
11.849229,91.580768,214.416882
7.643436,67.126156,206.606019
4.768468,54.173489,207.267605
2.521025,42.636455,210.222885
1.905828,30.146117,209.579162
1.923799,19.272534,209.823648
1.876523,11.668926,209.251814
2.207610,6.603069,210.023240
2.541049,3.421684,211.484675
3.469055,2.732300,212.627453
5.470405,1.764965,215.415946
10.187868,1.425245,217.312013
15.667559,1.546570,219.767543
28.619734,2.546102,221.654104
41.204310,3.452779,221.155716
58.134138,4.901838,219.869536
74.103775,6.594560,222.630735
84.833447,7.262330,224.122112
95.070535,10.177828,223.859027
108.334477,12.398175,223.191262
129.589091,17.068014,226.070295
146.461109,27.470497,225.507247
161.648522,35.102821,230.664622
175.775569,41.710944,231.722741
195.182445,49.741986,231.343313
209.391988,60.058724,230.166229
220.151116,66.093943,231.992780
229.479747,69.352359,232.420538
234.028330,68.697064,233.366300
55.254630,235.405302,235.194875
54.554875,230.028349,236.706819
49.938720,223.883383,238.173991
47.395932,215.533582,240.084162
45.515077,204.470784,239.974439
43.967647,189.243499,238.970509
35.748787,174.525982,241.082903
30.711962,158.808483,239.940119
26.203105,147.397022,238.590340
22.042315,129.351900,233.336475
14.850264,109.746970,229.403374
11.507984,92.935218,227.401761
8.573163,74.424980,223.263921
4.887977,56.693360,222.596531
2.864991,41.471129,224.032100
1.880964,29.728327,225.185806
1.782081,20.095211,223.800972
1.535841,12.290070,223.577217
1.717597,6.999836,224.421687
2.137902,3.350212,226.337173
2.923392,2.312256,227.201045
4.728076,1.937328,226.985748
10.252412,1.349370,230.113308
15.682463,1.453276,231.142103
26.301712,2.054167,231.648949
38.995046,3.100983,233.157753
54.965844,4.811380,233.763286
69.832037,5.990906,231.203237
82.983347,8.047142,229.967327
90.351115,10.354090,230.983994
104.786245,13.106413,231.392967
127.681746,18.644058,235.790836
142.719799,23.763321,238.385128
157.708264,31.885600,236.963291
170.156018,38.671375,239.188460
187.184256,46.361273,239.722724
202.604105,53.060481,239.895830
216.861590,56.917425,239.879452
225.101967,61.480140,240.075939
232.355884,62.604519,238.247478
68.561687,231.952636,236.770420
63.463367,227.591496,238.153409
62.173733,219.734746,239.891368
56.472149,208.643206,242.294782
54.258944,199.724510,243.015170
48.070531,183.021419,243.531131
41.969983,168.262481,244.006675
33.822389,156.829997,242.955833
29.927559,143.919728,242.199293
22.778796,129.389394,240.172225
17.209146,107.979032,239.611691
11.233826,94.147622,235.740551
9.215561,77.749129,235.573496
5.938655,58.968052,235.394978
3.852853,43.328436,235.154701
2.316677,30.905245,234.820410
1.685398,20.898298,235.330654
1.123550,12.526260,236.242868
1.465606,6.501319,235.851182
1.619052,3.040925,236.275173
2.337460,1.884953,236.957605
4.571003,1.421504,239.082764
8.557319,1.606041,239.447812
15.008752,1.259364,239.597594
23.698584,1.843460,239.512179
38.597909,2.545823,240.291246
52.018073,4.003670,239.694059
64.102158,5.957999,241.023221
77.628408,8.819763,238.896666
90.139525,11.442046,239.878618
105.623542,15.546311,240.290719
124.342178,17.924718,242.878828
140.839282,23.725393,243.136630
153.859397,26.815573,244.005429
171.833835,35.163959,245.804799
181.799711,36.321451,245.958012
199.425487,41.657261,246.338009
210.659476,46.625889,245.501752
220.237458,50.562994,244.231781
228.964117,55.333246,243.182135
78.127024,230.648125,238.202215
76.960226,224.104408,240.028800
72.944032,214.463112,241.388979
69.132642,205.025008,242.700885
64.662316,189.694195,244.929928
56.867959,178.897082,245.823175
46.696111,167.085022,245.550055
36.223928,150.257651,246.142003
30.602085,140.588767,245.676668
22.902665,125.817222,245.452224
18.667745,110.592620,243.689742
11.604641,94.302933,243.584206
8.765456,76.280373,242.099178
6.446409,60.246583,241.830760
4.420975,45.302994,241.379098
2.951017,34.040061,242.208125
1.552669,21.646207,242.406985
1.349014,12.273698,243.791389
1.235315,7.212727,244.792548
1.545403,3.475323,245.213442
2.510523,1.699615,245.224640
4.407701,1.330985,245.869230
7.761022,1.347261,246.158012
12.827521,1.329325,245.337834
23.135283,1.456805,245.780469
35.852730,2.411304,245.269983
51.231111,4.240588,245.683910
62.170934,5.750228,244.993437
74.615961,7.928985,243.855391
89.378117,11.304885,243.018847
103.086942,14.370564,245.993690
123.005396,17.468433,246.598498
135.791686,20.064470,247.673920
151.242799,26.665507,247.340288
170.009854,30.166878,247.766040
183.906897,31.536847,248.650804
194.954900,34.799070,248.604807
208.370679,37.511424,248.966732
218.564113,40.944584,248.249057
226.107465,43.101570,247.606504
88.017388,227.662709,240.268269
86.002392,220.380250,242.460934
81.589526,208.616906,244.823256
74.813046,196.187032,244.988442
70.569378,188.382862,246.134467
62.698727,176.810739,246.891715
49.401283,162.152682,247.802382
37.108726,147.964719,247.434098
32.543445,135.966937,247.578484
25.099402,124.248644,247.520814
19.594004,110.448580,246.909018
12.520417,94.857550,246.484493
9.362616,76.005551,247.089934
7.803527,62.461452,247.421872
4.578655,47.521768,246.331193
3.157331,32.534022,246.653214
1.547042,20.641021,247.910270
1.275847,12.907663,248.432320
1.337313,7.310110,248.911078
1.317969,3.590684,249.038662
1.858301,1.727674,249.160296
4.426926,1.234299,249.164643
8.137839,1.342730,249.953883
12.907158,1.352072,249.744566
22.554715,1.468131,249.860873
34.650336,2.187364,249.267566
47.405174,3.861355,248.929833
60.320263,5.577081,248.353958
73.219473,8.517742,247.745555
88.799714,11.095824,248.146489
101.148657,12.697654,249.264155
116.854887,15.326962,249.779195
133.032361,17.882877,249.650372
147.539525,22.122703,249.588094
167.637455,27.263595,250.088440
181.639928,29.362943,249.756836
193.009356,29.937329,250.330115
206.623274,33.030067,249.914204
220.925996,35.097232,248.879495
228.479537,36.844783,248.420961
100.220930,223.759703,240.528456
93.874561,215.414194,243.112351
85.848320,205.630300,245.796553
77.842835,194.132088,246.396037
72.105862,187.261169,247.908613
65.800522,175.192026,249.053010
48.769371,159.844520,249.100869
41.443883,148.596125,249.522195
35.017366,135.698859,249.613649
26.694298,121.617902,248.833703
21.089478,107.918601,248.972144
15.010176,93.639325,249.069652
9.718540,75.549837,249.917986
7.786358,62.576941,249.814234
5.344126,46.961448,250.018875
3.305065,32.731175,249.665397
1.655801,20.461138,249.947678
1.353700,13.078149,250.288869
1.430380,7.524184,250.884480
1.362574,3.694098,251.274232
1.463004,1.501279,252.216441
4.537460,1.242203,251.745338
8.160563,1.406919,251.678462
12.679613,1.481556,251.571823
22.033832,1.392807,251.084491
33.397569,1.912468,251.211469
46.903456,3.942071,251.127702
58.883141,5.462145,251.005683
71.736329,8.141840,250.151370
87.857699,10.222227,250.103693
101.230653,11.074479,250.556492
114.980571,13.075809,250.295757
131.719184,15.778714,250.806731
147.404938,19.815322,251.149175
164.680151,22.273181,251.242141
182.174182,28.140194,252.210807
191.778148,27.652845,252.345861
205.413510,29.326248,251.015612
218.318962,30.658170,250.129643
227.675888,30.366144,249.672541
