1600
3
240.584648,230.450126,60.452305
241.875488,225.884628,58.015302
242.864528,218.489829,55.062103
242.727154,212.914480,51.699485
244.058921,204.581427,47.133057
244.718993,191.842618,36.927969
244.571151,181.523280,33.503145
244.954953,172.818851,33.240680
245.737782,161.123160,31.899418
245.879736,147.997594,26.205882
244.672002,135.008389,21.538884
244.135503,118.998469,17.087723
244.763250,103.655741,13.725135
245.316252,87.944921,10.730422
244.476478,76.040521,9.000752
243.619289,64.051924,7.805543
243.964966,49.657460,6.369435
244.330664,36.949112,5.124183
244.729407,27.442711,4.407826
245.836685,21.375694,3.479567
246.995094,15.763075,3.640186
247.623515,11.531831,2.754297
248.317447,8.177051,3.193951
249.916768,5.389269,3.857449
248.759682,5.204158,6.113719
248.883104,4.255714,8.447127
249.308872,3.698833,13.912228
249.538931,4.168263,18.670950
249.650684,4.687595,23.869925
250.281835,4.535894,33.481286
249.721363,5.024591,39.449449
248.919193,5.967463,46.655659
250.011753,6.259164,52.225665
249.590149,6.976847,63.531878
249.285680,10.503030,73.337716
247.993811,13.567378,87.229328
247.731775,15.252925,93.230246
247.054836,17.286769,101.376773
246.925175,18.509974,104.327142
247.717692,20.773179,107.391566
238.619080,231.484359,64.376942
239.342112,225.483277,60.114352
239.443082,218.324196,55.105340
240.390371,213.239482,51.459737
241.854746,204.236408,46.327067
241.811765,193.162292,38.512882
242.860215,181.265216,35.170720
243.483274,173.593551,35.561564
244.516201,160.811552,33.208384
243.682820,147.736142,26.922379
242.352245,133.217146,22.307519
241.883711,119.294604,17.999235
242.281486,102.011548,15.021660
242.695746,87.081564,11.078834
241.285017,73.261805,8.841074
239.902949,63.346475,7.363628
240.416328,51.106813,6.087610
241.577327,36.671513,5.711144
242.411922,27.466748,4.742697
243.839944,21.091068,3.385395
244.500923,15.594210,3.981810
245.352047,11.179507,2.874697
245.893626,8.151922,3.422864
246.845790,5.859163,5.363286
246.849342,5.222890,6.621961
246.371648,4.202550,9.793168
245.914944,3.872953,14.271005
246.464123,4.093576,18.877616
247.528794,4.342892,25.964629
249.801329,4.652706,34.845062
249.175579,4.964025,41.283297
248.531467,6.073070,48.769450
248.687799,6.650739,57.490943
248.800513,8.952160,66.631123
248.955761,10.807177,76.566168
247.533218,13.338681,91.847483
247.195474,14.961917,95.650777
246.514277,16.740767,102.723247
246.086352,17.869058,106.059605
246.666699,19.135959,109.242044
235.442052,232.521804,56.590424
234.981050,224.916585,57.027974
236.727288,217.791640,56.032064
238.238260,214.398430,51.894825
239.745481,204.594344,45.601028
237.831249,192.505023,36.886178
239.255943,182.920141,34.180414
239.607796,173.424636,34.028243
239.302519,159.418151,32.422576
238.734005,146.618963,27.450715
239.191934,131.815365,22.530813
236.846326,117.195943,19.722163
237.994597,99.319574,15.229079
238.988371,85.281598,11.505648
238.772928,71.523409,8.358431
236.690848,62.748922,7.302197
237.487768,50.757053,5.968133
237.743305,36.992327,6.059799
238.585063,28.340411,5.375685
239.729879,20.995094,4.120077
241.716108,15.437426,3.554783
241.616224,10.749659,3.322333
242.902871,8.145250,4.017216
244.151841,6.451203,5.830986
244.467089,5.194060,7.681022
243.669382,3.820847,11.580122
243.138252,3.838817,15.569726
243.804064,3.985961,20.367450
244.421992,3.988617,28.452807
246.491897,4.522560,36.234915
246.291061,5.246338,44.976413
245.750757,5.718054,54.456164
247.633046,8.431967,60.912562
248.182022,9.024174,70.465721
248.207677,9.728119,81.956760
247.207245,12.056901,96.159042
247.116329,14.447357,102.172624
246.685027,16.242227,109.790802
246.143455,17.117340,111.617266
245.572813,18.788819,115.614250
231.546041,232.807421,50.902413
232.201314,226.088994,52.784235
232.561415,221.556867,52.400919
233.336370,214.213932,49.985860
233.699584,204.307102,42.968451
235.161368,194.745659,40.555438
235.600406,180.779733,35.801848
234.728597,172.195476,33.939284
233.937586,159.897714,31.332638
233.051916,144.216050,25.977713
231.678362,129.841510,21.101482
227.653951,116.090846,17.452189
229.023507,99.287668,15.038900
228.939929,80.969105,10.104509
229.262527,69.986397,7.685278
230.382409,60.368295,7.434396
231.528425,47.848413,6.400534
231.898069,32.727376,6.345446
233.819992,26.477290,4.846094
234.061672,20.792013,4.232847
234.100895,14.832090,3.889244
234.870712,10.513876,4.173993
237.168813,8.418328,5.228809
237.912194,6.317841,7.452963
238.083799,4.449613,9.971011
238.708026,3.585681,13.709878
238.806186,3.807273,18.051748
238.231109,4.026348,23.379300
241.297572,4.109665,30.530136
243.069067,4.253082,39.056117
242.584092,6.085766,52.037390
244.743449,8.805840,58.885184
244.257118,9.392407,66.841300
245.542980,8.458321,79.398527
246.769714,9.579694,87.121444
246.556405,11.713347,101.990389
246.249283,14.062193,109.115068
246.016258,16.571958,116.724135
245.635302,17.491815,122.759047
244.835992,18.599263,127.279156
230.464877,231.635425,46.221449
229.846876,226.671612,45.457356
230.021621,220.597403,45.777866
227.501400,212.111227,42.430103
226.444947,201.562296,39.932744
228.694412,193.636357,38.495340
229.334676,179.636038,39.726729
228.115040,167.494996,32.638779
226.196026,157.910641,30.687591
223.395181,140.808602,23.395556
222.460529,121.652216,20.410809
219.863159,112.754764,17.412757
220.253843,96.711158,13.545432
221.899645,83.300307,10.187374
223.785136,68.877709,7.332640
223.238923,58.562213,7.786985
221.058848,44.737126,6.839486
222.956974,34.280419,6.764737
222.461178,25.437242,5.743214
222.278794,18.736150,4.460190
223.587628,14.299098,4.750753
224.899346,9.612075,5.994555
226.152879,8.077368,6.849674
229.413309,6.636200,9.159749
229.470957,4.372082,11.949937
232.315336,3.345021,16.318380
232.173459,4.247209,20.906974
232.461276,5.050135,25.580611
234.247173,4.967282,31.900256
237.867921,6.840979,45.554948
237.878458,6.898249,54.242183
239.972530,9.487114,62.000949
240.693031,10.419302,74.921875
240.788865,10.309365,85.950447
243.214948,12.184716,97.724324
242.791918,13.146412,115.298765
245.488498,15.295340,122.708732
245.074782,16.367911,126.296823
245.564139,17.989153,129.213890
244.971835,18.284786,134.264990
223.929216,232.870375,34.989787
222.939513,227.453719,35.593924
221.733309,221.567312,37.304691
221.518468,210.949834,37.435656
221.524776,204.299214,38.639205
220.843711,192.824586,40.021673
219.628330,178.479937,38.056347
218.447383,167.408624,34.001796
217.893970,153.521406,31.545717
216.611914,138.223954,26.770773
213.294631,122.865586,20.786585
214.619442,111.624173,18.812316
212.331619,97.701846,16.577113
211.430430,82.372317,10.636299
212.895505,68.329431,8.093699
212.571731,52.654369,6.420808
210.157614,41.953676,6.987329
208.518681,31.363184,6.519959
209.092567,25.300375,5.701858
212.117265,17.693831,5.579336
212.943152,12.568103,6.713492
215.807754,9.624629,6.986963
216.148837,7.589566,9.322337
217.838916,6.175342,10.992278
219.913616,4.227992,13.330140
222.305549,3.198085,18.326215
226.102116,4.525410,22.558555
228.888229,6.174136,28.200117
227.581549,6.724214,36.853579
229.046802,6.875064,47.987659
232.535706,7.570347,58.391507
237.225591,9.886883,68.616372
236.964615,10.873275,84.058043
239.097641,13.857194,96.665016
237.773754,14.504184,110.793284
241.677706,16.825760,119.933063
241.420916,18.002808,129.939483
244.725761,17.479192,134.490892
244.222362,17.469543,136.990589
243.389711,19.389869,143.560036
214.795306,229.208938,34.184950
215.622942,226.399899,33.713014
215.460512,222.549297,34.946714
212.579028,212.782760,38.532870
211.199907,203.849329,39.862474
212.048982,190.754107,39.085104
211.281871,177.440484,35.846502
208.300558,164.200230,34.137892
207.638184,151.562352,32.241881
207.411417,133.588300,24.307382
205.575203,121.913790,21.198701
202.450792,103.462930,20.008173
201.925187,93.485031,15.711129
202.289497,78.195907,11.355956
199.164317,62.576850,8.409488
196.554673,48.693359,7.555636
198.781149,37.415692,6.762559
198.663575,30.444958,6.029083
200.376811,24.553604,7.233266
199.379171,15.622850,8.800601
203.130319,11.562271,7.787481
203.138515,9.651944,8.875005
205.810648,7.988471,10.810346
208.231869,5.925130,12.517608
209.020366,3.919237,15.932238
211.785602,3.828034,20.459995
215.535294,4.471169,25.703001
217.124047,6.552116,34.590373
219.774884,6.876833,40.993940
223.533970,6.871097,52.537704
226.110171,8.119471,61.796850
229.589392,11.382599,77.275108
234.771562,14.215640,95.837666
234.912699,14.633411,106.631470
234.749065,16.139796,118.986906
236.760691,18.390083,129.371182
239.817800,19.094631,139.550470
239.997781,20.463986,144.385277
242.074167,20.259542,147.812613
240.718741,21.514736,154.938887
206.576098,226.508435,39.723178
206.157859,223.830194,39.321725
204.715871,218.976223,38.967476
202.829190,210.017323,40.676203
203.821779,202.352823,41.510919
199.830943,189.226927,39.794670
197.416732,173.102663,37.868399
196.299691,162.257337,34.391304
194.642571,146.438464,27.721419
195.079505,132.762764,25.542872
193.611193,114.106883,21.834557
192.105384,102.845163,20.165424
188.852758,88.151604,14.901945
182.628207,74.470247,11.361650
183.585326,57.440845,8.111694
181.038568,44.258612,6.958399
180.292456,37.195129,7.011742
182.901360,29.325985,6.793372
184.092759,20.179684,7.943086
185.587796,15.494927,9.964335
189.245374,12.496316,11.353904
192.046666,9.844489,11.243627
191.970454,8.267904,12.707504
194.999806,5.485953,15.647201
197.637773,4.930601,21.169415
199.601394,4.132635,27.205596
202.408208,5.553402,31.042946
203.889537,6.174595,38.689839
207.843272,7.172982,46.895473
216.486692,7.474816,57.804257
218.572114,9.380548,71.196400
223.047647,11.990580,84.646628
229.523769,15.454988,103.875754
230.408818,17.403859,121.408496
231.081765,20.599506,130.369685
232.161211,20.540262,138.809322
235.713981,22.532202,146.249018
240.355196,24.721688,154.959985
240.605471,24.930512,159.654777
241.059596,25.033592,166.193142
197.743117,223.749771,44.065049
197.230316,220.714670,43.587558
195.791422,215.196763,42.779527
194.082282,206.735032,42.283698
193.743754,200.092687,40.685812
190.286566,184.728947,40.369951
186.491071,168.815349,35.094103
184.727032,157.981419,31.692198
183.644654,147.522777,27.371132
179.072308,128.031949,24.435921
178.267735,111.776809,20.393713
176.102958,98.186828,17.402166
171.863004,81.451823,13.540942
166.543817,66.253575,12.403647
163.652358,56.967310,9.776185
164.316322,43.231762,7.929485
167.112089,35.682430,7.331202
167.432046,27.588482,8.139262
174.473621,19.319783,9.241383
174.970559,14.402391,12.107395
177.588156,11.412761,13.101017
177.037483,9.384602,13.962621
178.680124,8.152339,15.128984
180.627825,6.204128,18.750281
185.647157,4.970937,25.808955
187.460642,4.412416,32.157192
189.788446,5.714227,37.461229
191.846886,6.045317,45.391365
197.156171,6.682022,53.004499
201.284380,7.250275,67.118259
210.380102,9.380983,79.589144
213.613639,13.030838,93.982839
219.390766,20.465420,119.294326
226.966442,21.639042,130.216918
229.233381,23.874621,139.012115
231.005204,27.281110,151.034140
233.830881,30.965557,158.990539
237.863768,28.673573,165.442940
236.505610,29.676490,173.943828
238.170965,29.305256,177.760624
188.138331,222.989087,44.304307
186.734124,217.513774,42.635867
184.799306,213.009194,42.303893
184.670012,207.533349,42.990824
184.606662,197.523346,42.529167
178.339446,179.061959,39.058512
176.387454,165.375933,28.702907
172.643856,155.314467,27.182909
170.313024,140.033363,24.342457
167.880107,125.667739,24.379040
163.637187,110.492712,18.755420
154.626170,90.675990,15.811277
158.020670,77.656766,13.648972
153.315860,61.236449,12.269136
151.369474,50.999473,9.597203
147.798863,40.742952,8.798164
148.336587,33.815541,8.456015
148.757927,24.509642,8.133292
150.484772,17.808838,11.039946
155.509124,13.685896,14.001499
163.482443,11.484333,14.835943
164.385619,7.798275,15.793539
168.199812,6.722315,16.783315
170.870572,6.369299,21.687478
175.068603,4.790334,31.213582
177.217021,4.524463,35.117972
180.511058,5.568926,42.753510
181.015973,6.505405,50.047763
186.127241,6.879051,58.508782
190.003276,7.692822,75.799024
196.516212,12.295770,90.695739
202.568628,18.087016,107.317185
214.291495,22.440619,127.095271
218.320677,23.380201,137.680308
225.423709,31.840565,154.142437
229.198727,33.398939,161.912056
229.513224,32.021746,166.810913
231.687266,32.284754,179.508092
233.284987,31.645083,186.119743
234.884906,30.271645,190.758696
182.952021,222.907554,45.930626
178.247368,213.677290,43.899136
176.832760,209.783200,45.589588
176.232854,204.594339,41.735109
170.991259,190.173066,40.826409
164.988861,175.161958,31.166225
165.831034,161.685817,28.965597
163.985649,151.160240,26.396475
159.564655,135.123724,24.273346
151.620442,120.748905,23.435449
147.636511,104.858143,18.972580
141.231869,88.643218,15.154338
140.778533,73.268151,14.042912
137.106513,57.536292,13.516121
133.869176,44.429993,9.821759
134.463263,37.974386,9.247319
135.616566,32.824806,8.950895
139.153512,24.323116,9.899008
138.483485,15.934680,12.904117
137.366860,11.945626,14.888548
142.369934,9.895503,15.970802
147.201936,7.974076,16.427612
153.868517,7.109061,22.209980
153.598105,7.225049,29.046456
159.618503,5.814000,34.142507
164.104295,5.347940,41.315938
168.810325,6.029179,47.682276
170.069221,6.657368,55.747072
174.019456,6.990597,66.019374
182.326220,10.706063,85.490408
184.097493,14.882158,103.329526
194.835942,20.626888,118.651834
202.715841,24.289166,135.654822
211.448326,31.851962,153.277025
218.749166,35.375874,164.635599
222.644940,36.317687,172.312417
226.134468,36.975126,179.381575
228.638495,36.206995,186.498285
232.089385,37.041448,193.333110
232.269917,36.505091,195.848000
172.974278,219.667799,41.562922
170.250819,211.555481,37.980986
169.605668,205.859323,37.394788
166.433441,198.154290,33.849329
162.744276,187.121150,32.762906
157.838226,171.865143,31.509669
155.031364,164.187798,26.609874
152.516616,149.075066,24.733873
147.719266,132.331509,23.324236
139.841681,113.749581,19.984202
132.655265,101.437213,18.019615
126.409221,83.040694,15.095179
124.944575,68.621147,13.081553
122.641095,54.897330,12.348957
122.133641,42.268272,9.543932
121.033632,34.334816,8.428295
121.016690,29.382375,9.394436
121.722497,20.082280,11.310367
122.719997,13.111564,14.102808
126.740260,11.171617,14.689306
132.848961,9.008569,16.357493
132.990884,7.594248,18.675196
135.015708,6.530446,22.946183
144.622590,7.417628,31.526246
148.616732,5.749641,38.375622
153.518270,5.390419,42.222570
157.282244,5.981797,51.811652
162.881706,6.078331,59.293088
166.612796,8.083593,77.338456
172.374221,14.901149,98.878315
178.631451,15.850855,109.205305
187.249554,21.302675,124.370056
199.197061,27.400130,144.125875
207.512443,34.435256,161.953120
214.084750,37.929079,173.074358
219.684824,38.761941,179.374430
222.283738,42.771779,186.942998
226.421538,40.867856,193.378930
229.970006,40.633517,201.441953
231.442338,39.238065,205.709323
161.090304,215.777526,34.304742
161.277821,212.127335,34.904089
160.094041,205.798460,33.473262
155.764672,193.716145,29.653330
150.640612,180.650411,28.740443
151.207603,170.392440,27.267909
149.373669,160.668759,24.644564
138.598264,144.335200,20.258106
130.481873,125.939312,20.259433
122.407095,106.456240,18.124291
118.183919,93.794860,14.563695
111.994546,75.948293,13.557374
112.370426,67.915255,12.817758
107.868962,50.913064,10.045121
106.723085,38.012370,9.041556
109.455600,31.001755,9.245687
108.701430,24.746212,10.438585
108.326660,17.325063,11.903626
112.389201,12.932569,13.810334
116.729796,10.378692,15.907226
117.706679,8.835207,17.443611
121.490066,7.362022,20.469241
126.559186,6.631446,25.317784
131.072494,6.802284,33.101205
135.291602,5.881125,40.753200
138.487070,4.920554,46.499455
144.904258,5.111791,55.665054
151.959933,7.179298,70.709735
159.401679,11.662049,88.167008
167.337864,13.950892,101.818984
173.502055,16.541300,117.639975
181.071873,20.722810,132.600655
192.454029,32.843461,157.993861
198.722324,33.777548,165.462523
208.350984,39.352832,175.743806
216.789880,44.210123,188.471698
219.670901,46.012965,195.055526
223.983313,44.127415,202.349241
227.237203,44.062863,209.262190
229.500771,41.922307,214.811060
153.710490,212.112073,30.450859
152.957262,210.102765,30.788739
152.812385,202.491814,29.972420
150.520109,194.800669,27.338682
144.932421,180.709863,25.873370
139.323642,167.008966,22.329067
130.707316,152.346810,19.578762
125.614275,138.459615,20.089685
116.691734,118.002200,19.775124
110.058417,100.537278,16.717972
104.754993,86.127980,14.073219
101.010484,71.915831,13.295610
97.047960,64.672393,12.210466
93.418501,47.882473,9.732438
91.420148,37.879760,9.141408
94.404445,28.712782,9.152640
97.072585,22.568128,10.289419
99.451444,16.205971,12.451039
103.877069,12.325780,14.863949
104.266290,8.921525,16.719242
107.355839,8.032728,18.651149
108.785699,6.498669,22.877085
113.640992,5.991506,28.067908
119.147375,5.258953,36.452751
124.287472,5.475779,43.114839
124.691944,4.939911,51.884393
131.277416,5.494517,58.848326
141.809595,8.256826,75.850073
151.816203,13.175807,94.457892
160.391478,16.239749,111.186960
165.622524,16.118677,123.695843
176.439942,22.676169,141.538748
188.616262,31.095277,160.182654
194.601552,33.676070,169.088682
202.906815,41.784807,183.607248
211.755058,48.416809,196.492821
216.049769,49.076024,205.251776
218.137591,47.689510,211.858416
223.661567,46.195320,216.313672
227.137835,44.290686,220.907442
143.939343,213.406525,25.786020
144.286405,210.516434,27.037431
144.200774,204.908398,24.846109
138.745961,188.760461,22.333389
136.737793,174.172484,20.174039
130.179893,162.100079,19.538860
123.954431,149.979364,19.635386
114.277687,133.752623,17.782459
106.175075,114.076784,18.818560
101.308228,97.196143,16.788140
95.254894,80.757870,14.075227
93.415618,71.050199,12.424562
89.907205,61.098032,11.237171
80.944991,43.479082,9.740056
77.736930,34.199086,9.204869
79.198103,27.082201,9.674381
82.313541,20.366395,10.512082
85.488364,15.031414,12.325555
85.579232,10.681208,15.728046
91.411546,8.440598,18.751805
95.606343,8.145514,20.195000
98.678078,6.236822,25.407992
102.540255,5.782507,30.407543
103.528654,5.661588,39.044800
108.255831,5.721805,47.467644
115.092535,4.821755,54.541516
121.482562,5.975632,67.155631
127.696341,7.155710,81.056191
139.359118,12.179908,101.863476
153.868151,15.354741,117.232613
161.688248,16.988208,127.586811
172.525329,23.125782,143.497839
184.503550,30.714749,167.913879
190.937197,34.749601,176.819498
198.147900,41.859288,189.582344
208.225266,49.237295,203.092917
212.177904,47.579644,212.286045
216.406767,45.748059,217.154903
219.744896,46.190116,222.456003
223.794711,44.180247,228.583286
134.951617,211.068545,23.687471
134.118343,207.985121,23.044482
132.538682,202.966432,22.896112
130.002345,189.664299,20.525626
125.499594,172.103050,17.452810
119.199592,157.277668,16.999496
112.416836,140.974111,18.872051
103.508922,128.849662,17.984905
96.205767,111.784740,16.648309
91.628714,92.256783,15.021777
83.546597,78.124443,13.085219
81.359416,67.843768,11.633078
76.558228,54.760258,9.299896
71.419834,39.830890,8.421046
69.275594,32.099023,8.422518
68.455450,25.568894,10.082184
68.153538,19.812129,11.300449
70.892153,12.429258,14.263678
76.816616,10.284058,16.480992
80.115826,9.169069,19.211090
82.001790,7.571955,22.733664
85.776008,5.595433,28.562284
88.897969,4.905882,34.954691
95.830566,5.068791,43.029584
101.788594,5.525431,50.601101
104.477742,6.437910,60.479562
108.855255,7.848601,75.599651
116.389756,8.053624,86.570760
127.436141,11.867212,103.417009
145.570383,14.698145,122.528525
151.490158,15.485054,134.464470
160.133003,21.590183,148.126921
178.899231,30.544629,171.108178
184.888985,36.363219,182.589865
195.182690,43.393983,198.970507
201.287252,46.812493,207.376203
208.170004,47.087772,214.796382
213.229830,45.970822,219.801130
216.580962,46.855796,224.976884
220.028990,49.682452,230.397720
124.365379,205.601892,19.264658
124.222114,202.333801,18.839350
120.886659,197.557268,18.413709
116.975156,186.802134,17.148064
111.969428,171.455252,16.541049
108.225607,157.222788,15.989002
100.367833,137.600513,16.448587
90.276342,122.085267,14.946432
83.940851,109.272569,12.573962
76.084459,87.913006,12.875610
71.345764,75.520360,11.411895
68.831145,67.505765,10.371857
62.377900,52.042716,9.387764
60.080895,39.149093,9.197599
57.404321,30.402224,8.965171
56.819458,23.247450,10.533029
55.525568,17.542511,11.665754
58.661962,13.024794,14.356726
63.848143,9.951793,17.522764
69.006458,8.360325,21.707012
70.652914,7.042645,24.591377
76.417254,5.775723,30.913428
81.962627,5.202116,36.356326
84.527696,4.169060,47.416357
87.103417,4.763015,54.395659
92.367157,6.380915,65.059281
98.782357,7.617996,81.243160
104.636276,8.823372,95.670752
116.711128,13.992701,109.137602
129.838315,14.259801,125.485473
142.981061,18.099547,140.384252
152.911724,22.500817,157.804762
168.131499,31.067979,175.607986
178.621780,33.810049,187.146794
188.518602,41.372184,202.511852
194.768883,44.575504,210.407778
201.460840,45.160208,216.138418
206.776990,45.311405,223.100688
209.757805,45.357137,231.082117
212.618647,45.321510,233.862523
119.396828,204.075725,19.689505
115.032862,199.228785,18.393306
110.349184,191.908289,18.181271
105.458641,181.941147,15.461842
95.012360,173.021112,14.998671
87.727252,155.612887,11.385345
78.074667,136.237670,10.571071
75.187025,124.834524,10.586651
68.897203,106.537619,10.901948
61.595205,88.119730,10.490413
58.789327,75.958896,9.823900
53.506592,63.687991,9.189931
50.481059,53.223345,9.396403
46.821361,40.751153,10.127976
43.759114,28.980422,11.389304
47.680651,23.243296,12.000393
48.588379,19.300094,12.536655
50.020907,14.104641,16.077277
50.893738,11.871325,19.009194
57.164609,8.864651,22.681431
62.319425,6.813368,29.192467
62.369203,6.475547,35.113501
67.326626,5.448627,44.103758
70.318427,5.360240,55.144344
74.263962,5.050374,63.466083
80.461061,5.373080,74.323725
85.346566,8.008821,85.333955
95.742264,9.604395,100.553826
104.083108,12.211626,111.123454
116.617553,13.468639,126.589840
131.663646,17.626065,145.675610
142.083770,23.017412,162.443152
154.811843,28.652408,178.310332
169.477346,34.351594,193.784470
180.842225,38.366098,208.044240
186.805254,42.627362,212.698861
192.036465,44.252289,220.851232
195.435035,43.633932,226.229885
200.850111,44.745103,233.079513
202.233233,45.714571,237.225223
105.107278,197.873944,16.602866
102.597128,193.468416,16.176517
94.075204,185.804695,14.379613
88.010904,176.943476,12.756483
81.055584,167.837384,10.644864
71.194098,152.642611,9.362336
63.496170,138.731259,9.062464
60.689297,127.435206,8.701866
55.834067,106.808605,9.541054
52.507490,91.049373,9.024544
46.270811,77.907077,8.823567
44.351964,66.418120,9.079552
41.045791,52.551088,9.098188
37.590625,41.817567,10.014464
37.401128,32.923631,12.469733
38.386688,26.648774,12.035695
40.058354,19.141681,13.602852
40.478576,14.697419,17.100784
44.000129,12.730036,20.616789
48.366127,8.804651,25.848659
51.146913,7.631156,33.931307
54.911116,6.495158,40.396256
57.018533,6.068231,50.365897
61.571732,5.669961,58.486499
66.171380,4.734737,68.647147
73.019761,5.562652,79.545990
76.931058,6.992234,86.015398
88.494849,9.436962,102.799419
99.597207,12.416558,115.811883
110.202013,14.790078,130.820033
122.610914,18.076007,147.711109
132.709410,20.615519,165.629714
146.131051,29.040515,180.191324
156.901581,34.030407,199.204911
170.120968,37.791560,212.761214
175.236419,39.098933,215.923425
181.482323,41.236495,223.181706
187.343626,42.940661,229.995212
190.149747,44.847586,234.665579
192.004674,46.708680,238.434908
89.115309,195.654421,13.682691
86.201531,190.533060,13.028530
79.517629,181.217616,10.722259
71.679574,169.601438,9.952440
66.261751,160.883412,9.869410
60.186315,151.632846,9.515697
53.252911,137.071641,8.513607
51.951267,130.145601,8.664792
42.834564,105.512117,8.840731
41.223125,93.332012,8.464371
38.502407,81.160933,8.932683
36.212692,65.991396,10.364331
32.325461,53.744617,10.761331
29.054908,43.406924,12.146524
29.123371,38.309468,13.013408
28.669618,28.832873,13.785473
28.743394,20.393384,15.708644
31.728472,15.776985,18.675141
34.645893,14.831598,23.850834
37.854641,11.674139,29.125203
41.431323,9.272572,40.796170
43.287990,8.580662,46.481143
47.738265,8.127937,53.569866
51.736596,6.566431,62.251492
59.243364,5.200057,71.938196
63.831575,5.570366,84.510005
69.051209,6.942321,92.973936
77.177267,9.098507,108.061242
85.487475,10.332383,118.976364
96.195741,12.064781,132.351416
115.063149,16.760245,152.500097
125.613556,20.509989,165.959450
134.662382,27.635453,183.817686
148.540285,33.248921,199.473170
158.491926,35.981400,210.016623
166.656190,36.893198,219.447235
172.253723,39.441865,226.260216
178.939491,41.675859,234.578627
180.748287,41.363583,238.755138
181.984553,42.012464,242.624309
76.602919,189.049299,11.618249
72.870195,185.995418,11.165416
66.431325,176.837162,10.106196
61.361890,167.714326,9.299496
59.471845,162.358810,9.480040
53.614401,148.255934,8.244099
47.355473,138.254869,8.407524
40.878842,126.226197,8.975015
34.942740,114.339073,9.615158
32.503887,97.054859,9.931573
32.267842,85.484176,8.992205
27.319453,71.026322,9.597970
26.860303,57.796273,11.398851
25.546648,45.916234,13.220443
23.907286,40.030691,13.613090
22.599674,31.120428,15.794505
21.912719,23.003976,18.622535
25.155797,19.340247,23.112327
26.381975,17.347937,28.409237
29.050316,13.289913,36.044035
33.113042,10.773863,43.053811
35.633091,9.847185,51.119643
40.777652,8.976649,59.443413
45.330714,7.701439,66.561108
51.467012,6.506244,74.982097
56.923743,6.402724,89.214502
61.782034,7.431269,99.963007
69.020901,8.574123,113.669910
74.795015,11.087807,124.150716
86.631264,11.769102,138.229074
104.767350,15.208783,160.841354
110.532576,19.380410,170.463636
128.592250,26.252218,185.247162
140.773543,30.887103,201.033856
148.305328,36.452563,212.247391
156.516523,34.915723,219.906025
163.541038,37.262400,230.721002
165.530444,36.344308,236.393991
171.424558,38.240740,242.120093
172.114755,39.273623,244.400128
65.881984,190.443453,9.543132
63.917031,184.585010,9.436775
57.341250,174.977026,9.586687
55.192670,168.911388,9.106871
50.557655,161.008965,8.042263
43.550384,150.889661,8.220316
35.407730,138.301553,9.141194
33.709146,124.556555,9.964062
31.675659,116.851265,9.540904
27.191806,101.514482,9.905193
26.034232,89.380154,8.756317
22.810251,72.639964,10.645947
22.021417,65.563253,11.582097
20.726487,51.015062,14.113409
20.116406,41.090315,15.696445
18.797538,33.995501,17.468964
19.567644,28.719952,20.874849
21.146543,22.343809,25.745700
21.728096,16.827390,33.091007
23.996471,15.848757,38.936279
27.599087,12.382294,47.807937
30.015000,11.017775,54.050593
35.432329,9.589797,62.440120
40.670576,8.738769,69.753418
46.541201,7.311680,82.815459
48.295531,7.181754,95.552509
53.873734,7.772686,110.432050
60.951564,7.381373,119.528274
63.936895,8.630143,126.056853
76.801100,12.092248,141.445451
90.285164,12.824481,159.640419
102.016415,18.037605,174.182592
110.592008,23.519119,188.075836
126.805957,25.180743,203.477949
142.138044,32.238210,212.513099
145.887952,32.791299,223.876202
150.781011,33.767797,230.477468
156.807112,34.799281,239.536715
156.647717,34.597994,242.954590
162.025227,34.444009,245.299053
59.315564,190.332877,9.909341
52.447746,181.849220,9.097313
48.621399,175.314314,8.372156
45.243057,168.865691,8.410167
42.019518,160.819472,8.963326
35.984445,148.895651,8.740416
30.230842,135.311090,10.250352
28.306981,130.342200,9.402258
24.993591,118.265990,11.480231
22.900784,107.967975,11.144689
19.401227,94.625221,11.943336
17.970146,81.046585,11.867565
16.957712,69.875974,13.509453
16.337086,59.942705,14.757018
16.366464,45.825940,20.148856
16.262945,40.546824,22.236928
16.447586,35.063799,27.189050
17.214877,31.041063,33.007342
19.399040,23.573953,40.592090
20.978761,19.624473,47.321770
22.627773,17.676150,51.283526
28.297524,13.415682,59.756462
29.760623,11.419612,65.350983
34.704032,9.998448,75.366426
39.278916,9.028852,92.477332
42.486547,6.793875,106.540386
45.349899,6.559793,115.236231
52.243998,7.765563,124.382885
58.582675,8.577428,133.343926
66.725679,11.926850,148.438998
80.760106,13.289215,165.684413
93.249374,17.002793,180.552151
99.150724,19.474998,190.702617
112.381050,23.631430,200.100763
122.941417,23.520613,213.124573
138.091450,27.794485,223.989471
141.292252,31.771407,234.126892
146.401893,31.801721,240.693966
149.694116,32.146856,243.651303
150.975488,32.928411,245.407961
47.208750,191.026204,9.092752
44.235723,183.288742,8.523212
39.120409,173.232918,7.945969
36.813902,166.522520,8.609229
31.172794,157.824445,8.717063
28.041353,148.788260,8.779567
25.782698,138.488049,9.579113
23.269345,133.150927,9.895891
20.058386,124.413444,10.749255
17.869785,109.125930,12.218409
15.487180,99.029200,13.284140
15.562278,88.387144,13.464337
15.859296,75.342777,15.076760
15.406863,67.622361,22.604696
16.765919,57.663588,28.970151
18.469185,51.803862,31.617163
17.730176,46.180546,37.718049
16.968449,37.298532,41.063723
16.658618,33.278032,46.498342
18.630782,25.524393,53.616532
20.280143,21.116549,55.942393
22.726984,19.066772,64.430124
24.915615,14.015712,74.165502
27.386781,13.447324,88.289128
30.065085,10.765538,101.907196
35.106919,9.054677,113.486990
39.382289,7.273516,121.320499
42.967276,8.164216,128.017955
50.722484,9.352354,138.303620
57.927588,11.570598,152.239870
70.131041,13.542257,168.507288
79.766703,14.667367,184.999700
88.077629,16.573080,193.195582
97.927002,20.357262,202.556534
107.463720,21.878268,214.238030
120.678347,22.631236,224.813685
130.656450,25.633262,233.599246
135.708836,27.451370,240.845559
137.841882,27.906571,243.571614
140.062323,27.719641,245.587051
38.115650,190.635817,7.967082
34.950431,183.131158,8.575818
30.490185,174.180582,8.393580
28.781663,166.635371,9.379280
26.719828,159.242493,9.395359
24.042834,152.807824,9.965510
20.844217,144.765496,10.797385
18.984302,137.043735,11.200372
16.176702,126.136601,11.585511
14.401711,113.559255,12.413959
14.807867,103.323111,15.728115
14.494370,96.903258,19.657299
13.519969,89.908347,24.214335
15.187221,79.383470,28.596454
15.082802,65.293027,31.953595
16.100284,57.542386,36.810616
16.639078,50.677140,41.922269
16.492895,44.677887,47.442627
17.335158,40.479017,52.528998
18.684862,34.805886,60.008777
21.199459,28.243630,66.325729
19.095735,24.423811,74.951599
18.274803,20.741929,88.440749
19.823843,16.180479,98.190506
23.318880,13.614335,111.149654
27.116087,13.402625,120.724289
30.045265,10.564986,126.324221
34.414776,10.142054,133.453767
40.232101,10.666609,143.124785
48.717414,11.629350,156.565670
60.488686,13.279114,173.813427
69.956358,15.110540,182.583169
80.856934,17.226750,197.108062
86.498209,19.182344,205.745289
92.894403,19.112675,214.619674
105.245226,20.440121,228.568060
116.778522,21.592997,233.889059
124.219844,21.195705,239.768643
127.887250,21.788366,242.844682
129.713174,21.779092,245.017475
32.768652,190.990262,8.096633
28.343458,183.956591,8.735352
27.130747,178.744356,9.488328
24.640440,171.897897,9.801244
22.038859,165.890198,9.899512
21.289109,158.610291,9.814459
18.866338,150.037595,11.564760
14.059149,137.765697,12.974167
11.451576,130.387681,13.315993
12.014212,121.811321,15.984186
12.174884,113.433673,21.771940
11.796262,106.777784,28.670719
11.981337,102.208762,32.265611
13.386618,93.064669,35.124775
15.261237,80.568850,39.887173
17.231812,67.325067,44.380510
17.446858,60.956202,48.601784
18.314368,53.052220,55.592790
17.503523,48.114528,60.595672
17.328849,44.358038,67.476103
19.447307,38.085732,77.295967
17.781311,33.811639,89.240477
17.182555,26.625377,97.795372
17.214298,21.209633,108.636353
20.738545,15.990352,118.295233
23.743303,14.907981,122.949825
25.141846,12.808430,129.786562
27.011045,11.073485,136.528283
34.596844,12.404767,147.886178
42.222796,14.053726,163.771300
46.988633,12.318072,176.376085
57.940156,14.680733,191.599420
63.825312,15.242032,197.576925
73.682878,15.594084,208.035804
81.076080,16.977869,217.643058
92.136197,18.170997,226.433446
98.322699,18.663364,232.483846
108.139200,18.438182,238.112381
113.035565,17.844002,243.011454
120.083527,19.081450,245.877104
28.808775,193.527502,6.741636
24.423070,187.092665,7.350824
21.980971,181.313103,7.845330
20.692256,174.833049,9.513985
19.940279,170.277632,9.929575
17.039067,163.558315,11.154432
13.548448,153.703158,12.939401
11.389707,145.172586,14.492340
11.227864,137.313344,18.779056
11.644728,131.884182,21.209244
10.895707,120.844698,28.331305
12.584922,113.514027,33.471556
12.542432,109.172741,36.331449
13.740901,102.500325,43.082506
14.375252,95.691339,50.315203
16.151361,84.743146,55.253442
15.667368,74.142783,59.740111
17.049172,65.998823,67.170969
18.461198,61.632953,72.272316
20.120274,57.408879,80.472409
20.128728,48.020547,88.062687
18.256343,39.657143,98.626314
17.574753,34.314590,109.132142
17.189922,28.834391,114.956877
19.503693,21.859618,122.523116
20.898369,17.167199,126.751759
22.705814,14.803567,135.034809
25.437696,14.035070,140.906448
31.223829,13.339267,156.439328
35.688209,12.520372,169.338259
40.608245,13.249901,178.735227
50.744837,14.523045,191.808869
55.834624,13.816220,199.699172
62.183147,13.427873,208.455375
72.068899,13.973297,216.484192
81.864142,15.272443,226.738561
88.399215,16.824833,232.717491
94.467206,16.463460,237.530518
101.595124,16.198230,242.989188
103.296786,16.603891,245.807624
22.440217,196.376980,6.819480
19.373229,190.554463,6.502598
17.744201,185.600295,6.997003
14.945437,181.248981,9.248736
12.638996,176.222684,10.534066
11.971544,166.363176,12.413269
11.728400,160.134849,15.099919
11.253367,151.949219,19.302431
10.653286,142.741888,20.176394
10.405915,138.013970,23.855976
11.472838,128.483985,32.568670
13.036744,120.369588,38.731083
13.280654,118.443807,46.301086
13.307803,111.744945,49.892600
14.410528,105.200864,56.728295
15.200103,96.143667,62.377029
16.814769,88.472483,69.654062
18.035772,80.747632,77.839704
19.899899,73.540941,81.247027
20.459553,68.118536,88.599397
20.960138,63.168955,98.482039
20.395309,50.862196,109.686985
18.527990,43.535076,119.202033
17.808711,35.499897,122.169998
19.470881,30.457995,126.763660
18.529521,20.509036,131.421186
20.407104,18.342040,138.125002
24.408452,17.828321,150.686700
25.675533,16.077406,162.610863
31.473381,12.978267,173.878197
34.770392,12.901432,183.114253
42.091093,13.786835,192.935109
48.738003,13.242280,202.172574
56.793113,13.045411,208.538623
59.406735,12.264194,215.901537
71.197695,13.796600,226.243980
79.205059,13.780764,232.349646
83.183238,14.932405,237.851786
89.654645,15.369856,243.347362
92.621634,14.867614,245.435209
16.008935,199.618468,6.922412
13.757704,192.859640,7.325155
12.700312,187.603244,9.471125
11.939733,183.953332,9.990475
10.763751,179.348277,12.300358
10.324337,175.807197,13.656067
8.784180,169.045885,17.930734
9.092856,159.388208,21.660431
9.196083,154.694823,25.515960
10.792865,146.953356,29.781108
10.806124,139.267616,37.041371
12.139363,129.708057,45.451781
13.075148,127.074797,51.621619
13.057674,120.533754,58.701267
14.707568,114.715454,65.161784
17.281102,111.206005,74.869820
19.941873,106.485512,84.187211
21.889245,94.945072,90.785800
21.897997,89.724327,94.513518
21.687418,79.937233,98.970338
22.524366,74.811211,108.903029
22.899102,64.847518,120.701011
17.626443,51.863178,129.575170
17.601267,47.775574,133.063488
18.140976,42.603966,136.814172
16.649269,32.276354,143.326411
19.162015,27.734783,151.781046
21.132146,25.086148,160.877989
21.412631,19.800546,171.081771
25.297025,16.424054,179.807727
28.518203,16.048135,188.718006
33.225061,13.603589,197.032348
40.868985,13.886369,205.368245
46.246867,13.115091,209.194368
53.976364,12.038310,218.630980
60.997643,11.743415,226.988956
67.631995,12.317595,234.770353
68.967125,13.041106,237.741723
73.870861,13.127422,242.886519
76.757917,12.688326,246.353328
13.930509,209.278674,7.541190
12.126192,200.885767,7.910313
11.059298,194.935123,9.831435
10.837793,189.175890,10.807613
10.541972,185.975691,12.262299
8.466852,179.722214,16.238133
8.618540,175.785264,22.064802
9.093264,171.352125,24.381841
9.167767,164.269771,28.525352
8.489984,157.872408,36.748747
10.952481,152.971524,47.297857
12.243817,146.600014,57.862917
12.543394,141.498324,62.256933
12.857149,131.965261,66.692735
16.497610,127.796391,77.975773
18.106078,122.408298,87.274418
20.214939,115.866065,93.560359
22.008045,110.671714,103.617352
22.607595,105.325223,106.138188
23.216004,96.550674,112.387040
25.099458,90.240036,127.010095
25.428823,79.069727,135.551876
21.399506,67.375001,141.724600
17.504521,61.312984,145.805371
17.324364,58.202199,150.719968
18.566412,48.699694,156.286130
17.609200,42.774223,166.777198
16.921620,35.248888,172.165400
19.279952,27.973390,178.104650
22.366276,21.865894,188.757217
26.030065,19.050663,194.495600
26.454539,15.751933,199.908651
31.288470,13.836082,205.671538
35.232883,11.634672,211.659620
42.013575,10.715908,219.966602
46.403987,10.905397,228.577796
54.174030,10.893277,235.648671
58.141004,11.642140,238.396644
63.081788,11.391905,243.614284
64.956849,10.726920,246.523253
10.769004,220.331743,5.878440
10.139077,216.465482,6.154076
9.233613,207.831819,7.313575
9.219562,199.261601,8.716106
8.404212,193.582825,12.350640
7.710870,186.918846,18.672767
8.202427,182.404616,22.808923
9.667449,179.620277,28.356569
10.041067,174.860098,35.039217
10.207995,171.043748,45.639684
11.654379,164.538203,59.471565
14.122837,160.882332,67.082734
13.851739,153.948198,72.799660
16.714998,149.015394,80.303076
16.956929,144.027803,88.183101
18.893503,136.022639,99.027110
22.031400,131.837493,114.159205
22.773822,131.382548,123.878509
24.327042,128.767677,129.025721
26.463952,123.597598,138.886721
27.300976,110.053510,145.786494
26.762450,95.534526,151.206855
25.218993,86.842257,155.419445
20.607952,76.175044,159.957275
19.206912,72.383509,166.119676
17.613598,66.732364,175.732633
14.191872,52.376122,179.490411
14.925438,45.346224,185.629207
15.861799,40.330043,190.478472
16.619485,32.635909,199.048158
18.895458,27.071212,202.984653
21.595191,20.960475,207.318157
22.603497,18.564899,209.426035
25.207215,14.923294,216.528452
32.310683,11.200407,223.325822
38.353663,10.306964,230.133066
44.235500,10.861978,237.123783
46.675701,11.429169,238.393709
52.337227,10.124658,243.242279
55.931737,9.444010,246.256775
8.294465,225.559221,5.453406
7.577946,223.315529,5.676141
7.324141,218.259288,6.467523
7.463514,212.987232,8.278127
7.661773,206.216456,11.467616
8.387986,198.418445,19.526618
10.601309,191.328096,28.734291
10.338972,188.915155,35.825027
10.875898,187.538731,46.631053
9.928269,183.706676,56.662612
12.477141,175.997302,66.851289
13.844364,173.632643,77.594014
13.737349,169.123559,80.638708
16.546988,164.811365,95.329134
19.591303,159.350414,108.413712
21.040246,155.855098,116.620535
22.640374,150.041748,126.794815
24.881183,143.930439,138.614408
29.357733,143.494049,146.601109
32.435707,141.228533,154.883971
33.513385,128.632490,163.807765
28.471044,115.934954,168.481659
26.998235,104.189413,170.133394
22.114214,92.992604,176.850330
20.435016,85.951819,181.609166
19.367518,73.998768,184.953993
17.073204,67.362427,194.565703
14.960813,62.036938,199.281046
14.272062,53.026174,203.354594
13.632835,41.202870,204.403816
17.003791,33.482895,209.776137
17.944246,28.713391,214.069733
17.849598,25.990458,217.433964
20.216254,17.779910,221.215541
24.566307,14.879656,226.122078
29.989723,12.976519,232.439473
35.883447,11.206131,237.867886
38.292365,9.530895,239.689656
42.960923,9.413895,244.664154
44.664013,7.941895,246.159304
8.072798,230.573626,4.818436
8.127424,229.385442,5.310199
8.386259,226.417100,7.516277
7.932083,221.859836,8.600361
7.912712,220.126417,15.906817
6.658767,213.357976,23.491496
8.763583,206.864341,33.048326
9.922595,199.841528,43.019886
10.245593,195.970783,51.608142
9.473528,194.379030,65.337130
10.991745,191.499689,75.264583
14.284327,184.351543,84.847906
15.154199,183.909570,95.509056
18.030192,183.160735,110.504029
18.845402,176.192649,120.289922
23.714217,168.546263,130.238275
28.291411,166.392756,144.161954
30.503177,163.907678,154.418205
31.519258,159.232136,164.605043
33.896537,156.028902,175.515601
36.725843,153.361134,183.654776
35.431839,140.815989,188.432158
30.359624,129.681303,191.583390
25.923152,112.722585,191.853015
21.176715,101.904722,196.533035
20.681834,91.835448,199.594769
18.584563,76.657968,205.104087
16.222796,66.071782,204.567408
14.766143,58.178774,208.303529
12.261641,49.175374,212.148072
13.929839,39.434548,216.310081
16.865579,33.246820,218.430049
15.788330,30.751102,222.509427
16.502258,28.455680,226.062899
20.175545,21.430136,231.151131
23.628531,16.110378,236.510559
28.650328,12.354069,238.958542
31.470579,11.719232,241.307472
35.387132,9.581388,244.669045
36.343536,8.688203,246.308012
10.324062,237.392421,4.833502
10.200555,235.267483,5.389848
9.396381,232.813341,6.828559
8.640028,230.752074,11.392661
8.917150,228.269089,19.274545
7.842107,222.958008,26.201803
7.487074,218.401230,32.635422
8.946405,212.589970,48.728236
10.485725,207.039784,58.737014
9.834100,203.867110,71.593067
11.179449,200.345533,83.327923
13.375573,197.203032,95.024772
15.725208,194.386438,106.933495
17.934477,192.790050,118.441246
21.542936,190.788865,133.776762
25.033344,190.168719,152.167909
26.717886,185.526616,162.613894
29.772985,181.663639,173.685329
32.678706,176.920600,184.011668
34.838374,176.020953,190.511410
36.691410,169.542895,199.450803
32.962715,162.365308,204.843593
33.161402,150.511868,205.586199
31.879044,135.782346,206.225302
24.949049,117.661494,207.843318
21.925338,102.501789,209.522777
18.499662,92.893752,215.360874
19.172894,82.979247,216.894224
17.579487,69.600984,216.880714
13.095551,57.181007,217.696499
12.117636,48.032981,221.392957
12.417634,37.039976,224.160689
15.032560,34.737500,227.352820
14.897199,33.564221,232.766593
17.509287,26.637275,236.364562
20.338440,21.675055,238.916259
21.093529,14.502279,238.543564
23.741225,13.122050,242.797764
28.063136,10.812801,246.111488
28.909796,8.829792,246.303268
11.071936,242.634978,5.062482
10.336584,240.148930,5.298238
10.702758,238.450714,8.392205
9.171172,237.702563,13.735110
8.545066,235.361828,20.278713
8.178145,231.950331,29.208903
6.974302,230.674014,37.978516
8.509338,225.099805,49.108523
11.692778,219.300287,66.612466
11.366970,214.675546,81.549018
11.353406,210.948789,92.662908
13.227187,209.110348,104.520028
17.510397,204.445454,112.732531
22.527785,204.599588,130.683545
24.614531,207.084498,151.258052
25.261740,205.160910,166.246739
30.961048,200.250133,175.819025
34.577299,194.154186,185.275554
35.347484,189.121840,192.886819
34.328263,183.349174,199.575793
34.945813,176.017739,209.320873
34.454994,174.765189,214.511750
34.102572,165.108109,215.917669
32.632866,150.424559,215.153830
27.116195,132.118997,218.120891
24.841740,120.249103,223.708890
21.769591,106.022571,223.176980
19.420849,91.236972,221.853878
16.968850,76.483384,223.283082
14.032909,64.805661,224.370157
11.666837,54.751108,227.331762
11.221894,48.057678,229.415977
12.851514,39.500185,233.710413
13.899328,35.256294,237.841412
14.589209,33.510749,239.165170
16.651122,25.535579,239.941090
18.071839,18.904009,242.997460
19.194336,12.173558,245.475532
19.205689,11.496388,246.709008
19.994348,9.552356,247.046853
10.720125,246.522654,4.712659
10.143136,245.847229,6.186049
9.834629,244.903709,9.546180
9.780344,243.374267,14.886533
9.059853,241.409951,20.829450
8.053457,239.235655,30.255807
7.678145,237.316661,41.267911
8.833230,234.324809,53.171637
9.581499,229.672615,64.560735
11.718019,224.376033,86.049778
12.485453,222.491652,99.435160
14.855116,218.927081,113.874876
17.294284,219.800572,127.933234
21.959056,218.724039,147.250470
26.195657,215.309686,160.736122
30.938164,212.670898,171.298820
33.772439,209.249427,183.377767
34.899417,203.602596,191.861364
35.608577,196.735029,200.371026
33.471383,191.790467,210.154068
34.314871,184.585738,216.190871
34.084692,176.776827,216.339212
34.035343,172.198748,220.648835
33.119589,162.026022,223.812863
31.648277,146.475565,230.189942
27.082835,132.791588,230.248930
23.466089,120.109253,229.482929
22.160151,107.527483,231.025521
18.961539,89.257921,232.048044
17.422247,74.951392,232.528304
13.744425,64.563816,234.052538
11.637276,55.975228,235.845827
11.460478,44.784694,238.394709
10.973294,36.317252,239.663662
11.184789,34.845566,241.249566
11.361504,29.000669,243.439156
13.607409,21.926062,245.440824
13.392412,14.826705,247.392747
14.612413,10.938822,247.505085
14.335029,9.156897,248.732717
9.450637,250.179650,5.134237
9.264879,249.208101,6.528829
9.312748,248.096291,10.891553
9.368237,247.552926,15.762142
9.324456,246.055512,24.345439
8.442219,244.946382,31.521305
8.463829,242.435658,44.447601
7.897589,239.548933,54.573703
9.495999,236.428460,72.306731
12.597472,230.610303,91.265902
13.062428,227.835020,106.813146
14.214782,226.578138,117.344557
16.135477,226.463139,136.262746
21.463622,225.221838,152.572655
28.547332,222.519113,165.465324
31.438266,219.469667,179.534350
32.391101,217.982067,190.750212
35.715117,214.796532,200.058794
37.681915,208.270901,207.113604
38.070685,201.610901,216.547345
37.331849,195.125101,220.491180
35.418587,182.785027,224.361311
33.660861,176.359730,225.908506
33.001057,168.771160,232.306721
30.094661,157.915513,235.121726
25.836299,139.414742,235.102400
25.449513,131.328723,237.556453
21.922004,117.223540,239.354569
21.851648,106.825113,240.535733
19.859505,88.418229,239.679356
15.369453,75.185242,240.556371
13.037542,61.145707,241.030145
10.465982,51.352215,241.317248
10.974791,41.241187,241.799203
10.026661,34.785041,244.067869
9.717139,31.000613,246.162089
10.345647,22.148421,247.709484
9.184798,15.481309,248.165835
9.519376,11.083348,248.921682
10.088499,10.230083,249.270946
8.074688,252.034954,5.246726
8.263560,251.361310,6.992609
8.539206,250.566544,11.736438
8.860572,249.772513,16.159722
9.194697,248.694142,24.403037
8.553841,247.206264,34.240442
9.165652,246.790270,44.606011
8.566262,243.495817,56.041197
9.197027,241.551947,74.085082
11.759562,235.971765,93.523793
13.014156,233.856655,109.438072
16.049552,231.373898,125.116842
18.399130,232.699597,141.536913
19.889704,229.948757,154.415803
26.918277,228.789702,168.969401
31.194568,225.458807,185.406783
34.432630,222.738165,192.949422
35.629561,218.987357,203.005246
37.184667,215.243093,214.697417
39.718602,208.494964,222.628462
39.775478,202.862670,225.681206
35.057310,192.539326,228.699400
32.817901,182.274185,233.709443
31.592023,172.360634,237.646042
30.478788,163.674202,238.472749
27.635267,143.938421,239.550665
25.931645,132.994125,240.507685
21.613196,120.023754,241.220290
21.330472,109.102716,242.966139
19.961828,94.378405,243.325948
16.967199,80.506031,243.125568
12.356777,63.599367,243.300831
9.800979,53.957076,242.965703
10.136261,44.881236,244.306053
7.544212,35.312934,247.014393
8.100130,29.732726,248.294492
8.165395,21.321282,248.842829
7.899441,16.258239,249.877707
7.347674,10.378523,249.614737
7.406590,9.120603,249.871649
6.450062,253.288439,4.607550
7.986911,252.919248,7.452286
8.325549,251.939440,12.038915
9.084571,251.500956,18.626026
8.740876,250.712601,26.135085
8.888236,249.778802,35.092062
9.796334,248.840598,45.639388
9.641880,247.871559,56.349633
10.174148,244.057618,76.366414
11.505807,241.983590,94.924754
13.719366,238.258682,111.532327
17.939143,236.193454,127.594002
18.739083,237.068493,144.681127
22.390593,235.510530,160.584458
24.019711,233.800666,172.834774
30.355217,229.114734,188.769103
32.734360,226.240518,196.220520
35.416063,223.880674,206.363109
38.679590,219.393587,217.167690
44.055450,212.661673,227.338317
40.104780,207.571701,230.971988
37.154264,197.564682,234.633466
31.357081,184.163673,238.714527
30.678712,174.932102,239.861709
28.141206,165.506125,241.647375
29.724761,151.010452,242.642346
24.871726,137.284592,244.263967
25.939006,129.976176,244.983988
22.251333,111.716446,245.651068
19.971448,96.263887,246.009253
18.262787,83.879929,246.095162
13.493075,70.446637,247.369462
10.648998,60.280852,247.584996
9.068520,49.619819,247.251603
7.444558,38.681998,247.569980
6.079617,31.307436,248.701754
6.584888,22.612138,250.533866
5.963214,15.999759,250.635294
5.512824,9.708153,250.301353
5.169887,7.944665,250.169775
7.473483,253.442640,6.124093
7.984644,253.119026,8.391676
7.815015,253.045668,13.559171
8.808491,252.496697,19.624039
8.300030,251.530355,26.833801
9.627911,251.252939,37.918457
10.072573,250.394494,45.821698
9.701367,248.673922,60.411188
10.545537,247.262159,77.728593
11.261350,245.595409,96.011652
12.996326,241.415009,112.799634
16.594702,240.403238,130.466407
17.888615,239.268173,146.292145
21.896554,237.410744,161.369830
23.639619,235.585601,172.191926
29.604706,231.513421,190.451440
31.140777,230.285410,200.035625
33.526881,229.110208,210.045867
34.496673,224.910002,223.634008
38.442487,216.089771,230.650875
38.122216,209.893212,234.182268
34.973304,199.472833,236.517720
30.981014,184.995765,239.108169
29.743309,176.167404,241.043805
26.841872,165.957045,243.035184
28.795074,154.521219,244.158674
24.737784,138.104478,245.106309
24.944380,131.806900,246.354007
21.974742,114.947680,247.766051
20.577420,98.415367,248.750985
19.179646,88.925111,249.050616
13.295295,71.593557,248.639340
10.747183,62.705854,248.289770
8.861839,52.449465,248.913154
7.238300,40.502125,249.059415
5.207998,30.875642,249.980307
5.276592,24.604719,250.381344
4.647747,16.807147,250.571502
4.133326,10.075306,250.603514
3.287641,7.410618,251.906903
