1600
3
3.955808,53.849291,254.583377
4.673403,63.233088,254.451461
5.968800,68.547739,254.448163
6.603177,76.599451,254.194864
8.552833,84.271082,253.932991
9.365644,95.685340,253.634776
13.546321,112.630713,253.424337
14.828186,125.683086,253.505243
17.822955,140.565271,253.144507
23.847344,151.974230,252.254667
34.521673,164.959728,251.947656
45.582187,181.048808,250.817575
56.916175,199.138465,249.781441
62.552436,211.130360,249.637781
66.772200,221.512620,249.310225
67.639422,229.270883,249.649407
66.538552,236.226535,246.804736
54.268749,242.043050,245.979804
40.066346,244.415555,244.689516
28.382161,245.293945,241.436979
16.554162,245.006361,240.183534
15.937644,245.949951,229.554584
14.113258,247.391086,217.504566
13.200125,248.960320,200.351095
13.725980,250.131449,176.395263
12.062072,250.494359,152.887381
11.234819,251.019016,139.343254
10.084329,251.640303,126.365704
9.682044,251.986442,115.703980
9.123647,251.877338,100.198216
9.844714,251.646455,90.780087
7.959643,252.150458,78.507282
7.308476,252.891120,65.558738
5.956456,253.100621,53.224853
4.966896,254.110321,40.062236
2.984269,254.409478,26.965570
1.984314,254.695641,14.816092
1.247261,254.770431,8.715247
0.631343,254.823847,3.956658
0.214802,254.812778,1.725434
3.369994,46.929621,254.474730
4.070627,55.992971,254.414278
5.158272,62.609329,254.171791
6.145202,72.094420,253.998764
8.242290,82.424442,253.450701
10.573603,93.537515,253.134115
13.603825,106.934808,253.159742
16.339633,123.848721,252.725594
18.753725,136.911092,252.337674
25.247058,148.415501,251.187311
37.754372,161.019420,250.079841
49.999261,176.365841,248.920397
61.006346,194.816898,247.944973
67.890161,208.467696,247.369283
75.397465,218.715914,246.969544
77.075644,226.456703,246.312380
76.613412,234.080721,243.322002
61.472690,239.338166,243.277442
44.236836,242.556819,242.355775
31.887068,243.864783,238.754498
22.723446,244.747290,234.818435
17.834160,244.752117,226.912897
15.475477,246.219061,213.857683
13.922164,247.256982,195.637130
13.136050,247.494609,172.852180
12.090294,248.079539,151.288284
11.885466,249.711620,137.742808
11.635224,249.683781,124.845315
9.760539,250.306973,111.442283
8.531016,249.854449,96.723815
8.645416,250.058464,88.466930
6.881795,250.740917,76.229582
5.970868,251.427177,62.765445
4.945145,252.460541,50.274622
3.756052,253.314321,36.991303
2.387633,254.191436,23.251087
1.609802,254.591556,12.637319
0.775567,254.798516,6.245216
0.414654,254.871043,2.802698
0.126764,254.862667,1.069874
2.018908,36.107350,254.434188
3.167150,45.749176,254.446797
4.391773,53.174715,254.026891
5.643636,63.781786,253.788182
7.555104,75.804816,253.106043
11.453970,89.995593,252.326275
14.976705,101.593853,252.362853
17.919870,115.092619,251.281118
19.929086,132.293505,250.124037
30.077958,145.779413,249.230638
42.499563,156.505210,249.127767
52.718270,169.881225,246.766589
62.907559,186.754986,246.395764
74.583530,203.128560,245.449711
82.737052,215.177108,244.104684
83.433849,223.060514,242.916147
82.672247,232.109056,240.404476
72.217595,236.359857,237.425200
55.914710,239.117887,236.065591
38.170014,240.232505,231.893273
28.337611,241.139024,227.150208
20.410224,241.419792,219.042384
19.230047,241.918298,204.204622
16.631427,242.829473,187.763672
14.636845,243.042316,166.619969
13.219813,243.780654,148.332011
12.685080,246.071305,132.799828
12.951268,246.835576,121.000210
10.441007,246.614186,104.804582
8.813492,246.630774,93.643555
8.265650,247.443762,85.218551
5.738237,248.284986,73.945832
4.716670,249.575103,60.675980
4.306078,251.266406,46.270905
3.094531,252.722293,32.804498
1.803711,253.896716,18.377781
0.948988,254.444697,9.467649
0.623735,254.720448,4.188919
0.147369,254.877634,1.309189
0.088126,254.894817,0.474628
1.356342,26.286722,254.440138
2.816812,34.651581,254.289628
3.513130,42.711200,253.923094
4.675650,50.469630,253.343010
7.365001,65.029588,252.687491
12.255515,82.004981,251.785441
16.206572,96.279434,249.789004
18.768848,107.337234,247.589357
25.189530,122.711865,247.487488
35.379192,136.368007,246.092144
46.977758,149.610968,245.321333
55.382291,163.794086,244.196132
69.443860,178.872339,243.258014
81.499952,192.978516,240.234358
86.172071,207.305434,238.519167
89.783078,216.440617,236.686067
89.870349,224.814489,232.474865
79.831965,229.270020,226.502214
65.597963,231.625045,223.503767
47.121466,234.184023,221.494806
35.456481,234.755521,214.602528
27.750147,237.072313,205.853015
24.843880,235.945518,192.604519
20.999821,235.608606,173.805276
16.897873,235.260639,158.807198
15.102688,236.310599,141.140465
12.693543,239.794461,127.645702
12.061849,241.078723,114.049312
9.111703,240.961331,96.733325
8.169209,242.187520,87.950355
6.577593,243.009152,79.739669
5.281984,244.251142,68.644525
4.402322,246.176039,54.730957
3.556522,248.182273,43.295532
2.253932,251.191311,27.664236
1.335993,252.588205,14.929053
0.839998,253.737286,6.712456
0.463737,254.403394,2.781085
0.137429,254.769113,0.854130
0.078979,254.931510,0.148106
0.975068,18.914138,254.423103
1.601033,22.908046,254.173383
3.159634,30.827980,253.753148
4.130253,37.488706,253.125616
6.701847,51.039244,251.798599
11.797075,69.444654,249.293865
16.843649,85.385310,246.058852
21.286445,99.104811,244.888198
28.696188,108.102249,243.089855
37.466178,127.040901,241.829807
51.751998,138.836442,240.976273
57.655390,152.143029,239.335957
71.655770,166.045024,236.490374
81.194774,183.113164,235.085939
85.080239,196.609720,233.592456
84.644624,206.458324,229.055629
86.927034,214.280448,222.182463
79.587112,219.370875,214.564742
67.775410,220.812468,207.139070
52.818414,219.048301,201.853725
41.978019,220.298310,193.978709
32.771651,223.988228,187.688746
29.496993,226.563464,177.965350
22.387684,227.591761,162.326083
19.608521,226.202132,146.359465
16.319249,227.183321,132.357396
13.716495,228.343928,116.631054
11.944408,230.470618,100.090975
8.954129,231.365710,90.143077
7.184835,234.667871,81.653277
5.583021,237.304742,72.590504
4.886418,238.367453,60.152925
4.309696,240.758810,49.866393
3.662691,243.884627,37.454164
2.495368,247.758832,21.835753
1.431722,250.702542,11.188418
0.697568,252.719644,4.697207
0.435489,253.832614,1.873994
0.381916,254.419787,0.611937
0.408486,254.786446,0.236397
0.675047,9.573003,254.456112
0.916780,12.254204,254.182917
2.310329,17.271890,253.869825
4.534985,26.284231,252.446905
6.595794,34.976659,250.096085
10.850345,49.886202,246.742073
17.070902,70.847682,242.868900
24.429608,82.575412,238.553351
31.067673,95.116210,235.129881
37.789744,108.980098,234.224782
48.343877,124.393376,233.941634
59.495770,140.596815,230.309309
67.460262,153.163629,228.479916
74.336104,168.180596,224.343215
77.911502,178.716506,219.298114
77.802643,188.992190,216.027730
76.444055,196.498764,206.499858
71.029960,200.785231,196.801143
63.536871,204.514825,191.684644
54.303150,205.567970,187.351932
40.496948,204.337288,178.864835
35.809827,207.066419,167.347677
29.820862,210.301520,156.100701
24.653339,211.451503,142.689102
21.091532,212.344016,128.191216
19.531766,213.541588,113.103329
14.385604,216.113055,99.389087
10.326707,217.957693,89.107664
8.853545,221.257410,80.919474
5.648961,223.302051,70.155244
5.240996,225.756791,59.670233
4.524462,229.186537,49.622135
4.066155,231.035150,41.030386
3.308267,236.090953,31.015273
2.681656,241.465017,18.795534
1.403349,247.644456,8.809520
1.233250,250.359041,4.081337
1.295803,252.462682,1.439409
1.299575,253.992462,0.555234
1.382907,254.433246,0.321171
0.301090,3.758139,254.474217
0.705790,4.850516,254.264763
1.454830,8.070614,253.646874
2.866908,14.021425,251.729245
5.384554,22.311665,247.941840
8.389063,36.482574,243.158770
16.030825,53.591885,238.096725
22.073422,69.095051,232.158518
28.038268,80.776609,229.812858
35.023843,92.178915,224.166601
43.114967,108.085950,223.164467
53.136041,122.928862,219.170825
63.373225,136.498611,216.801715
67.190015,150.140744,207.953071
69.365848,160.744509,204.472266
69.609404,169.284794,198.727748
69.595640,175.248819,187.202960
63.310153,180.959432,180.071373
55.566206,183.870221,173.110467
48.821830,185.745902,167.474937
39.873854,185.166155,155.418733
33.857025,188.663181,148.594724
28.952959,190.825064,132.372237
23.381049,195.057455,122.423579
21.185808,199.126293,111.383751
15.936466,200.887626,99.505541
12.201130,202.881068,87.409780
9.029898,206.483026,79.492559
6.190208,207.218023,66.281545
5.890993,210.841425,57.526310
3.769585,213.526503,48.752103
3.783528,219.308692,41.663365
3.208891,223.901894,33.840005
2.863476,229.458667,25.483670
2.151266,234.496687,14.737572
2.094820,241.236556,6.961082
2.576831,247.506720,2.740966
3.285095,250.791304,1.572986
3.911376,253.087660,0.864724
4.272867,254.091905,0.586213
0.210241,1.444595,254.470693
0.325619,2.212048,254.084075
0.705537,4.001107,252.847716
1.595997,7.674462,250.542132
3.962320,14.474933,245.977796
6.278554,23.792005,238.207362
9.551937,35.328684,229.346535
18.217368,50.203700,223.922054
24.152175,64.004252,219.897225
30.101748,75.976418,214.015155
34.458805,86.442166,210.882906
41.140680,101.444163,204.519046
48.557543,115.041748,199.583644
53.093561,127.938558,191.779416
57.777462,139.337504,186.043615
59.576152,146.035579,175.778990
58.099736,153.396860,167.584558
57.969213,160.325871,161.659252
52.038623,165.580805,154.188091
44.460873,164.810587,143.400341
37.797811,167.595564,134.501917
34.530645,170.705093,125.781613
27.414239,173.636143,113.403259
21.283511,178.282682,105.166171
17.724640,182.747480,96.186609
13.843272,188.488485,85.744283
9.130991,190.108712,72.616419
7.669826,191.742016,61.290105
5.829780,194.268894,52.735635
4.783577,199.343249,45.867597
3.506624,203.279598,38.500283
3.307502,206.140477,29.513193
3.845064,211.831780,24.159182
3.033444,218.033165,17.307006
3.697492,225.621528,10.661423
4.668747,234.929066,6.174101
5.220884,242.233938,3.210525
7.248429,248.725287,2.030012
8.147614,252.033614,1.336596
8.434479,253.211670,0.978780
0.168366,0.412024,254.576466
0.297702,0.843427,253.740762
0.482188,2.077897,251.771404
0.876137,3.653744,248.756984
2.107160,9.568144,242.291475
3.899257,17.047777,234.423841
5.741716,25.836754,224.457610
11.204347,37.067728,217.724772
17.673581,50.461427,211.523670
24.087008,61.785338,205.980472
27.490302,71.912488,199.833750
34.079658,85.770475,193.313502
38.291657,95.060810,183.703760
40.754437,108.721868,175.072221
45.145526,119.459429,168.091121
45.650296,127.907024,160.558420
46.486350,135.427384,153.971539
46.279521,140.808114,143.066755
43.278488,147.445178,136.187059
38.949068,150.529458,127.793687
33.799060,152.870003,121.431090
28.436595,156.031285,112.253879
23.518103,161.602945,102.609074
19.404261,165.455748,91.434801
15.067242,168.216148,80.452711
9.146953,171.773917,66.563139
7.742308,177.025877,57.696301
5.830390,181.133478,48.059636
5.190235,182.930801,43.008530
4.543661,188.281850,34.137725
2.823902,193.712127,28.676377
3.595713,198.080493,21.241886
3.863331,202.961720,16.096739
4.677493,209.367186,11.396429
5.959899,218.676826,8.245676
7.311652,226.168614,5.853245
10.261237,237.055041,3.891185
13.397993,245.186511,3.396657
14.591634,250.831369,2.198933
15.559886,252.528339,2.143700
0.503865,0.404769,253.960344
0.504494,0.550513,252.738242
0.511757,1.190827,250.367290
0.542241,2.496315,245.150458
0.922321,5.368065,237.827742
2.241244,10.268053,229.662685
3.100204,17.242986,219.398949
6.181510,25.744273,209.023045
9.433464,36.394751,201.482475
14.089892,46.661335,195.384255
19.607153,58.398754,189.335817
23.742386,69.144295,182.480243
28.202837,81.210361,169.181419
29.617124,89.378908,163.274007
31.200195,100.847830,153.497934
34.238399,108.997266,146.354985
33.485886,115.561581,137.449685
32.082178,121.462351,127.730824
33.021363,128.107282,120.997104
32.913240,134.491123,114.876028
27.907920,138.054397,105.895872
23.792059,140.582984,98.016120
20.314895,145.611483,87.220367
14.987890,151.435630,75.467934
11.722934,157.904644,66.925906
8.357114,162.239984,54.382629
6.558911,166.919380,47.414925
5.497410,172.580858,39.099405
4.488667,175.359463,32.196369
4.109728,180.806389,25.607180
3.207788,184.615930,19.420239
3.824776,189.982305,14.197554
4.658437,195.958929,10.004160
6.455852,204.522011,8.078766
8.850727,211.344149,7.012864
11.374106,221.187300,4.994216
16.793382,233.305869,5.123012
21.761263,243.070319,3.996351
23.874271,248.963407,3.566874
24.500515,250.977290,3.343110
1.249617,0.415393,252.969810
1.180328,0.488829,251.240528
0.918098,0.978562,246.995736
1.017128,1.724875,241.536631
1.075213,3.954737,233.540591
1.340895,7.033586,224.246706
2.277604,12.546120,213.979245
3.613449,18.563152,204.113191
6.149585,25.257484,193.727943
8.384590,33.535547,186.335840
12.461332,41.631158,178.015597
15.766000,55.570890,168.229801
20.476282,64.809025,157.439087
22.841793,74.389669,149.686469
24.523793,83.236573,141.942355
25.396804,92.561850,131.492046
27.170238,99.963588,122.729369
27.401437,107.975887,114.435708
27.200768,112.061745,106.514478
24.358348,114.347136,97.402880
21.925436,123.226800,90.766684
18.911334,127.831351,83.454231
17.166203,132.840569,73.945081
11.746253,138.804187,63.080344
9.006698,145.635301,53.937830
6.175432,152.223378,44.409521
4.732751,157.547626,35.503217
4.547233,162.378552,27.241366
4.281677,168.335107,23.382394
4.112447,173.627293,16.808609
4.283713,178.156286,12.738265
5.037688,184.379394,9.099221
6.644725,190.860891,7.234725
8.785752,197.372913,6.331202
12.643294,206.360056,5.613760
19.210658,216.785065,4.998169
25.500133,228.969091,5.614324
30.886532,239.888714,4.860847
34.564183,247.148885,5.004402
35.739748,249.741459,5.038644
3.389493,0.440345,251.675710
3.108124,0.535090,249.310283
2.875638,0.869529,243.532395
2.697397,1.575076,236.263830
2.005669,3.011991,228.315618
1.952655,5.539461,218.909463
2.338306,8.785428,208.290381
2.785240,13.989771,196.735112
4.779113,19.266875,185.778444
4.873593,22.721171,177.374787
9.043755,32.329627,168.543743
11.997524,41.884193,158.464409
14.159844,53.066353,149.011337
18.928545,63.319815,142.367601
19.055207,71.732529,132.212793
22.090092,81.493322,121.585053
23.026551,87.250205,114.010915
23.675444,94.869639,105.261166
20.055781,99.384320,95.215126
19.936266,103.996680,86.423440
20.331320,109.144918,80.736134
16.907236,115.949140,71.888495
14.307840,123.578267,64.836690
9.607466,129.818647,52.556848
7.141351,135.389907,41.848404
6.010592,143.348633,34.148497
5.474057,148.590874,27.090306
5.007803,155.553939,21.999302
4.373979,161.417607,16.006869
4.350654,168.022078,11.161452
5.104075,172.523898,8.105018
6.428015,179.372852,7.094022
8.733896,187.044885,5.808724
12.409548,194.194466,5.474305
19.136405,204.180330,5.062063
26.411484,214.719898,5.508696
33.444488,226.545956,6.094679
39.734541,237.544370,6.585157
43.445713,244.997217,7.358047
45.281360,248.356842,7.600936
8.747844,0.894005,249.470340
7.979677,1.115331,246.011143
5.752034,0.783289,238.893105
4.788469,1.311739,231.889715
4.226272,2.667483,222.939809
3.113900,3.918457,212.559548
2.320296,5.978339,203.105876
2.138992,9.225127,188.290482
3.205560,13.289916,178.582699
4.080647,17.916972,170.330115
5.331729,22.369707,160.688354
8.429794,31.927991,151.364248
9.806059,38.895347,141.064031
11.278039,49.398108,133.664035
12.797097,58.546270,122.110168
14.395058,66.216653,112.117277
16.779039,73.427333,100.496007
17.930585,79.135743,92.476125
17.786672,86.838558,84.221225
18.124168,93.581602,77.841731
17.020127,97.517657,68.493703
13.530100,101.953970,60.798818
10.760477,109.946507,50.327315
7.414587,119.583110,39.757986
7.179015,125.520451,31.384001
6.160016,133.335814,25.359214
5.974624,141.895091,19.832413
5.389806,149.933191,15.109178
4.774345,155.247871,10.762926
5.522758,161.572584,6.929848
6.316510,167.764663,5.893252
8.806363,173.546287,5.005930
12.010464,181.148720,4.674242
18.184854,192.448798,4.086926
26.275155,202.608598,4.682237
34.263188,213.178783,6.491315
42.464288,225.953315,6.961411
48.919104,235.215923,8.242944
53.555835,243.352714,9.015815
55.414827,246.918113,9.342356
16.737786,1.326207,248.768638
14.866630,1.236904,243.795707
12.734297,1.338074,237.011256
9.307230,1.639755,228.103513
6.914536,2.180417,218.846730
5.605806,2.963254,207.576675
4.113916,4.170561,193.717263
3.366432,6.341194,181.060716
3.036896,7.943520,172.101471
3.728211,12.115884,164.117325
3.805394,16.905348,154.203280
5.807767,22.270939,144.279220
7.297368,28.748425,133.296233
9.285049,37.688655,127.433518
10.209462,47.196067,113.798828
12.731851,54.776924,102.150858
13.802809,63.192561,91.386356
13.051167,67.072071,83.481828
13.210592,71.601780,75.918634
13.622373,78.145359,62.413770
11.305020,82.676866,54.292454
9.909975,86.321750,46.180349
7.685136,96.345757,36.712365
6.926868,105.754280,29.293678
6.101360,115.370543,24.032941
6.029078,123.628643,17.943214
5.594490,130.731604,12.930496
5.334128,141.347580,9.787962
5.480372,149.412163,6.461148
7.552457,156.219106,4.743200
10.218393,163.441542,3.494828
12.577121,169.986942,3.117114
17.371953,177.456664,3.156463
25.554511,189.923327,4.144429
34.164315,201.360531,5.295985
43.098988,213.728154,7.183399
52.548961,225.212286,9.468830
60.791085,236.656055,11.240079
67.084946,244.162229,13.077036
69.288314,246.898064,13.373208
25.698631,1.769589,247.800120
23.186071,1.548586,243.015063
20.093501,1.702535,234.272940
17.014621,1.669529,225.381912
12.981436,1.826710,213.209378
10.013145,2.460617,201.265012
7.740873,3.456384,187.869501
5.160057,5.392681,177.295248
4.391544,6.656843,166.677119
4.158755,7.373416,157.657676
3.695942,10.640589,146.294076
4.259873,14.254949,134.039596
5.887459,19.556677,127.384246
6.826808,23.538203,115.054347
7.656507,30.681638,101.287560
8.222735,38.101331,88.456242
9.249223,44.244156,80.751643
10.261772,51.161912,68.690610
9.263437,54.712848,60.535233
7.971625,59.975544,49.984380
7.364010,66.476088,41.649236
6.566869,73.543451,34.105038
6.350585,83.452242,28.197887
4.576180,93.190422,21.658011
4.968150,103.442195,17.411489
5.358645,115.455989,12.817350
5.454138,123.465758,9.270786
5.984888,132.798914,5.454608
7.682414,142.459043,4.152140
10.899932,152.095447,3.068154
14.301665,158.512927,2.809107
18.175022,166.146864,2.814410
23.679844,174.757049,3.225250
34.316022,189.314598,4.330890
44.688132,201.642964,6.412856
53.301986,213.626536,8.454976
68.046417,228.164829,12.507944
72.980740,236.273790,13.734538
78.390758,244.142511,15.219359
79.986874,247.489732,16.220182
38.782994,3.283231,247.912293
34.992187,2.999886,242.067658
30.565841,2.759958,232.218072
26.073070,1.990241,222.805238
21.490178,2.519011,209.253483
15.646203,2.040428,194.544507
11.646996,2.527665,184.574960
8.767372,3.829693,172.147258
6.891027,5.180024,162.026485
5.427881,6.394546,151.432649
4.609415,8.239405,140.565338
4.677122,9.632736,127.785576
4.990165,13.425130,117.466923
5.701398,16.664949,107.708044
5.599586,21.532460,93.531926
6.215580,26.296346,78.777305
6.524794,30.311902,70.096402
7.769872,36.498761,58.504216
6.896721,39.785069,46.082032
6.372652,44.958048,38.405831
6.587189,53.352250,32.141672
5.522168,60.991526,26.451859
4.085411,70.390074,21.163857
4.439463,83.579635,16.482277
4.407478,93.957846,12.875931
5.009755,105.707420,8.694780
7.006873,117.631981,5.964105
8.035464,124.987183,3.976530
11.880028,136.378037,2.495135
16.516748,146.898850,2.416226
19.680864,154.569920,2.417303
24.839338,162.111257,2.692452
33.483347,174.815407,3.684331
46.956649,190.512412,6.340580
56.127003,202.093651,8.089220
71.490244,216.874515,12.773227
80.545702,228.581365,14.913763
87.692322,237.510420,17.546009
93.120659,243.905886,19.523426
94.003822,247.797931,18.393267
49.198835,4.318678,247.149048
46.241972,3.950055,241.049830
41.592668,3.521097,231.629938
35.599871,3.232636,220.788043
30.045767,2.836444,210.182425
23.281509,2.205850,194.935828
17.433765,2.196167,182.485092
13.590042,2.843643,168.793648
10.664508,3.827349,156.780691
8.873599,4.600774,146.275311
6.147672,5.610449,132.843307
4.824472,6.924180,121.999864
4.187390,7.923337,109.864501
3.748194,9.410996,96.811699
4.215895,13.327391,84.207870
4.811940,16.382256,70.357280
4.982905,18.171740,58.418023
5.705908,21.537851,45.400188
5.336120,27.181055,36.309658
5.207555,32.370715,30.299671
4.783276,37.760898,23.097639
4.694070,45.450896,17.753709
4.938295,57.389003,13.708014
5.318021,70.606321,9.780435
5.130342,81.242567,7.271513
6.867648,96.058037,5.528676
7.989474,109.724417,3.901464
13.658425,120.258247,2.120585
19.019751,130.683382,2.268605
24.932911,141.732311,2.289785
28.915502,150.865227,2.436280
34.610169,158.642632,3.266980
45.305664,172.262411,5.470202
55.559949,186.276501,7.490357
73.500840,206.601585,12.301249
83.685985,218.504967,14.549552
93.402996,229.164013,16.821599
101.113168,238.656317,18.944421
104.840734,244.660359,21.968115
106.625078,247.363999,23.260920
58.049169,4.390111,247.450884
55.469305,4.121041,242.582330
51.997273,3.800139,232.491042
45.440765,3.153965,221.442820
39.615232,3.200953,210.585689
31.797851,3.043299,195.113844
26.295287,2.347725,182.444775
19.391072,2.687738,165.065091
16.276803,3.229347,151.626070
13.105814,3.967865,140.779803
10.349031,4.618856,125.529794
7.466961,5.255136,116.200696
5.948860,5.689898,103.125502
5.225261,5.724715,91.123853
5.057906,8.854838,73.999235
4.726017,10.514829,62.726896
4.747224,12.552711,50.941141
4.818529,14.566581,38.857161
3.992123,16.782220,28.339756
3.955567,19.944103,20.215043
4.008831,26.852561,16.334787
4.649849,34.176972,11.570234
4.889443,42.981531,7.787633
5.783301,55.049635,5.505475
7.195550,70.694757,4.123638
10.987493,83.367326,3.438345
14.844986,98.882600,2.825218
19.573026,115.324713,2.124717
25.868943,125.572361,2.053083
33.595743,139.474051,2.633278
37.333669,146.420274,3.128010
46.321175,156.337159,3.900068
60.015573,171.317272,6.942666
72.450798,187.804894,10.164610
87.561432,206.409739,14.859491
101.168510,221.701675,17.684649
108.066065,230.238891,20.148563
112.770826,238.837152,21.648494
116.839838,245.480728,23.573884
117.718711,247.765642,26.054893
66.002260,5.087652,247.602913
64.474626,4.616426,243.188991
59.154265,3.823384,233.687928
53.243643,3.563512,224.617149
46.770788,3.385339,208.737140
42.002521,3.040408,196.917142
33.748423,2.598623,179.631134
28.553212,2.682775,161.442241
24.590846,3.018311,148.170953
20.366079,3.593887,137.959064
16.332388,3.902911,123.866337
12.532292,4.630208,110.098319
9.674011,4.292489,96.736662
7.255625,5.179667,83.774329
6.527021,4.738220,68.163067
5.755442,5.923955,55.231645
5.073123,8.034823,44.968753
4.172505,8.927880,30.286727
3.554510,10.114923,20.688527
3.507131,13.042652,15.109853
3.593869,16.849635,10.935412
4.854074,25.725433,7.736646
6.870899,35.420335,5.309112
8.260959,44.663629,3.686919
12.000292,59.646304,2.998460
16.832040,72.133309,2.628190
21.462281,89.456590,2.312766
29.082451,107.719665,1.878951
34.744402,121.109860,1.835752
41.541249,132.903579,2.520390
51.820778,144.676628,4.367998
64.842778,156.863547,5.513517
77.580269,171.479597,7.942785
92.997459,189.181006,11.903702
109.777164,208.580322,16.265360
116.106490,221.813894,19.397378
121.730372,231.034296,21.804009
127.711548,239.822536,23.720489
130.756234,245.750006,24.894162
131.547978,248.805483,26.737911
71.538577,5.622971,248.117712
69.955260,5.078232,243.240905
66.453453,4.525454,235.731370
62.982718,4.384115,225.309190
57.278126,3.649932,212.676169
48.958163,3.499677,195.209683
42.537606,3.309540,178.215171
36.168633,2.909031,161.852309
30.258798,2.920086,144.796710
27.831129,3.215049,133.236313
23.287930,3.831072,120.213500
19.287037,4.146796,107.210965
15.700777,3.840183,91.280474
11.636784,3.886416,75.965965
9.360901,3.803912,62.880536
8.250936,3.367285,50.466848
6.505690,3.884602,37.711254
5.042726,4.136532,22.051683
4.748841,5.238134,15.251438
4.509635,6.876779,10.006788
5.366342,10.318507,6.180448
7.368237,17.139682,4.523728
10.052675,28.295612,4.013195
13.456765,37.128798,3.211114
18.888069,51.208581,2.290672
23.337548,63.649752,2.299138
30.358184,79.265365,2.405035
40.662541,98.469832,3.509185
46.631300,112.978034,3.474891
57.166928,128.121470,5.103683
70.174674,142.847277,6.663300
81.772425,155.974841,7.886429
93.077720,171.308092,9.432697
107.580688,190.430377,14.863315
119.524656,208.502287,18.406400
128.059477,219.468950,22.837335
135.133753,231.508901,21.647071
139.106103,240.129332,24.917379
143.500387,246.052132,26.573662
144.629638,248.127432,29.182064
79.914619,7.301211,247.554140
78.933883,7.422845,244.238391
75.298348,6.318904,235.926806
71.313283,5.592434,225.915968
67.289096,4.537135,214.824470
60.371857,3.700201,196.857174
52.852116,4.007618,177.729674
46.062066,3.901406,161.115054
39.930275,3.481206,142.921750
35.063834,3.224718,130.845202
33.403400,3.790008,117.892871
28.790379,3.894068,103.209517
24.492413,3.821306,88.508201
19.292184,2.927925,72.996546
16.185469,2.647276,60.321577
10.977232,2.671421,46.552861
9.058662,2.568584,30.271341
7.506035,2.678926,19.075505
6.605715,3.583709,12.192732
5.597561,3.926825,6.277360
8.027206,6.935858,4.681557
10.106931,12.620481,3.578073
13.527616,21.468989,3.187517
18.966491,34.097129,2.536045
24.429831,44.931220,2.249025
31.937581,58.972005,2.585457
41.519820,73.337614,3.436640
49.369634,90.307782,3.502560
57.723625,107.490629,3.838873
71.070178,124.635962,7.051874
80.495929,140.302936,8.911497
95.179960,157.059278,9.033472
108.676446,172.197702,10.550425
120.235514,190.368436,14.730366
130.493886,207.713706,17.830951
139.960302,220.681677,22.912763
146.727895,231.346620,23.644978
151.346168,239.261404,25.884010
154.881403,246.142570,27.999268
154.135780,247.606992,30.799683
87.730071,7.225071,247.497602
87.568307,7.211710,243.817225
85.035210,7.330953,236.120248
82.095454,6.435960,226.875707
77.708850,5.558504,214.607817
72.435644,5.470677,200.544680
63.689681,4.896172,180.971253
55.671576,4.460074,161.393728
51.971901,4.021223,142.194130
45.462268,4.285257,126.025253
43.205856,3.695532,114.070210
37.909734,3.787029,103.930505
32.795108,3.261767,86.389029
27.660427,2.753076,71.308019
25.078049,2.699334,58.189568
18.818118,2.575346,44.215509
14.982130,2.290613,28.628484
10.553283,2.297360,16.721233
11.461322,2.572821,10.657896
12.446739,3.409658,5.457831
15.096420,5.572266,3.500154
17.285689,9.105346,2.770870
21.884539,17.510703,2.419022
26.959110,28.898380,1.801000
33.691259,41.808568,2.198780
42.104471,54.138826,3.389143
50.390032,67.715186,3.395564
61.066182,83.317943,3.739618
71.429396,103.192270,6.948099
84.819001,121.499524,8.954984
94.368731,135.427348,10.921632
109.802873,155.621954,11.140430
119.010472,172.368122,13.164967
131.764110,187.108454,17.027680
140.122793,206.550139,19.223389
148.709857,220.387409,20.804014
156.560205,232.802525,23.372421
161.704035,240.217808,27.315841
165.591928,245.813058,34.660679
167.008235,247.709519,38.982936
98.718140,9.120720,247.006400
97.556065,8.178443,244.256579
95.221991,8.011265,237.140738
91.802065,7.480168,226.768991
86.838878,6.370621,214.072128
84.949389,6.468358,200.646470
81.597588,6.551573,183.526439
74.918051,5.609812,161.777901
64.906064,4.251637,141.666452
59.076381,4.597199,125.915551
54.999656,4.031555,113.374971
52.024112,4.010370,102.098868
46.541916,3.830056,86.518081
44.224963,2.988978,70.610212
35.416790,2.773216,57.039276
28.957856,2.646025,45.611561
25.277100,2.161168,32.186397
21.778704,1.933617,15.444912
19.587725,2.130960,8.610206
21.606170,2.640358,4.763598
23.120749,4.700772,3.007878
27.222765,8.434322,2.220837
31.236843,13.825748,1.778200
36.390723,23.359219,1.477746
45.243790,39.609939,3.177914
51.844639,50.860897,3.273201
61.968497,66.915176,3.568702
73.989281,82.043458,5.055546
86.022595,99.748538,8.248432
97.674861,118.146454,10.682229
108.986379,134.963506,13.120824
123.300302,154.796402,15.061387
132.375517,171.511435,15.934799
140.620336,184.358302,17.458434
149.445336,204.466384,21.721610
160.127438,220.776652,21.374433
167.803225,233.692163,22.756544
172.740131,241.333761,30.170630
175.615732,245.820121,36.379326
177.421320,247.993788,40.645005
106.212436,11.094448,247.334877
105.123709,9.870638,243.795281
103.047427,8.892077,236.350409
101.333417,9.395700,228.721293
99.534610,8.178957,214.219207
94.765084,7.451898,198.543008
91.349488,7.468492,183.016063
87.961320,8.744961,166.225522
77.953744,6.838989,141.015527
73.380749,6.993651,126.093716
69.410580,6.039086,112.584990
65.455398,5.405831,100.584197
61.271449,4.268931,86.283402
55.749104,3.521228,71.672910
47.027136,2.729539,59.604937
43.270849,2.206287,45.341094
37.857587,1.925777,30.588335
34.424346,2.051655,15.697516
34.346456,1.749214,8.896343
34.101745,2.695165,4.928032
36.138188,4.178375,3.204925
37.970428,7.119407,2.323067
40.997696,12.752541,1.688264
47.862700,22.736408,1.735689
58.172473,37.457170,3.600543
66.396757,47.956184,3.695854
77.774060,65.237980,4.183571
87.352243,80.541051,6.639617
100.105418,96.943021,10.072382
112.973981,114.905356,12.678073
120.957684,133.250536,15.063592
129.608337,150.013675,15.675227
138.947582,167.349896,18.503925
148.490470,184.447893,20.194013
158.563257,199.629742,21.363007
172.921477,222.315813,22.090728
178.390095,232.349214,26.185733
186.380134,241.805335,35.389109
191.441867,247.285606,43.709856
193.464444,248.733910,49.845844
115.624220,11.529856,248.307509
114.351664,10.672363,244.035453
112.266614,10.802979,236.365919
111.128509,10.937664,227.450613
107.586071,10.025241,213.263559
105.548191,9.078541,199.684419
101.624346,9.247645,180.189403
100.185593,9.716629,161.574117
95.580604,8.029675,146.285106
87.895909,7.128910,128.405822
82.171772,7.381320,114.182779
77.816536,6.520739,101.846459
71.081283,5.779143,88.827854
65.743768,5.119131,74.690551
61.395504,3.338605,63.269957
58.285762,3.467839,47.733324
53.334964,2.109905,28.523440
50.145277,1.716109,16.220518
48.463508,2.056189,9.945563
49.871257,2.378512,5.586245
50.445138,3.499448,3.441657
54.450593,6.303808,2.461791
59.294245,12.161146,1.854081
65.818352,19.624092,1.947171
72.795038,35.240239,3.821286
81.404539,47.697704,3.899057
94.442820,63.778257,4.227414
101.093078,78.788884,7.507988
112.155999,95.055130,10.697321
120.887250,113.510644,12.568677
131.109153,128.247281,15.954155
139.475196,148.406128,19.334682
147.956255,162.999983,20.856523
159.211386,182.585200,22.729287
172.777239,202.157380,23.569095
182.339939,220.794503,25.067118
193.507647,234.362599,27.504865
201.178667,241.860922,36.828481
206.165785,246.835865,44.680694
206.740441,248.738803,53.349424
126.759458,12.366827,247.781384
124.825739,12.214094,244.731097
123.465567,11.047655,237.703545
120.637586,11.503423,228.173814
116.813198,11.551893,213.256482
114.892930,11.249015,198.638375
114.262066,10.440624,183.373826
111.361392,11.792175,161.216536
108.112432,10.829622,147.180671
101.468791,9.659178,128.292060
96.373224,9.165545,115.689946
91.358061,9.076729,103.742616
86.677300,6.792745,91.011892
82.124216,6.166668,78.013403
76.270856,5.466556,61.437500
72.329470,3.641331,46.879321
71.396673,2.663967,31.052969
65.648290,1.838979,18.396448
64.207692,1.905729,9.910041
66.031059,2.411207,5.728564
69.623211,3.289879,3.661039
73.034140,6.271099,2.224065
77.444831,11.156329,2.060263
83.408564,19.109222,2.283956
93.312965,32.796701,3.290973
96.813820,45.605845,4.158972
105.364927,64.089641,5.503386
114.932133,77.805023,7.057738
123.609896,91.749483,10.077861
133.094295,110.737967,15.307587
141.234949,122.900482,18.030674
149.366128,140.262959,20.661474
159.474378,158.626000,22.964151
171.670730,180.658273,27.986042
181.066493,197.530211,28.388992
196.572656,221.420350,27.524585
206.547806,235.586997,29.069447
211.810779,241.881281,35.550704
218.493193,246.937999,43.640760
222.127709,248.868818,51.875487
137.454723,14.358229,248.854736
137.576485,13.314595,246.427977
138.612805,12.191026,239.011948
133.260792,11.306225,230.319599
129.048068,12.451002,214.142811
124.416818,11.014781,198.417390
123.136162,12.808620,177.895878
122.246084,13.502798,160.470834
117.981019,12.306203,147.520725
114.846654,12.069328,131.799657
109.661629,11.192265,118.770518
104.763378,9.745473,105.638284
100.792248,8.892794,92.797632
97.105064,7.692065,78.371568
93.396719,5.965521,63.017342
89.772752,4.733538,46.806124
89.780606,3.306788,34.750651
86.498939,2.219856,19.835175
85.777108,1.777673,10.595020
85.676416,2.279627,6.506281
88.361384,2.906672,4.137311
89.301971,4.911364,2.630869
94.887887,9.918271,2.397627
100.030234,17.481148,2.369993
107.725482,28.678629,2.917902
111.821354,42.622715,4.410956
119.081580,57.876117,5.913824
126.711678,73.779005,7.465605
133.552355,88.538627,8.900354
142.964786,105.543359,14.340003
150.925275,121.347907,20.071524
158.384200,137.399294,21.910496
168.995446,154.074066,24.444220
180.660462,175.613288,26.319784
192.652618,196.687862,28.257910
206.538969,219.508724,28.267487
217.610194,235.162882,28.459039
224.145468,243.704390,30.591358
230.493579,246.884704,36.468184
232.281648,248.280338,41.139704
151.254784,13.137593,249.277951
153.233099,12.057494,247.186676
152.427950,11.420584,241.223079
152.304837,11.969716,231.638768
149.620765,12.364325,219.447335
145.442545,14.016789,201.830036
137.932485,12.869572,180.183144
131.845579,15.829069,162.565712
129.431849,15.005071,148.691147
125.030421,14.345345,134.062159
122.297320,13.416122,121.090844
116.866786,12.182455,105.978489
113.774687,10.719266,93.729297
111.563531,9.430802,79.842975
108.928442,7.311713,65.879213
107.298907,6.436355,51.575561
104.947402,3.113969,32.570834
105.944708,2.326313,21.353346
104.142214,2.213682,13.765511
103.625365,2.077705,7.883241
102.455306,2.697126,4.835996
106.563377,4.269948,3.301490
108.855096,9.411526,2.795324
114.730750,16.241898,2.524418
120.055850,24.390971,2.907044
127.228450,38.349055,4.439229
133.022618,51.909247,5.536172
140.525716,70.562282,8.292378
145.413781,83.666405,9.833606
154.249542,100.421018,13.861329
160.321900,116.875751,20.181887
168.271851,131.213794,22.708745
177.951311,146.955707,26.837869
188.210820,168.940684,27.491466
204.247295,195.272811,27.739816
216.511791,216.903978,27.142235
228.493759,235.629095,25.662348
235.391205,242.622613,24.765047
238.769883,246.172831,27.894316
239.233984,247.764314,33.171326
159.713781,13.092017,248.889598
162.837050,11.834572,246.771330
165.251606,12.612066,241.926673
167.787138,13.230387,233.126645
164.573079,12.239514,222.566524
160.863426,13.376595,205.227898
155.192526,13.281184,182.708561
148.107409,16.797106,165.184560
142.106015,16.061954,150.524386
140.064789,16.011377,137.412207
134.595951,15.388403,122.633376
130.602332,14.885720,109.059014
127.082114,12.334019,95.799414
124.378218,10.537076,81.488471
122.293639,8.029069,65.438534
124.646362,7.545167,52.767459
123.125103,3.683445,36.754328
120.246535,2.338053,22.922363
118.466496,1.837001,15.560379
117.409273,1.768220,8.783064
116.919522,2.349134,6.247826
120.277653,4.125652,3.735309
124.012750,6.593607,2.660495
127.771149,13.631809,2.852698
133.018568,23.105512,3.319235
138.448795,33.652357,4.168161
143.480635,47.062708,5.239921
148.619782,63.539913,7.015252
156.451238,80.113892,8.877307
162.926656,95.470759,12.594928
169.635961,110.892409,17.977033
175.929573,127.891609,23.321307
188.048085,145.537829,24.262358
197.564223,163.640825,27.733944
212.646081,193.660941,25.242023
224.133729,212.762232,25.349840
235.959142,231.197102,23.425806
242.226649,239.353122,23.101840
246.119035,244.820849,19.363224
244.743345,244.929042,27.430981
171.742903,15.408465,248.555461
175.042270,13.313556,246.302195
178.731118,11.978932,241.935547
182.146315,12.237743,234.660644
181.543504,11.488541,225.303055
176.416203,13.214734,206.345156
170.740355,13.527750,188.711917
162.898608,16.408337,173.250183
156.651596,18.140764,154.448498
151.705114,18.275250,139.294458
148.327903,18.239469,125.625735
146.724887,16.328780,112.761767
141.666632,12.603658,97.149597
139.818968,11.241926,83.227423
137.245989,8.804585,66.862704
138.702254,6.746830,50.866674
139.456358,4.638514,38.165696
138.077205,3.245723,28.066621
133.970469,2.442694,18.640251
131.839921,1.964169,12.492272
131.300704,2.181880,7.352232
134.026457,4.052458,4.179431
139.014706,5.500672,2.818957
144.344047,11.421982,2.862666
149.418780,18.811939,3.324988
151.768666,29.337262,4.407735
156.698304,40.778156,4.880771
159.539489,58.766741,7.901000
166.477425,74.139390,8.889053
171.305426,89.318736,11.929897
178.468868,107.216906,16.048136
185.652636,122.104509,19.626392
196.910502,140.349067,22.279735
205.193293,158.038223,24.215237
221.506644,186.577232,22.252132
233.344986,205.058202,22.372854
242.563049,224.503343,21.454444
246.325587,232.397380,22.236752
247.709880,236.548230,24.162483
247.985206,237.623654,27.355304
187.315057,15.297944,248.660689
193.020094,12.743757,246.856624
197.302106,11.263005,244.474852
198.231709,10.569564,237.608374
199.554034,10.774424,230.117463
194.990629,12.132400,214.191567
186.721394,13.893730,195.487129
180.259771,15.324324,177.981373
172.946984,16.412285,159.332597
168.061156,17.754090,144.901245
162.687077,17.017262,128.018639
160.934747,15.919914,115.337721
156.295486,13.010256,101.556561
153.805052,11.096091,84.242758
152.206854,7.517939,66.977130
150.545764,7.167244,52.773076
149.465736,4.836968,39.919589
147.760904,3.053618,29.217513
145.879371,2.471447,21.410969
144.218447,1.916975,13.715508
146.933404,2.087370,8.941823
149.883263,3.273370,4.967095
155.276479,4.869823,3.097104
158.055151,9.062634,2.720592
162.853988,14.492856,2.752791
168.886229,23.087347,3.464742
173.276181,31.730285,3.891324
173.856301,47.842222,5.433518
178.078449,67.804808,8.451950
182.834673,80.800238,9.658805
191.705008,99.118655,14.192233
198.229079,116.521092,17.167241
204.954453,132.718183,18.251412
215.217848,152.403579,18.003184
229.996942,177.365958,17.358586
239.418802,195.853105,16.710365
246.227597,211.150786,20.443452
248.382319,221.326461,20.107258
248.808626,227.985961,23.525309
248.734402,230.431122,27.020663
202.774668,17.709731,250.062298
208.930829,15.642382,249.087339
211.749934,12.807894,246.439453
213.612917,10.983492,241.364260
213.250397,10.703018,233.319301
212.201535,11.371771,220.375420
203.094069,12.951866,202.448104
196.696802,14.240208,184.829375
185.819202,15.898589,164.576273
179.284636,16.067783,148.172921
176.668845,15.501374,132.373607
173.062178,13.872403,120.630963
169.411887,13.100651,106.268221
169.082699,11.478505,89.714344
163.478607,9.052318,71.010341
161.630533,6.971203,55.891630
159.252636,4.440033,42.470921
159.237996,3.104974,31.337473
156.663318,2.922258,24.570202
156.595383,1.934955,15.628585
159.165827,1.938973,9.817584
163.646317,2.707661,5.196650
167.595997,4.137888,3.371294
171.746968,7.207479,2.775714
177.068677,13.123738,2.567924
183.246910,19.000210,3.141055
186.017375,26.904374,3.496266
188.420265,39.282182,4.996025
191.604613,58.722426,7.775851
194.715785,73.663060,9.221255
201.791337,89.854648,10.796843
207.252262,108.010969,14.350583
214.949060,122.357890,14.401872
226.276243,145.348284,14.313030
235.027617,166.653119,15.892489
243.071106,185.737145,15.294432
247.640526,198.138223,15.514561
249.467837,206.456813,20.588066
250.548242,213.966591,22.835376
250.300839,219.157230,26.496205
215.428628,23.638589,250.585553
219.922646,19.798561,249.288264
224.561564,15.587370,247.727168
228.369838,12.527518,244.701211
228.303675,11.997338,237.271348
224.133394,11.826219,225.771253
218.374952,14.092863,210.603139
208.343584,14.589826,187.987710
202.052413,15.946574,171.683352
191.403673,15.922197,149.118625
189.251095,15.529282,137.743329
186.188202,14.439856,125.652302
183.562568,12.973922,107.697914
178.624496,11.083834,90.539715
176.837468,8.939091,73.452658
172.614485,7.048271,57.630521
169.284498,5.177374,44.640097
167.956640,3.032786,32.537594
167.901293,2.818644,26.298837
172.432989,2.232455,18.182299
174.024111,1.881515,10.324081
178.509303,1.992896,6.335054
182.653168,3.030305,3.822413
188.293735,5.313467,2.606383
192.542613,9.880878,3.018206
195.166119,15.328666,2.764377
198.549736,20.878276,3.040972
202.033560,30.504150,4.247831
205.606917,49.082945,5.796259
211.092977,62.973698,7.478232
213.218809,79.546202,9.472110
216.996666,97.235302,11.345665
225.224733,114.653897,10.918353
233.757857,133.627413,10.423926
241.014373,150.497042,11.555076
245.980091,166.248970,12.679823
249.300454,181.637039,14.061655
250.885342,193.187161,16.123582
251.437528,200.273217,20.375330
251.357085,204.704043,24.781438
224.945516,32.934681,250.814474
228.658071,28.364285,249.751435
232.758744,20.623453,247.670401
237.253683,15.175027,245.981344
236.129039,15.752105,238.117357
234.083472,14.455424,228.117727
228.926219,14.318428,213.648365
222.466594,14.467631,196.432204
213.420516,14.997361,175.633817
204.517466,15.384818,154.464904
201.793894,16.026993,139.804925
199.219972,13.977450,128.129265
196.776542,13.262796,111.897255
195.683236,11.433791,95.274546
193.182045,9.838747,77.630867
187.080991,6.974304,62.518778
184.454564,6.122311,49.813703
180.910461,3.555829,35.569619
181.963997,3.231298,26.233827
185.251380,2.295838,18.536592
188.842408,1.967599,11.980221
194.662007,1.818570,7.176061
199.271358,2.235514,4.670855
203.695387,3.086297,2.523467
206.753530,6.705857,2.261172
210.440191,10.839905,2.442225
213.849313,15.360116,2.407236
217.191259,23.431014,3.002593
218.778396,35.713004,3.649693
220.915621,52.947641,6.116957
223.271081,69.358522,6.713639
228.467310,87.482823,8.845217
235.375819,107.308730,9.296405
241.383230,123.484836,8.008880
246.156197,137.778810,8.905020
248.902276,150.607205,9.659736
251.224393,162.274785,12.072175
252.037371,174.772849,16.714059
252.479431,186.550243,23.795643
252.457927,192.634635,28.287485
228.973254,45.423546,250.147322
232.066789,40.409599,249.087987
235.673989,34.167646,247.689970
240.058237,27.686808,244.416947
239.888659,20.871073,236.868408
239.360008,19.789399,228.253757
237.350839,15.427998,214.979721
230.661339,14.864751,196.146692
222.731945,13.082681,176.140637
218.934938,15.191744,156.469866
214.925964,15.533777,142.843221
213.556185,15.008378,129.727249
211.243380,13.372621,113.567165
209.004373,13.362017,98.327452
205.305539,10.091873,82.173761
202.474096,8.849962,69.290787
201.136780,7.344322,53.430128
200.401470,4.724444,41.993369
197.764429,3.128353,30.728418
196.226047,2.470213,20.876622
201.794173,1.629758,11.737590
208.359509,1.855332,7.636558
212.456157,1.871197,4.798202
218.133848,1.778487,2.052059
223.902359,2.558549,1.371480
227.111539,6.269727,1.720766
229.815357,10.702691,1.793776
231.096131,16.698850,1.902632
232.044702,28.068743,2.729732
234.555943,38.080669,3.868522
235.161089,57.780443,5.455857
238.833892,82.193295,5.486593
242.951450,100.165609,6.632613
246.248850,112.539578,6.426976
249.517286,127.478175,7.598451
251.050010,140.325088,7.659977
252.593797,149.582214,10.486164
253.162948,157.642337,16.970377
252.693809,168.662986,25.019907
252.678664,179.002223,32.053814
231.442185,69.555830,249.090868
235.623821,60.701343,247.982275
238.497667,52.361768,246.915785
241.089451,38.678387,241.872976
242.406155,31.848853,235.722303
243.010832,22.347290,225.421245
242.436331,17.891171,212.754488
238.800898,16.277677,195.714060
234.218407,15.729463,174.863732
230.362220,14.562605,157.319047
228.957933,15.095535,144.196132
227.926106,15.628528,132.725642
225.182015,13.767473,117.965079
222.270555,13.252492,101.662582
220.226517,10.385497,86.436149
219.006956,8.783647,71.165616
219.394066,6.420625,57.641649
217.526447,4.466830,47.618290
217.518904,3.777508,38.238906
217.895899,2.262573,24.556738
221.474932,1.347135,12.714098
222.637801,1.287577,8.342625
227.937221,1.372629,4.664738
232.083945,1.320366,2.489260
235.611079,1.527641,1.167696
237.893429,3.248056,0.900823
239.285866,7.768050,1.099084
241.230077,11.937138,1.202409
242.243317,19.970993,1.697842
242.752004,34.613055,2.559117
244.984690,51.833059,3.509620
246.081989,69.246835,4.052158
247.430762,88.689766,5.279683
249.983295,106.370171,6.314264
251.175914,115.774970,7.283320
252.456509,129.166500,8.581881
253.392611,138.247477,11.063337
253.216006,146.919260,15.638094
253.404714,154.625750,23.027948
253.158866,165.155826,29.497364
232.958564,89.980167,248.323168
236.419808,82.097242,245.807391
238.992284,71.025896,242.785217
241.301645,61.692667,237.391628
242.834792,45.547761,229.803710
245.047548,36.450280,219.211733
244.479032,25.324815,206.204451
242.546191,17.451906,190.193490
239.804757,15.169536,170.931548
237.871658,15.484878,155.128392
236.974584,15.809161,143.472984
237.037316,15.705663,133.254609
234.710668,15.690352,117.360046
233.371114,15.699583,105.655251
233.550205,12.024988,89.392351
230.346689,7.948860,73.692431
229.643730,5.926210,58.473786
229.265328,4.639778,49.779854
229.676171,3.225382,40.691668
233.131717,2.433983,28.733891
235.199005,1.352954,18.079221
235.152391,0.966231,9.041192
238.752094,0.854224,4.780265
241.055149,1.076061,2.486759
243.801999,0.879602,1.024121
245.397336,1.782888,0.609700
247.021647,4.669925,0.544411
248.033898,10.147565,0.541311
249.133289,17.716704,1.073124
249.130331,28.195900,1.539244
249.632460,47.559349,2.876523
250.023962,61.191529,3.553911
250.613599,78.916543,4.695457
252.088378,94.741350,5.623172
253.008812,108.244478,8.153979
253.594492,118.701247,9.721650
253.723359,128.155101,12.342881
253.698316,137.421870,16.269161
253.710861,144.160449,20.622321
253.320771,154.320560,25.338521
234.127753,110.112977,246.274072
236.829471,102.194089,242.671772
240.087659,95.727095,236.234189
240.364146,78.440483,230.360851
244.289920,65.697511,223.623091
245.845631,48.010233,211.373757
246.609821,35.826338,197.116093
245.989870,24.360480,185.115506
245.181763,17.021151,169.251874
244.216141,16.686364,154.242483
243.314825,16.531174,142.649785
244.127164,15.180928,131.238466
243.457840,16.557139,119.969878
241.165641,15.545083,106.219714
240.090541,12.175373,89.676010
239.438505,7.409720,76.284460
238.419686,5.119953,61.377814
239.471600,4.442942,51.630935
240.680301,3.248847,42.048995
241.817498,2.446729,31.173797
241.903932,1.294278,21.246198
244.290434,0.864428,12.488769
246.076012,0.643913,5.301099
247.959358,0.666812,2.447224
249.312157,0.648955,1.177386
251.202453,1.069104,0.548227
251.652054,3.679052,0.315294
252.103161,8.595567,0.446340
252.122382,16.096585,0.917700
252.150540,26.132262,1.621728
252.174139,41.917548,2.233725
252.168977,56.535695,3.335071
252.180137,71.094499,4.451277
253.667377,85.298127,7.510969
253.913059,99.905389,8.327796
254.111541,110.494632,11.110346
254.028122,117.611332,13.611836
254.116832,127.338253,16.875600
253.994031,136.705958,19.166842
254.106268,143.710064,23.621321
233.375344,125.279275,243.534643
236.301072,117.974662,238.114302
238.661368,108.148043,233.281239
240.523760,95.389139,223.807747
244.148741,80.153591,214.977030
245.725617,59.059105,203.346997
247.567859,45.154620,191.955617
247.674925,33.499960,183.676411
247.197598,20.557445,168.396450
246.998108,18.510920,150.904332
247.488776,17.359602,140.452418
247.493710,16.054354,130.123020
247.023073,16.757636,119.037793
246.873054,13.960612,107.079354
245.363321,10.935215,90.448003
245.301688,7.167753,76.448200
245.925513,5.353807,64.382072
244.785659,4.271185,52.735678
246.369359,3.847401,44.472550
247.261388,2.589171,33.218732
247.765690,1.400217,21.787740
249.335165,0.852982,14.283042
250.285238,0.477626,5.757976
251.445624,0.381589,2.857420
253.017175,0.378842,1.000389
253.629804,0.763310,0.392809
253.823657,2.403025,0.248632
253.794479,6.379991,0.403404
253.908872,13.228171,0.637095
253.745948,22.470258,1.455721
253.862898,37.838585,2.402938
254.144207,51.495868,3.016446
254.188439,66.214954,5.361340
254.313845,77.252474,8.318338
254.338239,90.186174,10.583322
254.499474,102.276324,12.619558
254.551726,111.357723,15.187693
254.495625,119.605103,17.025008
254.361160,125.742729,18.812088
254.132923,135.561529,24.408436
235.367661,139.429917,241.862509
236.346212,125.784911,235.123443
239.194724,117.557667,228.957782
241.749286,101.856819,220.572148
243.249149,87.831209,209.789636
245.475902,64.509398,200.924721
247.347429,48.585928,189.426189
248.307633,39.094714,182.605723
249.661669,24.673048,166.055224
250.391018,21.483166,150.430686
249.971779,19.693006,139.649306
249.675910,17.927592,128.930180
249.019653,15.854166,119.777231
249.823831,11.895762,106.379762
249.160389,10.322800,91.995571
248.466957,7.392042,78.261176
248.627019,5.115779,65.314463
248.700661,4.441404,54.093191
249.540476,3.905642,44.411666
249.969845,2.840660,33.941716
251.164036,1.543852,22.318452
251.916659,0.860420,14.510740
252.665592,0.552499,6.524333
253.546345,0.413410,2.703387
254.084039,0.358768,0.979919
254.587844,0.408267,0.240296
254.420624,1.710093,0.216542
254.361726,5.411058,0.337937
254.425947,12.189082,0.588469
254.441729,21.309891,1.472685
254.389638,35.278240,2.241692
254.401123,47.861007,3.199340
254.406122,62.623717,6.070768
254.482467,73.329443,8.913313
254.602772,81.497478,10.808568
254.665862,95.437516,14.115009
254.626981,105.502863,16.148229
254.473201,115.417641,18.204593
254.333043,124.040650,19.766474
254.271033,132.777383,22.796374
