1600
3
252.301541,18.562592,125.917380
252.188720,17.399220,133.056029
251.608672,15.663643,142.984212
251.307999,16.230314,154.382493
250.563890,18.284343,164.454047
250.545638,22.867019,173.956433
248.651822,27.469217,183.953976
247.689569,38.080961,196.389428
245.942009,48.945887,208.916167
244.967042,56.306629,217.345647
244.222829,59.121783,228.050670
241.269068,60.543481,236.805889
239.473675,59.608915,241.634462
235.754068,54.345272,245.391127
230.259393,45.438315,247.896530
227.068496,37.541382,248.754286
222.735708,26.742209,249.612326
210.698541,21.180133,249.325647
192.391534,17.096110,248.376332
168.802576,14.758190,247.684333
152.798912,14.237143,248.294476
140.755268,14.044423,248.882253
127.883647,12.290941,248.596785
113.756386,11.147373,248.066580
102.160409,9.500484,247.963088
93.025157,8.743648,247.830433
83.281913,8.134526,248.004448
72.736927,7.583324,248.641193
65.082979,6.886110,248.049387
50.996757,4.900673,247.740271
37.656703,3.031613,248.806382
28.095577,2.944958,248.547833
18.277372,1.842135,250.253830
7.299474,1.245458,251.630781
3.258229,1.496491,252.567733
1.611726,1.322067,253.597949
0.695150,1.183030,254.444405
0.694091,2.406967,254.184842
0.655794,4.386506,254.109484
0.563482,5.110516,254.109429
252.252557,16.511642,120.548143
252.234852,15.274660,127.352505
251.721310,13.436400,135.385707
250.914906,14.909371,145.596567
250.572409,17.467558,159.238806
249.513608,23.779879,168.641125
248.732091,29.829830,178.034466
247.336450,40.120446,192.881693
245.592137,53.255526,207.242861
243.960712,63.896561,216.011301
243.635742,70.776887,225.664755
241.705900,71.652294,235.508804
237.724810,69.110663,240.063248
231.670460,58.599827,242.571639
226.842548,48.456667,245.891481
223.860300,40.998535,246.659906
217.494576,32.476739,247.107741
207.528931,23.403609,246.269271
188.360563,19.003299,246.098447
165.248640,16.520752,244.616225
150.873727,14.604557,245.396818
139.349492,13.138166,245.436768
125.809425,11.549160,245.664181
112.342763,11.024251,245.168382
101.109769,9.671174,245.619915
91.464633,8.756420,245.347194
80.851768,8.042277,245.292491
69.429616,7.179157,244.630131
60.311403,6.579945,244.244809
47.161517,5.266391,243.338397
34.194137,3.709677,245.127031
25.827905,3.260995,245.071387
17.361815,2.940807,247.077779
6.162605,1.966177,249.951095
3.086028,2.212094,251.423067
1.654678,2.166475,252.813680
0.893028,2.881903,253.653575
0.735312,4.193291,254.091548
0.741410,6.836951,253.981647
0.779652,8.802358,254.040749
252.643131,13.943541,111.753088
252.245060,13.372260,118.517848
251.300728,12.546990,126.957018
250.521949,14.088971,137.446571
249.806415,18.219400,150.191139
249.276751,23.873842,160.584272
248.377801,29.269978,171.581980
246.296800,42.244025,182.718407
244.890628,56.715791,201.065687
243.209014,70.965993,212.261270
241.274960,80.268939,222.498481
238.865292,81.932404,231.544849
234.916175,74.602017,235.595116
228.519847,64.910540,239.397298
222.991906,53.913421,241.944633
219.253199,44.909374,243.417897
211.535511,34.482795,243.891931
199.339657,26.358013,242.437012
179.169674,19.971209,240.344777
161.384522,17.702532,239.443096
150.317196,15.527905,241.047675
136.992811,14.016056,241.532164
124.195568,11.573062,242.030415
109.113006,10.346516,241.303058
97.290419,8.684901,240.955778
86.359919,8.707295,239.386116
76.033740,8.128935,238.958234
67.250084,7.413307,239.826913
53.003258,6.507213,238.366860
41.743257,4.926000,237.338881
29.126092,3.566804,239.833399
21.710395,3.474393,239.986574
14.907826,3.252937,241.754661
5.788490,2.441091,246.583094
2.571817,3.763089,249.531814
1.548630,4.932754,251.503740
1.006337,7.022003,252.600862
1.094222,9.901351,253.856852
1.156517,11.924653,253.976221
1.286254,15.130102,254.069159
252.691164,11.448683,104.736033
252.139700,11.675395,108.794331
251.229129,12.139473,116.344273
250.419804,13.367361,126.258881
249.581164,19.368722,139.753856
248.436321,23.744942,150.504082
247.758211,31.906697,159.930521
246.085303,44.468339,174.948598
243.633307,58.850733,191.605272
241.140189,74.675415,206.742561
237.747977,87.669775,215.456498
235.426199,94.578605,225.572030
229.874008,81.280620,231.606526
223.997753,68.249126,235.811029
218.405156,58.513003,236.972106
211.222321,46.249495,238.606669
203.872926,37.331547,237.562276
187.928965,30.368998,235.067092
170.255276,23.111444,234.031948
158.176203,18.176145,234.002254
148.082482,14.896950,234.082907
133.376736,12.948490,234.982609
117.590994,11.624299,233.289883
105.001523,10.586337,233.663632
90.917878,8.148475,232.841655
80.256202,8.556555,232.877602
71.404651,8.302355,231.968814
57.977454,6.775544,231.698184
44.978312,5.139613,230.699443
37.532873,5.542783,230.735936
25.813451,4.594829,233.653256
17.360361,4.063963,235.898398
10.446532,3.911337,236.235749
4.800309,5.078355,240.398305
2.476690,6.717556,246.543547
1.644356,10.016561,249.909062
1.340915,12.662032,251.528466
1.581100,16.273296,252.898922
2.244533,20.247799,253.857277
2.724713,23.418292,254.038514
253.004357,9.177451,93.458332
252.093869,10.235783,98.778361
251.348001,10.874288,105.872651
250.861801,13.938123,114.392807
248.765631,20.365860,127.009383
247.717838,24.951798,139.488000
246.724919,34.256616,148.347862
244.821475,43.290703,164.493447
239.829295,60.564629,174.812334
235.997795,73.446440,192.303802
231.159022,81.858852,202.436081
227.133048,85.644021,209.457634
219.941857,77.718067,215.942284
213.816084,68.484925,221.512090
208.799632,56.870588,222.901095
199.159984,46.056862,221.498560
187.998167,36.380279,221.701283
174.998952,24.906924,220.881497
163.243457,22.427502,222.318804
154.946846,17.088741,224.537017
139.659626,14.255100,225.180638
125.710734,12.095125,222.312555
109.550578,10.607416,222.306520
97.938858,9.942857,223.728587
82.013241,8.272551,223.393263
72.561474,6.931077,224.082005
62.733609,6.633994,222.272652
47.603962,6.007998,219.348959
37.769504,6.149399,219.568729
30.991981,5.507658,222.083199
22.316888,6.087997,221.846811
13.174687,4.980721,227.661014
8.051855,6.649757,231.583498
4.102038,9.495391,235.869671
2.764187,12.221923,240.983305
2.047355,17.494252,247.690957
2.404655,23.794200,250.344850
2.896692,29.680242,252.569025
3.313863,33.654275,253.539373
4.186256,34.794922,254.141774
253.130024,8.045283,82.400583
252.489302,8.107533,86.934454
251.326263,10.545893,91.942915
250.220637,13.003808,97.806479
247.747411,19.140746,110.555281
246.362934,24.625194,121.103448
243.562167,33.900045,133.272172
239.708677,42.467520,141.669138
233.024429,54.382214,159.850839
226.823718,65.616346,171.338113
221.346453,71.473157,180.743856
215.692480,71.222417,191.597250
208.420249,68.276964,198.779005
199.923069,57.050373,198.345857
192.786034,50.372643,199.316997
186.570279,41.802618,201.849242
177.168282,33.903215,207.473752
162.556580,20.646182,204.836311
155.896323,17.868633,206.013549
145.750888,16.151978,209.904069
128.443566,13.553683,211.926277
113.508234,11.478496,210.558978
103.506110,9.838956,208.777024
85.143251,8.223262,210.384886
69.867937,7.186380,208.124087
61.850434,5.833387,210.057922
50.054965,6.168889,209.411906
38.428121,5.572067,208.541576
28.798013,5.915763,207.203410
20.860715,6.498591,209.319080
15.933983,7.195824,211.626226
11.278999,8.685483,217.158927
5.708274,12.099834,225.887176
4.169132,15.618615,232.771393
3.499756,21.459320,237.634583
2.767176,30.644789,244.896917
2.920308,38.715230,250.055114
4.147577,43.611001,252.178912
5.011275,47.970913,253.202151
7.086187,53.169962,253.798023
253.471209,7.458246,69.829343
252.659259,8.228264,74.971908
251.508611,9.504136,78.997800
249.907558,13.469253,85.537374
246.466407,19.982436,92.392364
243.643742,25.060770,99.258344
239.677530,34.914586,113.929506
231.450748,40.118488,123.642375
224.102725,45.199316,135.899372
217.442575,50.876929,148.012148
209.799751,54.900188,159.993030
201.000350,56.721203,164.715398
194.739976,51.556828,172.842934
188.041820,46.803778,178.409554
180.093757,38.914196,176.132872
171.325692,31.384785,176.934438
163.187385,25.609149,182.814982
153.957170,21.008345,188.008164
146.144009,18.296362,191.355941
130.693966,13.223586,189.923602
114.373955,11.847779,188.554282
101.549255,9.938714,191.801684
91.293850,8.376960,195.795757
73.441167,7.500157,193.568012
60.403265,6.590061,194.542136
50.114809,6.275133,194.568724
38.956918,5.988872,194.587162
28.838682,6.190653,195.254056
19.246590,6.842883,196.054988
14.339481,6.500413,198.957648
10.767919,8.498246,202.327840
7.746051,14.829382,208.423087
6.694673,21.783893,214.923608
6.189236,27.906559,225.214450
6.457819,35.897111,233.734503
5.854075,48.318081,242.672311
5.822645,55.462510,248.245246
6.947235,58.134902,251.574108
7.947697,61.630064,253.021824
9.004200,61.308693,253.954603
253.619256,6.275354,57.567377
252.707418,7.166972,60.044539
251.413334,9.255552,64.577944
248.339486,11.685250,67.463076
244.638662,17.044739,74.664563
239.821724,21.191336,82.456778
231.788131,27.895258,92.294348
223.936012,31.537002,104.468912
215.305579,37.302712,116.445601
205.343314,40.050657,126.302156
197.330176,40.226017,134.005309
188.587618,38.874438,141.846215
179.732992,36.292722,147.278089
173.819045,32.292089,151.169451
167.305164,30.454485,156.998939
160.460440,25.913881,158.445213
152.727871,22.508596,159.584970
141.257637,17.749172,164.395021
127.002793,14.354830,167.598124
114.379265,11.241559,168.583882
100.222330,9.723347,169.873947
86.731306,9.010388,170.822104
73.335413,7.378064,174.171575
57.893884,6.999946,175.079943
47.599243,6.956357,176.906313
36.339054,5.873686,179.416854
27.449993,5.796185,179.882075
20.452151,6.709288,182.120992
15.164287,7.253428,186.267768
11.151865,7.448099,191.722220
7.732496,11.877563,195.595488
7.238992,18.449561,203.349732
6.486797,26.973303,209.993875
8.295962,37.706275,221.006926
8.527873,49.950686,231.365299
8.143066,60.983978,240.610294
8.565731,67.258159,246.641063
9.938354,71.638339,250.689665
11.048456,74.090386,252.732604
12.392740,75.141384,253.727840
253.434249,4.475192,44.898248
252.702969,5.356384,47.196067
250.731612,7.386187,50.906884
248.299219,10.445368,55.894857
242.102019,13.662502,61.145986
237.169264,17.530168,68.631048
227.083960,23.581536,80.137537
218.010407,26.107383,86.654423
207.509378,29.590810,95.142245
198.575083,32.009142,110.615382
189.107565,31.658182,118.729168
178.455669,30.211805,126.098955
172.585873,28.828340,131.205781
166.642053,27.658223,136.471381
158.024817,24.958641,142.041106
150.097153,21.274530,143.708332
139.743282,19.476750,141.407628
126.676567,15.220097,143.692510
112.113913,11.851117,145.409456
98.461930,9.231271,147.977897
87.613469,9.110206,153.719644
77.837144,8.258836,156.460634
62.296197,7.549932,156.626343
44.954157,5.835554,157.759121
35.986658,5.605475,161.470317
25.562702,5.474214,163.526526
20.447165,6.217812,169.036315
15.925089,6.993050,171.111194
9.694502,8.752404,174.195350
7.591909,11.272623,179.934405
6.148217,16.985850,189.202840
6.385579,22.461455,196.953563
7.662543,32.180401,207.831792
8.977523,46.813062,218.143138
9.812992,59.379969,227.614320
10.006931,70.422629,238.168382
12.347376,82.625596,246.121939
13.292058,87.733052,250.466661
14.014486,91.068359,252.082960
16.828847,92.362296,253.255571
253.670583,2.984334,32.895963
252.918141,3.874626,34.463701
250.041668,5.281238,38.992265
247.121033,6.917581,42.906779
241.555408,11.026071,50.224106
235.519378,13.894962,55.669360
223.692403,19.263901,67.011989
211.757591,21.650507,73.895236
202.005881,22.598355,80.459924
188.859132,23.388235,88.463438
178.715518,22.634911,97.181696
171.560305,23.211002,109.878628
165.271585,23.439082,114.346500
156.839367,22.145677,119.072334
148.506684,19.902758,122.084100
138.462330,18.984303,127.783654
127.909414,15.835387,126.555716
114.871985,13.141982,127.013841
102.028070,11.388022,128.192118
87.776614,8.315391,134.487261
72.670621,7.426666,135.053853
61.844720,7.258355,137.626054
46.971464,6.588573,138.741516
38.575738,5.357308,142.614358
27.730676,5.803025,149.352781
20.641775,5.943682,152.367347
15.589272,7.111637,158.526127
10.475801,8.261636,160.926051
7.011824,10.533505,165.531813
5.757864,13.174365,170.389955
6.455089,22.451737,181.647587
6.561770,29.880953,188.989364
8.011484,43.097134,200.412352
10.796088,58.504595,213.751472
11.800023,71.769395,223.992334
14.350417,89.576463,237.717846
15.443723,97.859135,245.198871
19.137791,102.588501,249.579255
18.942392,104.926405,251.776133
21.678447,106.392563,253.535814
253.870586,2.035670,22.498763
253.178936,2.530193,23.351587
250.344399,2.717566,26.780914
246.588004,4.709444,31.385512
240.210544,6.816846,37.064869
233.015980,9.817079,40.479744
218.579395,12.403711,51.689040
209.205034,16.211036,61.483315
196.938767,17.214468,66.521167
183.685626,18.624553,73.799784
172.479373,19.382528,86.114184
164.519358,19.398539,92.014046
157.222842,19.732338,96.776922
145.962059,18.014140,102.050183
137.800888,16.913134,104.861273
130.587151,18.165918,110.447874
119.608631,14.538948,115.562732
105.451350,12.229766,115.533723
92.782680,9.324362,116.828788
76.568427,6.923727,118.466478
63.874176,5.999534,119.466229
51.401517,6.441635,123.458517
39.895180,6.420093,125.732612
30.397822,5.077649,129.019109
20.572752,5.991916,133.797987
16.037953,6.684398,139.340764
11.418115,7.768042,147.300488
7.410205,10.023382,151.946447
5.806197,12.253464,157.138472
4.726460,19.598142,164.767111
5.975985,27.940994,174.036992
6.283654,35.207169,183.517544
10.141876,52.116469,196.409528
13.812001,68.972496,211.260481
14.584391,84.738646,223.216490
17.729806,102.049161,235.087808
21.011409,111.615898,244.646690
20.736919,113.470469,248.955861
21.567449,117.075318,251.768406
22.960040,120.578404,253.209787
253.998176,1.174222,13.501170
253.165427,1.683621,14.455225
250.689132,2.314025,16.297718
246.868778,2.768971,18.468634
241.005995,3.931817,22.271339
231.980936,6.264478,29.315868
217.824349,8.797958,40.664424
206.467415,8.881898,46.317769
190.236452,12.021508,55.588936
179.170471,14.012283,61.458286
170.067356,14.538476,68.141474
159.740200,15.190552,76.020012
150.632164,15.699421,84.829691
139.471486,15.452740,89.717795
131.726619,13.462866,91.080558
120.856606,12.696117,96.735924
108.071545,12.174100,99.510335
93.858126,11.061557,101.658970
79.368305,8.334189,102.208619
65.199526,6.419849,102.577022
54.047324,5.664460,106.443405
40.924679,6.076737,110.876105
32.709853,5.421167,113.933211
23.834319,5.676238,116.952967
16.158547,6.417432,121.880503
11.447954,7.135473,128.604708
7.744050,9.363491,135.289702
5.690606,11.839363,142.797266
5.098315,15.980521,149.547221
4.594977,22.896654,157.321168
6.214020,31.413311,167.527333
6.990743,42.220425,177.480239
11.279203,60.879433,192.800906
13.657687,78.783436,208.378301
17.593920,101.551348,224.533179
21.795249,113.648328,234.444319
25.348384,122.047131,242.652724
25.719389,129.504822,247.875827
28.131271,135.724572,250.956860
28.696839,138.759526,252.325101
254.115572,0.524350,7.204333
253.425298,0.983807,7.819615
251.438547,1.097165,9.023788
247.310222,1.739232,12.220914
241.288519,2.327749,15.973018
230.078324,3.502869,19.627889
215.723120,5.754144,28.101604
202.726597,6.997220,35.788423
187.769847,7.715988,43.377913
174.227842,8.230139,47.223366
164.016128,10.350913,55.060829
153.579915,10.956319,60.502363
144.142075,11.741282,69.329578
132.893398,11.498686,73.996764
126.201282,10.673228,80.898085
114.749196,10.948239,82.982364
98.705018,10.383006,85.866019
85.824983,8.775742,89.494844
71.097237,7.253753,91.395049
55.549462,6.344823,92.011859
45.103853,5.664274,94.838064
34.134669,5.943937,97.091235
26.611064,5.960182,99.110789
17.534886,6.042292,107.632535
12.451368,7.112681,113.913893
9.233593,8.134128,117.966918
6.070318,11.129223,126.419207
4.824919,14.769269,133.427604
4.288921,20.077462,142.314753
5.511376,28.052438,152.563905
6.465395,37.697276,161.696962
8.268601,52.419394,173.092104
13.898737,69.792175,188.646204
18.279325,92.164837,206.560676
21.307469,111.496248,222.960294
27.286771,121.676462,231.849764
30.193687,134.267375,240.930443
32.407616,145.837665,247.412171
33.967806,151.816746,251.018408
32.862004,154.373050,252.221737
254.239042,0.431038,3.819547
253.558793,0.576999,4.443161
251.531812,0.795999,5.098853
247.188286,1.066242,7.157054
239.947058,1.608883,9.712030
227.933979,2.268732,13.934921
217.340887,3.317513,18.603530
196.383612,4.606298,25.030464
184.373332,5.514143,32.560183
172.522603,6.583834,38.764265
158.274576,8.411324,44.790847
148.357161,7.188875,46.300846
138.130306,7.756279,54.758223
130.942000,8.854822,59.858837
120.215701,8.337806,67.584363
106.835229,7.464412,70.282296
90.889613,7.083934,73.703171
75.475357,7.078008,77.102155
60.827091,7.151129,79.220927
48.297888,6.178883,81.005664
36.086148,5.219726,83.948123
27.604710,5.731386,87.178117
22.685912,6.166323,90.730353
13.781181,7.305470,97.806205
9.955269,8.080722,104.427222
7.033072,11.170679,110.372595
5.692979,14.312814,117.625311
4.533126,17.149715,125.178717
4.875834,23.863776,134.049844
5.718027,31.632198,143.153235
7.802178,46.843252,155.875949
11.869769,60.740610,168.140636
17.152540,75.799299,184.019772
22.712987,101.652506,203.974036
30.533477,124.520335,221.074140
36.587602,137.851363,231.367288
41.626702,148.635834,240.833336
40.926565,159.161340,247.064870
42.034801,165.127846,250.252381
41.067055,167.516941,251.928652
254.266959,0.453895,1.970158
253.477164,0.563603,2.266635
251.054933,0.618651,2.784009
246.190961,0.930073,3.668847
238.196201,1.308443,5.735655
227.186982,1.891814,7.644176
211.314012,2.423279,11.894967
194.756526,2.832821,16.374645
183.955250,3.828676,21.348229
166.595244,4.587953,27.378243
154.576043,5.146441,32.390564
144.437606,5.961886,37.824217
135.686593,6.621045,44.081271
127.188330,6.244241,46.440063
111.792923,6.075494,48.729919
98.351487,5.899500,56.872454
86.745915,5.828065,61.993544
65.887959,5.948188,63.924063
52.525318,5.126338,66.868513
40.572390,5.123981,69.710114
29.852226,5.023744,74.683535
23.603223,5.467522,76.725223
17.308357,5.559735,80.452949
11.870658,7.939371,86.351730
7.364915,9.678948,94.641157
6.220546,12.071331,102.717512
5.240576,16.257075,110.721034
4.486266,19.283288,116.512688
6.068585,29.726678,128.706749
7.046066,40.879535,138.347109
11.587274,55.404326,152.271696
15.717999,69.620010,163.965201
26.431878,91.107591,181.456348
32.013689,120.018880,200.739548
40.692179,140.571797,217.702611
46.622531,152.578370,230.373909
54.727260,167.076331,240.440654
53.838611,174.443819,245.970532
48.265213,176.906017,249.217720
47.059618,180.288381,251.392322
254.470536,0.498968,0.509344
253.257554,0.736768,0.814117
249.603488,0.882243,1.248812
244.533831,0.941894,1.988523
235.268554,0.974444,3.163649
223.303006,1.488684,5.386146
209.101624,2.067224,8.159528
192.272399,2.728063,10.543250
177.389009,2.575720,13.848780
162.976445,3.451321,17.580409
149.795042,4.597495,22.866150
139.020877,5.509888,26.602875
130.214555,4.764441,29.949373
116.951589,5.546329,32.825577
106.067802,5.695995,34.780322
90.665705,5.389455,38.526838
77.169429,4.713353,43.469910
59.538454,4.678980,48.323016
46.789162,4.855894,55.673758
33.901206,5.139574,60.649676
24.774774,5.047772,63.521685
18.080771,5.413012,67.250999
12.869876,5.844813,70.888985
9.316543,8.033650,75.607314
6.246988,11.962975,83.990018
5.613645,15.696195,89.895003
4.788455,20.773653,99.436821
4.819287,25.261224,107.410952
6.470874,35.856176,119.304847
11.045896,53.127778,132.823297
13.735823,63.294043,143.467781
18.434842,82.830458,159.079132
29.360040,111.869137,178.477389
38.610703,136.434761,198.163996
48.778518,151.477361,213.861221
60.477538,166.393732,227.351770
64.485154,180.604932,239.707197
65.498707,189.624963,245.588843
62.442937,196.190834,248.246517
57.698142,197.814589,249.197938
253.881766,1.471322,0.559979
251.942722,1.469476,0.564676
248.738536,1.573449,0.816456
242.566216,1.505320,1.303528
232.980839,1.476534,2.415638
219.854763,1.544173,3.643706
206.316497,2.062055,5.434505
187.478632,2.616262,7.565812
173.918796,3.073386,9.315002
160.879544,3.547751,12.044285
146.907381,3.950145,14.566646
135.904827,3.897724,19.314509
126.196908,4.115000,21.720186
110.771789,4.083769,22.754579
99.581860,5.241934,26.261710
85.574681,5.015560,28.885641
68.744950,4.594149,31.125471
53.315392,4.304741,35.076313
38.394194,4.620591,38.798943
27.274958,4.050577,43.361451
17.824019,4.230615,47.010636
11.910135,4.995012,52.731602
8.716667,6.412669,59.906059
7.058957,8.084328,64.899050
5.767027,13.415877,73.952193
4.941628,17.852225,82.916156
4.577478,24.376758,91.181001
5.559489,31.683226,99.402350
9.306423,43.624870,111.713814
11.245240,58.825539,125.320738
15.450646,75.067941,140.541478
23.625526,94.633074,155.432084
31.807731,125.729625,175.688283
40.220733,146.703781,194.794720
53.448963,163.886703,211.104273
65.060825,180.794337,225.886718
78.954717,194.791398,236.994046
78.528608,205.829841,244.164041
71.638341,208.497337,246.654463
64.580804,210.253898,247.720241
253.450335,3.605479,0.513203
250.848882,3.057439,0.500952
247.482291,2.805626,0.578776
240.081361,2.556678,0.752630
230.126671,2.847384,1.331283
216.948536,2.483175,2.688391
201.627898,2.640618,4.111258
182.393419,3.120370,5.252113
167.881693,3.344084,6.355065
156.685510,3.664556,8.418078
143.407727,4.193428,10.578870
132.555522,4.112724,10.420256
115.381873,3.817363,10.807811
105.746469,3.559210,13.222006
94.211103,3.488569,15.148738
78.005755,4.262115,17.740243
63.252293,4.136061,18.869390
44.439207,3.713770,21.719910
31.773788,3.682358,24.770195
22.924131,3.464542,28.796670
14.713442,4.432339,34.666612
8.766356,5.887383,41.729039
6.394497,6.646920,46.309508
5.054206,9.557546,54.139842
4.913836,14.125235,65.564087
4.006974,21.053790,76.045629
5.084371,29.687707,84.660277
6.091952,39.384261,94.690359
11.141585,55.009724,108.076220
13.811032,69.123394,119.116233
18.245882,86.642803,134.313693
25.157691,109.439356,152.352071
32.597921,135.429377,173.146817
40.090163,154.592893,190.495497
56.145234,176.778889,208.718004
74.529583,195.618574,220.728180
87.112360,207.530647,232.041829
87.694252,218.950960,242.558258
76.212019,221.063286,245.249505
67.669056,223.171072,246.782242
253.064266,8.608827,0.420571
249.843082,8.287273,0.420210
245.946618,7.228453,0.481881
239.020048,6.426962,0.583254
227.457411,4.785231,0.820017
214.775585,4.164273,1.550176
194.352298,4.361847,2.279142
177.624614,4.619222,3.522826
164.686106,4.633136,4.550145
150.769208,5.012910,4.665621
137.003460,5.103008,5.411211
126.074792,4.674441,6.683629
112.297692,4.116399,6.875011
100.418596,4.145723,6.948475
87.114582,3.853763,8.268271
70.638005,3.766432,10.410712
54.773537,3.538575,12.100448
39.359985,3.807232,15.047558
27.173799,4.206889,16.405226
18.843990,3.917908,19.495584
13.026210,4.670968,24.545928
7.651447,5.778509,30.147767
5.880827,7.762347,37.025093
4.670743,10.432275,44.524425
4.019151,16.069901,52.441038
3.893515,24.223120,66.812142
5.413323,35.760582,80.323741
6.964599,48.466090,89.865244
11.973780,62.745440,101.859796
14.494349,79.578964,115.807098
18.897753,95.528522,128.496186
25.191204,121.958380,149.942936
35.369618,143.887889,169.043845
45.865612,166.664956,184.401050
58.653235,189.410978,203.998252
72.346805,203.774131,217.788214
79.558814,216.882135,228.936903
81.001134,226.240517,238.052389
74.765100,227.057166,243.259085
67.597111,229.645641,244.900216
252.280075,17.315387,0.905976
249.401410,15.882509,0.765075
244.628914,13.737692,0.833080
236.939067,11.978306,0.793131
224.190193,10.396424,0.942874
206.864773,8.952451,1.495977
190.330975,7.755958,1.769113
175.234585,7.304093,2.678516
158.824037,7.387513,3.211119
145.630897,6.730544,3.612373
133.268938,6.192184,3.749172
122.489118,5.784470,3.787838
110.595629,5.396374,4.042880
96.442954,4.952575,4.791080
84.445885,4.897032,5.018476
67.757943,4.905133,6.029951
51.238782,4.008390,7.031592
34.820255,4.354726,8.945926
23.652323,3.901178,10.841161
15.910387,4.134309,14.045699
11.390366,4.924940,16.914092
7.064880,6.821668,21.631833
5.362022,9.121476,27.341490
4.494036,13.434526,34.864061
3.379509,20.676151,43.109740
5.274115,31.668876,57.086453
6.769542,45.707161,75.101352
7.513460,56.698136,84.758326
12.019905,75.816764,96.938455
14.726050,88.516589,107.874591
18.539036,104.711580,123.420420
25.531740,129.851398,142.991434
36.295022,155.180553,163.508086
43.907154,173.653556,177.832223
55.469902,194.416366,197.169878
68.279522,210.554467,212.573570
71.979419,222.229273,224.089783
69.507730,231.923260,233.523566
63.624904,234.160025,238.371225
57.193088,236.430788,243.818029
252.499394,27.876340,1.505830
249.337062,27.210721,1.834104
244.063062,24.127794,1.501487
235.798226,21.323879,1.167109
219.213070,18.658854,1.179976
203.195910,15.692645,1.534252
187.100211,13.141335,1.862360
170.352995,11.485037,2.434167
156.198394,11.604962,2.895024
143.003513,11.223591,3.058908
131.607931,9.993731,3.335136
120.078846,7.819797,2.892708
106.859002,7.003346,2.732634
94.109701,7.095876,2.817473
79.970660,6.680942,3.087794
62.042648,5.067792,3.745664
46.582867,4.958689,4.187412
32.583301,4.903917,5.602760
22.064966,4.535865,6.939882
14.084260,5.344444,8.553188
9.717954,6.116457,10.748894
6.676527,7.787023,15.213559
5.131351,11.149774,21.389553
4.516234,15.663476,27.590497
3.959126,22.725942,35.953718
4.534691,36.409791,46.879919
7.326992,55.697747,66.183021
8.804732,70.519708,77.676342
12.064416,83.494200,91.548200
15.088669,97.667688,102.112503
18.924309,113.532205,116.960682
25.307185,138.088114,135.994341
34.852919,160.286777,155.389952
39.467724,178.834495,171.475129
48.690415,199.240038,190.880198
61.042766,218.228532,205.914790
58.068361,228.676350,220.732569
55.021601,235.517426,228.816629
50.170825,239.682861,235.331674
46.805337,241.749227,240.091416
251.822170,40.051014,2.874564
249.957026,39.638403,3.094032
245.147876,36.670640,2.994790
232.714581,33.958132,2.699239
217.958557,30.757731,2.642527
201.435710,24.385098,2.556936
184.375655,20.947791,3.030834
167.161678,19.978508,3.225179
154.882328,17.678145,3.485599
142.427101,17.263830,3.484524
130.570280,13.872809,3.460580
117.325686,12.528616,2.591369
104.458346,12.112693,2.052330
90.165815,10.414843,2.115893
77.095760,9.240756,2.236094
61.017145,8.490585,2.075471
45.174868,7.740115,2.910189
32.993193,6.911976,4.140001
19.965947,6.492118,5.410590
13.256787,6.576850,5.761946
7.841854,6.679458,6.675410
6.512854,10.228818,10.119216
5.340244,14.916076,15.353294
4.710431,20.601390,20.998141
4.322190,29.289953,28.463064
5.473569,44.360000,40.956811
7.350416,65.450012,58.387865
9.877344,80.298163,73.228133
11.564703,92.775583,84.000139
16.058064,104.655886,95.754195
20.374341,122.204874,112.157509
26.112383,146.492592,133.439027
33.098929,163.948548,148.272442
36.188396,181.360292,163.315372
42.506003,202.372782,184.599719
52.742287,218.799731,200.946944
47.662666,233.322385,216.889045
41.474566,240.285965,223.445900
38.557228,242.889512,230.728504
35.609493,244.997297,236.333323
251.435324,54.528691,4.204916
249.869527,53.864041,4.406884
243.558652,53.507804,4.991055
233.999581,50.113359,4.720062
221.985527,45.871098,4.869772
203.027540,40.069193,4.475149
182.667905,32.286328,3.972977
167.776952,28.841869,3.915529
155.682644,26.595206,3.790852
140.947391,23.878889,3.799714
130.850572,22.688491,3.612054
116.622469,18.745705,2.962837
103.982316,16.140078,2.392942
89.072361,16.282146,2.172126
75.138778,14.096437,1.897005
58.856059,12.788985,1.932720
43.189372,11.138731,2.287526
31.370806,10.903157,3.018417
19.376522,10.304891,4.404909
13.494082,9.717325,5.003354
9.085685,10.668577,6.321957
6.146426,16.349045,8.688898
4.891438,21.411852,11.956515
4.943942,28.744404,15.607436
4.704919,38.257009,22.905871
5.548472,56.050294,36.514791
7.978687,74.843868,52.784829
9.972352,87.750357,65.196057
11.869696,100.540601,75.213761
13.398856,113.318235,87.852356
18.762094,129.958425,102.424056
22.410623,149.319214,123.886840
26.561772,168.216349,140.080887
31.267971,185.723311,156.777004
33.963708,202.852835,172.140396
35.571009,222.697988,190.872709
40.256703,235.743638,209.470712
35.858954,240.956455,217.894946
28.510778,245.032963,226.554073
23.348032,246.118224,233.173785
251.102982,67.276529,4.963231
249.249633,67.194416,6.226837
243.050456,66.040334,6.484609
234.798566,65.521343,7.547274
221.917165,60.938024,7.230069
203.060377,51.838444,6.333082
185.730383,49.709860,6.538928
171.444409,44.421618,5.390016
157.410528,38.558038,4.835872
142.292175,35.700614,4.550137
131.614474,32.418671,4.412484
118.647475,29.272117,3.764555
101.562314,25.436345,2.597036
89.107864,22.529720,2.074074
77.343253,19.755402,1.699809
60.212336,19.524435,1.586365
42.918978,17.243764,2.303245
30.753400,16.789300,2.916196
21.230008,16.367809,3.333912
14.397124,17.182574,3.986667
9.960541,21.869252,5.152479
7.110429,23.812642,7.317584
5.601371,28.317757,10.129391
4.832063,34.972473,14.465216
4.969286,45.950418,21.172235
5.905238,64.292678,33.742770
6.951738,79.986735,45.509588
9.453323,95.584477,60.565845
10.982504,106.845311,69.747583
13.581853,118.531271,80.486115
17.002541,136.190148,97.380521
18.549519,153.436114,113.997233
22.643015,172.938020,133.824360
24.323777,189.131145,149.323077
29.566038,206.619224,165.418464
30.397043,224.416499,180.966163
27.648992,235.999116,194.696239
27.710847,243.012493,208.674313
25.591810,246.115699,216.187798
24.394517,247.385311,221.171347
250.488497,80.728486,5.671585
247.985310,80.313493,6.795488
241.164074,78.854421,8.576240
233.046106,77.828823,8.844708
225.616505,75.743417,8.384530
210.031196,69.838248,8.068359
185.926018,60.961827,7.117342
172.826235,56.035430,6.298836
160.897824,52.272036,6.392824
144.061402,45.976809,5.009971
132.327422,42.205580,4.585049
118.239449,40.123022,4.184861
104.585671,38.100796,3.503954
91.074378,34.371762,2.745395
76.795127,31.519542,2.947124
57.781555,29.617325,3.186714
44.396302,26.593895,3.227224
32.062504,26.915172,3.453134
23.461591,24.933727,3.309984
15.317864,26.782441,3.670243
11.065570,29.413704,4.700019
8.804537,32.634164,6.142392
5.949512,38.341682,8.577823
5.452986,44.828547,12.841998
4.997014,55.902292,18.570388
5.417746,70.243051,29.022199
6.274886,85.800555,40.838377
8.054623,99.709769,52.734148
11.120319,114.491111,65.413729
12.619077,124.477255,72.480403
15.987469,141.074085,89.913237
17.686112,155.549036,104.478873
17.790458,178.208170,124.959989
21.925244,193.058559,139.332600
22.093906,210.558223,154.104090
22.117473,225.357014,168.981762
23.041400,237.025016,185.544927
20.969727,243.094166,193.620093
19.622973,246.593908,198.976324
18.815999,248.370105,201.848272
249.778514,91.995728,6.883547
247.305821,90.595399,8.287566
242.083358,89.872863,9.519198
235.164287,86.239753,9.126453
226.188479,83.308086,8.917055
211.743978,82.672557,8.750698
195.069161,76.812958,8.226407
176.518818,70.600712,8.968628
161.701770,64.640223,8.632160
150.422731,61.662902,8.623435
134.714809,58.061705,6.464828
124.362070,55.918623,5.709850
106.532443,49.365477,5.819993
90.037239,46.665288,4.403680
79.017783,45.383195,3.777639
61.568147,44.352946,3.643516
50.199544,40.378678,3.936299
36.808167,36.614504,3.515714
25.018813,37.000547,4.205285
18.475024,39.863256,3.560734
13.493577,40.036299,4.581148
10.465543,42.605334,5.837217
7.486550,45.926475,7.441447
5.120303,57.739082,11.093536
4.623818,75.284009,18.216386
4.786531,85.671708,23.550516
5.791860,99.264631,36.943953
6.683856,113.138417,47.180193
8.663764,122.613519,57.740515
10.652280,131.456779,66.990706
12.458309,145.260765,78.619556
15.156181,161.031560,94.611710
14.599541,181.013281,114.165697
15.453302,198.857634,131.257922
15.474595,210.740617,139.522618
20.426769,226.799778,155.808712
19.157246,238.111505,166.236501
17.313736,243.964429,176.375415
16.428711,247.663020,181.178306
18.028716,249.220274,184.145859
250.315187,99.442343,7.935948
248.132864,99.889236,9.851725
243.281469,97.723888,10.977290
236.553833,97.713709,10.785000
225.488369,97.140031,11.294200
212.208069,95.843164,12.254459
196.138849,94.722215,10.621755
184.380280,89.633374,11.417188
165.597759,80.878533,9.919563
152.308636,77.705391,9.484833
134.212782,75.040064,7.695892
123.783111,74.544687,8.522887
111.174257,72.306579,7.787680
94.848341,66.495815,7.095367
80.102094,62.196040,5.214287
66.104323,57.913665,4.770365
55.574636,56.668370,4.332455
43.342533,55.958106,4.272170
32.026344,54.762678,4.947801
24.411970,52.720593,4.583574
17.184399,50.945351,4.273679
12.757916,58.766274,5.854190
9.057941,69.092261,6.245905
5.571848,76.492628,9.086391
4.940938,87.941859,15.122634
4.498660,98.712935,21.000677
5.059650,107.783894,28.535027
5.894122,118.986485,41.126503
7.140896,128.327264,49.429199
7.892094,137.255514,57.891303
9.813602,153.691603,72.863276
10.678289,168.690286,84.400065
11.639469,184.339912,98.972174
10.811461,202.285095,115.218672
11.747015,217.112645,129.234299
14.161603,232.264508,138.897951
16.171707,240.447706,148.997307
15.456918,243.990539,154.815812
15.544786,247.752874,159.819785
16.417107,249.550583,164.269896
250.532634,108.662205,9.290748
248.056129,109.099631,11.047433
243.694921,109.311277,12.610411
236.456273,107.554661,12.433249
226.120739,108.332958,13.824825
215.421449,108.651873,15.382075
198.457130,105.219078,13.330335
185.740121,100.056782,13.042252
170.950320,97.850677,12.530000
157.118934,94.296627,11.545938
137.307256,91.321836,9.553255
125.144830,87.891644,10.103798
113.978463,87.068147,10.523758
100.519008,82.105063,8.127516
86.357948,80.027050,6.602720
71.279806,73.749172,6.521595
59.124265,72.683325,5.123915
48.099375,72.567933,4.971585
38.348135,69.921668,4.882473
29.279715,67.341142,5.775416
22.778774,73.376611,4.548547
14.714641,80.717664,5.497020
11.921909,86.057351,6.407246
6.513873,92.209362,7.575345
4.370772,100.309443,10.374740
4.040919,109.943011,17.473685
3.843122,116.347000,22.918831
4.192590,126.646520,32.133296
6.166432,135.172085,43.851144
7.323021,144.287684,52.332971
8.169496,160.773846,63.174811
9.486885,175.210578,74.838040
9.029997,190.888784,87.952667
8.470474,204.462028,99.922606
8.990061,223.475860,117.934970
10.830891,232.883523,126.786411
10.988778,240.256728,133.688522
13.924713,245.791510,139.658063
14.863072,248.227956,142.854836
17.904668,250.024384,146.221780
250.402574,122.010693,11.721530
248.616256,122.352564,13.406379
243.549706,120.737056,14.936820
237.185894,121.531359,16.670969
227.080037,119.332209,16.518344
214.595332,117.248257,15.421654
200.401646,114.212982,15.000346
187.058549,113.547610,15.540841
171.545801,110.062036,13.857327
158.143127,109.339514,13.885040
140.472026,106.546535,11.501897
128.578128,103.735962,13.268930
119.256911,101.935365,13.371019
103.612634,99.970850,12.091036
90.506815,93.677264,9.741928
78.870663,91.012366,9.699868
66.734810,86.340986,7.439885
55.002440,85.197965,6.756436
44.362689,85.172642,6.484401
34.228081,85.995484,5.826635
25.431807,89.057976,4.308506
18.387198,94.932617,5.167153
12.704603,100.767158,5.100369
8.044652,105.074635,6.485568
5.034749,112.170729,9.126460
3.929560,119.401705,12.805176
3.514514,125.749814,16.796660
3.708167,134.043278,24.604886
5.061006,142.730613,32.167284
6.382236,155.355169,44.804886
6.473002,171.409318,57.324701
6.669008,183.189763,66.522739
7.070647,194.983862,76.841676
7.250144,210.098753,89.584096
8.443795,223.758364,103.957504
10.352162,233.845177,112.181509
11.006200,242.656182,122.092694
11.945420,246.236939,124.291112
13.201570,248.721913,128.077523
15.199590,250.475629,129.670779
250.856337,135.728630,13.216708
248.964448,135.699691,16.455070
244.667589,134.912159,18.442165
237.294536,133.844950,19.365054
230.321921,132.358674,19.486975
217.035791,132.094312,19.741651
201.128246,127.400521,19.185631
187.933197,124.397204,19.843142
172.578066,123.005392,18.314841
158.754622,119.909118,15.170766
145.495272,119.459697,14.503820
130.733544,114.534194,13.778470
121.348870,111.556180,13.428205
107.495057,110.622741,13.734402
97.080851,109.646950,13.463692
84.793168,105.009492,11.882525
70.707626,101.288095,9.737211
58.946657,100.041189,7.662992
49.071071,101.437840,7.382237
40.743435,103.749795,7.165048
29.038222,102.926593,4.081364
20.573695,109.079301,3.975758
14.297435,111.414365,4.238955
10.365731,115.746429,4.934292
6.486508,123.051837,7.160412
4.046701,129.210739,9.119899
3.220899,133.962195,12.207431
2.994203,143.314038,18.886804
3.094783,153.021683,26.614768
4.150089,164.424185,33.693373
5.422827,176.254567,45.676701
6.079039,190.782481,60.531843
5.655251,204.592300,71.573885
6.475814,213.013237,78.945089
7.900053,227.663766,89.823714
9.050096,234.806882,96.538856
9.436043,242.702187,103.365376
11.839337,247.997310,108.401078
13.383442,249.614638,109.866196
16.942575,251.634589,110.756151
251.095289,146.092418,16.946676
250.097135,146.648231,18.443175
245.897526,145.001241,21.502613
238.776050,143.865802,23.940694
230.847603,143.161549,22.222884
217.426945,143.848881,22.468693
203.490783,139.021836,23.322486
188.477959,136.170125,25.475013
172.493760,132.447088,23.469185
158.482724,132.184898,18.818433
146.111200,131.807487,17.699418
134.512827,130.563926,16.344858
123.583408,129.736736,16.885218
113.514971,127.609724,16.913250
101.378508,126.190498,17.266352
92.759718,123.533779,14.136329
80.923150,121.097448,11.661198
64.953541,117.757301,8.627274
52.455726,117.136025,7.564213
43.668366,117.063808,6.795137
34.740242,121.512990,5.791501
24.119078,121.843879,4.236984
16.837820,122.711349,3.689985
10.778749,128.934838,3.494389
7.619233,132.375871,5.629421
5.051976,137.304762,7.210676
3.828767,143.671692,10.166699
3.198935,151.528492,15.722894
2.729951,159.870096,21.344940
3.403509,169.791733,27.849400
3.771833,183.332941,38.622997
4.513732,194.935104,48.503481
5.154903,206.343277,63.036446
5.939550,219.774225,72.151611
6.973090,227.486463,77.238756
7.465928,237.167749,84.873844
8.974008,244.215370,91.896255
10.429397,249.136991,93.728451
12.509328,251.348900,95.628162
14.373114,252.345279,96.177587
251.362129,155.655465,18.890451
249.678206,157.492766,20.486923
245.955145,158.330649,24.067923
240.205360,158.082096,27.067652
230.444040,157.370786,29.447509
220.700192,156.289091,28.327521
206.707658,150.060877,26.353627
191.163494,146.974874,28.199479
175.070665,149.961419,29.496449
160.655280,146.554788,25.010553
147.599499,147.012170,20.458182
137.433809,146.375010,18.550566
127.689431,146.484870,19.185293
116.205738,145.223799,18.613770
107.128856,144.488420,18.859422
98.642757,142.720149,16.832944
88.001805,142.748308,15.570472
71.619707,137.096078,10.812623
59.843187,133.622807,9.692471
49.001267,133.355931,6.628915
40.660280,136.298956,6.057897
28.727641,133.837108,4.391095
19.822584,136.581514,3.443724
12.728623,137.111185,3.102123
9.264568,141.757528,4.590319
6.365933,145.278292,6.221923
4.538841,151.866686,8.195773
3.617979,158.699193,11.335073
2.912928,167.667771,17.485779
2.955263,175.729650,24.437928
3.150737,187.183232,32.693232
3.843135,196.157881,41.850527
4.030767,211.931909,52.642757
4.715243,220.370295,60.492456
5.458932,229.711214,67.829671
6.622522,238.269992,73.240194
7.341946,244.688655,76.193156
10.162263,250.213021,82.629559
12.061085,251.891754,84.735939
14.187922,252.925425,86.053010
250.419661,170.065338,22.819055
248.561722,171.077666,25.574153
245.531831,171.642961,30.437818
241.279505,172.058344,33.010404
232.176224,170.751257,32.672946
222.484692,167.517898,32.295800
209.039870,169.673019,31.917252
191.017206,166.521843,33.800077
175.452827,162.000229,33.177182
161.119645,162.527553,30.136816
150.505677,163.863674,23.366144
139.954270,163.617606,22.318710
131.855431,164.231970,22.620691
118.499695,158.150237,20.312605
110.432936,155.964643,19.911069
102.809722,155.540806,17.105922
93.673599,158.222929,17.805848
81.016097,157.023319,13.687637
69.510892,154.449705,9.848418
56.846254,152.469405,8.128199
45.961504,150.610710,7.328568
36.251986,147.911157,5.022916
23.858924,149.126222,3.656058
17.597548,151.994204,3.040396
12.462330,151.074917,3.565721
8.066223,154.987591,4.745561
5.117783,159.428731,5.745585
4.027301,165.661371,8.136531
3.140332,171.828976,10.848696
3.329026,180.867403,18.854725
3.091837,191.640930,27.950337
2.824619,206.530667,30.677554
2.452450,216.834293,38.332529
3.309661,226.850727,45.694497
4.044108,235.551907,51.102798
5.411379,243.064782,56.477694
7.272171,248.328116,61.217405
9.595294,250.604119,65.204992
11.647103,252.439176,70.359648
13.698232,252.938909,71.052688
250.010875,185.026143,28.647039
248.280798,184.796311,28.937638
246.151506,185.743327,31.695270
242.045357,183.357705,35.946979
234.586031,182.317038,38.422622
222.410459,183.680372,35.952864
210.225697,180.740625,35.971231
193.144942,179.666475,39.946934
179.026627,178.185385,40.197972
163.566311,177.929385,32.508593
153.100179,176.918001,27.090744
143.918655,175.741591,24.900896
133.344066,173.785491,21.552157
125.002936,173.207807,21.915929
114.627290,172.583602,18.616746
105.335939,168.605237,18.009698
95.350767,170.633348,16.722911
85.629388,173.798431,13.679335
75.177872,171.811270,11.159895
63.315135,168.856488,9.228789
53.542151,164.938761,7.648617
41.663279,164.677286,6.380911
31.480568,162.188595,3.824567
22.207354,162.567381,3.131132
16.866401,163.988561,2.985235
11.498495,166.629174,3.547965
8.054087,169.090066,4.684146
5.387815,172.437445,5.597279
3.789908,180.710574,7.787540
3.397142,187.585450,11.422330
2.744634,203.273513,15.760180
2.583604,211.802527,21.090144
2.558709,222.627508,26.075023
2.560164,232.153627,30.675638
4.353600,241.146946,36.053664
4.841338,247.158531,41.755599
6.793782,249.695983,48.702042
8.350135,252.362640,51.051975
10.191387,253.494817,53.788518
11.379570,253.540888,61.315372
250.082576,196.572409,29.154759
249.326647,197.097644,31.259101
246.572240,197.182340,34.176709
242.975555,198.207428,36.767573
233.935358,197.849664,37.318383
224.402683,197.420518,38.707202
210.416472,198.866584,41.106898
195.734280,193.075167,43.664187
179.250941,192.599754,44.205647
164.691957,191.923870,36.318018
155.086092,189.426028,27.631512
147.502220,190.807265,26.416734
140.992668,191.124542,21.478092
129.446199,189.059915,20.116072
120.746985,187.575538,19.063119
109.002566,187.084077,16.773253
97.812574,184.800699,16.107296
89.101830,182.786760,14.013060
80.936063,182.630291,12.172768
68.789757,178.820307,9.313023
60.288428,180.754900,8.582500
48.284582,176.527118,7.111736
35.530219,173.786304,4.334975
26.814774,170.766302,3.251493
19.985278,173.463938,2.913610
14.643532,174.542145,3.369282
11.140580,176.405599,4.210534
7.485387,181.193610,4.928694
4.314941,186.933732,5.204354
2.842044,198.142592,6.716625
3.355322,212.022658,9.997441
2.943183,219.665292,12.544794
3.583242,228.957162,14.383259
3.553664,238.462967,20.331373
4.097883,245.715827,23.115564
4.436523,249.370926,29.026762
6.039391,252.082631,32.255579
6.587712,253.129081,37.048713
8.564156,253.921378,41.335662
8.583139,254.062524,44.321044
249.764073,209.029981,29.265110
248.367994,208.128239,33.219988
245.525471,207.726619,36.862147
241.183373,210.082861,39.438977
233.363859,211.008004,41.636341
224.246886,212.714764,42.315846
213.073132,213.694952,44.519805
199.334111,211.223022,44.592185
183.107806,206.745031,41.702793
171.728267,207.588832,37.490024
159.311797,206.187370,31.321001
149.213013,203.134022,28.163769
142.211733,204.592554,22.778502
134.747869,207.340303,19.056067
126.254581,205.404978,18.456315
114.554458,202.599553,16.320738
104.249002,201.050223,15.366343
94.161895,197.258203,14.732273
85.439038,196.977556,12.230184
72.952534,191.698364,10.247568
63.174781,189.537404,9.777972
54.273922,187.986171,7.091468
43.887357,186.381856,6.438449
32.383165,181.986643,3.883713
22.849684,181.028749,3.100480
17.881893,180.498712,3.119677
12.992465,184.417767,3.430524
9.643714,188.282893,4.135851
5.374536,199.895501,3.701691
4.319920,209.734940,4.675570
3.423468,219.387241,5.270786
3.631706,227.825656,6.660553
3.957506,237.427322,8.409994
3.837325,244.291675,9.904290
3.092752,248.362722,11.744765
3.779342,251.596121,13.976603
4.265613,253.342875,21.213519
6.350620,254.020489,24.876530
6.177513,254.343007,29.200114
7.259171,254.314982,34.119100
249.912197,222.511434,32.119947
249.026371,221.795599,36.675433
245.313391,220.841676,43.676717
239.147566,219.561705,52.072398
231.048263,222.498507,47.822853
224.086545,225.353058,44.127845
213.513403,223.016794,46.610044
201.687966,223.874832,43.446438
188.893743,224.909556,40.633684
173.736168,218.157281,38.595184
162.656374,219.146970,32.701755
152.776051,216.691013,28.036400
143.521033,215.624593,26.351250
135.134073,215.032769,19.938169
128.611981,215.992153,18.211203
118.660938,216.415703,17.195190
109.851893,215.420948,15.605540
99.003432,210.425044,15.839460
89.810598,208.367168,13.844323
79.616133,206.976985,11.685549
69.770087,202.491669,9.647929
58.610327,197.862568,7.395735
49.004121,194.091036,6.690480
38.254771,192.560505,5.104446
26.803132,188.291617,3.506778
22.476589,190.633598,3.349084
17.131014,192.524048,3.473059
11.920046,200.795799,3.616652
6.736139,209.309416,3.437599
4.999878,217.114606,2.577846
4.784976,226.841081,2.871518
4.362552,235.913139,3.196400
4.682585,243.054185,4.154211
3.858568,248.380492,5.267908
2.889784,251.473339,5.795089
2.899004,253.297351,7.515573
3.421833,254.233500,9.910284
4.218669,254.499856,15.218307
5.030209,254.563020,19.001290
5.342533,254.500059,23.428516
249.465863,230.171655,36.213958
248.447242,230.094025,39.119420
243.247195,230.653733,47.486650
237.213033,231.617873,54.324263
229.515257,232.201429,58.044744
222.953560,231.608569,49.733040
213.264473,234.028896,45.191416
201.701000,233.361589,39.469753
190.995056,232.791287,38.540470
177.580447,232.404035,35.142407
166.204329,230.248573,33.588911
155.548254,229.080110,28.223045
148.237686,226.953722,25.701346
138.604813,225.562884,20.419059
129.518967,224.437331,18.804333
121.059497,225.219303,17.213800
113.150842,224.047034,16.201509
103.387824,221.818523,14.405282
94.045902,219.736029,14.795333
85.385789,216.765342,11.189932
73.765622,211.738235,10.922889
65.282990,208.783377,9.080473
54.688556,203.429654,7.157866
43.960985,202.276905,5.889877
30.959617,197.354823,4.060894
24.595091,197.523971,3.537224
20.357402,200.424250,3.120708
12.630872,208.740727,2.436983
9.603756,214.707070,2.516163
6.570245,225.197199,2.173642
5.955796,232.655175,2.036564
5.950246,241.987608,1.932485
4.937687,247.349680,1.945183
3.605511,250.865551,2.225062
2.369004,253.167369,2.886812
1.862117,254.036605,3.501148
2.185314,254.468036,4.857648
3.167492,254.628789,7.732235
3.157125,254.626271,10.860151
3.488615,254.620165,14.002376
249.424373,238.930053,34.262099
246.219655,236.807389,43.478441
242.751687,237.850516,51.350771
235.987841,237.532395,58.758231
228.393813,238.820668,62.727130
221.447192,238.845419,57.071047
213.489036,239.436946,43.989180
202.567285,239.006883,39.936482
192.493374,239.126341,34.670349
179.464360,238.540503,33.165134
168.552909,236.417026,29.557522
158.659599,234.645312,25.755714
150.192763,232.121711,23.413234
140.069999,231.481228,20.572059
130.418246,232.846583,18.318903
122.889835,231.423510,17.044369
115.460408,232.171356,15.938983
106.563391,229.595130,15.911485
96.450296,226.920335,13.918277
88.182690,223.947139,11.724974
78.713265,221.422211,11.063609
68.312734,216.841098,9.613165
59.462916,214.541564,7.504454
48.723255,210.317022,6.683076
37.733952,205.851205,5.556770
29.631588,204.558303,4.330990
22.930080,205.133107,3.125755
14.360622,214.913657,1.815259
11.219864,221.602730,1.666998
8.134041,231.507459,1.443350
7.491662,239.936913,1.065284
7.284727,245.862040,1.184071
5.800518,250.384681,1.122841
3.275382,252.686679,1.131621
1.906966,253.785742,1.167095
1.383855,254.412987,1.668172
1.566092,254.673324,2.495353
2.049752,254.710824,4.163531
2.317960,254.734106,5.755860
2.788087,254.689083,8.422853
247.962356,239.520065,42.865942
244.553987,240.739448,48.629912
241.027742,241.596740,56.429653
234.328440,242.334621,63.291043
227.255131,242.293308,70.617293
221.111050,242.222526,60.058148
214.129991,242.732120,45.809444
203.360586,242.599778,39.576703
194.228728,242.618725,30.176637
180.882627,241.280694,30.448060
169.649134,239.889040,28.113437
161.141623,238.394042,25.486137
151.184935,236.728555,23.267438
140.509149,237.073937,19.883472
131.471263,236.510636,18.016854
124.012206,237.275968,17.692348
116.719877,236.895126,17.285421
109.329117,235.390408,17.414517
100.238915,234.162772,14.101892
91.530543,230.837311,12.685720
81.615756,226.814397,11.693337
71.332549,224.886142,10.261886
64.341690,221.346558,8.287761
53.608132,215.451755,7.723501
39.131099,210.588247,5.899367
32.940142,208.921920,4.778395
26.515681,208.821162,3.458031
16.113376,219.410214,1.708880
12.655764,227.944945,1.341485
8.300516,236.655418,1.075771
8.191637,243.724572,0.763163
9.081303,249.645267,0.796173
6.304664,251.912667,0.774674
3.308898,253.409348,0.753827
1.768503,254.226063,0.683841
0.774456,254.665437,0.565341
1.227277,254.721937,1.366303
1.731903,254.780517,2.327228
2.110682,254.744096,3.886604
2.497309,254.704197,5.732220
