1600
3
251.812684,3.467355,4.984461
250.779023,3.861696,6.300560
249.026752,3.881314,7.346638
246.406626,3.783570,9.263047
243.462945,3.601369,10.540797
241.196176,3.573478,12.229438
237.856563,3.431632,16.549474
232.432996,3.343330,21.109957
227.412315,3.435933,22.702833
221.672464,3.961232,25.384454
217.803663,5.082084,33.391345
217.437448,5.360777,44.043064
215.108328,7.018055,50.501672
212.625863,6.874819,60.214265
211.483314,7.113237,67.349814
214.914984,10.214072,78.632926
216.519858,11.332023,87.734651
218.249229,10.609716,92.990126
218.977077,13.967345,101.688250
216.336577,15.073317,111.630988
216.481774,15.971660,121.980544
219.645143,17.921529,132.881516
221.867683,20.930121,144.146155
223.747496,26.835294,151.540580
226.358233,30.867132,165.690561
225.746428,37.178465,173.565925
224.045557,41.216242,188.686758
221.886733,41.164347,198.897040
219.947638,44.783166,206.122616
217.188145,46.088950,215.891523
216.878849,42.477511,222.236616
216.376537,41.603077,232.009668
213.904339,46.788254,235.520676
204.787882,42.212767,238.062337
194.516330,39.561543,243.028177
184.715387,37.043752,245.140534
176.959882,34.517862,247.603516
168.739406,33.040375,248.910041
163.803375,34.874308,251.349458
155.829312,31.523468,251.552817
251.320857,5.361398,5.787104
250.210584,5.286547,6.783315
248.682371,5.614368,7.555237
246.026810,5.243981,8.973697
242.333990,5.036853,9.550480
239.777662,3.879716,11.531289
236.191065,3.685949,15.772703
230.571717,3.591698,20.022117
224.215434,3.642984,21.921215
220.046463,4.376904,25.029702
216.576234,5.512213,31.642370
214.107530,5.364309,42.997414
212.018263,6.718288,48.972091
211.174283,6.702396,59.042192
209.464780,6.978688,65.714191
211.580723,10.032964,75.563504
214.555249,11.270518,86.933120
216.759368,11.162515,92.043728
215.628643,14.410209,100.205425
213.153987,14.560406,110.705069
212.437326,15.388148,120.272795
213.895393,17.703166,128.922516
217.301658,20.903961,141.365823
219.308754,26.222487,149.630471
221.304632,29.517245,164.026757
220.502543,35.248053,173.188962
219.816340,41.455720,188.256582
219.033867,41.922423,197.229667
215.697923,44.746218,207.435394
214.829099,45.130134,214.789969
213.611896,41.938825,222.861135
212.851646,42.221694,229.438610
209.439626,43.928149,233.860614
200.063837,40.780344,238.509710
190.104869,37.821773,244.103463
180.668628,36.141787,245.746715
171.055116,32.836746,247.794923
164.146415,32.266029,249.543054
159.633589,34.614505,251.287623
151.195976,30.558953,251.337046
250.293514,7.932945,5.886722
249.381526,7.699216,7.237226
247.874188,7.676133,7.988064
244.702929,6.861058,8.681749
240.887206,6.656234,9.936279
238.039918,5.990532,10.407004
233.001577,5.403595,13.667209
227.385682,4.820193,18.073266
220.265776,4.335001,20.796153
214.673475,5.173925,23.340887
210.567964,5.929931,28.699914
209.639626,5.669469,39.407391
208.887918,6.410596,45.444708
205.625256,6.552048,55.520389
204.223147,6.939872,61.882151
207.742302,9.062024,72.482626
210.528438,10.654961,82.235036
212.682584,10.792455,91.156111
208.731453,12.696825,97.827179
209.617369,14.739807,107.778569
209.149773,16.677350,119.979683
210.012179,17.168564,127.576824
212.795670,20.944740,140.389839
211.487165,24.417012,147.418440
213.564602,29.217192,161.437297
213.271997,33.656334,169.233162
212.545730,37.752306,184.214917
210.785778,39.175717,195.424713
208.852523,39.947941,205.359741
209.466075,42.551340,211.587934
206.798043,41.551410,219.909415
203.988676,42.127662,226.273721
199.740470,41.202152,232.646953
192.659529,37.875759,238.971376
182.435131,34.037698,244.173340
172.848827,32.940114,246.261436
164.420765,28.816021,248.442363
159.245137,29.697885,249.328150
151.200250,30.397554,251.535236
140.419460,26.537045,251.462942
249.000584,10.417682,6.290862
248.316149,9.923511,7.610595
246.715683,9.326405,8.303553
242.756871,9.416804,9.011729
240.477880,8.996145,10.108055
234.663693,8.296349,10.748877
230.846117,7.933818,13.436412
224.442453,7.142998,16.364089
217.943518,5.620041,19.679561
212.485605,5.369906,22.267416
208.843653,5.208029,28.017654
203.588024,5.999292,35.600728
202.544454,6.728276,41.831728
197.046625,7.375471,48.087315
195.127694,6.486522,59.270822
197.922929,8.862506,66.692965
202.273717,10.568569,79.712304
201.425401,10.178609,87.042717
203.763051,10.564017,96.409885
199.629183,14.713072,105.391963
200.715141,15.820218,115.973511
197.436607,16.629987,122.734713
199.113448,18.390500,134.573932
201.695056,21.404611,143.043311
205.311003,27.577652,157.186815
203.826914,31.321698,167.066954
203.913520,33.624459,182.529377
200.948117,37.437899,191.169507
198.540483,38.549771,199.490203
200.734690,39.277416,208.233649
198.763226,40.202559,218.607474
196.720672,40.550801,224.525547
184.341136,37.034105,232.704278
181.266389,33.743164,236.794983
170.253811,30.292529,242.214283
162.734047,30.235781,245.796626
153.153398,25.835323,248.040742
151.180812,27.092728,250.021152
144.573534,26.069440,250.526562
133.570750,24.312883,251.244118
247.990647,14.215980,6.609372
246.797589,13.643171,7.476804
243.694527,12.438972,8.543388
240.994318,11.435931,8.769383
236.464108,11.206364,9.011637
232.451815,11.567561,10.650700
226.641990,10.355860,12.080216
220.875233,9.158016,15.230510
216.528487,8.546159,17.370138
206.401257,6.625638,21.469385
196.673679,6.124353,22.788330
192.972453,6.555877,31.974623
195.303832,5.588684,36.573855
190.787611,7.073719,45.950108
188.097493,7.094472,52.953313
185.584085,6.242033,60.782462
186.247789,8.996642,71.623677
186.666576,10.161663,80.674394
186.019982,9.865588,87.526758
187.792865,12.819363,99.494822
190.659686,15.782041,112.746711
188.561883,16.360765,119.060952
187.524347,16.713610,129.005576
191.637651,21.171109,139.662435
185.840382,24.212292,148.281822
189.763819,29.025133,163.632190
190.767297,33.814176,175.644114
193.210344,36.444352,185.733042
192.527323,37.470405,196.976562
189.224508,35.725574,205.658475
184.212988,36.874566,212.868869
178.153460,34.971420,223.631533
171.222054,30.912207,229.010057
166.699288,28.893349,236.312904
153.383676,25.412444,240.587719
145.970722,23.779046,245.447659
145.393824,23.769456,248.478866
136.614915,23.635979,249.971265
126.847431,22.326321,250.850264
118.949063,21.366065,251.673501
247.728656,19.034174,6.706759
246.530480,18.048030,7.005749
242.779603,16.889961,7.837208
238.572025,15.544459,8.950828
233.363823,14.090985,9.534011
228.703552,14.285554,10.495767
222.892101,14.176325,10.822807
215.121081,12.514602,13.738455
207.933187,11.202644,15.070691
198.998997,8.832267,18.840714
191.398414,7.727040,22.870800
186.943120,6.515588,26.930662
183.205199,6.773572,31.965473
182.567985,5.716805,41.509170
174.156388,5.934398,48.110349
170.888571,5.805548,53.993938
168.875537,7.304049,63.432848
172.258381,8.859193,72.667428
173.720403,9.301214,80.571114
172.850896,10.861686,90.279288
172.632431,15.033208,100.422633
175.595920,15.271858,114.469250
174.612306,15.608810,122.026584
173.512894,16.357058,134.878374
175.228470,21.826511,144.282118
177.824904,24.671033,153.806645
174.911228,28.777325,168.324868
177.031630,31.359432,178.506411
180.052000,34.685538,191.206073
174.170069,35.357488,203.952813
172.055954,35.200832,210.877513
165.327719,27.236596,218.490549
158.016289,26.669901,226.967740
149.818536,23.108055,234.682714
141.541683,22.917293,241.362220
134.795201,20.158408,244.614121
126.004968,19.526750,247.218595
119.234170,19.122799,249.112370
112.154257,17.489331,250.979051
104.570466,19.315830,250.851504
247.712510,25.507701,7.538244
244.795153,24.250041,7.154500
241.213733,22.721887,7.194100
236.356953,21.687764,7.982551
230.184108,19.966138,9.353655
224.868347,17.242299,11.285557
217.816379,17.346750,11.228846
207.878671,16.047741,11.904342
201.709052,13.084911,13.842302
193.510748,11.872169,16.327805
184.554186,9.460333,20.012211
181.853592,8.762412,21.983981
172.118845,6.447477,28.566567
159.824642,6.178154,34.863641
157.666263,5.253886,39.059173
156.997951,5.918508,47.046161
150.530903,5.352908,51.489739
151.964422,7.075095,62.482954
153.334504,9.123903,70.078243
155.404025,10.323535,81.385456
156.822503,10.550666,89.918085
153.032215,12.624820,102.178402
153.999324,13.654760,113.069296
153.333964,14.505793,122.060596
153.893292,18.497824,133.425106
155.234091,21.965461,146.592522
158.838897,24.659506,159.792302
159.970890,26.651727,171.450385
158.336633,29.214631,184.204749
160.226764,29.776087,198.552057
155.585391,28.356580,207.370386
146.538365,25.942502,217.795218
137.743478,24.749935,225.355408
130.831882,22.512542,233.119396
120.829382,19.834256,239.306186
119.590048,17.323024,242.813118
110.523319,17.176244,246.757008
103.911966,15.229058,248.540100
98.724263,17.134160,250.852000
94.385690,16.848216,251.135196
247.154471,33.493373,9.070057
244.134887,31.569490,8.757088
239.581217,28.632055,7.807946
234.208817,27.393121,8.801063
229.424759,25.974508,8.910743
222.492252,24.938945,8.999879
212.663384,20.690097,10.167496
205.026038,19.053686,9.919903
198.006288,15.686399,11.150026
188.404470,14.514535,13.723209
181.239167,12.410027,15.840612
166.599895,9.655631,19.277021
151.526265,8.238780,22.356350
151.209489,6.476204,30.243736
141.520766,6.133779,31.913697
141.515022,4.659271,41.320592
138.725475,4.918491,47.272068
135.900296,6.119357,53.031317
137.150668,6.674559,60.244887
141.311910,8.973102,72.916774
139.517111,9.500439,85.123238
135.393138,9.771357,98.327368
131.140959,10.220136,103.322524
132.400805,11.624867,113.068469
129.524047,14.828396,123.991097
134.438457,17.598799,134.164092
136.661887,19.548876,147.011361
139.144943,21.186789,163.014066
135.226038,21.611279,175.266649
134.922974,20.989037,186.059273
130.268807,22.408878,203.722157
120.720746,20.795490,215.270888
114.273693,19.658037,222.597334
106.025843,17.788580,228.011893
101.307215,14.871950,235.655016
96.233698,13.910362,239.700400
93.897742,13.208371,246.374608
82.077044,12.738141,248.349100
80.637843,13.439539,249.952637
77.427019,13.637389,251.453324
246.903301,42.391111,10.162656
242.644625,39.613083,9.479978
237.166817,37.453103,9.736181
232.832000,35.534583,9.664422
228.445421,33.483644,8.655170
218.587240,28.811502,8.335945
209.762127,27.164499,8.420433
202.232344,22.960183,8.903382
190.949716,20.720693,9.997302
182.887509,16.868344,11.131686
170.273138,15.030414,13.113818
155.878293,11.429211,16.776497
147.185854,8.518378,20.387463
135.290466,7.329500,23.262840
129.914792,6.498132,26.316337
128.110134,5.065347,33.496818
127.935408,5.335401,42.764876
123.124505,6.030033,47.442114
120.068383,7.232526,51.964079
120.909925,8.649620,64.706762
118.849003,9.504787,76.207216
120.495738,9.016677,91.247724
117.353897,9.176994,98.673957
112.521788,8.948978,105.704217
113.249573,10.234558,114.024208
112.285686,10.858346,122.701860
111.900419,13.155586,136.898379
114.114560,15.395078,152.424629
113.948546,17.308690,166.074001
107.119040,17.660700,176.536859
108.915652,19.645035,201.537748
100.714078,15.392965,213.716697
96.979872,15.597799,219.291782
92.444898,13.904857,225.793630
83.696572,13.161544,230.984773
74.684510,12.280825,237.912166
71.798111,11.777803,245.885791
67.514112,10.614091,248.229472
65.541445,10.481792,250.034516
60.215472,10.999285,251.661575
247.116982,52.588524,10.240372
241.866728,47.854691,10.259715
235.503000,46.829794,10.055132
230.040690,42.644437,9.646479
225.452173,40.093884,9.808233
217.319035,36.966221,9.751029
207.526138,31.674847,8.773096
199.828445,29.367445,8.968805
188.621733,24.341637,9.173098
178.431475,19.787287,9.840323
162.471849,16.303845,12.420222
151.266559,13.463319,14.406571
134.907634,10.752297,16.267896
126.971915,8.374795,17.912749
121.663543,7.266844,22.592040
114.843911,6.165643,28.543338
108.424333,5.639978,34.166670
107.944081,5.604084,42.363092
99.851392,5.948843,45.106599
95.392928,6.252853,50.049863
98.573031,7.272131,65.753740
101.595694,8.592166,80.639810
100.585013,7.457376,91.031885
99.551943,8.261358,103.131118
97.472547,7.701101,107.659290
96.552995,8.779438,116.468504
93.616836,9.005936,131.826697
93.541044,11.181289,140.031651
91.628507,12.737316,156.726858
86.895298,12.568644,174.937265
78.705114,14.944067,188.174063
78.516587,13.587027,205.354011
80.003559,13.038717,217.905322
70.544096,10.648761,225.116702
64.942734,9.471005,230.758709
61.288109,9.879701,238.208447
58.818546,9.668721,244.384603
56.413061,9.564633,247.561134
54.326731,10.059420,249.287722
52.784535,11.185086,250.821261
245.996204,57.662800,10.819488
240.824877,55.227004,10.077900
235.160470,51.558628,10.528105
229.191173,49.186183,10.467977
223.499787,45.927323,10.051889
214.214562,43.362646,10.664743
205.986056,39.552774,11.426923
198.166590,35.541005,9.288206
185.265480,29.328167,7.837246
170.162271,23.314554,8.292495
159.516699,22.146055,10.890580
137.097943,14.962496,12.078399
126.254909,12.196568,14.220804
119.316904,11.039903,16.602154
110.450262,8.715026,19.202051
101.662952,7.794514,23.560156
96.661226,7.664163,28.833985
87.698224,7.599433,32.479766
87.374204,6.198381,41.116715
83.607500,5.495562,45.111693
82.065266,7.338581,56.623802
79.293580,7.262185,69.158280
79.152422,7.841420,82.627395
77.491898,7.515628,89.882144
77.404085,7.144603,98.671489
75.708711,7.106859,111.426395
71.429334,7.231813,122.657021
70.516519,7.881194,132.433556
69.496652,8.981393,146.694611
63.368398,9.441326,165.996284
64.553089,10.831865,185.550780
61.283415,10.045849,195.444896
58.380080,9.413434,211.730279
57.148049,7.889118,224.793772
49.759546,7.318415,230.941318
49.359765,8.674836,235.875424
48.218590,8.452082,240.576022
45.637335,9.193087,247.618314
43.666876,9.048263,249.369485
42.221404,8.655212,250.496182
243.563355,64.275476,10.955383
239.921455,62.411000,10.756081
232.693143,58.520945,10.811620
226.418689,55.197420,10.528929
220.549235,52.995656,9.558494
209.843566,49.169095,10.799507
204.961779,46.684056,10.908783
196.510565,42.388789,9.480941
181.766676,35.277982,9.087187
161.762514,27.738135,8.537376
146.827947,23.378577,9.080994
134.789821,18.868978,10.385374
120.145221,14.293008,12.997399
107.187418,11.051264,13.308898
97.870060,10.555180,15.467594
89.553205,10.356475,19.788712
82.691430,8.964035,23.248616
69.719138,8.125463,27.834638
69.632283,7.570123,29.954311
69.318633,7.290880,39.144338
66.037322,6.958352,49.137755
65.090103,6.875741,59.339799
65.769347,6.607306,74.612800
62.295935,7.211739,83.753556
58.786054,7.461640,93.416365
56.153699,7.392289,100.911319
51.773311,6.628484,114.205495
46.195062,5.868644,126.075969
46.966221,5.908640,138.886663
49.965642,6.760254,157.769667
49.447377,7.507756,173.588027
45.024673,7.707528,192.209200
42.210481,5.721340,209.983099
41.699597,5.287597,220.493066
40.275676,5.462199,230.687529
36.872346,5.755033,235.102888
35.626541,5.608736,240.391137
34.278789,5.822012,246.348375
35.519453,7.074188,249.741051
33.384583,6.864118,250.981000
242.518093,69.976305,10.643839
239.418643,67.161390,10.163495
232.431139,66.100848,11.190057
224.423928,61.311060,10.268017
219.100037,59.796853,10.242124
209.851876,55.397138,10.769352
200.922528,51.171000,11.225538
192.987721,47.056307,9.585197
176.971709,42.764687,8.431312
162.078595,35.109639,9.577376
144.935849,28.441888,8.722779
128.122829,22.316900,8.725859
111.256548,17.512637,10.208571
98.767714,15.005892,12.732775
87.802651,13.118253,14.431853
79.469694,11.561022,15.678119
71.360799,9.637433,20.825877
63.912280,8.774267,25.942777
59.997357,8.911490,27.133270
56.581371,8.292162,34.206883
50.398972,8.889060,42.052322
50.534017,7.736450,51.397359
45.613399,8.287929,62.867681
47.839601,7.683905,75.298637
46.146513,7.973620,88.385528
43.850370,8.435046,96.024493
40.139670,8.300993,111.061423
40.102980,7.170286,126.477404
38.686960,6.108761,134.548482
37.651926,6.370217,149.585496
35.274837,6.747959,171.873826
35.164938,6.189184,193.258911
32.024030,5.531761,203.711804
31.872727,4.712078,217.217715
30.018766,4.847648,226.076383
29.490805,5.087557,235.616310
26.965284,5.255735,240.702669
26.150210,4.927407,246.012022
25.700923,5.319827,248.743188
24.196966,5.921615,251.103998
241.148827,77.186559,12.075613
238.898400,75.555519,12.697737
231.573143,72.495059,10.694157
222.163254,66.932728,10.624044
218.350694,65.700709,11.198167
210.468598,61.910631,11.752997
198.939999,58.486521,10.954171
186.213136,53.038189,9.472733
172.421191,49.617916,8.109337
158.829592,42.798401,8.928030
137.949800,33.856511,8.657374
120.398857,27.211122,8.945795
103.070620,20.944648,8.799366
88.912603,16.525940,10.683264
80.785584,14.112664,12.776018
70.636682,12.171802,15.244382
60.470604,11.312582,18.298508
54.560763,10.272964,21.720378
53.200856,9.543752,24.054324
49.337698,9.630499,30.180346
44.748040,9.140534,36.637345
41.959396,9.281822,47.160713
38.302138,8.629073,62.006997
37.778020,8.282475,72.878043
36.567759,8.534965,81.196816
35.173069,8.635151,96.274945
33.636628,8.640081,107.334539
32.996452,8.703927,119.806106
31.690021,7.936953,133.778885
28.009758,7.681366,149.710887
22.849286,6.585185,170.981528
21.542723,5.678467,185.768936
21.838615,4.967182,202.551258
19.064512,4.937984,212.528676
19.444467,4.830553,223.351128
20.167291,5.173662,233.909545
19.284342,5.367143,241.661343
19.998218,5.517886,243.912319
18.800305,5.959217,248.003662
18.269081,6.679088,251.234950
239.563873,82.768518,11.922089
236.035656,82.931013,12.141900
231.886425,80.399076,11.546121
222.878655,75.209435,12.074584
215.966459,71.274974,12.723329
209.343207,71.251424,11.422490
194.787099,61.145337,11.600279
182.916430,57.836567,10.313006
168.685054,54.684404,8.021863
154.737108,49.105397,7.988859
129.698539,39.331728,7.702861
112.998213,33.248101,7.243830
97.878345,27.345922,7.472226
80.701078,21.073875,8.452843
71.963328,16.187262,11.775614
63.509701,15.424751,14.366377
54.590418,12.663202,16.706206
48.785419,12.318355,17.910270
44.399358,10.918230,20.737721
38.198383,10.205190,27.359987
36.109024,10.853624,32.319210
32.613273,10.381601,43.329154
30.400565,9.484465,55.509689
29.014556,9.334658,69.405901
28.009590,8.486728,77.660997
26.244766,7.977435,92.552292
26.110131,8.343247,105.267743
24.299767,8.153163,117.520239
23.200008,7.977366,131.360079
20.385729,6.724699,151.071040
18.669672,6.411821,170.104763
15.199447,5.564055,183.171343
14.914231,5.806085,200.473525
12.432368,5.977998,210.108628
12.383386,5.857877,222.138749
12.479121,5.753646,231.368760
13.209290,6.238335,239.460902
13.746596,6.190686,243.160262
13.264651,6.447495,247.937004
13.901142,6.489121,251.480078
238.745552,89.039762,13.024556
235.373163,88.872663,12.849763
233.066248,88.882626,13.171590
223.696362,83.239449,12.960655
213.006094,81.325854,12.445379
204.538658,78.768922,13.110427
198.385296,76.053507,12.995688
174.579844,64.847255,10.305105
165.567915,62.293533,9.549549
149.516462,54.633322,7.842183
127.156913,46.431746,8.414090
113.667892,42.407686,7.822846
91.365257,31.624510,7.327750
74.210647,27.970289,7.938475
62.934224,21.808738,10.366743
54.965388,17.045385,13.240639
46.996190,15.977089,15.756521
43.961038,14.997787,15.311137
35.824282,14.220560,18.518520
31.236795,12.605982,22.843231
29.082221,12.550650,28.961347
26.296989,12.227974,39.881870
25.847950,10.943411,51.304130
22.036999,10.364733,63.952547
22.613504,9.580610,77.089790
21.171669,8.709812,88.749728
22.498228,8.639091,104.914230
20.273905,8.698609,117.206005
18.465597,8.668490,131.639823
15.273785,7.067739,149.783474
14.000502,7.141317,169.359972
11.288878,6.969206,184.272273
11.312811,6.888394,200.732782
9.818358,6.736284,209.842326
8.095246,7.030890,220.368519
8.728644,6.713593,229.307782
9.255211,6.972010,238.571059
8.525311,7.094550,242.495404
8.886159,6.677044,247.868249
9.198082,7.229394,251.371174
235.433022,94.245300,12.205314
234.190688,93.924836,12.140452
229.460716,95.319061,14.059333
221.519224,93.406633,14.395767
209.638025,85.329717,13.392966
203.245366,83.873914,13.292983
192.345582,80.834383,12.400699
172.181889,72.343457,11.655514
162.828795,70.852784,9.491879
143.882494,60.039621,8.554002
121.959668,52.719548,8.820761
105.489072,48.728065,7.731390
88.213424,40.755379,6.183002
69.129418,31.868093,7.493852
58.423835,28.246581,8.697166
48.789472,22.239969,11.830385
42.512460,20.026147,13.700608
36.723234,18.469526,15.001405
31.572609,15.992901,17.338720
27.050906,15.016240,20.562177
22.919219,15.177653,27.801030
22.223287,14.901465,34.177844
19.890710,13.148210,50.435080
18.076644,13.222398,62.133374
16.407708,11.861398,73.513187
16.619702,11.344357,83.143272
15.921266,10.668546,102.233084
15.180032,10.045318,116.204050
14.464542,9.783006,130.421693
12.404432,8.579915,148.960621
11.207527,8.252391,168.165350
10.280597,7.889635,184.449693
8.514701,8.701662,197.499000
7.545912,8.005682,210.651787
7.368651,7.590799,218.005942
6.560832,7.781920,228.692370
6.052499,8.079482,237.993047
5.882923,8.122547,242.907764
5.649249,8.128966,246.065802
5.347454,7.658841,251.191643
235.680693,105.668175,12.995284
233.435113,104.446619,14.380772
228.503825,105.062344,14.378816
220.405510,101.026775,15.741828
208.269446,95.397337,14.268435
196.908646,88.307372,12.643797
189.227365,87.820169,12.637908
169.771531,79.496765,11.605183
155.910979,75.061771,9.969905
136.397521,70.387947,8.597431
118.089665,64.937947,8.502117
100.187783,54.976098,7.609134
82.683054,47.012245,5.683258
64.246339,37.649058,6.705123
55.474801,33.108311,7.441816
46.451789,27.861302,10.712797
36.977167,24.029150,12.552064
31.345525,23.389848,14.071760
25.731798,20.831421,15.529912
20.718637,17.531721,18.336131
19.116855,17.173101,26.168891
17.440981,17.998984,32.856561
14.092090,16.783909,47.636842
13.824173,15.646521,59.146714
13.273434,14.617129,71.192614
13.285350,13.873470,82.312725
11.921423,14.639321,98.777815
11.880927,13.414875,114.494155
10.868319,13.834495,127.208809
8.913058,11.981219,147.438018
8.047228,10.591375,165.187871
7.137952,10.397557,184.003383
7.270205,11.270959,196.062503
6.496749,10.012454,209.641046
4.746483,10.161612,218.996127
5.125409,10.299468,228.174659
5.402537,10.707999,237.838851
5.209104,10.548272,242.586468
4.878124,10.547012,246.106406
4.931628,11.238508,249.880531
236.757391,117.149367,14.062154
231.636733,117.072373,14.807650
227.836747,115.902409,15.224369
220.743326,114.963989,14.672129
208.624882,111.581216,14.311336
192.661422,100.974808,13.038073
184.165887,95.709612,12.206982
168.338324,88.055777,11.443935
153.441513,83.024045,10.345234
132.462820,77.531007,9.714782
113.867766,69.586065,9.151928
96.013068,61.932027,8.627048
83.327168,56.263141,6.859781
60.284182,46.632261,5.993101
51.599546,42.953853,7.398752
41.937660,34.708383,9.440130
34.136895,29.833507,12.238732
27.441113,27.495135,13.692215
20.863713,27.394939,16.066777
18.460391,23.950106,19.309149
15.322225,25.475838,24.638314
13.539846,24.400238,32.108728
11.118176,22.168931,44.279755
10.662345,21.678876,54.508558
10.035641,20.172370,70.959177
9.546628,20.472205,80.098296
8.906771,21.706217,96.825128
8.685116,19.880623,110.573927
8.369943,19.921789,125.330571
7.609768,16.234454,144.293618
6.516960,15.087001,161.964500
6.618513,13.625952,179.699421
5.992656,13.939357,195.119099
4.371810,13.202944,210.130804
4.533725,13.344462,217.839343
4.631203,14.420052,228.859978
5.220291,16.845807,236.862392
5.841545,17.384645,243.403891
6.003138,16.907046,246.042130
5.837572,16.495352,249.941441
234.704316,127.246298,16.052130
229.253606,126.647611,17.784106
224.567469,126.978042,16.173827
219.204440,125.215112,16.017930
207.139025,122.569599,13.665825
197.180288,117.822358,13.818399
183.451530,106.751904,13.718290
162.135351,94.009830,11.180887
145.093918,92.402005,11.290000
128.773493,86.272508,9.998972
111.438808,79.957464,8.975064
95.619383,71.459428,8.810426
78.388999,63.924526,7.048656
58.932043,53.215009,7.079591
49.559031,50.641575,6.955433
39.945930,42.074894,9.648243
30.796979,37.687761,12.965374
23.425685,32.386217,14.935204
18.256030,33.322359,16.348454
16.302380,32.923717,17.645185
13.294887,33.043145,22.168752
12.013807,29.526401,32.129254
11.548388,28.857680,38.954762
9.134592,25.318286,55.783491
7.958736,24.986275,66.935155
7.623446,25.563269,82.481555
7.737168,26.074779,95.017447
8.679157,26.157967,107.973387
7.401540,25.769040,123.751200
7.165447,23.115968,136.325497
5.263971,21.044405,157.779138
5.229430,19.237000,178.330034
4.890334,18.107160,196.131249
4.541902,18.265477,208.182163
4.489796,20.297971,219.152532
5.025455,21.355906,229.431885
5.756328,21.363367,237.451967
6.265829,24.015717,242.970608
6.270649,24.976445,246.957756
6.391671,25.013107,248.946667
230.467842,135.390628,15.747342
226.570118,134.930702,17.105384
222.513968,134.585449,16.745121
216.277740,132.655064,16.905113
207.850298,130.479456,16.270055
196.561333,126.486717,13.208010
185.819065,121.580237,14.150390
155.363520,107.544071,12.044609
140.897839,98.700230,10.601543
125.188965,93.117891,10.384137
109.652030,88.679401,9.794567
91.807389,80.345655,8.331861
72.476815,75.851833,7.001752
56.992720,66.514751,6.738667
46.579881,58.659928,8.154225
36.837166,54.148883,8.210704
30.302424,47.895675,11.686007
19.845479,43.515923,15.356890
16.366848,39.612965,17.055351
14.180844,39.343487,18.299851
12.461492,38.993148,22.916784
10.457486,38.093596,30.232882
8.606558,38.017208,38.942072
8.259887,35.986209,51.083702
7.537770,32.886692,63.781800
7.121219,31.008068,84.345660
7.644439,34.671565,94.418416
6.681330,33.469331,107.252965
7.024141,33.920685,120.706954
6.260385,32.404784,132.656382
6.605524,30.678294,151.923320
6.076946,27.676783,173.976951
5.103917,26.968455,192.564256
5.596211,28.877318,206.796431
5.607386,25.687214,220.131097
6.082600,27.133678,230.797939
6.023463,29.563278,238.993822
5.447899,28.603658,243.179701
5.685220,30.010557,246.510118
6.066279,31.927337,249.102960
231.646147,147.663047,18.360667
226.852663,145.829030,18.892477
221.117566,142.779366,17.007195
216.201279,139.529823,16.712247
207.718243,136.554854,16.686581
192.418170,131.751391,15.965610
178.527148,132.403642,13.937903
164.530719,125.866862,12.470874
136.598488,111.273890,11.425557
121.378616,104.809039,10.477578
108.045032,99.446295,9.856635
89.252259,90.105474,9.158100
66.861818,80.210796,7.460680
54.486735,72.719025,7.608960
45.366119,68.629512,6.941129
35.836509,62.843518,8.671862
25.788074,60.599199,10.936499
18.244117,55.351955,14.240407
15.349153,54.685213,15.423131
12.038638,53.360766,19.170245
9.539669,50.807516,23.870236
9.054655,46.765082,29.486989
8.879465,45.695003,39.400319
8.126292,44.496170,48.816790
7.613644,44.441262,60.853429
8.098128,42.848181,82.034814
8.028581,43.112344,96.251003
7.352686,42.759249,106.603293
7.507779,43.512048,114.975110
6.658335,40.820110,131.696575
7.816378,42.385307,149.685926
6.949164,41.809606,170.887207
8.017430,43.363769,190.818156
7.885691,37.527031,204.863343
7.074391,37.745381,221.108157
6.496237,37.013101,229.983181
6.091593,34.933236,239.503170
5.763891,36.388425,243.303666
7.093392,40.126341,247.395680
7.327381,42.207741,249.102076
231.394954,155.144981,19.183333
227.039604,152.190411,19.716490
222.067331,150.304210,18.712965
218.253221,149.935735,19.821846
203.044012,144.073995,16.288208
189.805728,144.236449,16.900068
178.655160,139.775891,15.297039
161.315300,134.314399,14.090490
143.784233,124.837048,12.526281
120.082685,115.984566,11.918139
106.733739,109.231319,10.737860
86.340492,100.543117,10.160427
68.255721,87.900540,8.224324
52.882161,81.691186,8.668307
44.710011,78.776624,7.530269
33.525726,74.398786,8.498961
22.636738,71.310396,9.556042
14.101428,70.037731,13.920781
11.236990,67.623093,17.191967
10.498623,63.062077,19.437698
9.543614,60.745070,21.762552
9.317965,56.485061,28.321488
8.743782,54.454782,37.823610
7.984818,53.397763,47.713141
10.234970,55.105800,63.096946
10.063104,56.632705,76.870814
9.101454,53.680519,93.598554
8.912343,52.564308,105.787944
8.295474,50.113441,115.185584
7.862013,50.937177,128.142891
8.458594,52.051270,148.287738
8.616804,54.445226,172.069161
9.164640,53.356635,186.774579
9.708596,52.109502,205.051064
9.297953,49.180556,219.101239
7.749791,48.529770,228.653105
9.615434,51.673495,237.217102
8.987601,49.411909,243.613978
8.732641,48.660633,248.501526
8.708770,48.628482,249.112484
232.781805,171.792368,18.038141
230.311256,170.932992,18.065069
223.303945,167.745772,18.452127
214.850695,161.002314,19.277722
200.764622,154.397299,18.280392
192.014451,151.989042,18.998520
177.480434,146.944678,15.228278
160.763679,139.628519,13.081962
146.855609,136.996567,12.740151
122.074774,124.825102,12.601681
105.296151,114.476317,11.628026
88.262312,108.519122,9.815895
64.418707,100.840735,7.993287
51.527449,91.589743,9.610392
37.886910,90.145769,8.008401
29.297574,87.715001,9.769649
18.813919,82.569413,11.266949
13.490589,78.886722,12.574167
11.268980,75.531187,15.329554
9.814073,72.923983,17.231009
9.753824,71.465966,20.932183
8.476104,68.192018,29.657799
8.754607,71.160762,37.683345
10.533830,68.652629,50.879731
10.952477,68.555406,60.308932
10.169183,67.216562,74.031784
9.960763,64.699680,86.715151
8.883896,61.566247,100.072868
7.991119,60.590331,117.402741
8.666963,63.395445,128.590306
9.804152,63.582048,149.103119
10.111720,66.172891,173.039708
10.671235,67.152558,187.683654
10.054636,65.266928,199.393028
10.942997,65.771905,213.587038
11.878173,64.958766,228.919955
11.360881,62.319679,236.884260
10.356829,61.951270,241.500156
10.207966,60.288500,247.196631
10.035007,61.442200,249.017238
231.348512,184.487590,21.863062
228.233416,182.282102,20.860584
225.559136,180.316973,22.144504
219.481534,178.012579,20.415354
205.564162,170.051428,20.469993
191.253253,160.110290,19.391050
177.245112,155.743617,15.200963
158.792990,150.366919,12.172828
144.971894,148.432555,12.845353
124.912358,138.311488,12.692546
107.426580,128.506495,12.104061
87.532086,117.973244,8.527436
64.090158,108.518812,7.103059
46.791043,103.736778,7.608924
34.276654,101.130279,8.701283
25.568143,99.776180,10.602053
17.083837,95.848712,10.864073
13.518442,95.166626,12.685183
11.350245,90.344441,15.026994
10.780095,87.146438,16.399924
9.583921,88.483169,22.791842
8.162703,85.154719,30.637335
10.087626,84.665972,41.092543
9.912766,85.432069,48.157655
10.440161,83.990166,59.814722
10.457073,80.366270,72.735446
10.348808,79.490155,84.998256
9.465884,75.896456,97.112869
9.459927,74.670989,114.945384
10.805022,77.304246,128.191821
13.431029,81.673272,154.357151
11.176026,78.759770,171.896358
12.076289,77.130061,188.358351
13.231583,80.183308,196.980398
13.162290,81.413115,214.089726
13.447438,79.583084,228.044635
13.061920,80.925428,234.256193
12.029758,78.942184,240.168622
11.687954,76.026931,245.448282
11.632754,73.850009,249.023456
232.258137,195.425609,23.757878
229.026409,193.801852,24.125701
224.904345,191.784471,23.443258
218.162861,187.796934,22.588933
206.770136,183.168673,20.613021
190.366160,173.933004,21.525096
181.907188,169.991486,18.634080
152.260685,161.213015,13.958178
145.837857,157.522198,12.071127
125.881250,150.175018,11.041220
103.698515,141.234850,11.243360
87.782493,133.276970,8.818729
66.556994,122.404872,6.749482
45.019049,116.935351,7.055510
29.552762,113.635961,8.201680
23.209303,113.940432,10.402402
16.541151,111.847439,11.215886
12.367475,110.697641,12.695642
10.613639,106.418281,13.028308
10.554938,103.925030,18.412149
8.841544,102.692301,23.960032
8.641382,102.883082,34.072496
9.151579,101.278975,43.635130
10.428094,101.439864,51.533173
10.777638,100.530053,57.453070
10.626047,95.113575,67.234610
11.150438,93.668291,81.770652
10.698130,93.044910,90.028994
10.729919,91.721604,111.482642
12.962037,93.276902,136.697893
15.205339,94.741797,153.056772
16.186335,94.479416,167.136524
15.138160,93.741986,187.633907
15.566782,91.050620,200.758365
14.921734,92.640110,213.630509
15.114325,93.521014,224.197823
15.906885,92.312449,234.921917
15.527833,89.744482,239.281110
15.491970,89.332531,244.493515
16.128368,86.471482,248.232508
234.683685,205.474714,21.831855
231.441180,202.255032,22.067592
227.343080,199.997459,22.573619
219.274304,199.909337,21.665570
210.702288,193.870344,21.497978
195.329292,188.560715,21.343373
177.287363,176.959559,22.262509
155.866478,171.237077,12.682698
141.547582,165.832969,11.532236
131.136819,161.818340,10.318178
102.045486,149.059355,9.913654
82.909878,144.818585,6.982190
58.429441,138.329095,6.874315
43.436038,132.611661,6.767400
28.990370,125.096988,7.507050
18.489750,121.693631,9.693088
14.870845,123.883751,11.065224
11.841380,121.324953,11.753164
9.936933,121.624737,14.688291
9.934511,121.182746,17.986546
8.529083,118.111364,25.653764
9.514667,117.979537,34.458539
9.761140,114.242490,42.842418
10.677967,111.906842,49.900145
11.016665,110.210767,56.554963
11.382234,106.201884,67.375745
11.582132,103.416569,77.684368
11.951961,106.916328,94.683630
12.836247,106.902329,118.795212
14.740772,106.343117,138.514855
17.497386,108.501096,153.974737
18.223266,110.121833,168.037779
17.459517,106.484241,181.919907
18.185562,106.172992,198.706829
18.496717,107.604042,210.740392
17.037396,103.252737,224.762063
17.364664,100.486672,232.835731
17.134459,100.630582,239.129313
18.275807,102.308888,243.663716
18.859146,100.591320,247.461687
236.240442,214.665746,20.324941
233.165889,213.126568,20.764330
227.208723,211.117513,20.816057
219.753196,208.755138,20.574268
209.892419,202.838456,20.588282
195.786651,196.280205,19.707151
176.657318,188.778684,20.777288
161.548310,180.737700,17.583697
142.710357,173.921584,12.582498
125.839305,170.107981,10.107009
103.256497,164.144896,9.717897
76.752864,155.717493,7.191482
56.605136,149.244533,6.802695
41.007021,150.545922,6.623095
28.678116,140.928359,6.797100
18.465216,137.779341,8.924407
13.778276,135.549808,10.230626
10.709097,132.606827,11.534791
8.857107,132.487842,13.520847
9.691959,130.913763,18.467654
8.904587,128.794788,25.302542
10.059172,125.731597,34.758068
9.823113,122.497324,41.868283
10.391928,121.297482,49.328944
10.340371,118.745842,57.318733
11.435067,119.989098,67.744322
12.192116,120.846456,80.904989
12.738411,127.626641,103.248792
13.661470,125.045499,113.497396
16.912178,122.299318,136.205141
18.404416,119.618875,152.411070
18.592658,118.674515,166.168047
18.866865,120.124993,181.921704
19.877320,117.648766,197.353778
19.661504,116.037621,211.673127
19.218886,117.387999,222.277326
18.533506,114.653445,233.647880
20.576062,115.506233,238.531937
23.175200,116.273108,243.304541
23.873967,114.901144,245.796654
234.936871,223.034560,21.526213
231.627409,223.327583,22.121027
224.804655,220.360723,21.594608
218.251332,217.562400,20.605717
211.086541,214.347094,20.771557
199.627724,208.063900,19.939733
182.155349,199.531524,18.782631
160.945799,192.791825,17.671539
140.606207,184.653050,11.668649
122.788389,181.699090,10.638874
99.367053,173.398067,9.172506
68.875109,174.315334,5.941502
53.658685,169.166478,5.661744
39.478479,164.275461,5.039547
26.358639,162.051355,6.534577
18.021725,160.455686,7.701515
13.462358,151.582741,9.580319
8.952247,148.613805,11.191785
8.449340,145.490137,14.662880
8.236286,144.474070,18.523636
8.405749,141.900976,23.996565
9.117304,139.967602,35.567478
8.473584,139.817071,42.443414
9.514142,138.155211,52.131356
10.747489,136.443929,62.227738
11.662994,144.903914,73.382454
12.117412,142.392056,88.542008
13.290801,140.157051,102.580855
15.768827,139.613107,114.323550
20.564434,135.790041,132.720354
19.836383,132.838184,150.158151
20.709617,133.921565,164.933660
22.289741,134.119145,181.124837
21.293362,131.474731,197.315816
21.625149,129.983751,208.019925
22.375573,131.595544,221.284901
24.348158,130.245880,234.061952
25.684501,128.876091,238.639907
26.237220,127.972451,243.482731
26.892886,128.321209,246.527734
233.314880,229.490449,24.628761
229.976949,228.038775,24.581346
224.697404,225.035904,23.729705
217.709452,222.288959,22.339252
209.233447,218.611479,22.268579
195.468595,216.399373,19.254427
182.747700,211.422750,18.176134
162.880396,201.919323,17.329260
140.618806,198.803890,13.955200
116.067764,191.204163,11.104223
91.576837,190.729854,9.021524
67.054521,188.123672,4.435951
49.390277,182.003655,4.132887
34.093213,179.573474,4.734216
25.119319,174.517938,6.113561
19.388607,170.787675,7.634860
13.900300,166.135862,9.429789
9.445658,163.577289,11.074984
7.839564,162.104368,14.284701
7.796238,159.031850,20.109796
7.490715,159.650829,25.448215
9.108208,158.728818,35.715216
8.642477,159.420373,45.246847
9.340840,159.375792,53.954928
10.974952,157.417969,62.364402
11.567137,155.589762,72.155033
11.112817,153.612507,85.355132
14.278422,149.953498,100.023413
16.585610,150.898390,111.625908
20.519897,147.309198,129.026467
20.607501,143.059770,150.137982
22.652426,144.001921,164.970311
24.461893,145.263728,179.004265
25.544408,145.415947,193.091530
24.406288,145.735430,208.737146
25.257396,142.423382,222.300463
28.574399,142.280465,234.546490
29.601283,141.385140,239.392797
33.181096,141.459622,242.451651
34.578103,139.295417,244.661799
230.855625,232.424739,29.481315
228.704254,232.311137,31.208253
222.656087,229.070947,28.599428
218.780434,227.802373,27.413518
207.189071,225.720488,23.694773
192.447423,222.285806,20.680813
181.761089,218.482612,19.488962
156.112277,212.323233,16.286422
139.550313,206.069305,13.331121
105.895737,200.449433,10.377875
80.978912,201.289818,7.561069
60.741503,199.936838,5.199168
47.899062,195.221934,3.881677
33.035222,189.959458,4.142122
24.324415,187.294369,5.595515
17.987353,183.355935,6.691599
11.551708,180.582703,8.009912
8.032209,178.925527,10.401225
6.357450,179.985844,13.673740
6.411533,179.887523,18.428616
7.119528,177.458640,25.407714
7.598632,173.534179,34.703030
7.959923,169.765000,45.561261
8.116617,169.751696,53.165712
9.824010,170.556330,61.642487
10.645109,170.817073,69.457026
11.781538,164.424218,87.648347
13.690987,163.456466,100.608079
16.252156,161.338259,110.904369
19.027447,158.378194,128.237754
21.706548,157.182279,151.389580
23.434385,156.912822,162.834781
27.839571,157.426238,179.719257
26.570529,154.811084,195.854302
28.347183,154.775388,204.548718
32.214465,154.883645,221.426575
33.208783,152.119265,234.204335
37.647730,153.618846,240.807149
39.115405,154.252740,243.068357
40.542651,154.336017,243.943507
228.430266,233.450891,35.591612
226.696766,233.527027,34.996544
220.203659,234.191162,33.433594
213.434890,232.845586,29.547448
202.699310,232.620409,26.583131
185.018971,227.335762,24.608632
175.904957,225.517973,21.962979
160.684389,223.651384,18.370948
132.771035,219.970678,14.376355
97.802141,218.568771,11.493151
75.744780,212.950134,8.432881
59.405720,208.543205,5.625587
45.161425,205.673203,4.355457
33.411050,203.607969,3.696472
24.576433,199.015125,5.026936
16.580036,195.713203,6.673685
10.636682,194.215196,7.684062
6.940136,194.739265,9.830702
6.162305,192.124434,13.808004
5.813771,191.684639,18.066837
6.982773,186.802509,23.183333
6.336217,184.922738,32.797354
7.380963,181.157817,44.856856
8.149162,182.799007,52.332232
9.094704,179.304143,60.467157
9.623468,180.922113,71.463407
12.076671,179.148006,80.628833
14.059091,176.321228,94.376932
15.452172,175.236313,109.155297
17.814627,173.683618,125.334033
24.315559,170.607271,145.016149
26.815630,167.463599,166.931500
27.303784,164.070101,180.820771
30.259718,168.317038,192.517574
33.828263,168.200087,209.906118
37.196369,169.173389,221.410254
36.777732,166.014608,231.590821
37.503287,162.001850,239.036625
40.462731,159.915081,243.012353
42.772359,157.421203,244.067883
227.359326,235.381384,37.549061
222.410618,236.062372,35.892520
217.629770,235.430064,35.162325
208.275148,235.554097,34.776753
194.514783,234.676041,30.591336
182.023363,234.028949,27.447145
164.896910,232.433636,21.313887
154.031868,231.485780,22.085421
117.818079,229.127215,13.574519
89.373760,227.277656,12.969828
73.042955,225.899316,7.789044
60.183443,222.703922,7.370858
45.108109,216.942162,4.083728
32.514731,209.857585,3.875702
24.693874,206.992905,4.617166
16.190293,206.749139,5.837660
9.966810,205.387522,7.065175
6.985441,203.399037,9.181779
5.866240,199.240068,12.465701
5.802230,199.657466,15.462478
5.007398,197.791276,21.338959
5.259768,198.355568,30.620173
6.677511,193.160627,43.124606
6.210727,193.026556,51.597269
8.366170,193.305901,62.401382
10.306457,190.250516,69.323429
11.563057,187.805027,77.993342
13.479257,187.124934,93.897829
15.949167,182.611565,112.272948
18.429740,185.588202,125.833300
26.106851,184.534099,141.441644
26.927641,184.151732,161.415083
34.455042,178.104495,178.863534
39.505023,179.620988,197.776392
38.287373,179.609999,210.492934
37.911724,177.932987,221.781940
40.486417,174.740940,227.545729
42.563369,172.717418,237.049540
45.651841,169.242750,240.799622
47.626437,167.811551,243.509345
221.866522,236.493742,42.548136
219.610586,235.555251,42.987516
209.482422,236.645949,39.622364
198.635241,235.982150,37.803960
189.642922,236.029612,36.685865
176.704193,236.114990,32.113205
158.321362,236.487104,27.735540
142.589936,236.787454,21.600080
111.742887,236.606390,16.429579
87.840556,232.810305,12.495105
70.532918,231.144321,9.752684
62.273020,230.209178,7.187485
49.091394,226.567262,5.806183
32.692281,222.769212,4.931333
24.707954,220.124189,4.572014
14.504682,216.147048,5.889890
8.987576,214.363774,6.659130
6.210207,212.375036,7.657761
5.891272,211.300501,9.947319
5.670804,210.439490,14.649956
4.647930,211.044884,22.146577
3.526164,210.540877,28.000867
4.914562,208.671898,38.428523
6.927475,206.489345,53.730542
7.075405,201.881751,60.131127
8.232658,199.155982,66.935448
10.326368,197.666900,80.115943
11.860463,195.713182,93.256972
14.945744,194.190727,111.008974
22.666050,193.171114,127.767596
27.377985,193.876002,145.508120
31.735856,193.077669,156.257987
38.377676,194.024675,177.254115
41.805666,192.366590,195.329736
38.912592,187.434076,209.753271
39.897224,184.312311,217.995043
43.901052,186.022972,225.940046
45.507851,183.928652,236.425143
47.756765,182.355799,239.557970
50.134154,180.770462,242.302577
218.403275,236.832842,48.947508
214.970929,235.991810,47.846921
203.416049,236.869675,45.462807
193.086677,238.327781,40.259699
181.450907,239.453312,37.455087
166.341153,240.244149,34.916911
152.624478,238.420370,28.654647
131.972551,241.103969,19.858151
109.612282,239.635056,16.566996
84.758527,239.133759,13.314660
69.555933,236.067440,9.744519
60.034587,234.451037,8.132395
44.934915,234.156602,5.643954
33.756218,230.870985,5.081136
22.431888,228.912756,5.165054
13.304939,227.779599,5.121019
9.479226,223.804391,6.707619
6.774294,222.770946,7.105252
5.868136,222.485349,10.568975
5.500555,223.415979,14.388948
3.899874,221.458556,19.866272
3.188784,221.611207,27.473400
4.315604,220.670290,40.309231
5.055356,216.341052,47.185114
6.562996,209.702938,56.925674
7.853644,208.844689,67.232807
9.587919,205.347273,81.251116
11.200625,208.464703,94.746279
14.841312,204.303724,110.279792
22.935650,205.552734,131.652809
27.148961,204.838632,141.366928
34.136757,204.785393,163.488662
38.878611,207.708879,177.571097
40.174151,205.494805,189.306795
42.666226,199.466097,203.555679
42.657107,198.648492,218.371783
44.261544,196.332992,224.548120
47.824904,192.727924,235.172098
52.927711,190.215644,237.855098
53.991931,187.971711,241.022901
215.817834,237.932941,54.144535
209.098134,239.004764,50.828312
196.688518,239.484708,45.049931
182.070842,240.646474,43.682939
172.867745,240.926267,39.968683
163.242939,242.329903,36.874226
144.303623,243.339257,29.186569
125.868833,242.309586,22.160675
101.867385,241.143150,19.003916
82.183367,240.512375,15.167843
68.178566,238.803681,10.936265
56.941516,237.987631,8.901593
42.846392,238.244222,5.562624
32.485850,239.221096,5.691241
22.214941,237.281315,5.518099
12.159681,238.325565,4.766715
8.726403,238.065911,5.617737
6.302766,235.742612,5.807935
4.966793,235.931620,8.126605
4.020272,235.722678,12.968583
3.706833,233.504926,19.110982
3.456304,230.801553,28.598701
3.563229,227.822964,36.945384
4.623364,225.348442,44.559499
5.027736,221.960432,54.618472
6.975695,220.475480,68.661401
8.789229,220.623061,80.123867
11.912656,220.499474,96.390200
16.612387,219.015057,110.454950
20.278782,219.881145,128.727343
27.576823,215.966617,141.575944
36.317198,217.443471,162.980561
38.392123,214.930553,175.754692
39.237227,215.610576,186.369140
40.442230,213.258778,202.710766
43.152815,209.506358,216.200649
47.097330,208.776174,226.453453
53.123942,204.530824,231.612017
58.230599,200.842216,234.888814
62.114315,198.355340,238.558535
207.688127,241.604966,55.308054
200.905416,241.915423,53.708372
194.285262,241.425589,50.761582
178.631336,242.705898,45.187126
169.035446,243.544713,42.950951
156.010860,244.297796,38.260756
138.262926,245.100233,29.829933
122.852061,244.775654,24.910999
95.058289,244.373161,19.017938
77.824545,244.213935,17.090561
63.099225,243.546623,11.009223
50.961356,242.414572,9.648411
37.778831,242.050796,5.971036
29.722870,242.733798,5.282567
15.898244,243.605373,4.621974
11.285176,244.160393,4.962106
8.246297,243.952626,4.751293
6.103580,243.587917,5.851448
4.161330,243.845090,8.718196
3.168229,243.188834,11.715683
3.206671,241.685641,17.078527
3.672727,238.115986,25.352214
4.333839,236.807167,33.311593
4.405146,234.856452,41.086978
4.950484,234.035204,57.342387
5.884206,231.562918,67.723841
7.847440,229.786098,80.906437
8.808539,228.386926,93.535709
17.310483,227.099308,115.256758
21.511117,226.523309,126.072534
25.605071,226.635681,141.117179
32.487118,225.276237,161.430539
36.931994,223.027018,172.862613
37.605001,221.682267,189.429999
36.963810,222.634514,201.581008
42.791853,222.133846,216.440770
46.941519,218.497276,225.046056
52.297762,215.296791,232.066414
57.880608,211.595297,234.379900
63.624301,208.388882,236.677109
200.058487,243.936002,52.308545
195.271861,244.616328,52.062023
188.067364,244.914646,50.422199
171.960908,246.276741,45.599427
161.679884,245.534881,44.040774
151.415494,246.769023,39.800580
132.959416,247.120542,32.544051
117.595784,248.265578,27.430288
89.815913,247.857241,22.064431
73.786580,246.263923,18.314544
60.282143,247.166104,11.779299
48.167267,246.970987,9.967687
37.485104,246.624291,7.539356
25.590336,247.625091,4.529128
15.448516,247.595609,4.708541
10.456757,247.468719,4.632367
7.339493,247.157847,4.485277
5.387785,247.743701,5.387407
3.824468,247.507160,8.495512
2.921816,246.552806,11.099473
2.947319,245.483749,16.077971
3.815443,243.522873,22.673931
4.031930,240.443851,31.734337
4.263038,239.825212,44.199795
4.439277,238.395620,56.472954
6.238681,235.591591,67.778827
7.935403,233.887252,80.754709
9.443871,234.009305,95.398603
14.651960,234.573153,111.064000
21.511241,232.445166,127.182036
29.986976,235.609358,145.135470
30.994693,232.993040,158.092564
33.195955,231.029199,169.044624
35.722215,229.856975,189.705960
36.888204,227.833353,202.041626
42.357451,227.261534,215.335270
45.677243,227.083618,225.467535
54.147117,224.168058,230.513124
61.579167,221.694872,232.164222
67.712503,220.313396,232.697470
195.714657,245.450612,49.330717
191.485585,246.038566,48.751976
184.457840,246.520924,48.579019
173.620924,246.505019,46.602912
159.446832,247.466269,41.650353
143.864760,247.963778,37.571826
129.192606,248.086906,31.562272
102.572187,248.917089,26.011972
81.918723,248.677826,20.001828
71.104557,247.671626,17.638380
56.621513,247.633641,10.690231
44.555472,248.393226,9.682012
35.494565,248.493844,7.461048
23.248262,249.101898,4.402391
14.961318,249.025296,4.332084
10.211262,249.101360,4.403208
6.486886,249.621745,4.338255
4.579765,250.142823,5.071759
3.781456,249.753387,7.756838
2.767553,249.167784,10.628202
2.715064,247.686147,15.333448
3.848991,246.965486,20.755854
3.948363,244.145866,32.082651
4.631165,242.555395,43.308197
4.708166,241.636896,55.399084
6.988844,239.484503,69.793993
8.106922,238.809593,82.640523
10.618379,239.953489,96.266869
15.639652,239.646160,111.315930
23.942409,239.978386,127.833915
30.858116,240.094775,145.283173
31.680211,238.835134,155.070330
32.979982,238.042484,164.441550
34.597058,236.894249,187.880544
39.023344,234.852011,200.218053
45.495202,232.953460,212.065062
49.791748,230.832983,222.395853
58.614079,228.250118,228.245417
66.285928,226.881617,230.035724
71.539953,225.431308,231.697769
193.427988,247.572046,46.499529
189.223124,247.480526,47.056101
182.687207,247.222605,47.224715
171.258526,248.149916,44.330054
158.560148,248.073381,41.095094
140.495006,249.205728,35.208257
124.094181,249.878309,28.708258
101.303301,250.194727,25.770403
77.972147,249.741091,20.522822
68.035706,249.400603,15.694751
53.258915,248.995196,11.240106
44.753708,249.556699,9.944620
32.631406,249.695344,7.697111
22.038132,250.254128,4.425342
14.810256,250.692179,4.614424
9.551734,251.134217,4.945796
6.084072,251.409877,4.426000
3.961650,251.815799,4.323901
3.662902,251.126669,7.590573
2.757958,250.257061,10.781448
2.705579,250.058971,15.104581
3.881787,249.187257,20.555210
4.132665,247.462201,30.960156
4.885432,246.725318,42.914220
4.658329,245.600398,56.298483
6.976551,244.821452,69.373408
8.132449,243.185313,82.125660
11.975666,242.832340,98.083953
16.016658,242.012265,111.597901
21.284825,242.479558,126.757667
31.427054,241.667100,145.500221
31.868159,241.541139,154.777150
34.773890,240.591029,165.888426
36.777002,239.729438,184.558411
39.956121,237.172761,195.684906
46.700747,236.571390,207.271552
51.848334,235.268664,217.330030
61.299088,233.461114,223.332742
69.008425,231.384552,226.945801
76.519113,231.003122,229.409788
