1600
3
249.540707,239.615227,16.784159
248.459647,245.198326,12.898081
244.041050,245.676675,17.665426
242.192156,245.664929,25.326875
236.825077,246.024703,37.071528
230.824196,246.056167,44.234946
221.988593,247.073613,51.205722
209.336322,247.108523,48.594559
198.921129,246.800091,45.439959
184.661221,246.900783,37.052063
175.058744,247.142099,33.870175
168.062978,246.707509,28.626675
156.899512,245.535899,27.709863
149.011701,244.876483,24.788135
139.643174,244.479745,26.534788
129.044889,243.727526,19.476884
118.557139,242.376532,19.305205
110.176017,240.208890,18.145945
101.164969,239.468645,14.417020
90.513216,237.516162,12.832388
79.210872,234.512235,10.234354
69.999391,229.226410,7.808128
58.967249,225.561399,7.373258
46.688008,219.575553,5.716681
37.925083,215.925890,4.581327
28.194074,212.761118,3.439109
18.807886,213.870989,2.043317
11.073431,219.088003,1.364737
6.834048,228.682685,1.030002
3.228462,234.727740,0.793943
1.077825,245.739986,0.372353
0.818998,250.158292,0.384812
0.575837,253.149580,0.382535
0.376412,254.428398,0.233991
0.212630,254.889188,0.153820
0.882756,254.911873,0.281219
2.294476,254.898078,0.797634
6.237300,254.898164,1.456023
9.523196,254.901817,2.544704
11.473241,254.887188,3.783711
250.027335,234.685014,16.230232
248.307557,238.200917,15.967436
245.878858,239.880569,19.109697
242.975070,241.519241,28.585268
238.452731,243.098040,42.312325
232.043557,243.407719,52.129542
221.725915,245.070150,55.698723
208.407030,243.675146,54.843293
197.321706,242.180208,51.336124
183.635079,241.548457,41.615602
174.326944,243.006375,33.542471
166.578476,241.997908,28.929461
155.348062,241.789686,27.277716
147.866984,239.972938,24.507971
139.360664,239.939309,23.096901
127.896402,238.234337,19.259838
117.016628,237.865959,19.265906
108.359711,235.761433,16.998568
98.676051,234.367101,15.622145
88.658284,232.702600,12.431846
77.829645,228.988061,9.895232
65.659706,223.373599,7.292235
52.940970,217.991540,6.475527
42.518315,212.801074,4.634617
33.874629,209.732235,4.057167
24.659776,206.616205,2.991144
15.860205,206.036428,1.644046
8.874049,209.817275,1.274406
6.129600,219.158981,1.141700
2.824202,229.296750,1.415368
1.118026,242.817760,0.717400
0.761369,248.533734,0.698901
0.612010,252.403425,0.655421
0.402091,254.042281,0.561239
0.356155,254.664987,0.801410
1.107964,254.846333,1.249515
3.072121,254.895479,2.088314
7.074113,254.901850,3.060944
9.932240,254.900942,4.436557
13.235624,254.897995,6.398283
250.943062,223.339376,16.593737
249.160425,229.231421,17.364283
246.454903,232.384391,20.390146
243.761329,234.896564,32.380495
239.699375,237.078199,46.596507
230.969808,238.265380,60.083870
220.481442,237.937716,64.269042
207.900162,237.689387,62.823692
194.719606,237.185137,55.365881
182.521139,234.833093,43.544561
171.316717,234.753532,34.337297
162.862640,234.158023,30.981119
153.816230,232.904273,25.992973
147.116079,232.982338,24.541276
137.658360,232.616066,20.329127
127.323898,232.138219,18.944281
116.170361,230.794922,17.193144
106.083790,230.140205,16.468658
95.741085,228.007353,14.999504
85.192960,224.862917,12.064815
74.354553,219.493377,8.150265
58.259526,215.220426,6.870843
47.912963,210.483270,5.807096
35.959997,203.254325,4.059914
28.974697,202.114648,3.266067
21.164786,199.280773,2.408108
14.434601,198.970416,1.480949
8.240076,204.393365,1.812228
5.379030,212.269508,1.754508
2.853970,219.930950,2.351328
1.202037,236.662143,1.853721
0.816795,245.824527,1.562853
0.685857,251.199599,1.605435
0.498451,253.241687,2.086075
0.602601,254.357916,2.903157
1.252885,254.608338,3.944692
3.349946,254.748133,4.812204
7.504257,254.817065,6.318146
10.849196,254.861484,8.266601
12.576807,254.826506,11.024338
252.013909,210.528612,16.175857
250.249833,213.818567,17.410241
247.587091,218.930676,22.775011
244.358814,223.610885,36.571693
240.004357,225.563080,50.497455
231.403675,228.846179,64.127243
219.093426,230.465424,75.382541
204.081027,228.733305,70.325143
191.635528,226.642877,59.653876
182.366412,224.619073,46.334413
169.953377,224.021917,35.471716
158.377576,222.090408,28.196286
152.921898,223.766144,25.546508
145.744195,222.873407,23.393439
135.584875,222.038915,19.008337
125.277071,221.746353,16.634955
115.253139,221.995346,17.065939
104.528263,221.037348,16.455781
94.292698,218.720577,14.463450
80.966107,215.132265,9.965928
68.089003,210.350816,7.141480
52.374606,204.253223,5.378098
41.064081,201.237818,4.557191
31.497884,196.220934,3.587783
23.348177,192.007278,2.408623
16.149441,190.545226,1.828116
10.600327,190.599792,2.006198
6.568956,196.118982,2.235162
3.857395,203.577990,3.034608
2.893140,213.863636,4.620129
1.386758,225.192798,4.712149
0.663220,242.285900,3.446950
0.651258,249.115664,4.058118
0.765603,251.991903,4.894740
0.899609,253.808579,6.643635
1.466308,254.121111,8.607980
4.290386,254.514695,11.145334
7.864016,254.562843,14.002524
11.162719,254.640453,18.168782
12.248706,254.740693,17.373305
252.407903,196.292960,15.176638
251.551431,197.596419,18.611108
249.641423,200.363097,23.181069
245.682936,206.682757,34.664977
240.486189,210.552826,49.065514
231.052956,213.947126,62.222593
217.153215,215.288551,68.839609
202.803698,216.462801,65.051929
190.785253,215.556648,56.134704
179.709527,213.906471,39.304669
166.769060,209.010262,31.555009
157.931149,211.290878,27.262490
150.054880,212.544285,24.441695
142.094316,210.123366,18.599981
132.288373,207.236493,17.894434
123.689025,208.683966,16.158481
112.461086,211.183077,15.452118
103.456601,209.109697,13.723304
88.338962,207.699339,10.098590
74.591622,201.071365,7.961999
60.025033,196.353104,6.177826
47.327116,191.572219,4.236975
35.982979,188.163071,3.685201
23.928585,184.296460,2.765000
18.322041,182.571565,2.223625
12.864801,182.708551,1.864966
8.600779,185.079204,2.392056
5.205444,190.365986,3.122442
3.448583,195.355126,4.994968
2.372134,205.236734,7.314143
1.362574,216.645192,8.282797
0.972953,230.727393,9.420718
0.705849,245.379287,7.544388
1.005893,250.124384,11.133150
1.446335,252.489052,13.480434
1.746047,253.233421,17.921011
4.163490,253.710126,21.020334
8.253857,254.106895,26.466839
9.742196,254.519805,26.736742
12.097747,254.389891,31.271775
252.087090,179.398554,13.632437
250.794907,183.033165,17.980875
249.201983,185.136603,23.596985
246.532080,188.361781,33.874924
239.828163,192.112908,46.114216
229.707908,194.375557,56.712281
216.119604,195.375395,57.084127
200.760274,197.575973,54.267214
189.039405,196.427535,46.624588
173.737065,195.515929,35.630733
164.735138,194.368619,27.954592
156.523817,193.982898,24.658750
145.981997,194.811063,21.685755
139.118529,197.145251,17.969063
131.337947,195.864427,15.679912
122.606532,196.099742,14.384004
107.668386,192.932617,11.415950
96.373456,190.852854,9.705566
79.750735,185.821829,6.502184
65.331064,182.223087,6.221350
51.350553,178.559263,4.592658
39.177473,176.669927,3.598740
28.147432,173.113692,2.992949
19.045138,173.377481,2.040955
13.163665,173.591061,1.923788
9.974383,174.789866,2.332498
6.510028,178.017716,2.890705
4.515483,184.093106,5.227893
2.861865,189.436684,7.205514
2.140180,197.737736,9.855254
1.484799,208.682285,14.396183
1.157784,221.213829,17.381548
1.234425,235.301901,20.297863
1.470049,244.917080,22.231637
2.372545,249.561882,25.865346
3.766816,251.794088,29.169724
4.533530,252.638610,34.230259
6.371098,253.160213,37.895115
9.871068,253.917159,43.241415
12.280872,254.111631,46.479333
252.364297,162.644185,12.085870
250.469722,163.224655,14.340582
248.781118,167.339452,20.670206
244.318672,168.972195,30.521496
238.634121,170.827014,39.717724
227.956980,170.789531,46.687774
213.647084,175.839778,49.628600
197.972966,176.448367,45.513562
184.620404,175.783310,41.105138
170.592698,173.651281,29.415734
161.569782,177.121576,25.794559
152.860367,176.586455,21.368067
143.847161,176.851211,18.205855
135.910127,179.489347,16.611369
128.044069,180.882675,14.297065
114.599167,176.690965,12.108685
101.115072,174.195005,9.754599
86.884177,168.175758,7.782677
70.845086,166.685190,6.623426
57.010135,164.437808,4.191691
43.735332,163.808548,3.252759
31.583039,162.139956,1.925272
23.609894,163.306289,1.834185
14.638575,163.101538,1.789751
10.368551,166.530459,2.109309
7.244270,167.831305,2.454567
5.000332,172.291399,3.980726
3.644558,176.844198,6.851227
2.543008,183.800400,9.886033
2.060906,190.856761,14.161622
1.714477,201.378991,19.933575
1.550220,212.129414,24.960137
1.774007,226.840037,31.756296
2.585514,238.548266,36.030351
3.137131,245.109066,38.213980
3.956399,249.444380,43.267302
5.093890,251.325035,48.782595
6.403228,251.942804,55.040827
9.649103,252.945288,59.074749
12.836976,253.732045,61.748753
252.800793,148.407772,10.843772
250.464613,149.275624,12.010751
247.986073,149.701935,17.538971
244.300961,150.072386,24.987907
233.793565,152.373689,31.078754
226.099936,153.417220,35.746662
212.187595,155.142405,37.878960
195.022592,156.339647,35.807634
180.051915,157.077997,33.239110
169.519224,160.563701,26.737552
158.809580,161.618599,22.989442
149.472677,161.013578,19.836289
141.202956,160.681091,17.721494
132.912135,162.492431,15.322330
122.162379,159.892656,12.853760
110.048032,157.860431,9.742638
93.846905,154.989811,9.656337
80.385482,154.057437,8.160548
64.272486,151.685501,5.558722
47.662354,147.352505,2.990370
36.492339,147.079520,2.028187
27.439456,150.588304,1.552646
18.613531,151.591967,1.375211
11.756625,154.297561,1.750887
8.644322,157.713496,2.205931
5.181192,160.978766,2.993242
3.603935,165.537449,5.761201
2.981615,170.914608,8.351968
2.655993,177.358976,12.902719
2.359999,185.510753,20.114804
2.440201,194.829838,26.693461
2.210915,207.075782,33.013189
3.251718,221.540202,41.476872
3.684617,232.107874,46.224315
3.968875,240.683316,50.680685
4.440937,246.323542,56.639982
6.871542,250.090309,63.035901
7.543006,251.341840,67.774125
10.220151,252.240432,71.113835
13.173721,253.320995,75.015609
252.398707,135.950747,8.898072
250.005534,135.336534,10.571873
248.033758,135.067213,13.712367
243.997913,135.113166,20.697642
235.016501,137.865154,25.233566
223.816469,140.859331,27.822767
209.082579,136.394945,31.048604
194.045843,136.989260,27.943691
178.269695,140.558647,25.266985
166.366200,141.823685,21.942355
156.698264,143.739224,19.738730
145.942602,143.786461,18.734088
136.492460,144.985213,15.778368
127.213309,144.338939,13.625789
117.008447,142.184066,12.290877
104.278711,139.879690,9.813585
86.347180,137.927091,7.991471
71.381951,132.991731,5.531263
55.793659,131.714754,3.764562
42.422310,133.531039,2.282321
33.533940,136.522483,1.623263
23.868993,138.851228,1.738396
16.100610,142.190080,1.595505
9.835447,146.190947,1.741201
5.866402,149.158628,2.842151
4.081047,154.234034,4.699580
3.896508,159.167644,7.820160
3.167026,164.214277,12.372638
2.986047,170.959380,19.145706
3.161975,180.302887,27.095457
4.043344,188.112380,34.846374
4.906111,198.463931,42.795562
5.568614,212.216539,50.339704
6.076707,225.326807,56.941610
5.272076,236.081227,63.069825
6.306722,243.713965,69.823024
7.162901,248.217155,73.261849
9.108355,250.884939,78.635757
11.073611,251.834475,81.375002
12.846455,252.986378,84.302860
252.042635,123.003573,9.489864
250.208393,124.051928,9.625416
247.595160,124.581463,13.082453
243.002504,124.416070,15.828217
234.524925,125.849138,18.661300
220.901958,124.449934,23.665959
205.793343,123.499235,25.053874
192.353302,121.660442,22.557254
177.296567,125.049297,20.616133
164.531021,128.459334,19.404325
153.573473,127.430211,19.520374
142.802917,127.199669,16.476043
133.804035,126.925870,14.162399
122.988014,125.216118,12.459610
110.500145,123.163142,11.280965
96.593032,119.664020,8.528445
79.199054,116.857412,6.101425
64.645894,116.963566,3.454002
52.385485,120.314341,3.460162
39.671049,122.468282,1.482702
30.430121,125.872400,1.445276
20.239439,129.565156,1.333290
11.658867,130.165543,1.550513
7.961913,134.831817,2.441539
4.801933,140.784632,3.739013
3.940313,145.830346,6.708416
3.905865,153.748554,11.955016
3.177789,158.287383,17.634142
3.342127,165.434426,24.711487
3.771653,174.627217,33.576864
4.126176,183.378139,41.137533
5.049503,192.999188,47.543623
6.866089,206.844894,57.075376
5.967060,219.115194,66.825102
7.036143,231.903093,73.730681
8.924266,241.281033,80.162290
8.902959,246.675295,84.260650
9.584116,249.736496,89.389229
10.161662,251.526998,93.085471
12.345461,252.751084,95.351405
252.409744,112.760492,9.136382
250.107969,112.313596,9.409179
247.427382,112.110451,10.181014
241.139284,113.798179,13.223788
232.843675,112.708019,14.181791
220.202874,110.817666,17.402777
205.800594,110.426952,18.503044
192.812299,110.386252,17.244937
178.215156,109.276855,15.362851
165.316980,109.812685,15.245996
151.934124,113.348394,15.109391
141.718462,112.948870,15.148953
128.364967,110.273176,12.277953
116.176993,106.575837,10.862729
105.273668,104.693498,10.207440
89.326329,100.776268,7.062306
74.696938,102.218661,4.369872
62.112475,106.264064,3.309361
48.996992,108.216415,3.193550
36.196552,110.575417,1.466859
25.823114,113.205504,1.514490
16.035365,116.978932,1.614205
9.167606,122.521505,2.047283
5.837567,125.416640,3.900658
4.267622,128.905432,6.717338
3.621512,136.476809,10.047308
3.857601,145.563359,16.758473
3.608814,152.988338,23.431108
3.820606,159.260939,29.209081
4.166742,169.473487,38.876123
4.583583,177.926220,47.314851
5.698715,188.750750,55.570965
7.560759,202.078475,67.831043
8.472723,215.980938,76.385803
8.899512,227.711591,83.026825
10.237064,237.971540,89.058981
10.460588,245.424024,95.921471
10.177023,249.144809,102.412574
10.609130,251.581560,105.402414
12.099854,252.680658,106.438335
252.423648,101.196139,7.011237
250.472051,102.091604,8.814439
247.204243,103.040397,10.243091
240.450843,102.143541,11.388512
230.583818,101.478667,13.183474
219.604980,98.799374,13.451603
204.708957,97.139836,10.598121
189.929007,96.027449,11.571946
176.761321,94.259321,10.733674
163.305955,94.169678,10.575784
148.662707,91.106324,9.758501
137.439240,91.960260,10.018487
124.225255,90.269427,8.980503
111.481659,88.797979,8.300160
101.374092,88.927186,7.381006
83.688331,85.063441,4.943129
68.344847,83.280854,3.448952
56.359967,84.543250,3.070342
43.272136,87.658652,3.052816
30.893152,90.103826,1.450632
20.062667,95.858649,1.523262
13.932801,98.163959,1.768569
7.496412,106.926936,3.025239
5.214913,116.438828,5.074048
4.100803,121.963650,8.844455
3.870666,128.716253,13.655975
4.130289,137.259500,20.245037
4.715033,146.944326,28.211924
4.762092,152.500407,34.124946
5.368994,165.923485,46.868910
6.812309,174.913604,57.033915
7.965021,182.726253,64.338282
9.116794,197.944439,75.859579
12.612413,210.673517,84.406561
13.380124,225.689104,91.906061
13.406661,236.857034,101.558662
11.766683,244.481363,108.512611
11.044415,248.522246,114.294507
10.122209,250.809504,118.950387
10.918634,252.158916,122.133932
252.433087,85.359672,6.650602
250.511304,85.854939,7.627435
247.650301,86.100160,9.422855
240.935871,87.148159,9.394051
230.990509,86.662213,9.786019
215.859503,84.573787,9.849755
203.232027,82.182651,9.398934
186.929396,81.644265,8.940541
175.986256,81.469009,9.392680
161.499597,80.639312,9.390777
148.041822,76.624518,8.026656
136.188760,75.777046,7.285415
122.159656,75.418528,7.703685
109.846496,74.852830,7.335370
95.428175,70.501143,5.156768
79.352840,71.602049,4.048715
59.994800,66.746565,3.385575
51.008278,67.837621,3.584955
37.341198,68.987130,2.735326
27.005524,73.827337,1.619843
17.698044,78.951557,1.804832
11.459134,86.768440,2.666455
6.239800,90.693105,3.920379
4.388054,103.027123,7.146519
3.498554,109.322035,11.091320
3.922081,118.980885,16.670846
4.915666,129.082187,24.261728
5.067174,141.519639,32.961182
5.895532,148.747166,42.567906
6.688071,160.900793,55.385240
7.701965,169.580384,60.428297
10.321617,180.204544,71.950160
12.125830,194.118076,83.573073
13.700146,206.672328,93.321704
18.130047,222.385947,108.486117
16.708304,234.033868,117.585866
15.300329,242.980839,125.150552
13.195636,247.703774,125.658461
12.473514,250.834994,130.697201
12.072680,251.864893,133.317922
252.103697,72.802326,6.316992
250.574155,72.485745,6.991017
248.035933,73.383188,8.791326
241.336515,72.240767,8.898853
230.455054,72.002007,7.817147
214.017614,70.283202,7.108246
201.592951,69.241057,8.507470
186.215299,70.373466,8.606396
172.750129,67.580025,8.136514
156.258971,63.576539,6.571802
145.022383,62.632903,5.801048
132.691074,63.836009,6.142337
120.501054,61.080785,5.564641
105.998592,60.655313,5.013306
92.136926,60.371792,3.954268
74.934498,56.117722,3.227664
57.285438,54.659869,3.183114
46.108390,53.934976,3.361810
32.114935,55.385247,1.629273
22.384371,58.646679,1.789622
15.873359,61.095762,2.388984
9.107818,69.315917,3.057641
5.084313,77.107842,4.860350
4.141913,85.289279,9.530332
3.646416,95.646828,14.805834
5.009491,103.906977,20.765640
6.186865,119.245579,29.499338
7.332189,131.627910,39.767905
7.839947,142.654185,50.079459
8.868008,152.338299,59.372939
11.347026,163.282509,70.065293
13.396816,176.101885,82.830901
15.056132,187.876812,95.324236
18.046598,202.468660,106.355782
20.950694,221.327153,121.589232
20.486569,232.003658,131.855374
17.876288,240.280313,137.032165
15.217297,245.270608,143.251317
13.948309,250.016225,146.965027
13.384912,251.810699,149.844966
252.178100,60.935354,5.157423
251.007606,61.345379,5.887792
247.570453,59.903739,6.261961
239.560525,56.713853,6.416147
230.270517,56.542736,6.098341
213.388576,54.501895,5.858685
201.147849,53.576655,6.184368
180.730846,49.310536,6.023351
168.156542,46.402109,5.337850
154.541890,46.706115,5.167742
142.782005,46.624049,4.377672
133.141948,45.594769,4.071356
119.554036,47.567063,4.918221
103.900547,46.589654,3.996338
87.525884,44.338766,3.664215
71.982528,42.947498,3.427494
52.985562,42.990834,2.548076
40.543659,41.268300,1.472903
28.421698,41.107012,1.712883
19.629695,43.666836,1.694843
11.891401,46.915514,2.620305
7.022338,50.882868,3.639182
4.985891,59.782151,5.836740
4.237273,71.130410,10.961451
3.933027,81.208076,16.814119
5.482349,93.298720,25.365382
7.157613,105.442987,32.991735
8.121299,120.448368,44.679889
9.231572,135.033259,58.967485
11.735006,146.924796,67.725397
15.643911,156.634981,78.408954
18.223831,171.548878,91.925625
19.059388,182.804707,101.634695
21.334724,199.448837,115.222872
21.736878,216.696170,133.986298
21.252336,228.577990,144.549167
19.984631,237.890280,155.445884
18.006075,244.570055,164.008474
16.054698,249.527634,168.568239
14.984249,250.899166,169.897092
252.594852,45.355338,3.925391
250.968356,46.098309,4.022213
247.026118,46.353894,3.515474
239.799285,41.554480,3.469314
228.543405,39.160643,4.119778
214.735594,37.644037,3.773642
198.752759,36.089888,4.703742
182.505747,34.341999,4.050690
165.884977,34.195527,4.189931
154.330627,32.707702,4.461302
141.498300,32.975444,3.994227
132.174808,34.334100,3.201304
119.254707,33.324465,3.131439
101.593267,30.755908,2.605962
85.982133,29.357230,1.914007
66.950156,29.026315,1.865649
52.936092,28.426691,1.360569
37.250532,27.880109,1.257163
24.601384,27.269937,1.897152
15.681995,28.383700,2.420222
9.672021,31.872174,3.107554
5.920388,37.205482,4.231123
5.155033,45.761730,7.242462
4.011342,55.559183,12.620097
5.278211,68.302059,20.660308
6.456941,80.873308,27.850461
8.516015,96.181827,38.820282
12.190301,111.665930,54.198895
13.978677,126.014284,65.907601
17.330322,139.624043,77.186345
19.273076,150.951151,89.053661
20.900019,164.763318,100.052961
21.873990,177.449625,112.459774
26.291933,195.473924,128.727283
24.442667,213.784206,148.705829
25.093920,227.092551,162.364635
21.607670,238.020643,173.233350
19.395848,244.571470,182.549125
16.638755,248.222448,190.341045
15.290777,250.408981,191.687436
252.983234,32.722642,2.253681
251.101570,31.468393,2.118717
246.158486,29.478975,2.186222
239.564744,29.765997,2.387704
231.907290,27.715208,2.353726
214.329998,26.884683,3.249768
200.529971,24.818680,3.056161
180.896396,23.793819,3.371126
167.418435,22.989712,3.489193
154.851146,23.478992,3.769624
142.768119,22.093512,3.406012
131.400986,21.121766,3.304183
116.299001,18.959406,3.281108
99.391079,18.616224,2.770448
82.702833,18.250758,2.436033
67.223314,16.056498,1.936115
46.732710,14.680050,1.499876
32.443894,14.221186,1.576304
22.317462,14.962577,1.922848
12.724042,16.312019,2.369869
7.800717,19.320000,3.090090
5.305368,23.357160,4.572032
4.406702,31.494848,8.465273
4.138237,44.075510,15.070010
5.314606,56.059991,24.183239
7.550713,70.913807,34.152829
10.751084,83.865410,44.502684
15.023500,98.696592,59.623543
18.079786,115.898983,74.456019
20.668805,130.627556,85.797631
21.428634,144.024270,97.126007
25.271547,158.798625,109.454270
26.814044,174.247491,123.538046
29.393317,192.085132,140.456890
29.981693,211.416877,162.121895
28.472992,226.733086,177.952894
24.860002,237.322643,191.919455
20.240463,244.735855,201.396963
18.252192,247.660649,206.028468
17.087857,249.791814,208.150595
253.216539,20.145076,1.425156
251.301706,19.677876,1.411069
247.212508,19.273608,1.366129
241.223353,19.188852,1.122635
230.761774,17.026548,1.877078
214.967930,16.284147,2.205161
199.061242,14.459996,2.501918
184.113840,13.808547,2.538017
170.623698,13.235479,2.718746
153.752994,13.505922,3.136255
141.347818,12.554247,3.420940
127.384713,11.576389,3.509301
115.965127,11.552814,3.505959
100.317828,10.662352,2.929226
83.513432,9.352149,2.595531
64.262725,9.916229,2.342885
46.562544,8.914748,2.027004
32.681124,8.571517,1.993495
19.931117,8.343472,2.213881
12.284334,9.714649,2.808097
6.899106,11.537720,3.363387
4.693379,15.939803,5.511009
4.235672,22.485455,9.743985
5.110920,33.451085,17.897252
6.164774,46.102614,27.285190
9.354615,62.511017,38.420377
12.396373,78.385132,50.748999
16.843484,94.335061,67.845663
19.287103,108.640605,78.713042
21.858083,122.401251,91.816042
23.010354,137.373706,103.840523
27.918192,154.688997,118.130084
32.207803,169.162210,132.006892
35.911005,191.351580,153.459341
34.570499,210.338159,174.200662
32.504532,224.134311,190.351483
30.134602,238.167268,206.278984
25.963318,244.141659,215.637939
21.729687,246.212687,222.647553
19.206204,248.016465,223.502682
253.678541,11.640431,0.644345
252.445725,11.647132,0.604577
248.912405,11.197427,0.698387
241.886063,9.547696,1.010058
232.140145,10.652145,1.011339
217.771184,9.147175,1.462950
201.985635,9.846088,2.450443
184.889438,8.405690,2.824878
172.951294,7.961501,2.928464
155.970494,7.200558,3.445705
141.743662,6.954839,3.941700
128.146803,6.171071,3.483698
115.819867,6.195265,3.634704
100.618327,5.885452,3.175307
84.047710,5.528460,2.528762
65.971088,5.126578,2.374663
46.963156,5.210013,2.836709
32.037284,5.069742,3.070008
19.522093,5.283347,3.204103
12.038403,5.283849,3.913415
5.181794,5.708372,4.459454
4.350521,10.141736,7.965774
3.877364,16.702599,13.258614
4.706731,26.939979,22.073837
6.969425,40.144357,30.646447
8.599657,54.831936,41.043234
13.840259,75.482988,58.702822
17.645729,90.773812,74.137587
19.443861,102.709515,83.692163
22.777628,118.133090,96.219793
26.547505,132.279981,108.788319
33.041566,152.037952,124.639254
35.551030,169.524053,142.983787
41.524448,188.013829,163.980917
39.129283,207.059714,181.979604
45.940790,226.287805,203.480923
39.629205,237.006355,215.647785
30.434011,242.586920,226.550474
25.526249,246.039194,233.137734
23.330871,246.928163,235.734084
253.995875,4.747662,0.514891
252.936413,4.863194,0.594174
249.857217,4.313308,0.695277
243.148768,4.618270,0.723700
234.525866,4.014385,0.910772
220.384359,4.101383,1.673895
201.944659,4.360042,2.444908
188.271807,4.630623,3.318431
173.033079,4.691117,3.671830
157.352403,3.890490,4.183111
144.233651,4.085409,4.408216
131.462904,3.996678,4.577434
116.937648,3.854583,4.362836
101.976500,3.055191,4.179697
85.835483,2.637308,4.342430
66.514161,2.722766,4.545635
48.941670,2.827388,4.499221
32.120176,3.373916,4.596312
20.794436,3.340096,4.982147
12.590936,4.244158,6.258668
6.503082,4.889905,9.133825
4.840869,7.924254,12.226201
4.353214,13.545071,17.753419
4.666316,21.820285,25.604838
7.089262,34.456468,34.512363
9.167591,50.290222,47.017366
13.870186,72.672537,68.763779
17.640734,89.656638,82.550800
20.274201,96.641026,87.531804
27.242875,113.453521,103.207431
33.708607,130.292836,117.348633
39.334448,148.188074,133.509875
44.022521,168.549094,151.924373
46.814753,184.996857,169.633531
56.921174,206.444083,192.001765
54.505652,222.414240,207.123270
50.565571,235.402047,222.846154
37.357903,242.092525,232.822641
28.502981,245.361435,239.145054
21.372813,245.668285,243.746484
254.271407,1.547227,0.409873
253.362345,1.632657,0.452881
250.115204,2.024762,0.566530
244.578606,1.840086,0.961102
235.129748,1.970907,1.595540
221.808566,2.093902,2.791860
206.771244,2.658129,3.853237
191.344710,2.859869,4.670063
177.077591,2.613854,5.295390
160.469757,2.760783,6.236772
147.017139,3.004471,6.911512
132.473660,3.063985,6.964977
117.558786,2.560233,7.016816
103.349376,2.456332,8.023904
86.810501,2.336297,7.499263
70.265926,2.045039,7.489296
51.465601,2.050118,8.274716
34.716430,2.327699,8.484708
21.069074,3.071605,9.023806
12.955362,3.134039,11.005397
7.402092,4.322007,14.538791
4.845376,6.585143,18.745482
4.240924,11.845402,25.740110
4.721335,18.150953,32.393943
6.976052,30.320808,41.796540
9.547081,47.361080,59.375410
12.978603,65.630470,75.350670
17.616445,80.180020,86.631008
20.421115,93.162427,95.124597
27.558613,108.261382,109.520817
33.243209,126.778595,124.352776
42.979797,146.421718,140.194331
46.353520,163.659783,156.127486
56.317819,187.404060,177.593582
68.803155,207.046693,195.532287
73.798065,223.797248,213.133058
68.416435,235.475683,227.628779
55.748973,240.754945,237.363592
44.967995,244.224953,243.794809
37.362599,245.053445,245.936606
254.627292,0.414340,0.390877
253.638005,0.680123,0.674640
251.071116,0.623110,1.033184
244.852189,0.965510,1.685932
235.241109,1.033690,2.742808
222.457730,1.390253,3.726133
209.512214,1.668505,5.032896
194.083380,2.121510,6.700290
176.627989,2.283853,9.168356
164.842075,2.509756,10.893822
150.599903,2.461332,12.192632
135.367917,2.429634,13.247301
118.944639,2.202069,12.803593
107.988694,2.208467,12.815850
90.597658,1.806690,12.441060
70.373552,1.926444,12.882094
52.964358,1.841771,13.956517
39.068844,1.614167,15.048651
25.288930,1.946114,16.206261
13.698719,2.656839,19.383795
8.511484,4.157317,22.902312
5.628039,6.116715,28.784506
4.720210,10.527151,35.933699
4.969697,14.959471,42.048831
7.366515,23.929991,53.190325
9.552480,42.500695,67.636450
13.564931,62.383544,83.644214
17.053045,74.219358,94.120061
21.514469,86.887852,105.423331
26.142779,103.527987,119.768140
34.489241,121.569408,132.615867
43.434179,140.589888,146.958957
50.134317,159.781883,164.186884
70.188319,186.894320,186.304728
83.807926,206.545968,201.677930
91.890542,223.010550,216.162743
87.437226,234.639615,231.053138
78.429520,239.631961,239.451130
64.169905,242.797934,244.517951
55.779713,244.405548,246.828871
254.325960,0.318393,1.567898
253.560627,0.310432,1.782839
250.877135,0.434426,2.479577
245.802144,0.588607,2.766375
237.430565,0.738048,3.872162
226.506285,0.966247,5.361029
209.465649,1.830336,8.733374
194.054199,2.116048,11.365483
180.073051,2.193892,14.521632
166.080512,2.342888,16.134904
152.090881,2.170806,18.713561
137.171758,2.489047,20.616572
123.397374,2.092966,20.928660
109.153657,2.122658,22.264923
95.881008,2.293834,23.547920
74.665867,1.952466,21.798772
54.166248,2.021735,23.483548
40.568820,2.241533,26.062639
28.431095,1.745634,28.270357
16.828169,2.053129,29.240469
8.961261,3.284564,33.941286
5.673980,5.237777,41.432554
5.155704,8.951872,48.038920
5.321647,12.944825,52.938621
6.427084,21.560182,62.881924
8.286224,35.502989,77.310459
11.674641,49.524709,90.920803
14.541087,65.383166,103.640158
21.085292,82.469112,114.474098
25.218666,95.027720,127.373159
33.409761,110.836021,136.938993
46.506789,134.117389,153.164542
58.899251,155.377696,173.910883
80.420683,180.125027,195.075669
93.675868,204.942597,213.953021
103.663721,218.744484,225.070960
105.580520,228.875284,233.636319
96.554685,235.520482,241.003643
85.757321,238.309603,245.367067
74.191855,241.196058,247.262275
254.201594,0.312346,4.850378
253.371836,0.425158,5.178360
250.901079,0.447436,5.446726
246.214621,0.605644,6.126040
238.677884,0.785234,6.790300
225.553996,1.451048,9.986452
209.149637,1.679243,13.681377
192.952509,2.180118,16.732161
178.615864,2.625577,22.145479
167.803892,3.410921,25.771015
153.218890,3.222870,28.696131
140.067197,3.232743,30.535238
127.645318,3.578046,31.694452
112.088418,3.125716,31.465754
98.337899,3.479307,35.572955
78.017152,3.160159,39.212708
60.772709,2.982690,37.781337
43.813822,2.300997,39.455179
32.350550,2.357042,43.349165
19.517492,2.261664,44.964877
12.085347,3.024928,48.265921
7.215023,4.907440,52.132478
5.858063,6.705477,57.508429
6.143894,11.565668,63.750338
6.392282,19.648076,74.837516
8.134202,30.803854,85.013125
11.263775,47.291716,100.170814
12.153065,60.150635,111.181496
18.292582,74.877149,124.398498
22.886608,86.923813,131.973891
31.140727,105.019944,145.956680
46.554364,128.223935,165.909448
61.934779,146.577881,182.073281
82.450443,175.709927,203.591758
99.630468,197.299473,220.092855
110.127381,212.934048,231.425387
119.286499,222.366791,237.032857
109.118598,229.202198,241.838589
96.363695,231.615932,245.855189
88.565699,233.463543,247.549040
254.077124,0.708960,11.799483
252.858989,0.877019,11.849382
250.745790,0.937548,12.382241
246.840831,1.083075,14.443874
238.517990,1.591323,16.149379
227.493015,1.941682,17.833764
212.790721,2.645607,23.173893
189.600282,2.994092,27.591900
177.855707,3.209557,31.252089
166.805779,4.046199,33.963647
155.092207,4.703227,37.810246
144.796844,4.999049,39.686587
130.200056,4.991883,43.500288
114.740502,3.835738,42.937846
94.269661,3.671960,47.656923
80.351500,3.850840,49.402436
63.906594,3.721458,53.746279
49.153527,3.073122,55.506274
35.153064,2.828248,54.992964
24.735991,2.819448,58.791438
16.344740,2.927175,60.207374
9.461529,4.327171,64.484793
6.434547,5.152064,68.219168
5.497703,9.942698,78.895133
6.099259,15.747391,88.733685
7.142889,23.318111,97.553215
9.439327,39.452511,111.018172
12.070675,50.871808,119.147755
16.148800,66.332634,130.749317
20.409875,78.095329,139.979629
28.025788,94.639000,154.417873
45.898675,118.349480,173.687446
57.666944,140.513647,188.953633
77.441380,165.492434,208.976183
102.232895,187.631031,225.224371
113.405907,205.026792,236.393932
111.850275,213.230617,240.384918
107.106744,220.866723,244.236198
99.046583,224.492054,246.039984
91.797663,224.761581,248.192581
253.822178,1.232173,22.415852
252.290312,1.566793,23.251329
250.301158,1.941492,24.779805
245.940530,2.421478,25.096542
238.164765,2.483191,26.400485
224.857177,3.436063,28.670629
209.501340,4.419899,35.264880
193.093986,4.413531,39.739143
179.188396,4.867593,44.529762
165.481435,5.754187,47.124636
157.172731,6.083125,48.345760
145.562297,6.392988,53.752587
133.145452,6.215496,57.899738
118.048453,5.418750,59.794075
97.074000,4.299070,62.314814
82.104630,3.994342,64.322316
67.423199,3.914488,67.148219
55.937142,3.368781,68.727168
41.232002,3.149456,68.578890
29.647647,3.265692,70.945592
20.514898,3.693215,73.980466
14.228533,3.805339,78.387218
7.560024,5.153554,85.848591
5.499777,7.077062,94.149906
5.953459,12.319172,100.517627
6.988160,19.507319,109.944117
8.998979,31.365495,119.157031
10.579537,43.670185,128.551999
13.880344,56.611948,138.871391
19.951345,70.476995,150.798652
29.941126,88.122404,164.007919
40.654308,105.805645,177.932792
56.844719,128.276183,194.040629
71.188410,151.662885,213.830274
95.084595,178.716677,227.882662
106.433974,192.469446,237.342974
105.200276,204.283943,242.457067
101.044360,212.028358,245.184575
92.221304,214.715772,247.082492
83.831533,216.436456,249.244879
253.568417,1.829500,33.628795
251.782293,2.210752,33.942725
249.354719,3.381932,34.971376
246.625995,4.573180,37.194172
238.565116,5.409860,40.129316
224.235721,6.158193,46.562111
210.230615,6.569603,49.434301
192.906440,6.263402,55.813513
179.932543,7.137463,57.945229
168.011454,7.200884,60.728560
158.596106,7.918009,65.277670
147.848546,8.286676,69.280334
134.583641,8.427755,73.568087
119.363333,7.446024,77.949660
103.301174,6.801513,80.022914
87.328255,4.982731,81.190397
70.256041,4.007442,81.231291
60.375269,4.311882,82.274154
48.991620,3.694177,83.048193
33.337384,3.460698,85.304784
24.032854,3.655448,87.355823
16.888347,3.892335,93.043050
9.064937,4.537448,98.068584
5.884662,6.174040,103.456596
5.743007,10.010602,112.313426
6.186529,15.028531,119.499918
8.293549,25.511411,128.211935
10.063861,35.557278,136.119749
11.952833,47.439505,146.314846
18.894035,60.328525,156.919899
29.025630,79.650559,171.760474
38.058421,93.862321,184.087509
52.427436,116.789258,201.854504
63.178083,140.994635,217.749269
75.627505,157.725733,229.748122
92.791489,179.614216,239.560820
94.026132,189.354187,242.883958
88.104139,199.156328,245.652952
80.497459,203.954346,248.408642
71.017900,204.687965,249.999300
253.595501,2.589630,45.194288
251.632704,3.452402,46.258786
248.599072,5.277669,46.866935
245.150334,7.117794,49.806182
236.627120,9.782953,59.791340
224.949874,12.332201,64.874230
211.038053,10.513021,70.204705
196.530121,10.175466,72.671034
183.029884,9.565697,76.036872
169.758219,8.388122,78.111040
159.702329,9.610503,82.173903
149.532846,10.538541,85.982009
137.481052,9.975232,88.415336
123.027163,8.924639,92.773569
106.609938,7.537688,95.685715
93.245084,6.849729,96.287880
79.007798,5.280111,96.683587
66.779753,4.885607,96.219831
56.683430,4.772371,96.955450
39.206043,3.751388,98.430998
28.679988,4.066648,99.770426
19.610311,3.768863,105.550197
12.200875,4.805508,110.090193
7.692940,5.479832,116.791355
5.566165,7.452323,121.903167
5.896097,12.823537,131.373645
5.886798,17.826070,139.658828
8.581282,27.829950,147.396103
10.908534,36.655268,157.881108
15.793785,49.382707,166.114183
26.885577,66.629508,180.290912
34.900140,79.782222,191.379183
47.121975,102.362426,206.269077
59.338694,128.165670,220.789259
65.579996,144.535470,233.758685
68.368378,157.264642,239.428834
69.047572,170.841126,244.366849
67.487224,181.970381,246.045539
63.285368,187.300159,248.867562
57.127202,191.043740,250.294041
253.020927,4.055771,58.218168
251.392549,6.336558,60.463406
248.219629,7.426560,62.427604
242.955594,12.535613,69.760358
236.456260,14.139764,73.538360
225.807046,16.030821,80.941286
211.597824,14.080795,83.441520
199.255093,14.478138,86.872626
184.356825,12.305928,90.464948
175.549661,12.272502,95.309619
161.829372,12.315900,97.770495
151.544172,12.164360,101.880330
140.274943,12.360788,105.115496
126.644379,11.134118,108.367775
112.174065,9.685179,107.748675
99.777631,8.355231,107.878339
86.184016,7.392184,109.897766
73.829439,5.887488,110.206843
63.598909,5.189889,114.561089
46.828274,4.256360,112.776691
32.848819,4.025828,116.408904
23.214272,3.740678,121.903475
16.738816,4.384155,126.928378
11.363557,5.345287,130.262867
7.073366,6.020962,136.014714
5.480815,9.114930,142.911049
5.618651,13.611532,149.283589
6.155693,21.125118,158.788643
8.174014,28.808994,165.223072
12.002270,40.147088,173.830609
20.715732,54.795270,188.219323
28.341416,69.216914,197.763794
37.528050,85.346948,210.583383
47.683403,106.830606,222.619662
55.066514,130.132963,234.049890
55.394583,147.748204,241.607228
51.723497,156.524486,245.670204
49.369494,163.702076,249.291868
45.129806,166.832011,250.141142
41.616501,171.370193,251.055067
252.416172,5.906368,75.205607
250.954555,7.457795,76.701932
247.637017,10.859808,80.434788
242.605500,15.529182,83.903247
236.706225,19.317297,87.379629
227.438831,21.149657,92.476679
215.558695,20.033497,95.487391
201.977612,19.545291,102.312626
188.807112,18.133410,104.465542
176.207168,14.060276,107.541469
164.150073,13.836224,112.661664
153.334761,12.903983,115.170815
142.497392,12.669579,118.379719
131.373719,12.681717,119.229071
116.798250,11.752899,119.415838
105.623369,9.254852,120.117766
91.942899,8.072873,120.546817
77.506155,6.445939,121.342638
66.327843,5.369811,122.250436
53.042830,4.252921,125.566650
37.521332,3.918725,129.374443
27.770815,3.297120,133.675664
20.248531,3.535754,137.577188
13.769751,4.009101,143.099358
9.704077,5.162309,147.878570
6.387644,6.325489,153.803301
5.473375,10.124374,160.629284
5.779106,15.771230,166.501414
5.725489,22.839702,173.647581
9.359075,33.050656,183.027235
14.855332,43.721229,191.069948
22.458278,60.560832,204.024068
31.618064,75.960215,213.959769
40.130474,93.540735,225.080735
45.865505,113.923763,235.407593
44.002156,134.903460,242.419447
40.965221,144.966129,246.889137
35.831185,152.112942,250.464874
31.231878,155.972275,251.465452
27.957213,157.868913,252.304489
252.087510,7.232694,91.595117
250.934680,9.292522,92.718535
247.012143,13.689296,97.528665
243.669060,17.289885,98.647929
237.472412,22.848530,101.899673
230.086886,27.620077,105.113626
217.617841,28.423910,109.661321
204.246221,25.495602,115.775966
193.108553,24.191841,119.454344
179.073536,21.556250,122.614302
167.671817,16.150127,124.118666
154.683630,14.493366,128.438150
146.971113,14.446514,128.812638
135.762144,12.140364,129.088055
122.765870,11.989387,133.264324
111.334867,11.081603,133.282127
96.483843,9.439237,133.543343
82.764552,7.548653,133.950139
70.612679,5.675291,135.188627
57.427003,4.612215,139.158072
43.492878,3.268337,142.613064
30.988909,3.065797,145.058499
24.055965,3.073168,148.966431
17.084189,3.443197,154.411898
11.635063,4.861211,157.791369
7.608755,5.671804,163.234141
4.673013,7.089696,167.691970
4.974876,11.914710,174.560412
4.861501,15.949977,180.755614
5.911181,23.982272,188.835485
9.785479,34.649534,196.590152
19.321832,51.549303,210.167215
25.902918,65.385293,218.326628
34.335487,82.500312,227.349278
37.880755,96.788547,234.594869
36.489130,118.838104,242.556267
31.381578,134.023571,248.345935
28.168844,142.799520,250.215063
24.325623,147.209490,252.107055
23.382613,149.468771,252.686099
251.703548,8.082712,109.793530
250.894266,11.903038,111.550063
247.800094,15.205834,113.132603
244.882146,20.737388,113.989171
239.841150,29.677437,119.163970
233.929517,38.261677,125.745406
223.740770,39.939922,127.341338
211.384632,38.814165,132.973196
198.309865,34.724867,136.461299
186.639809,31.243632,140.392105
171.447472,22.758569,140.598885
159.890967,18.486429,142.506520
152.393965,15.289577,142.848471
138.682542,14.306509,147.188578
127.103540,14.473200,148.027525
116.654962,13.504133,149.938151
104.783627,10.541143,150.645516
89.826969,9.951827,150.223304
75.853102,6.105824,149.060678
64.670488,4.189737,153.665898
49.687932,3.597144,156.914289
38.771246,3.165091,159.883084
27.736219,2.597111,160.997677
20.348696,2.865176,165.597479
15.554053,4.229940,168.019263
9.407483,4.830287,172.054972
5.166054,5.810194,177.235936
4.118581,9.589460,181.849942
4.723620,14.351717,189.465941
4.931822,19.594860,195.820975
8.380545,28.822402,204.819486
13.831810,41.476816,212.294122
19.974363,54.879513,219.368065
26.515110,71.888675,228.249360
31.113256,88.874013,235.904761
28.979415,103.981663,243.547606
27.768535,118.891785,247.795247
21.967913,130.840088,250.857894
18.249132,135.086629,252.300054
16.753425,137.582732,252.763553
251.568312,10.147879,127.113825
250.263904,12.279415,129.006485
248.773059,16.806287,131.993251
246.426660,26.894242,135.522053
241.958127,36.769636,137.570665
236.287252,44.930778,141.729232
229.162131,47.490768,147.247275
216.451840,47.233544,153.431022
204.442822,44.358790,154.887545
193.119591,41.544490,158.009181
179.279109,34.233962,159.267314
167.741253,26.402321,159.444565
156.627709,19.791763,161.022612
146.429898,16.696565,165.483189
133.132720,15.201935,164.453603
123.698692,14.172272,167.095422
112.220732,12.014354,168.207951
97.459066,10.307347,169.185598
84.560820,7.314863,172.616882
70.449866,5.562726,171.398099
56.502503,4.044001,173.388421
45.521556,3.595653,173.634102
33.737855,2.593213,176.753871
24.402676,2.699128,176.298387
18.290222,3.205789,179.235189
11.802638,3.442922,182.017575
6.805850,4.791051,186.552235
4.034885,6.788468,193.128948
3.165681,9.692305,199.551404
3.840117,13.769493,206.155918
6.094647,21.329320,213.336334
8.511779,29.235808,218.138639
13.887751,44.094029,223.187847
19.866853,57.487496,231.129048
22.319799,78.829993,239.213004
22.503825,94.994476,245.028747
21.484468,105.546656,248.464255
20.131101,115.565897,251.541111
16.184897,121.353175,252.396400
14.049087,124.443643,253.351182
250.882788,10.785449,142.724381
249.645509,12.740837,145.560473
249.176667,20.180231,149.798523
248.007727,30.792162,157.072607
244.086831,43.319845,159.752360
239.797650,51.158764,164.209439
233.683571,58.602360,171.961423
223.744304,61.948558,175.048026
213.185481,60.579163,175.150716
198.807615,50.921882,176.562625
186.857069,41.504010,177.266280
174.536899,31.793586,181.917361
168.244879,25.207264,184.698319
154.012885,17.663462,182.816469
141.970110,15.147405,181.935028
127.488289,12.930819,182.402530
116.231686,11.100886,187.806609
105.208131,8.760407,190.330338
94.221627,8.005794,192.094398
79.220295,5.881901,192.167146
64.123570,4.251812,190.605207
53.950476,3.824531,190.756254
40.408885,3.088136,191.138218
34.259507,2.809521,191.093029
23.570983,2.834600,192.874523
16.076910,3.155923,194.558550
9.639501,3.672246,197.567321
4.824234,5.125908,203.881936
2.594194,6.542994,210.097181
2.525740,8.815653,215.943865
4.224907,13.663643,221.697616
4.683048,18.312504,225.648701
7.536456,28.141317,230.124929
11.789996,41.851934,237.121823
13.288620,60.859852,243.035356
14.510886,78.814611,247.423363
13.882516,93.143442,250.270899
14.263894,100.757425,251.820549
10.324982,103.927718,252.866310
8.962889,106.602170,253.325335
250.409586,10.368826,160.122634
250.611005,13.463718,165.701013
249.722686,20.465300,170.761958
248.621598,34.556297,169.504971
245.861599,47.556295,174.196390
240.595129,59.161106,180.519266
235.876648,68.869992,186.070901
229.637794,71.713091,191.143332
221.510345,67.824598,194.942812
208.576505,56.906310,197.036412
193.206836,49.411609,200.702488
181.186786,37.377467,202.979972
172.257305,28.548352,203.398467
162.460522,21.203457,204.597583
149.058462,16.765471,205.064736
138.311747,13.363702,206.731273
120.533548,11.090093,202.502973
108.719874,9.692296,203.208039
97.577957,7.862635,207.916574
85.211614,5.748817,208.691754
73.571137,5.163166,206.136299
59.384084,3.348021,204.854415
51.633049,3.008657,206.332244
40.209999,2.930249,205.621271
30.930395,2.818713,206.018481
20.504972,2.564071,206.107304
10.912719,2.603384,209.428230
6.853264,3.015596,215.305467
3.155921,4.659471,221.455448
1.964007,5.396363,225.461314
2.168718,7.784452,230.192838
3.270245,11.769644,234.109337
4.866711,18.888806,239.145353
6.509365,25.662617,243.457034
8.372538,43.688664,247.114057
9.075292,62.167584,250.478020
9.504342,76.527076,251.479508
8.878700,89.209270,252.383570
8.710601,93.637189,252.811716
8.069899,96.198960,253.352992
249.973750,9.242569,180.022885
250.412733,13.624680,183.481913
250.271697,23.673328,187.259147
249.791890,36.751646,186.627217
245.672449,55.100737,194.122628
243.585695,70.975302,198.568235
240.291026,78.729035,202.335419
234.637699,79.450293,206.115778
223.535867,75.930260,209.753021
215.073215,70.154618,212.887817
201.989462,60.700336,216.618720
185.049152,42.717383,217.942842
176.478085,32.736744,221.699346
168.488583,22.186459,222.620613
158.947181,17.546222,221.474957
142.635473,12.567251,220.627216
132.284802,11.638303,222.566860
114.628212,10.100618,221.816407
100.976345,8.080000,221.864399
91.689824,6.320183,222.447631
80.959768,5.135843,223.260275
69.153474,3.524278,220.961141
57.198046,3.494428,220.051665
46.885197,3.067669,218.987524
36.062464,2.962738,218.996664
28.574283,2.952685,220.837171
15.739936,2.713778,222.971722
7.274312,2.055493,225.912247
3.975941,2.252373,230.481389
2.038110,3.243424,233.401609
1.476502,4.764784,238.537874
2.048369,6.821364,241.933446
2.999737,10.927007,245.323644
4.567970,19.315685,247.752263
5.763982,30.444560,250.198616
5.794007,47.572653,251.887616
5.665242,59.877104,252.619945
5.747004,72.811561,252.940672
6.035021,82.319903,253.020608
6.786177,86.781077,253.595835
249.797672,9.338981,199.875628
250.506369,14.918898,202.459819
250.488956,23.627263,205.833007
249.139393,43.026373,207.292262
247.440068,63.154541,213.431232
244.661098,75.832477,212.148479
241.255679,82.731717,214.702860
234.731680,87.351663,218.732219
227.732269,82.803791,222.408104
217.553935,77.362580,226.025360
207.230661,64.450502,231.248759
191.869075,46.808248,232.830405
179.539321,34.519446,232.891230
172.912493,27.494197,233.628035
161.740191,18.540899,235.585614
148.765901,14.382425,234.989403
135.737539,11.986497,233.939821
120.141011,11.843925,233.676852
106.261029,9.946804,233.321531
95.926885,7.377067,233.348877
87.418645,6.317584,233.453554
74.359461,4.726108,231.733303
62.155250,3.737156,231.132408
53.367328,3.551020,230.450840
43.151987,3.049117,229.134831
30.443981,2.730983,231.049045
20.426986,2.134941,233.997254
11.083365,1.816275,235.508522
4.140396,1.308909,237.956458
2.057282,1.535929,242.135785
0.802749,2.087655,245.661626
0.930609,3.320021,248.069240
1.752210,5.941424,250.822458
2.646504,11.739929,250.994733
3.624585,23.165033,252.559886
4.048760,35.755694,253.106680
4.354539,49.647810,253.378059
4.950534,60.577919,253.373834
5.573704,70.055645,254.070108
5.371979,76.833800,253.930225
250.305027,10.573743,213.542174
250.300593,16.467406,216.967638
250.227995,23.948408,218.898732
249.415804,44.603163,222.119106
247.972899,63.894209,222.173619
246.520412,78.571326,224.884242
242.531307,88.988229,227.852860
235.336767,94.932591,231.666575
228.420443,90.595278,234.325779
220.501014,82.009725,237.775979
207.852593,64.524583,240.204124
195.979365,50.931254,241.955941
182.233968,36.032133,241.095806
172.948404,27.772097,243.188566
163.358933,18.723949,242.844117
150.479498,14.690633,242.633746
137.989679,12.240641,242.432646
122.612751,10.840064,242.480278
111.912041,9.405622,242.317470
99.973571,7.953579,242.186761
90.195887,7.590932,241.789923
79.472386,5.406564,241.682980
68.386963,4.936996,240.709709
58.585555,3.517691,238.599904
47.448783,3.213775,239.362930
36.473291,2.789731,241.661243
23.198756,2.172972,241.995206
14.357738,1.520753,243.812055
5.358359,1.082103,245.414206
2.044895,0.808095,248.749034
0.901167,0.923992,250.522791
0.671877,1.834632,252.104273
0.721218,3.398895,252.886442
1.106102,6.933049,253.404008
2.287219,15.203073,253.834294
3.014084,26.768340,253.626280
3.397658,39.131920,253.773362
3.086675,49.291427,254.126099
3.578334,60.227180,254.377120
4.214311,67.074255,254.241895
250.836678,12.908407,226.204836
250.487947,18.214667,228.009868
249.796229,28.127959,229.336068
248.959129,45.803011,233.212444
247.924348,63.689881,233.440676
245.876494,81.611606,235.716970
242.007976,91.370985,238.270263
235.764964,96.908989,239.932441
227.594686,92.909289,243.227109
222.458283,85.772996,244.032677
208.800796,66.094385,245.890297
199.525755,53.195527,248.038960
184.690843,38.383155,247.577506
174.691725,27.986845,248.118674
165.025129,19.341984,247.455118
152.543326,16.148959,248.506708
140.326518,12.059439,248.324333
126.737037,10.803774,248.079226
113.619215,9.721134,246.579357
101.038434,8.565961,246.548676
92.273133,7.494483,246.787967
81.726417,6.072543,247.654535
72.882040,4.976998,247.136905
61.830195,4.508701,247.609591
50.816354,3.381443,247.462573
37.221535,2.876839,247.637504
25.236143,2.132961,247.907767
15.379025,1.270535,249.637656
6.529083,0.661102,251.254935
2.126008,0.406728,251.909913
1.065996,0.373760,253.122560
0.482494,0.769712,253.827208
0.426357,1.917568,254.068668
0.698775,4.700772,254.262944
0.837525,10.221040,254.327403
1.453053,18.276800,254.184648
2.230651,30.990623,254.368621
2.975264,41.220890,254.370094
3.328650,50.843166,254.417950
3.836328,57.083388,254.416956
250.508467,13.129990,236.104239
250.322489,20.069814,235.768780
250.044622,30.676889,237.178825
249.050539,45.398707,240.594346
247.510060,63.840330,241.009693
245.587127,80.569263,241.233891
242.085179,91.420683,242.411391
236.446501,102.209425,244.527218
227.478361,93.170700,246.735993
220.923756,83.032344,248.099615
210.186249,66.947139,249.853207
199.371035,52.285200,250.277477
185.632882,41.063008,250.282975
173.730132,28.535990,250.406373
165.560262,18.691016,250.946907
153.290954,17.969418,250.922576
140.586226,13.432378,250.381540
127.191977,11.210717,250.301224
115.329711,10.531735,250.488720
102.723164,9.637681,249.636790
93.307695,7.155814,250.169180
82.281818,6.148537,250.661245
74.102622,5.152343,250.735825
64.157665,4.851262,250.932445
52.562906,3.533676,251.272087
39.864752,3.149241,251.151140
27.162095,2.482292,251.659599
16.584734,1.288957,252.399953
7.118363,0.683754,253.021394
2.456721,0.394593,253.496004
1.061872,0.288585,254.098725
0.286081,0.340931,254.620273
0.268124,1.211508,254.539936
0.400593,3.139961,254.538807
0.665509,8.652364,254.520279
1.127364,15.804283,254.443731
1.416546,25.331449,254.366947
1.869416,34.260159,254.417474
2.015250,41.181258,254.419797
2.034465,48.360029,254.498053
