1600
3
237.549538,241.969802,80.569353
237.827263,243.756146,70.958678
237.794838,245.751131,56.868197
234.950355,247.348665,44.809843
230.026302,248.355884,35.203293
220.635611,249.481994,27.099916
209.298635,249.815062,22.722716
194.972172,249.597894,22.231788
181.790089,248.573683,23.133507
170.821686,247.147517,24.425657
161.903165,246.901508,24.436692
153.714740,247.029639,25.790512
144.344759,246.066048,26.005578
132.922252,244.496606,27.263409
119.902301,244.475991,24.032840
111.824699,243.110871,17.711798
102.964531,242.124420,14.421979
90.576471,238.837107,12.796414
81.676249,236.837911,11.247086
68.749550,231.598859,9.683639
55.454703,221.643052,6.774146
47.734740,217.430572,6.155871
39.582465,212.449203,5.049098
27.105926,205.078874,3.173501
19.288516,203.135679,2.455115
12.576608,204.671998,1.741923
5.801137,211.060903,1.321424
3.702641,217.815258,1.287068
2.784564,228.593736,1.275916
1.651201,241.253158,0.680512
0.969393,248.995059,0.433862
0.685633,252.886525,0.355401
0.420480,254.224169,0.331055
0.210160,254.838590,0.183668
0.523766,254.900197,0.464097
1.875583,254.925688,1.075474
4.457433,254.905285,2.159055
8.595318,254.880832,3.457023
11.234239,254.892313,4.854117
13.143845,254.842445,5.586354
241.182714,237.149560,73.203507
240.778704,240.814728,64.729551
240.159254,243.693280,51.536793
238.499391,246.615209,38.915647
234.757739,247.800578,28.172425
225.123246,248.051450,21.608978
213.256050,247.846958,19.120037
198.561099,247.711214,17.620273
180.632608,246.026718,21.011093
170.767937,244.199898,22.336826
161.693670,244.123470,21.976341
153.190593,243.104147,24.582753
143.815102,243.360827,23.905763
132.811664,241.925127,24.107250
120.656211,240.110824,22.556372
110.586720,239.720034,17.978185
100.932412,236.651363,15.308279
90.465044,234.372841,12.960521
80.506252,231.908776,11.284508
63.892419,223.263968,9.011852
52.752066,216.172236,6.422209
43.775238,211.248537,5.982956
34.511597,205.598226,4.002951
23.354574,198.726408,2.606553
16.379229,196.732426,2.313864
10.721505,199.596714,1.720851
5.257068,205.514608,1.686701
3.157465,212.771645,2.008444
2.255794,223.473276,2.034040
1.596111,236.914464,1.047141
0.946209,247.885942,0.760601
0.704956,251.945145,0.781285
0.479082,253.921365,0.631747
0.388723,254.602772,0.882799
0.596080,254.823888,1.644355
1.916197,254.876022,2.654841
4.709178,254.893545,4.685458
9.089184,254.891118,6.724099
11.437093,254.879003,7.814302
13.026299,254.889187,10.303660
244.132810,231.369127,64.086299
243.749013,237.233451,54.746668
243.508253,240.496515,42.085817
242.033354,244.682867,30.144233
238.306301,245.264155,22.550420
228.563172,246.212017,17.690165
216.490706,245.462210,16.039664
200.451341,243.318164,17.967304
179.097564,240.513347,20.546497
169.914954,238.862052,21.806001
159.836523,236.269426,23.519320
152.779898,236.513623,23.153530
143.037365,236.439315,26.585886
131.729825,235.358228,23.432797
120.216276,233.504475,21.161453
109.875188,232.252734,16.924210
100.151589,230.216197,16.165997
88.706007,227.305031,13.616675
75.311869,223.700417,11.282004
60.013965,214.937811,8.617597
49.094446,208.123850,5.888457
40.027286,204.681576,4.740923
30.195141,197.284043,3.812044
19.299925,191.087284,2.397355
13.245323,188.836278,2.279522
8.455458,192.182777,1.782599
4.458066,198.525365,2.539057
2.981168,206.602065,3.204463
2.174976,217.609573,2.903647
1.477058,229.951070,2.588124
1.056199,245.074155,1.907309
0.839839,250.446240,1.575860
0.692522,253.140562,1.861461
0.676064,254.316014,2.898306
0.874867,254.518724,4.389665
1.906043,254.628269,6.317835
4.798575,254.752568,9.022852
8.735459,254.823462,12.958013
10.892017,254.858281,14.288717
12.681463,254.780780,18.998991
247.255551,224.940319,53.500624
246.221167,230.695671,47.354021
246.115362,235.964021,35.927819
243.683380,239.975099,22.764371
242.577622,244.040287,14.333641
231.830172,243.443287,14.163267
218.681613,240.684860,14.456852
200.991233,237.670346,16.896346
179.026020,233.466421,17.530269
165.141206,229.608398,20.450210
157.952602,229.122940,23.661240
152.105039,228.209216,22.832473
141.298539,226.088967,22.739433
129.608425,225.547582,21.491165
119.042701,224.704673,17.488045
108.176117,225.050014,16.152995
98.625473,222.494864,15.141506
84.129407,217.377984,13.276641
69.881106,211.526007,10.775292
55.814079,203.949574,7.505747
44.158857,198.443624,4.917847
34.971465,192.681896,3.607413
24.052396,186.977775,2.735717
16.059506,184.346748,2.417313
11.552102,183.701883,2.036065
6.849421,187.286723,2.518699
3.564872,191.655109,3.388191
2.541880,198.206360,4.207409
1.858929,209.686711,5.881194
1.585264,223.397612,5.222957
1.331081,238.523999,4.850686
1.008088,248.259504,3.770454
1.035575,251.948485,5.208033
0.998742,253.393067,7.018106
1.132760,253.899473,9.646093
2.105783,254.331563,13.410238
4.661494,254.369864,19.333255
7.859246,254.647223,22.371728
10.213317,254.662530,25.429233
12.713580,254.693191,31.311544
249.528994,214.966164,43.024182
248.926486,220.095787,36.101946
246.470162,225.368973,29.056561
244.617347,232.038119,20.389175
240.329743,235.770613,13.926594
232.485077,236.808580,13.440439
215.524034,231.653330,15.324440
196.105877,226.371611,15.747105
175.491863,219.158137,18.536746
164.102927,219.443142,19.956769
156.537909,219.212575,21.114700
147.353187,216.095028,23.278237
140.498923,214.661859,20.419422
127.395090,214.307538,17.217313
117.926375,214.760544,16.487979
108.008889,214.398773,15.002661
94.440171,212.177359,14.502390
80.954351,208.020533,11.741907
63.298492,199.893064,9.538706
51.119324,191.974585,5.888704
38.540313,186.556383,3.754406
27.730015,180.060014,2.679121
19.499575,177.271899,2.401831
12.149110,174.720055,2.306817
8.546890,175.853094,2.219473
5.360942,179.980939,3.084339
3.339779,186.169406,5.051544
2.419161,192.699054,7.207058
1.781007,200.699728,8.568172
1.596622,213.820827,10.482482
1.599015,227.541976,11.900082
1.460543,239.763411,12.899111
1.399720,247.848371,12.326172
1.660553,251.030191,14.998547
1.691467,252.870655,19.363569
2.958849,253.435342,24.983340
4.076580,254.088877,29.315553
6.879110,254.320358,33.268623
10.170615,254.463185,38.814975
13.112820,254.424255,44.215341
250.510747,202.308005,34.715250
249.598921,207.471983,27.280351
247.554899,212.780950,23.063567
243.936228,219.631560,16.346134
239.235248,222.649958,15.704259
226.479945,220.811261,13.190087
210.571849,217.471885,16.400890
192.247298,213.133205,17.526532
175.321395,209.113934,19.867752
163.803923,208.688666,20.759141
153.509191,206.971625,19.122423
144.099860,205.450038,19.517234
134.693639,201.347350,17.456252
126.616807,201.429378,17.081904
115.776502,201.219809,16.293808
103.975630,200.381961,12.333337
89.321233,196.485325,11.032033
72.176398,186.887438,9.272569
54.842962,179.165267,6.157149
41.855575,175.007904,3.766691
31.426809,170.025631,2.790609
22.875765,168.252230,2.777381
15.316928,167.747633,2.471107
9.515084,168.066637,2.006037
6.386383,169.767044,2.974510
4.469168,173.906101,4.408733
2.991608,177.894288,6.898864
2.229379,186.280798,9.327172
1.581277,195.091178,12.864017
1.922722,204.834479,17.205768
1.699861,219.118587,22.521658
1.799887,231.109914,22.367285
1.914524,240.053893,24.011896
2.147028,246.341651,26.516901
2.630972,250.308463,30.911828
3.573811,252.525385,36.058479
4.670004,253.289720,43.448592
6.530255,253.626383,49.365054
10.049714,253.966644,54.799571
13.032376,253.996310,59.042235
249.744714,188.033343,29.277710
248.690394,192.397768,25.496431
246.631029,199.558862,20.933656
242.382794,203.325726,17.684146
234.830093,203.366935,15.854429
222.335489,203.848416,18.691273
206.430562,201.598995,19.804622
184.583818,194.956889,22.435570
172.162276,190.625895,19.084763
160.477535,189.668789,17.372691
149.766782,188.404188,15.747526
139.880526,189.321280,15.580403
131.885063,187.361622,14.499289
123.069618,184.818903,13.939156
110.953541,179.778532,13.815032
96.847631,177.525398,10.076846
80.279740,173.020109,8.832001
63.204252,169.364357,6.423812
48.727311,166.602853,5.329538
36.064216,163.352869,3.299559
27.996197,159.855332,2.449470
20.270252,159.545988,2.283062
13.185732,159.964644,2.135347
8.424383,159.934913,2.736304
5.156044,162.615883,3.695253
3.197997,166.958140,6.438177
2.337769,172.509771,9.023708
2.154572,178.769858,12.185517
2.103254,188.080502,19.572218
2.781432,197.637878,25.400498
2.923860,209.594857,30.570467
3.267426,221.306502,33.118112
2.946703,233.625897,36.812580
3.281190,241.644689,41.668494
3.823472,246.810204,48.923044
3.974521,250.424450,54.549050
5.629111,251.782624,57.794409
8.535327,252.885487,64.026364
12.452020,253.291084,67.734974
15.886607,253.603894,71.199667
249.795029,177.165004,25.611086
248.299567,179.112438,22.038240
245.870548,180.942435,20.245308
238.543026,185.045693,17.741601
229.320154,184.249890,18.362325
216.755928,182.643883,20.830369
199.398643,178.894551,21.022989
181.081902,174.802603,23.058458
167.830592,171.949185,20.239791
158.493964,171.854267,18.903549
147.401470,170.415803,17.321029
136.161782,170.764150,16.284781
128.901703,168.680431,14.150382
115.774392,164.046787,11.949907
105.081866,160.185792,12.001066
93.622595,157.435008,9.328250
75.241680,155.758378,7.067040
57.469990,151.109024,5.255411
44.237782,150.014683,4.028928
31.758128,149.277008,2.043584
24.423356,149.578699,2.037819
16.542432,147.841616,1.959373
9.768538,148.632308,2.762818
5.928916,151.442889,3.129709
3.906082,155.012195,5.152929
3.056235,160.601652,8.453383
2.847988,165.251897,12.763630
2.599655,172.877364,18.744283
3.635692,181.400944,26.535843
4.673580,191.262883,33.241201
4.574589,200.699539,38.392337
5.184389,214.388602,43.707906
6.073410,226.271395,51.811817
4.866974,236.560478,57.487464
4.280869,243.608696,63.424783
5.039589,248.796156,67.923969
8.214138,251.025848,72.585684
10.227532,251.943598,76.705640
14.041904,252.975937,82.104963
16.600568,253.204539,85.893693
250.541426,163.702889,19.926735
248.615462,165.709523,17.455338
244.524986,167.757446,18.117513
236.365831,168.526996,18.684777
226.405271,167.372050,18.247738
214.886474,164.970981,20.007640
196.055099,160.147951,22.147576
180.164841,158.898770,22.829954
167.816087,158.546105,22.106616
156.941486,159.200624,20.773809
146.651046,156.545829,18.450225
135.741779,156.500478,17.314609
123.710067,152.359851,13.706531
110.373579,145.939835,11.000927
99.986379,142.826891,9.457497
86.545521,141.112390,7.912117
67.735563,136.314922,6.202572
51.027456,133.699805,4.629376
38.583024,132.930541,2.342036
28.828867,134.392241,1.835188
20.068537,136.423053,1.626912
13.315923,135.722819,2.231479
7.997941,138.890716,3.219437
4.511878,142.049825,4.097678
3.754798,148.510556,7.522138
3.402268,155.505080,11.561741
3.370594,159.627447,17.016597
2.947739,167.684722,24.497457
4.079182,175.058962,30.852253
4.807536,185.528734,38.340653
5.374205,193.907072,48.091216
6.853348,205.582768,55.272350
7.718472,220.819061,63.998545
7.744813,230.990603,69.166707
6.302352,241.307981,75.335721
8.572828,246.738140,81.221977
9.845928,249.831246,86.588897
10.812009,251.544979,91.700326
13.526019,252.881416,94.975934
15.833472,252.931185,97.519598
251.472091,151.341686,14.399385
248.898121,152.722115,14.217052
245.939322,152.847673,14.157317
237.015783,152.245568,15.949115
224.303711,153.238632,20.597640
211.431871,151.462670,22.737376
195.287153,147.453918,22.469241
179.738516,145.442455,25.036577
168.107739,144.434062,23.821548
153.600106,142.620735,22.507765
141.814505,139.321290,19.047260
131.232955,136.329415,16.075796
116.310687,132.826761,12.862329
105.704237,132.306684,10.982252
93.996316,127.619646,9.181366
79.503049,123.060649,7.133387
63.247664,119.469268,5.660780
49.402465,119.753477,4.741107
36.222916,119.855634,1.789840
27.511530,122.733589,1.494314
17.295048,124.100494,1.629112
11.455297,127.585963,2.814499
6.312375,129.476921,3.751537
4.692033,133.457503,5.415639
4.084627,140.488582,9.505485
4.321412,148.740717,17.434983
3.918539,153.720783,23.349388
3.819217,160.681518,29.643415
4.194225,169.469204,36.151905
6.329688,180.372195,48.755835
8.387233,189.799948,55.899087
10.244691,200.240771,64.353758
9.951889,215.104869,73.326094
10.711534,227.022267,79.723508
9.167061,238.119648,86.227945
11.200212,245.155918,93.723691
10.164364,248.938119,98.356787
9.913610,250.995364,104.901583
11.864850,252.659899,108.111613
14.779056,253.066698,111.315143
251.517882,142.856051,12.668667
248.884843,143.335986,12.480490
244.040249,142.303540,11.639680
237.283868,140.100411,13.850804
227.354271,138.664724,19.203345
209.583873,138.610625,22.207741
193.888362,137.073480,22.955252
180.596921,134.605202,23.452170
166.479645,132.646673,24.016127
150.950807,129.045326,22.430529
140.061824,126.724740,18.844950
127.370859,122.728914,15.436339
113.726949,117.147161,12.395372
102.316434,114.495769,10.298365
90.694757,113.152914,8.429462
74.490591,108.312507,6.504711
58.742510,105.620429,4.555660
48.015246,105.637414,3.532957
34.194838,108.648827,2.271989
23.793131,108.247520,1.774331
15.706893,112.129891,2.584484
8.534765,114.600578,3.400076
4.961791,118.584538,5.530552
4.262873,123.273630,8.314211
3.986627,128.922210,13.614317
3.878508,137.638104,19.505578
3.814671,148.643506,28.709207
4.416679,155.131574,33.939586
5.971156,164.760831,45.127061
8.255281,176.789098,54.843622
9.133464,183.831793,63.547265
11.663493,196.042346,73.414877
11.651334,207.117124,82.096342
14.274398,222.806388,88.714717
12.417949,233.744428,98.601281
11.802212,243.721964,104.006543
10.458109,248.259366,113.309519
10.110691,250.717280,118.060816
11.032546,251.859689,123.186039
13.325377,252.978769,123.814799
251.412974,131.590293,9.976809
248.179484,131.216633,9.784851
243.820784,130.549947,11.154510
237.104994,129.286217,12.589254
227.969793,127.272885,14.734804
211.051184,126.057799,20.386654
193.656379,123.400429,20.228503
180.281525,121.535565,20.573012
166.946140,121.809001,20.498727
149.918151,117.630539,19.625510
136.550447,113.935687,16.338340
121.109931,107.391842,13.373085
110.577357,103.282658,11.791635
99.006873,99.806464,10.310675
84.273397,94.066895,7.190647
68.001931,91.335037,4.834966
54.243459,90.288393,3.766848
43.352821,89.897977,3.220326
30.197165,90.333131,2.150481
19.655775,91.829303,2.274594
12.736360,95.940891,2.956185
6.464299,99.525863,4.297657
4.706000,106.388422,7.191177
4.256030,113.572821,11.065939
4.427674,121.110901,17.248826
4.041461,129.287293,24.647232
4.596231,141.946646,32.605043
5.682039,148.515743,40.926609
7.750954,160.095859,53.733323
9.735556,169.168197,62.868116
11.468477,180.516558,70.462911
13.297790,191.439416,81.951028
15.388079,204.775366,90.150178
18.122206,219.323088,102.081109
16.652263,229.215197,111.904793
16.255635,240.056430,123.056297
12.246540,247.437418,128.197069
11.226867,250.161075,133.293574
11.779014,251.412715,136.751373
13.330537,252.335528,139.573910
250.706789,120.945309,9.495584
248.809283,120.795408,9.623708
244.072006,122.185316,10.140170
237.501490,120.744323,10.725407
226.868280,118.989771,12.849058
211.639913,113.830593,13.969136
196.078607,110.914994,16.241798
180.563046,109.234658,14.740675
167.681348,106.839486,13.699532
149.389358,103.655521,14.903206
133.831259,100.316072,13.281869
116.965468,93.728985,11.067188
106.706195,90.837325,9.666878
94.206386,84.864062,7.667151
81.047871,80.022569,5.373354
62.718943,73.565778,4.731363
47.713565,68.748452,3.775766
38.582971,71.640095,2.750742
24.208663,70.375935,2.534267
16.765874,74.456871,2.769302
10.473465,80.802802,3.187056
6.116993,85.166124,4.895830
4.294167,93.483617,9.368274
3.898762,100.434073,14.038904
4.178679,110.037460,20.518364
5.584101,119.545300,29.024194
6.498433,131.557569,37.680421
7.723720,144.327635,51.089887
9.716121,151.533705,60.602002
12.047779,163.845911,70.432948
15.186989,173.911495,81.459367
18.684872,183.237184,90.152295
21.048960,197.606501,101.820352
22.678879,215.143289,116.768023
21.846849,228.851288,126.665565
18.872359,237.258662,137.411713
16.889999,244.596688,145.782839
13.726847,249.402603,153.943912
12.877561,250.979748,161.666825
12.353739,251.789909,166.331778
250.818080,112.479441,9.070593
249.504728,111.820219,9.182368
245.700659,111.341539,10.336450
236.166426,110.934712,9.933075
225.425756,107.539881,10.133753
211.581120,104.172065,10.880692
195.236834,101.152162,10.793282
179.370425,96.039625,11.302293
164.851342,91.872506,10.626273
149.356003,88.864544,10.537147
130.873385,84.673456,10.236929
116.494761,80.188667,8.649065
104.654792,76.351955,7.714501
90.335067,71.623785,6.186562
74.441317,68.136495,4.956285
57.612714,59.797482,3.902988
44.472904,57.076875,3.484803
32.715126,54.380925,3.132938
21.467999,55.477619,1.895491
15.208645,59.647175,2.817638
8.220816,64.122959,3.913562
4.598399,71.608389,6.478640
4.188858,80.625454,10.772983
4.571485,88.914058,16.625202
5.982113,97.679833,24.637290
6.570998,108.097181,33.271983
8.542892,121.195355,43.831406
10.620779,135.942012,58.077215
12.968674,145.587329,69.301840
15.193494,156.822340,80.392091
18.625168,167.345189,90.862221
21.225929,178.019326,100.549521
22.929477,192.191461,112.295523
25.547692,209.651331,126.957567
25.124712,223.831086,144.396039
22.854106,235.866924,153.858412
19.122125,243.351795,166.538346
15.571838,247.622705,178.870971
12.786063,250.144498,184.727145
13.489153,251.107786,191.649833
251.033374,101.516516,9.895838
248.799305,101.342710,8.845045
244.899019,100.313457,9.294384
237.319677,98.513648,10.317258
225.204526,97.136900,8.945972
210.944499,92.189816,9.453232
191.895979,86.670628,8.709014
177.743802,83.075390,8.881349
162.525477,79.820833,8.656342
149.069395,77.452194,8.515213
132.178005,72.642327,7.823967
113.454232,66.901664,7.326476
103.696525,63.992267,5.759269
88.418743,59.349113,5.304801
68.164255,50.826884,4.381688
53.025508,46.987386,3.109792
41.234137,44.356209,2.713109
28.213011,41.759018,2.443808
19.833568,40.266888,2.057865
12.498504,41.869231,3.224081
7.260443,46.141127,4.289450
5.361496,54.261550,7.496576
4.138600,65.373692,13.982089
4.953741,76.120699,19.881908
6.103753,87.172297,28.344681
9.116325,96.371579,37.953016
10.556083,114.728194,55.520543
13.010788,125.859145,67.642035
14.261057,135.536656,77.344644
17.311153,148.223246,88.894330
19.104615,162.498617,100.146739
21.963614,171.310847,108.668580
23.977895,187.568598,126.319988
29.757006,206.142685,142.012887
31.481306,220.893591,160.370450
29.587270,232.697895,172.474196
20.647406,241.440461,186.311068
17.417044,247.275005,200.123650
14.098544,248.992288,207.441001
14.452402,250.172992,210.753557
251.136406,90.099025,8.839899
247.966479,88.608575,8.945024
244.702738,88.721008,8.550821
237.395294,86.602531,8.070389
222.685479,81.712226,9.204450
207.084727,76.147647,7.796440
192.648976,73.127774,8.412286
176.608400,70.292783,8.112594
162.151534,63.831161,7.555821
147.717584,60.222109,6.046774
130.452115,55.301181,6.059586
113.065193,53.320253,6.277389
99.677329,49.524175,5.509714
83.400645,42.394309,4.076191
65.793662,40.112899,3.355237
50.136637,36.415580,2.644622
37.325712,29.972264,2.068937
24.897530,27.531504,2.002114
16.894438,28.215364,2.318459
9.949048,28.465378,3.361452
6.303002,32.974945,4.741160
5.248152,39.829045,8.723993
4.313446,50.168031,15.993096
5.090753,61.427120,23.639649
7.609948,72.776957,33.914163
9.595267,84.610224,46.252741
12.975104,100.876560,60.687420
15.602434,116.242381,75.383257
17.203341,126.833865,82.598637
21.708415,141.048099,94.833776
25.182501,153.542276,106.897532
28.983470,166.545914,119.526283
32.275400,185.574163,139.562086
35.700344,201.373846,157.779349
36.390949,217.946272,170.054262
32.957032,231.634381,188.417679
26.328803,240.603333,203.790041
18.527906,246.253532,214.410230
15.077708,248.317628,221.085296
13.837243,249.206324,225.237490
250.917220,79.740275,8.014558
248.728866,79.064297,8.023062
244.397693,76.749016,7.973358
235.151477,75.026060,7.238268
222.428389,69.387997,5.968921
206.940366,64.571361,5.289035
189.920445,58.353978,6.076829
174.446891,54.961277,6.329975
158.202810,49.617441,5.632755
144.702145,44.375213,4.344881
128.826373,40.399649,4.190316
115.406829,37.030025,4.227918
100.333342,33.648306,3.816243
83.126848,30.294472,2.851220
65.876700,27.134341,2.674901
47.358824,22.622838,1.679886
33.271388,17.203250,1.638185
21.846867,16.313920,2.395208
13.246430,15.104271,2.622953
8.645282,17.384520,3.262221
5.697529,20.338663,5.370677
4.571099,27.477860,9.707478
5.318393,39.208877,18.333403
5.553706,49.906621,26.371854
8.261780,62.173177,37.524160
12.281741,79.204383,51.820337
15.130037,94.368449,68.059842
17.931741,106.332931,78.490109
20.108478,116.080737,88.055327
23.376604,132.400553,102.026954
29.708839,148.844498,115.570297
37.250851,164.036153,128.233905
37.650261,178.966280,148.396154
47.002380,196.716001,164.032134
48.865040,213.593664,179.414014
44.564325,232.479912,205.004402
34.661909,241.073442,217.058592
25.999942,244.864074,224.994411
18.062941,247.014723,231.912531
13.627946,247.352627,238.735740
251.204999,70.564278,7.333157
249.337657,70.433845,7.184161
241.878602,67.301192,6.862503
232.659117,60.841755,5.745751
220.882402,58.148170,5.908363
204.907424,52.319802,4.783953
189.408662,46.899890,5.070685
171.960461,43.307055,4.913140
155.735731,36.754891,4.735106
142.240630,31.548811,3.834453
130.911969,28.201402,3.598952
115.327785,25.459639,3.438163
100.802607,22.058359,2.953515
83.402118,18.237142,2.565913
63.352690,14.187947,1.999999
46.141481,12.236403,2.054020
31.046011,9.757141,2.252089
20.400287,8.776181,2.396056
13.730925,8.435268,2.758490
7.923480,9.611692,3.852110
5.302940,13.336586,7.086368
3.992198,17.883041,10.904898
5.542475,28.219512,19.706464
6.211175,39.896585,29.082824
7.365931,53.550750,39.911105
11.890827,71.309582,56.570745
16.500198,86.763800,71.730079
20.513463,100.487069,83.859613
22.933285,109.196733,93.536379
26.480403,125.599339,108.231934
34.254622,141.335135,122.774690
42.423407,158.633015,137.046964
49.975495,178.715022,158.797151
59.869720,195.912380,174.846969
68.530723,213.344640,191.197604
69.342688,231.047831,213.328485
56.218462,238.740600,224.850400
39.758996,243.570193,233.186374
29.543524,246.525650,237.918552
24.277307,246.976446,239.793811
250.883904,57.823715,5.332261
248.384944,55.193252,5.254426
240.479289,51.197417,4.907044
232.926680,47.502282,4.289363
220.891697,44.797509,4.687164
205.888064,37.854682,4.106635
191.056055,35.330340,4.537916
171.894058,30.533521,4.225179
155.907533,26.234806,4.386849
143.085158,23.129357,3.782500
130.547430,20.060370,3.735263
116.133727,16.813274,3.519210
102.905310,13.441163,3.379027
85.105858,12.090600,2.717388
66.805179,9.066086,2.333237
49.108191,7.431092,2.459249
33.115804,6.058894,2.564766
22.068269,5.347921,2.574151
13.439134,4.520610,3.472298
6.331557,5.099845,4.698711
5.317327,8.299767,9.031502
3.954168,13.142832,14.373688
5.213618,21.202386,22.643005
6.453819,32.760430,32.135776
7.809119,47.246684,45.555048
11.225535,62.573668,59.940134
16.600506,82.818617,78.267700
20.416513,94.949370,89.567266
24.493730,105.391456,99.666571
29.480648,117.870960,113.961535
36.153921,135.671174,128.964211
48.251563,151.346562,143.118938
60.208379,174.264055,164.768349
75.532280,195.901736,184.027104
90.519853,216.003430,202.792065
89.208702,228.465847,216.552615
77.764171,237.571513,229.465920
58.432535,241.799237,236.661917
44.188926,244.551937,240.649099
34.817826,246.221055,242.445907
251.551714,44.237727,3.160734
247.384148,41.725499,2.910330
242.435136,40.577373,2.870573
233.111228,36.483109,3.300730
220.793565,33.531921,3.847575
207.000700,29.215859,3.364933
190.798005,24.790181,3.732745
172.589702,19.505321,3.428845
157.424616,17.574406,3.884192
145.328193,14.640927,3.799603
130.203093,12.454881,3.946916
119.005572,9.823606,4.146559
104.784878,8.062260,3.633837
89.596231,6.534307,3.039861
69.652358,5.162218,2.851667
52.667318,4.076907,3.347670
38.185539,3.505008,3.991550
24.385030,3.348093,4.538536
14.742637,3.348523,6.121392
8.844188,4.002308,8.634396
6.198007,5.935167,12.460721
4.272597,9.853340,19.298655
5.299896,15.937913,27.242294
5.589925,25.092052,37.024966
8.534411,38.052948,51.301017
11.563024,54.041292,64.970480
16.311683,73.276697,81.284581
22.299689,87.329620,95.738166
25.283477,100.444737,107.192318
30.320153,112.676801,118.194359
39.960456,129.269100,134.795667
58.105966,152.036568,152.570991
75.161426,176.893514,175.741322
94.257500,198.215901,196.182675
104.120175,214.488750,209.048963
105.352689,225.775992,221.642812
96.093293,235.011096,232.677870
79.711073,239.071257,239.534460
63.590437,241.546527,243.925958
50.368561,243.146514,245.129028
251.141013,32.150578,2.365211
247.725921,30.784590,2.277470
242.122763,29.115770,2.130597
235.698062,29.497263,2.551178
222.583390,25.200160,2.472260
206.648952,22.377188,2.751258
190.691841,17.508552,3.155572
175.671544,13.672032,3.614000
161.488800,11.476191,3.454759
147.112615,9.746316,3.749652
133.988385,7.423211,3.967233
121.003581,5.268627,4.438199
109.203993,4.505159,4.177765
96.331133,3.765656,4.168754
75.756558,3.315287,4.593449
58.669540,2.542018,5.969026
42.322185,2.565283,6.786935
28.149763,2.213428,8.753941
17.645726,2.528789,9.937775
10.540223,3.213672,13.982662
7.191356,4.420275,18.188516
4.884674,7.691536,27.882602
4.893916,11.830866,35.165459
6.121211,19.519088,45.466369
8.156791,31.700916,58.936907
11.156350,46.475926,73.308016
15.955800,64.635726,89.872026
21.938856,78.419830,102.475579
23.601928,91.488306,112.550534
32.750113,105.141270,124.896102
43.075416,124.590067,139.254236
63.503811,146.892823,160.171656
85.912681,173.117714,182.307694
101.212751,194.633779,202.197382
111.158190,210.166132,216.238889
114.756788,222.040942,227.798319
109.283347,227.678816,237.522351
94.644690,232.567500,242.217405
79.726613,237.326100,244.676528
62.622604,237.685997,246.616214
251.946512,23.050497,1.525068
248.216528,22.780443,1.494352
244.544766,22.206362,1.550992
236.430470,20.086687,1.382602
223.785017,16.960413,1.736683
209.586792,12.825006,2.715804
193.372820,11.060166,2.719043
177.688069,8.888580,3.885979
163.978030,6.713068,3.770179
151.672297,4.645175,4.851790
137.808619,3.885079,5.316134
126.023947,3.192146,5.683235
114.090688,3.063563,5.916282
99.731222,2.643194,7.267199
82.859040,2.499229,8.423844
65.695355,2.198725,9.772905
47.694921,1.726664,11.094311
33.865989,1.672476,14.246069
23.471462,1.916585,17.747330
15.000210,2.284858,22.503927
9.478066,3.468355,28.325527
6.052597,6.143002,36.556186
5.483799,10.221262,44.894664
6.109094,15.023936,53.659354
7.640862,25.176916,66.198704
8.724270,36.677245,78.144995
15.025953,56.520147,95.209001
20.475547,70.995507,105.772193
24.536517,83.550476,118.084123
31.066289,97.683907,130.449881
45.958493,113.540332,144.615369
67.062465,139.077544,167.409011
88.403791,168.159392,192.528980
101.204174,186.678995,212.725497
114.280441,200.355091,225.586125
124.597506,213.817845,238.290703
110.164498,218.326981,241.804988
99.536994,223.677324,244.381437
87.361983,225.486065,246.276217
73.642367,226.900768,247.072985
252.516125,14.936329,0.628293
249.766772,14.657413,0.590297
245.507646,13.219399,0.677783
238.167769,10.988602,0.982918
226.511007,9.143803,1.378125
212.668807,7.131692,2.414306
198.366259,5.886333,3.077403
182.984637,4.265952,3.824816
169.186544,3.876396,5.209045
156.541169,2.632178,7.264805
143.694190,2.579583,7.870610
131.157288,2.637936,9.703095
121.953464,3.043654,11.256217
109.060980,2.823165,12.962531
92.851130,2.738177,14.637398
74.975927,2.034902,18.111548
56.931248,1.889449,19.330865
40.174901,1.474423,25.377524
29.194484,1.465230,28.350683
20.053166,2.006812,33.383127
12.608278,3.293665,41.625666
8.958276,5.354274,48.243058
6.594567,8.787934,54.640741
6.906315,13.362019,62.345928
6.941628,20.433585,72.857880
9.067667,33.987723,87.278004
10.854421,46.031969,102.309526
16.604545,57.598601,111.801411
22.638491,75.498645,125.967838
32.301461,89.600528,139.846975
42.139665,103.287551,151.870428
61.206941,126.164125,172.129874
85.871450,154.733455,197.124633
98.095342,177.423116,217.568257
107.409027,193.348256,232.174012
112.392692,202.738318,240.597803
106.533723,207.906770,242.940684
95.488908,213.345678,245.034596
81.512388,216.118180,247.026759
66.847635,215.121675,248.091958
253.164269,7.609695,0.484907
251.065416,7.564644,0.469660
246.648496,6.178890,0.673631
239.416957,5.845927,0.774652
229.831457,4.306275,1.352922
216.145173,3.199415,2.993482
203.550488,3.092592,4.383219
187.567342,2.589720,5.720544
174.903442,2.473426,8.298863
162.623224,2.532734,10.134884
151.774387,2.753927,12.922432
140.678596,3.244478,15.339671
127.371293,2.993175,18.549158
116.016579,2.591831,21.035910
100.767834,2.512341,25.041563
84.928888,3.110841,31.004583
70.108687,2.859375,34.024891
47.465212,2.408877,37.086417
37.557726,2.524870,42.208957
27.008388,2.762450,48.887187
17.929053,2.883890,52.365660
12.983812,3.835608,57.891784
9.202996,5.617125,64.483842
8.133588,9.993516,72.077300
7.833357,16.095675,84.294918
7.721247,25.211806,96.896000
9.806045,37.712771,109.685837
15.364202,48.021772,119.029892
19.148679,61.086140,131.588844
31.523100,77.549478,145.646257
40.684949,92.607010,158.155474
55.682241,115.806121,177.584733
73.762740,138.507828,198.685599
90.702809,168.384150,221.558054
97.525646,182.286795,236.099428
99.056763,193.292852,241.698690
94.010404,198.082743,244.620141
83.142057,203.132194,246.018438
66.983797,204.577136,248.424951
56.430161,202.741373,249.308965
253.683995,2.821212,0.361375
252.329138,2.980416,0.367760
248.327574,2.555426,0.530721
242.008328,2.248124,0.842946
232.518547,1.682838,2.194822
221.140142,1.883827,3.364257
208.040969,1.997355,5.682400
194.428704,2.205816,8.881238
180.950812,2.292337,11.506209
169.177697,2.905491,15.994622
157.626542,3.161631,19.796569
145.262164,3.594982,23.991425
135.292005,4.119164,27.300601
123.672446,4.285345,32.737753
110.458122,4.107080,38.890818
93.688517,3.795272,44.520949
79.453050,3.989182,47.150297
60.967406,3.655393,52.053903
46.054374,2.809357,56.103263
34.553580,2.659865,59.924099
25.652128,3.250915,63.362355
17.893199,3.458638,68.637023
13.366440,4.539010,74.153636
9.526732,7.057686,85.123007
8.549783,12.545412,96.712248
7.893487,19.953866,107.911050
9.361812,30.229126,117.807309
11.497871,38.818576,124.690219
17.153209,52.237503,137.485736
26.782425,65.871942,152.211154
32.780088,79.733710,164.770266
45.408615,97.358269,180.116333
59.384387,120.290486,199.222456
75.627980,147.534680,222.239180
85.392569,169.023268,235.654215
82.704114,180.240393,241.925024
74.542490,184.429971,244.325165
60.077902,185.370759,247.811008
48.748606,186.487162,250.207378
41.634933,188.769131,249.998923
254.160951,0.949544,0.369909
253.127418,0.970954,0.472561
250.192874,0.955828,0.677108
244.170088,0.988210,1.471733
235.886815,1.134275,2.608292
225.850081,1.294763,4.490757
212.032581,1.732223,7.955937
198.955576,2.219097,12.131398
185.750262,3.225327,17.975319
172.624860,3.211401,22.395292
162.792659,3.912015,26.762811
151.902865,4.486327,31.900895
141.219221,5.609998,38.792329
130.421997,5.494353,44.297215
115.594132,5.535691,50.096127
100.134674,5.095838,56.065823
87.889424,5.107551,63.062285
72.318825,4.918314,67.334589
61.080750,4.869845,71.017486
46.263925,3.958478,74.356052
34.748763,3.675963,77.781919
24.283192,4.162073,81.460120
17.016526,4.057083,89.200851
12.235787,5.925402,98.518229
10.086381,10.070294,107.596809
8.250634,14.967857,115.556494
8.745969,20.229166,123.550463
9.168826,27.756124,130.316623
14.326215,43.314009,143.754600
22.376238,56.071346,157.221507
30.501619,69.312558,167.929199
42.527848,85.933228,185.985251
48.920071,102.346590,201.177585
62.883552,126.295910,220.358047
68.170686,147.237730,233.576704
66.016295,160.720308,242.000513
54.760281,164.032606,246.715132
43.983070,168.019648,248.592407
35.142519,172.625480,250.500875
29.923225,175.982891,251.352240
254.637188,0.206233,0.349265
253.596159,0.345100,0.634442
251.060239,0.446458,1.194354
247.084701,0.618439,1.910352
239.101743,0.833061,3.634532
230.802914,1.067621,6.580105
215.515510,1.870911,12.410147
201.929770,2.491034,17.222991
188.984046,3.114347,24.308301
175.661122,3.248735,30.899744
166.184866,4.699341,36.665398
156.154056,5.515279,43.577520
146.046555,6.325061,48.341441
135.600003,7.147537,55.476489
124.551292,6.978343,61.352137
106.808943,6.941426,71.790677
95.563290,6.975537,77.080349
83.175888,6.381481,81.898769
69.756590,5.903663,82.772291
57.234140,5.419781,87.357009
44.440484,4.713351,91.294013
33.915290,4.823141,96.396243
22.039789,4.954720,103.244288
16.746903,5.153207,108.043063
11.829109,7.495060,115.766791
9.658712,11.710370,124.458327
8.266511,15.453348,130.426164
9.251638,21.317273,138.584256
10.648885,29.750917,148.601553
17.753650,43.274966,161.480714
27.754662,59.193492,174.818646
34.051488,71.897473,187.448840
41.152260,87.589734,202.077257
47.006764,104.839753,219.032619
50.649160,127.507615,232.920680
46.434483,138.842951,241.253365
41.491890,148.762169,246.238799
33.391291,154.605031,249.396845
27.365491,158.501731,251.146943
22.937771,159.444833,251.799224
254.478870,0.243120,1.119526
253.748415,0.269643,1.430825
251.811901,0.432101,2.538171
247.787483,0.488845,3.940374
241.619383,0.693862,6.759674
231.845402,1.076906,12.729240
220.921336,1.873184,17.967913
208.445631,2.732611,24.297399
189.207557,3.333261,35.129507
179.986213,4.171105,41.632956
169.467349,6.378965,49.756709
161.995508,5.962440,57.013281
152.550844,7.889617,63.350476
142.099367,8.209435,67.767591
131.095430,9.042377,75.516477
115.466992,9.449051,84.144693
101.427386,8.278224,89.197567
91.448655,7.960006,91.816283
80.280013,7.304945,96.775575
68.118836,6.564800,100.982575
59.108182,6.219353,104.524199
41.820734,4.950780,109.408262
29.835610,5.509298,113.078646
21.939061,4.975739,118.420492
15.069942,6.641056,124.839819
10.566882,7.879003,129.767153
9.214471,11.971359,137.952608
9.804860,15.395076,146.950747
10.032560,21.533689,156.342789
12.461029,30.156555,165.338114
19.252468,43.367964,178.865768
25.618198,57.784293,191.555181
33.397937,73.234157,204.776203
38.542749,92.017544,221.231605
37.617124,105.578069,232.998427
35.856330,125.143833,240.775240
31.985815,134.423730,245.991534
26.590884,140.673050,249.838447
21.095721,143.052174,251.097164
17.713669,143.591737,251.791523
254.421136,0.299639,3.482366
253.871371,0.340962,4.554163
251.986677,0.509456,5.823705
248.866334,0.632218,7.787018
242.638113,1.074400,11.290492
234.811860,1.649285,18.236686
222.011487,2.788793,23.745923
210.382265,3.627201,35.201382
195.556522,6.011087,46.465421
183.757899,7.618338,57.003929
174.147494,8.004174,62.783010
167.284016,9.670265,73.785939
159.529854,10.520205,78.918012
150.837077,10.566662,85.023826
140.914172,11.186784,92.478833
125.030865,11.360399,97.763979
109.484359,10.936863,102.276159
102.094139,11.519425,105.181056
90.874097,10.137772,110.885880
77.620633,7.997843,114.596037
67.095909,6.938874,117.571297
53.249788,6.199181,122.408399
39.776955,5.001227,124.693676
29.009837,4.756905,128.297704
20.165702,4.559776,134.582004
14.576018,6.320034,142.005713
12.291295,8.021244,149.188008
9.650795,10.887186,156.034433
9.944158,15.351900,162.397069
10.904735,22.917232,169.541193
14.358557,34.512923,180.058352
21.667134,52.053874,196.101230
26.493043,63.260303,206.830634
29.928877,77.440188,219.329273
30.796441,95.203849,231.410238
28.088343,106.747862,239.964672
25.136418,116.758036,245.995986
18.095777,124.358865,249.180601
13.475006,129.776496,250.972291
10.763611,130.424317,252.050937
254.499732,0.620309,9.377846
253.684576,0.565468,11.446299
252.107872,0.597894,13.452134
248.992939,0.806860,16.427990
243.716178,1.376544,20.097912
235.341862,2.235691,23.891818
224.777778,3.690067,33.049313
211.162797,6.671676,48.317985
198.279122,8.251602,60.898841
187.640686,9.470326,68.379951
179.783649,11.147922,79.797287
173.577705,12.726506,87.675347
166.395500,13.635431,92.760603
157.222478,14.351340,99.676605
146.942594,13.366388,106.632080
136.187238,13.207729,112.746386
120.978805,12.498477,114.262706
107.146605,11.516932,115.693606
97.059582,10.926570,119.356792
83.480532,9.117522,122.518061
72.939564,7.562414,126.917017
60.699125,6.503992,131.656684
49.766355,5.615357,135.921242
37.428593,5.251861,140.588211
25.584825,4.136194,145.754834
18.991678,5.000588,151.071368
13.538780,6.207222,156.914271
11.943627,8.088905,162.327084
10.401895,11.607785,167.945359
9.428992,16.408638,173.611260
10.715671,26.586127,182.128339
15.198498,40.412034,193.826676
21.048593,56.600732,209.208304
24.797291,66.463691,218.662374
24.956829,79.470888,228.834407
22.629574,92.058813,238.775217
18.825097,103.007604,245.100786
14.266442,109.182527,249.039079
11.693962,115.401482,251.112533
9.954406,116.369180,252.430155
254.381031,1.018165,18.058829
253.541647,1.139074,20.786932
251.920124,1.108352,21.759247
249.021822,1.063552,24.503690
245.127066,1.799010,29.502544
238.149588,2.926432,36.958621
227.382816,5.289381,48.076087
213.376756,9.563378,63.849270
203.585328,9.965086,75.398875
194.749480,12.190349,89.415740
187.246039,15.001984,98.244194
181.021550,16.609407,103.765700
173.530615,17.756607,109.609583
164.820876,19.960918,115.625979
157.577292,19.966777,121.854087
145.921576,17.618890,125.757686
133.200670,15.265778,129.638638
117.802826,12.327585,128.672336
105.389071,11.553508,130.798775
94.865914,11.360416,137.197157
84.953865,9.618240,141.501612
70.868974,7.900484,143.438716
56.012589,6.870448,147.857334
46.456090,5.250327,151.176567
33.996305,5.113165,157.597836
24.744131,4.858399,160.944869
17.866042,5.568077,164.829609
13.851126,7.112198,169.204172
10.975014,8.489737,172.992813
9.535227,12.706452,177.949440
8.324576,20.472644,185.689691
10.832421,30.500707,196.135443
13.104854,43.164640,208.712976
16.488310,53.850867,217.597370
14.465523,65.008942,229.044516
13.784918,78.065985,237.662405
13.431400,88.613116,244.670721
11.011353,94.843114,249.239812
8.531756,97.594377,250.967587
8.005760,99.419957,252.816402
254.210217,1.295353,28.324275
253.682529,1.346993,31.311769
252.262930,1.607702,34.538030
249.242147,1.669383,39.598278
245.690873,2.526986,45.937435
239.891298,4.139858,55.232682
231.410773,8.558719,70.325248
219.703975,12.625720,83.551747
209.518433,13.870715,98.099515
202.200169,16.325523,109.716329
195.883386,21.781349,116.590004
190.136612,23.102385,122.836842
184.572776,25.345272,132.800385
176.141675,26.370490,136.266925
168.252546,27.053215,141.132909
158.117657,23.328633,141.774056
144.280327,20.707792,143.193586
131.512264,17.058038,146.209072
118.413484,13.767456,147.340651
106.615152,12.297616,152.267257
93.320882,10.787701,152.191968
79.597847,8.554543,155.796926
65.469431,7.311574,156.545379
53.423189,5.948637,160.664599
40.329075,5.270767,165.396696
30.878726,5.038164,170.133674
24.325821,4.966254,173.624841
18.549759,6.324562,175.520920
14.130429,7.456203,179.345737
11.121735,9.402494,185.017168
9.226518,15.068490,192.333528
9.157892,23.501500,200.591808
9.438455,33.833332,210.081309
10.933786,44.510821,219.750541
10.865119,56.436439,229.689246
8.400775,66.079077,238.198995
7.802501,75.066190,244.555008
6.930944,79.956639,249.151848
6.683102,81.199270,251.342472
6.404368,83.520261,252.509311
254.216620,3.226914,38.923231
253.680766,2.861055,42.419622
252.038639,2.694712,48.225941
249.966676,2.870514,54.939898
246.847097,3.890963,60.997940
241.389323,6.594672,76.391943
235.890635,12.300482,95.529158
228.003846,17.386368,110.166066
221.324183,22.284532,122.991544
214.880236,31.025612,134.150747
209.220937,35.004974,138.574094
202.112364,34.183497,143.805862
195.939683,34.739994,149.230435
186.969917,32.750444,153.673205
177.390424,31.632947,155.731776
170.042029,32.484298,158.495686
157.174370,27.413958,164.830874
144.398067,25.277569,165.112410
133.369447,17.735562,167.642314
118.702517,13.834972,164.556692
106.082298,12.168742,167.427772
88.898304,8.975511,168.418055
78.210756,8.390363,172.922961
67.589116,7.905280,174.976680
52.400971,6.081668,180.252084
39.345035,5.348713,181.116973
32.587449,5.460225,183.190191
25.170916,6.539758,186.276658
21.175390,6.749568,189.772682
15.363347,8.926612,194.168064
11.938054,11.468677,199.754069
11.261157,18.669575,205.985418
10.789021,26.943709,213.955994
9.723258,35.853204,222.582469
7.805272,46.837517,230.468600
7.488788,57.571991,238.395372
7.042091,66.375081,246.178903
5.487628,68.564654,249.681999
5.269363,68.412226,252.374360
4.976228,69.598110,252.980558
254.169769,4.939825,49.846515
253.771903,4.672786,55.508203
252.892500,4.699981,62.315844
250.758895,5.374067,71.244501
248.163218,6.267727,79.252274
243.167996,9.765100,97.818748
240.488969,15.416910,112.554981
235.354504,22.944678,126.421233
229.491017,31.358904,141.417937
227.698520,39.308038,155.453955
222.788238,44.795118,163.414281
217.714140,47.623923,168.099123
210.029193,48.628118,172.668534
203.170150,49.981137,175.875670
192.411992,47.321570,179.775472
182.862859,40.433810,181.617393
167.848341,31.776207,182.268547
157.988193,26.058473,183.374210
147.766518,21.656098,185.574206
135.364692,15.795662,187.628136
122.427770,11.756936,188.695976
107.820435,10.494872,187.630530
88.322519,8.418819,188.868057
78.245124,6.789301,191.817184
67.328178,6.209679,195.066913
54.973939,5.175249,196.004475
45.215914,5.089322,197.567420
35.928606,5.258386,197.621729
28.387342,6.454921,199.639894
22.908109,7.982486,204.577108
18.484734,9.696805,207.543584
14.377510,12.719821,212.391172
11.913933,20.981281,217.820965
10.153872,30.087776,225.212140
7.098926,37.619930,231.398248
6.275104,45.646069,240.848886
4.935622,52.236800,247.515769
4.372211,53.128126,251.387667
3.962628,54.683823,252.740194
3.640932,56.627373,253.417088
254.005926,6.401905,63.450921
253.813255,5.665731,68.174362
252.969986,5.867356,74.561164
251.649158,6.325370,85.991967
249.671123,7.561210,101.045585
247.185138,10.550708,114.292127
244.208728,17.970345,132.675231
241.624888,29.311982,151.627809
239.347763,41.711161,168.285028
235.328229,46.778068,173.165797
231.630927,53.906297,180.645163
228.105715,62.541861,189.058671
224.405961,68.769258,194.296061
218.735745,65.745268,198.296384
209.521316,63.253849,199.692537
194.578734,50.523178,199.727995
181.161523,38.103774,205.831423
173.352557,28.527747,204.937976
161.135221,24.045605,207.036734
148.591723,20.095961,207.166852
136.421413,14.072258,207.181644
122.473026,13.200355,206.643404
108.748767,11.217863,210.067737
89.899176,8.434578,207.965604
80.532927,7.392131,207.822603
66.799797,6.545079,208.194721
54.767081,5.150393,206.941699
45.283692,5.064209,208.250569
36.583648,5.683513,210.463003
29.050874,6.082418,212.907100
25.426688,8.152090,216.501981
20.797930,10.378295,219.431375
17.212103,13.229441,222.570136
12.150356,23.048931,228.699006
8.337061,30.186706,236.127474
6.375771,34.024896,244.129082
4.672087,35.567968,249.141135
3.322633,40.451745,251.913533
2.519936,40.580109,252.842666
2.617113,41.946939,253.742111
253.963710,9.896272,78.527029
253.781122,9.623612,83.224550
253.331337,7.729716,90.280009
252.250168,6.797311,101.972322
250.596663,7.649793,115.823369
248.343038,13.269289,130.860357
246.043625,19.409769,153.134069
246.096770,31.028267,170.107402
244.119853,41.555940,180.227309
242.454829,50.310396,191.653739
240.261991,64.956486,199.307495
238.825758,77.435361,206.751460
235.223910,80.526541,213.609077
231.049678,80.233530,218.214645
223.300918,71.521501,222.165748
212.780037,58.838778,225.974294
196.579352,44.232143,223.504402
181.399325,33.962586,221.718935
171.472275,27.390606,222.651468
161.279672,22.408505,223.429536
150.548402,18.710231,223.324017
135.555838,14.275935,223.160648
121.922035,11.889402,224.260536
106.654286,9.392026,221.547060
93.750766,7.366661,220.830026
82.269728,6.993414,222.313069
70.023088,6.226828,222.578343
58.109460,5.145491,221.455046
48.422592,5.036634,222.900231
40.769928,5.545825,224.791897
33.406330,6.616367,225.974925
28.256644,7.967350,226.888963
22.518027,9.820243,228.719503
15.518326,14.505260,235.314325
9.641499,18.625915,241.488263
5.682062,22.132736,247.098574
3.642095,20.893548,250.392194
2.650327,22.601703,252.436555
1.930392,23.271827,253.208020
1.656561,24.413560,253.807215
254.154461,13.122223,87.869506
253.788228,12.536861,93.576977
253.683029,10.480258,102.283701
253.040055,10.916670,117.399877
251.046262,9.772215,131.720935
249.661729,14.379685,146.368995
248.181374,20.114326,167.968665
247.412676,28.730542,178.013446
247.664346,40.642253,192.728022
246.766465,53.521910,206.402168
246.474198,65.325181,216.020226
244.546547,74.604889,221.923800
241.933544,78.813500,226.933337
238.539482,85.459492,231.269870
229.052791,78.790653,232.892577
217.995277,62.377166,235.338198
207.544989,51.047911,237.208856
193.992455,41.151205,234.030166
179.711531,24.512134,234.018832
168.675881,23.561913,234.009143
156.879794,20.989199,234.810223
143.415204,16.041257,234.589066
130.694779,12.504000,233.332183
116.112356,10.875984,233.158965
103.919861,9.398182,233.135313
91.138354,7.792760,232.675133
83.122998,6.851164,233.730613
69.393877,6.719443,233.178935
59.254308,4.916216,234.617319
49.827012,5.871902,234.914266
42.659461,5.713727,234.171984
35.925095,6.540049,234.434166
27.637624,7.384580,236.241147
20.099750,8.551313,240.826999
11.343549,9.810564,245.941515
4.279721,9.554489,248.797576
2.266689,10.061441,251.005906
1.166116,9.969783,252.472630
0.812169,11.545453,253.578540
0.638059,13.133623,254.011168
254.160671,17.647922,98.118422
253.792062,15.820271,103.069676
253.671027,13.299719,116.774196
253.204695,13.463411,130.087096
251.944909,14.306194,144.823497
250.779942,15.524933,162.651990
250.312615,20.088373,175.538492
248.644538,25.425415,190.022195
249.406396,33.794020,209.518102
249.663302,47.838702,219.515507
248.457853,59.832473,225.239264
246.630655,72.477532,228.925637
244.553588,76.630659,233.813009
241.021142,80.159980,237.914493
232.676815,72.855180,241.965500
221.971578,64.074515,244.153600
214.040027,52.526478,245.315335
200.768368,41.406171,244.916988
189.854244,28.723789,244.741306
173.767728,24.404580,242.779655
162.254177,22.141731,242.504376
150.423395,18.655054,241.868622
135.603493,14.778573,241.675208
123.038246,11.713159,241.103745
110.065631,9.673174,241.837872
99.663255,8.435383,241.826052
88.846384,7.250812,241.731441
79.271822,6.727700,241.815147
67.949519,6.487921,242.198787
56.944696,5.214296,240.977969
50.752071,5.430120,241.106207
42.349908,5.637891,242.951234
33.038900,5.446109,244.026189
21.590439,5.378966,246.154540
11.640035,4.207970,248.179231
4.658161,4.081341,249.689487
1.804762,4.252461,251.806769
0.870399,4.624128,252.857637
0.465734,5.294399,253.763619
0.347736,5.989285,254.091526
254.112750,20.306394,108.551201
253.885120,18.662384,115.230852
253.513246,16.473173,126.634708
253.167480,18.169512,141.765728
252.532829,17.705784,152.320879
251.389218,17.862176,170.052653
251.191748,20.309238,185.814532
250.796905,21.759279,204.344316
251.253675,30.222954,221.682335
251.288200,41.579977,229.210843
250.546609,54.605806,232.178477
249.101786,62.797810,235.884285
246.416433,70.283823,240.449764
242.383502,71.024400,244.459828
234.378754,65.855270,247.720163
224.812328,63.786965,248.474804
215.091243,51.639435,249.406904
204.810935,40.032275,249.666679
192.719478,34.828294,248.553423
177.428943,22.787097,247.984010
164.438385,21.454324,246.455170
151.781125,20.797734,246.429499
138.310092,16.520465,246.825841
127.411568,13.711996,246.596607
113.407733,9.811161,246.037138
104.207570,8.982507,247.398846
93.590009,7.533063,246.923690
84.522498,7.362548,247.668416
74.845542,6.632620,247.993422
65.274160,6.084104,247.595697
56.740956,5.354272,246.785266
45.913869,5.072366,247.954728
36.660739,4.846076,248.099633
23.787408,3.868215,248.942877
12.194606,2.028323,250.592594
5.460586,1.673051,251.487768
1.675489,1.809349,252.443178
0.768832,1.717662,253.335941
0.317218,2.008660,254.118919
0.210189,2.564126,254.178254
253.901219,20.753045,117.181693
253.722901,19.640080,123.597709
253.644266,17.427556,134.672628
253.365312,19.972064,148.220187
252.832059,19.930813,160.070813
252.108156,19.174499,177.923214
252.207502,20.871258,190.947545
251.680445,20.854084,210.588752
251.726557,25.729877,229.834470
251.626734,36.849227,233.154983
250.796876,46.680282,236.472328
249.289386,55.231995,241.197627
246.853046,60.224454,244.179428
242.688135,63.938077,247.709998
235.521713,60.790001,250.025413
225.397072,58.461908,250.060542
216.341706,49.328626,251.050604
206.806532,42.840104,251.425146
194.539446,38.764567,250.554789
178.861021,26.018779,250.283525
166.263063,26.239850,250.293551
153.138506,21.771691,250.428929
140.409563,18.503887,250.290546
129.145267,13.461748,249.928664
116.785399,10.526769,249.971029
105.276386,9.897165,249.711855
95.492619,8.191223,249.936280
87.059946,7.082311,250.694413
77.436647,6.541707,250.866066
68.506624,6.027486,250.335327
59.304249,4.994385,250.386856
48.362694,4.513240,250.639196
38.810346,3.502669,250.666626
25.730323,2.791843,250.683685
13.022816,1.440153,251.502129
5.684269,0.970492,252.048904
1.712960,0.791801,252.785915
0.805191,0.811107,253.822187
0.185647,0.586679,254.503647
0.184807,1.217008,254.234188
