1600
3
254.835733,1.470441,50.079727
254.761897,1.130459,44.348567
254.729081,1.072635,36.291374
254.786911,0.707311,25.873831
254.794613,0.578456,15.784811
254.847455,0.281620,7.429042
254.842278,0.208493,2.887262
254.820264,0.124176,0.926331
254.879932,0.091826,0.187084
254.615449,0.337883,0.273598
254.186704,1.323608,0.217420
253.529654,3.302748,0.220311
252.264426,7.491933,0.230276
251.194824,12.617800,0.480152
249.807475,20.047721,1.106474
248.423146,28.282357,1.643688
248.087591,38.883486,2.774896
248.029152,47.012259,4.453892
248.784710,56.219894,5.555506
249.094603,65.877555,7.285311
249.857731,74.756536,8.250414
250.136277,85.432754,8.462428
250.827650,95.060593,9.584706
250.229156,105.251858,9.449515
249.377804,113.438734,9.187348
249.732951,124.230076,9.323943
250.474221,133.770076,10.093776
250.809143,141.457582,12.864715
251.227652,152.232644,15.699721
252.038745,163.304248,17.101946
252.071578,174.163652,18.732322
252.199961,187.543426,17.699353
251.957027,203.186335,16.895403
252.001496,218.627756,16.290366
251.761080,228.274673,17.197621
251.606039,238.151903,20.712556
250.330622,242.662725,24.874937
249.744234,244.720808,31.484456
248.815228,246.209160,37.451006
248.067747,248.481468,38.585998
254.660767,2.439150,56.939801
254.620812,2.367478,51.046442
254.643401,1.756501,42.973945
254.670751,1.181854,31.779388
254.665250,0.828874,19.207218
254.652049,0.519284,9.942950
254.638239,0.370244,4.373378
254.649866,0.276936,1.693519
254.559099,0.265420,0.663184
253.849686,0.353235,0.319257
253.032768,1.235492,0.340316
251.455718,3.057750,0.282150
249.020656,7.153977,0.284787
246.797615,11.625094,0.512978
245.628591,19.710474,1.182455
244.826657,26.868349,1.640426
243.543646,37.030235,2.563392
243.712304,44.534804,4.287459
243.463934,52.523352,5.430089
243.759119,63.435605,6.512417
244.737617,72.013641,7.597188
244.820669,83.737807,7.826106
245.590938,93.190230,9.296215
245.180968,104.415623,8.908466
246.132886,113.719976,9.095438
246.870901,123.171985,9.161317
246.941765,132.524333,12.400970
247.794263,140.966352,16.245377
247.318147,151.383317,18.757533
247.387949,161.870724,20.906720
248.204866,174.078590,21.808280
249.497184,188.434205,19.323949
249.418067,202.702078,19.144810
249.981124,221.494608,15.519182
250.035955,233.965266,14.488947
250.135498,242.345085,16.912749
249.474853,245.263632,22.009179
248.351515,246.314827,32.462879
246.311563,246.946996,42.362037
245.242259,248.517907,45.175076
254.512888,3.612781,67.600241
254.582491,2.843156,61.830346
254.496643,2.388559,53.241323
254.351349,1.720790,38.962552
254.117163,1.154952,25.969589
254.361596,0.977652,12.828517
254.312701,0.969633,6.501557
254.145458,0.638024,3.237163
253.341784,0.441766,1.728162
252.104015,0.593642,1.095092
250.294251,1.067084,0.550220
246.620721,2.785081,0.526934
242.758537,5.949460,0.482136
240.091333,10.288793,0.707165
239.104761,16.325655,1.051786
237.140383,24.281732,2.086106
235.693200,33.695583,2.852647
236.583779,41.586457,4.114511
236.796821,51.279674,5.756947
236.532531,60.500564,6.716259
236.929502,70.526864,7.466083
237.509415,80.826023,7.591509
237.698915,91.466208,9.221492
238.393804,101.748985,9.333246
237.957177,110.933897,9.788818
239.293894,122.840508,11.665861
240.307304,130.872552,15.344233
239.905342,140.626384,18.326943
241.220103,150.150053,22.278150
241.690378,158.210951,24.240100
242.570468,169.455960,27.280429
243.480368,186.985736,22.812214
243.440748,203.829327,21.364582
245.944169,223.772932,15.956350
246.546194,238.221692,12.869549
247.953905,246.094608,12.966339
246.154795,247.211706,21.700241
243.720027,247.006465,36.200432
240.507589,246.315589,53.663322
239.378524,247.742548,58.976477
254.381798,3.966102,77.541732
254.261765,4.075694,73.640829
253.795191,3.849035,67.560480
253.775359,3.530577,54.056810
253.633195,2.754554,35.764576
253.664233,2.549561,20.570251
253.852954,1.857957,10.093275
252.773776,1.717219,5.676521
251.023738,1.217151,3.741772
248.761327,0.904801,2.650672
244.893531,1.178283,2.123252
239.649612,3.079723,1.676724
236.512285,5.084429,1.331611
233.988864,8.781487,1.229839
230.764088,13.782548,1.308888
226.027672,20.670551,2.154987
224.808293,27.959530,2.893541
224.729507,38.007549,4.072124
226.024313,46.381021,5.128461
226.499843,55.800225,5.773446
227.160024,67.683711,6.593597
227.319400,77.213011,7.666611
226.469440,89.323795,7.898836
226.614746,97.482772,9.132757
227.146377,109.750551,10.790010
228.281092,118.228669,13.146748
231.104702,129.180285,16.900510
230.723286,139.854313,22.229984
232.112850,147.315994,25.640995
233.188879,156.662812,28.151677
232.656224,168.983371,25.959096
231.854972,182.709555,25.428019
234.981536,202.835326,21.020437
235.549447,223.270377,15.734066
237.751117,238.659948,12.784534
239.810838,244.631308,16.571786
239.841887,246.755170,28.400389
235.496870,246.506674,47.657500
232.836947,245.763979,62.883913
230.052000,246.387749,70.370767
253.867189,6.023227,91.296199
253.540114,5.371065,85.661033
252.742201,5.382353,78.735149
253.075897,5.842265,69.825333
253.180187,6.981606,53.482767
252.696880,6.404379,34.211070
250.936912,4.721913,17.883559
248.032389,3.342054,12.758981
244.702136,2.792675,8.879578
240.787853,2.009630,7.341126
236.965806,1.321361,5.427411
233.666732,2.405559,3.415007
230.057193,4.593078,2.633539
221.909193,7.373081,2.752572
217.181121,10.130534,2.644334
212.509747,16.501281,2.797746
207.861371,21.932682,3.021381
207.866256,29.086275,3.599376
212.210816,39.399066,4.238787
212.448097,51.976298,5.312180
213.833000,63.467296,7.286260
212.627738,74.027193,7.340499
213.907452,87.111576,7.969395
213.950699,95.296476,10.500069
216.611165,105.777333,12.271701
214.523557,113.280642,15.511760
216.302065,126.800787,18.773420
218.367229,136.219643,23.524509
219.856603,145.090237,27.640427
219.649260,153.278176,28.930001
219.140618,165.218451,28.229681
219.251676,182.124460,24.792157
219.562583,198.326569,20.791927
220.783700,220.295640,16.651488
224.425752,235.826300,14.628903
225.334831,242.455752,25.980354
224.956155,244.193602,42.104455
222.434662,245.021049,60.136219
222.793680,245.157788,71.514666
222.928321,244.388223,78.431860
253.199150,10.311144,108.053687
252.890208,10.828367,105.650794
252.488467,11.125315,96.574875
251.683679,13.896474,87.526724
251.349207,17.311746,78.075714
250.163965,13.084720,59.452051
246.025163,11.675421,38.345523
242.248884,7.166133,23.950611
238.621169,4.154932,16.468522
234.771986,3.123556,12.864774
229.842037,2.007839,10.193422
225.069939,2.350861,7.625330
214.946897,3.472709,5.420421
208.489344,5.802783,4.420204
201.623022,7.617881,3.655633
196.975470,12.560893,3.572108
195.295704,17.646434,3.416012
192.721749,22.681942,3.366730
190.297959,30.005802,3.974597
193.704927,43.513219,4.342147
192.595557,56.420650,6.144850
193.929443,70.130229,6.822903
193.726868,80.243012,8.401490
196.376969,89.479974,10.450508
197.803743,100.701785,12.462851
198.457806,111.203874,16.363553
200.483450,121.606152,20.788282
203.526456,132.573071,25.136540
207.369435,144.323214,25.358875
205.925929,152.517967,26.764517
204.917276,165.605813,26.369502
202.688071,179.089229,23.777349
204.988997,197.635419,19.323943
203.952151,215.984407,18.709080
205.725281,231.244747,17.898218
207.207506,238.514474,29.608793
209.222956,242.511184,46.988336
210.648280,243.855894,64.210852
211.353539,244.494365,75.637058
209.365866,245.015358,85.913374
252.464798,12.700883,124.013499
252.127725,13.450230,121.196652
251.069458,15.934860,117.303950
250.372670,21.048679,110.299693
249.362731,24.615793,99.971930
245.177447,22.293556,86.551836
240.521603,18.007416,64.666381
235.665274,12.078802,43.027406
229.994559,7.288540,30.253797
222.413175,4.349545,24.721147
217.596807,3.302589,20.192756
209.595769,3.045916,15.571681
199.920491,3.352284,9.998991
193.116236,4.232698,7.150797
187.650517,4.903937,5.157128
181.796730,8.505501,4.152353
177.106842,12.047449,3.516948
174.627463,17.189620,3.392901
173.108172,25.628927,3.233163
171.836186,35.600683,4.036224
170.813053,48.783205,5.269733
174.521377,63.834449,6.459226
175.686034,73.167021,7.569535
177.255819,84.988031,9.804423
177.484782,95.038629,11.855877
181.712266,108.173099,17.181385
182.174180,116.024398,20.967937
184.910629,127.885656,24.546176
184.371253,140.116970,27.828267
187.384088,150.664140,30.257044
187.620009,161.653425,28.418674
189.854206,175.423216,25.463243
190.247212,198.276998,20.149165
190.177350,212.914776,18.346407
190.711898,225.454878,21.290819
192.402985,234.155796,30.014196
194.192305,240.902800,41.807574
195.014745,243.590329,58.726670
197.952868,244.039560,74.170327
194.963968,245.629265,80.086172
251.971398,15.252474,141.721289
250.811788,16.180930,141.955905
250.292897,20.732689,131.792388
249.517856,25.618666,123.565202
246.956600,29.800049,113.085194
243.227376,28.858006,99.565549
236.351649,24.089054,82.407726
228.712061,16.363981,61.839845
220.205731,10.240364,44.629587
213.140033,4.910926,33.529162
205.461152,3.125121,26.582382
197.292250,2.615231,22.316023
190.096050,2.932974,15.938361
182.629390,3.204216,9.337094
176.367573,3.777949,6.728023
170.620938,5.581648,4.844154
163.745121,8.153600,3.692763
159.404935,12.601374,3.034653
157.728739,19.406942,2.955184
157.034479,31.442463,3.282758
159.385026,44.067613,3.972371
159.173488,56.474732,5.595219
161.930910,69.642762,7.133311
160.480369,79.394113,8.529742
162.382632,92.766609,12.050189
164.364296,103.140427,16.644342
165.465120,113.741032,21.962632
166.851193,125.358144,26.894645
169.787259,138.097857,30.558574
171.593488,148.317405,32.841056
171.852123,158.897666,28.752992
171.917134,173.476212,24.304908
175.218704,192.549521,21.847366
178.558246,210.895944,18.850031
179.139448,223.174740,20.041729
179.586280,232.275777,28.461856
180.709857,236.053356,39.107689
180.970737,240.870551,52.077904
180.793410,245.106404,60.707389
180.114172,246.743488,67.271848
251.475190,19.718405,156.890593
250.873380,21.238014,153.054435
249.657587,25.036197,148.354695
248.708749,29.078732,138.930268
245.073359,33.310788,125.607152
240.444995,34.982352,113.972107
231.571691,29.427920,97.271714
220.482571,22.621292,79.878612
212.006642,12.628247,61.173908
204.187715,7.062861,45.724509
195.290507,4.667012,36.353015
187.331059,3.155884,26.450324
181.123766,2.964618,21.089384
174.228979,2.719235,13.516845
165.095570,2.865654,8.851253
158.166528,4.158966,6.481081
151.725060,5.805730,3.928626
147.265102,9.539809,3.361204
145.169238,15.414429,3.145402
145.137018,25.663209,3.041318
146.170313,39.878044,4.104535
145.618326,51.492572,4.832940
146.339017,65.277662,6.984960
147.975834,77.685471,8.025746
146.960690,88.209399,10.225217
148.706453,99.063207,16.812659
149.318727,109.573124,21.696097
153.616581,122.296615,24.937181
155.308597,135.730603,28.806356
156.352879,145.715872,30.626561
157.797844,155.630600,30.516573
160.087288,170.911764,27.640919
161.629046,189.725738,23.845787
165.069869,206.643943,20.443962
167.808464,221.348239,21.618262
169.256065,229.179658,26.980801
168.460264,234.777054,33.517988
169.567983,240.043263,42.164982
170.158032,244.539403,50.469358
171.909893,247.656435,53.477997
250.766619,24.397382,169.474778
250.172657,26.874608,164.522728
248.982839,30.443661,157.929243
247.112036,36.862822,150.430353
243.536318,37.931596,138.387802
237.638926,37.426939,125.650790
228.226401,35.030193,111.895990
214.930068,24.666573,94.103563
201.492068,14.630480,76.877815
192.299467,10.157067,60.294410
186.843116,7.384013,48.383078
178.837333,4.245246,34.204027
171.561205,3.860073,26.601275
163.844713,3.070489,16.625866
154.130596,3.071858,11.002549
146.851971,3.619054,7.620428
141.550770,4.615194,5.295011
136.416548,6.894631,3.741587
134.064510,12.143730,3.299048
130.364346,20.614700,3.160633
129.348645,33.139164,3.821918
132.345168,46.771491,4.406621
131.665572,60.732023,6.395732
134.203881,74.669162,7.891112
133.894105,85.386998,9.805028
135.799825,96.523123,15.982203
137.628397,105.693476,19.826130
139.045162,117.830178,22.303272
140.482495,134.683461,24.648021
144.097467,144.943182,26.350995
144.337057,156.415307,26.465879
144.985937,168.050649,25.615063
149.109083,184.465734,23.366653
154.365803,201.275587,21.385715
157.517656,216.888632,20.299455
157.222909,227.217655,23.663002
160.782078,233.423757,29.773464
161.759974,239.453134,32.231540
162.649920,243.751741,35.905810
163.512905,248.179471,37.903368
250.214351,34.617733,183.325379
249.450525,39.491442,177.262510
247.912073,42.748766,170.405264
245.080671,46.396894,160.466451
240.343558,45.185974,150.785824
231.024380,46.354036,137.607935
221.674111,39.534100,126.948876
206.335300,28.677294,106.033712
194.974218,16.842965,89.758852
184.792881,12.787488,72.073503
175.099974,8.617200,59.493573
167.418692,5.596810,47.756223
159.759271,4.799647,33.044774
150.431109,4.026083,23.095078
141.541795,2.610312,14.731561
135.175068,3.598801,9.950861
128.809273,3.958628,6.246077
122.312826,4.974577,3.901279
117.255809,8.946770,3.061069
117.560735,17.326210,2.975191
115.214126,27.942138,3.476368
113.924435,39.356268,3.628558
116.576858,57.665810,5.861347
118.636469,69.483370,7.905009
121.616634,81.578896,10.445405
121.420456,90.784481,12.538441
124.444146,105.155609,17.918923
125.911188,117.321469,20.730503
126.777055,129.648799,22.889242
130.236910,142.081662,24.561936
134.214969,155.128307,24.851174
134.982183,167.697222,23.016068
139.620723,179.676330,22.523730
144.055933,198.587194,20.539192
147.065409,215.715407,20.355664
148.796054,225.858863,23.568909
151.663547,232.089843,23.355556
151.729353,240.543903,27.629015
152.944930,245.501226,27.859668
153.456076,250.039381,26.663870
250.156619,51.008314,196.467953
249.139904,56.149603,192.086151
246.825121,62.418530,184.634755
243.755639,60.675094,173.865906
235.702931,53.950451,157.877981
226.780954,48.125948,148.093868
214.853797,43.009608,134.928096
198.955140,29.879002,117.948923
183.814047,19.960615,100.233762
172.954868,14.857901,84.159216
164.919776,11.310911,71.947865
154.908206,6.816719,57.093162
149.045387,5.387218,43.863562
139.890614,4.595738,30.797974
131.638198,3.007602,18.003028
123.913086,3.026786,11.630423
116.264694,3.526563,7.163100
109.757792,4.055987,4.502985
105.292680,7.701366,2.572445
100.037770,13.484234,3.106995
99.297833,23.537489,3.047629
98.987187,36.229395,3.634216
99.437485,50.450386,5.196616
105.299690,65.062877,6.488913
105.595895,77.772370,10.010114
106.838523,90.324965,12.279636
107.203143,101.798190,14.290919
109.610572,114.614360,16.358280
114.107432,126.755550,19.860853
119.057692,140.347303,20.537063
124.335699,154.821155,20.976313
128.144265,167.164045,21.913476
129.869033,178.777558,20.578189
133.890435,195.192528,20.256007
136.682327,211.348060,22.838092
140.066482,224.242864,23.369566
138.727479,232.565167,23.397293
138.279613,239.382628,23.424913
139.495180,245.071291,22.741228
141.017191,249.106165,21.575272
250.159365,67.603929,208.333999
247.901486,69.939949,202.487341
245.323019,71.931438,196.890803
240.677678,75.686595,190.147512
230.221731,67.410415,172.441061
220.486357,54.971198,157.952718
204.549549,43.103542,143.891093
190.001782,31.789980,126.720631
176.290353,21.941100,109.525218
165.237737,16.807989,93.478698
156.127430,13.330269,80.419824
148.818439,8.725843,65.327171
140.666407,6.834376,55.620105
130.830793,4.433044,37.955586
121.295950,3.826019,23.795819
110.337597,3.318128,14.063585
101.821499,3.350946,7.721294
94.764063,3.954674,4.511622
88.735041,6.717455,3.034542
83.213573,10.802301,2.308959
81.046707,19.574762,2.567467
81.008570,30.490364,3.242558
82.646857,44.145327,4.866320
84.214939,58.072674,5.631703
89.186420,71.763805,8.536598
93.009205,87.938407,11.343188
93.612998,101.144206,12.994172
96.498496,111.483766,13.993009
99.388131,124.577909,15.255606
102.071635,135.407897,16.408915
109.791986,149.914037,17.798272
114.442937,164.963950,18.494706
118.205405,177.057120,20.389153
122.854457,194.175880,21.448101
126.938975,209.801327,23.159021
128.790170,225.028316,23.637263
129.864839,234.662514,24.214118
129.744348,240.664138,23.504169
129.900697,246.160243,21.729490
131.448733,249.759478,17.898788
249.119233,82.276338,220.774060
246.571105,82.805562,213.915453
242.476499,81.591896,209.841521
237.078713,77.483998,199.330020
226.081726,75.050495,187.952776
213.250350,60.098533,169.082923
197.657627,44.520928,150.403700
183.037976,33.716007,133.706915
168.449074,25.340375,117.241336
159.144797,18.931091,102.769582
149.842149,13.880207,88.857131
139.926786,10.499208,74.917997
131.334154,7.528357,60.165381
122.506379,5.531401,46.939580
107.765656,3.629972,27.930365
95.304089,2.953976,16.197961
85.552825,3.086241,10.107266
77.199538,4.079125,5.267755
71.573713,5.365260,3.293187
67.938221,9.239545,2.314959
64.823749,16.383152,1.812664
63.934234,25.067232,3.046236
65.771347,38.721507,4.295827
70.377954,52.956084,5.527608
73.556948,67.924013,7.027447
78.446208,83.657853,9.004628
82.952164,100.375361,11.327922
84.300970,109.685640,12.487026
87.401654,121.811835,13.075494
90.737233,133.321083,13.810900
96.245027,147.414246,15.620889
100.142383,162.841486,16.247604
104.004313,177.182730,18.540770
106.666587,191.247329,18.808023
112.324996,208.348788,22.502209
117.131115,223.932079,22.530233
119.099571,235.156717,24.365548
118.809562,242.866901,24.144824
118.921186,246.907661,20.604552
119.863559,249.930889,17.102733
246.797535,93.112331,231.972603
244.296432,96.801435,226.196247
240.431760,89.545926,220.822746
232.272895,82.079709,207.955168
220.998226,73.247297,195.372518
206.665698,62.738548,177.713543
190.181755,45.044197,156.811617
174.727070,33.783322,137.515225
162.565195,25.028885,123.428080
152.682436,19.486633,109.163535
143.673931,15.186595,98.738538
132.801212,12.302418,82.441867
123.192156,8.580296,67.984945
110.357228,5.761924,52.869802
94.461054,4.232826,33.849446
79.969709,2.859340,19.335508
68.686901,2.977166,9.766925
59.713330,3.308650,6.171931
53.156866,4.032979,3.314641
49.107759,6.436492,2.356303
47.841591,12.784541,1.890637
45.907675,20.951258,2.736831
49.470495,32.304668,3.948537
56.987672,47.607243,5.009453
60.445001,64.172587,5.822207
64.214853,80.624475,7.545250
70.170151,98.571860,8.975288
72.002589,109.325665,9.554646
73.309549,120.593737,10.799974
76.006062,132.375645,11.475623
79.033133,144.364264,14.279773
84.339244,160.554316,14.774183
88.003143,176.879574,15.938609
92.792310,191.033342,17.040575
96.785862,206.885714,19.431385
101.149382,223.294625,21.073025
104.934411,236.156573,22.331901
104.690237,243.047834,21.865470
106.625607,247.414528,17.317977
107.862138,249.927232,13.834725
244.766199,100.037863,239.638163
240.480220,97.175212,235.112375
235.111008,89.899694,227.640148
226.925762,81.373578,217.812457
215.526791,70.873764,202.958788
202.026182,59.385035,188.928358
181.882223,42.981518,164.135968
168.179684,33.559991,144.485187
155.751905,25.521537,127.921192
147.279508,18.413898,114.607124
136.968605,15.256593,102.693035
123.944896,10.905513,88.656610
113.559929,8.153436,76.259145
97.038578,6.133636,58.178685
79.429921,4.215967,40.131562
63.953747,2.853652,22.696934
50.088498,2.036189,11.033550
45.501704,2.430233,6.291713
40.002179,3.378366,3.708410
35.055837,4.943749,2.356895
30.679425,10.506800,2.051992
31.341409,16.686214,2.170034
33.629523,26.055244,3.023011
42.632211,44.536540,3.908839
46.504663,61.289934,4.751492
49.086706,78.135539,5.897411
53.778060,95.443820,6.723186
58.136877,109.458833,7.514252
61.259198,121.694412,8.940451
64.316196,132.201698,10.383561
64.911164,146.449960,10.258100
67.595416,160.989354,11.237687
71.002613,174.904628,14.199051
75.250488,192.095541,14.586449
80.570690,205.814202,17.074462
86.650815,221.757818,18.230112
88.760642,234.074166,18.089969
91.467749,241.570040,18.309326
94.652704,246.650728,16.495890
97.928153,249.611340,13.455452
241.669333,84.434975,245.684959
237.152374,85.057732,242.826651
230.167711,81.074504,235.914339
221.598424,75.748457,227.625635
208.396208,66.923953,209.673509
196.889977,54.324279,193.453359
177.564179,37.915649,172.590104
161.912669,30.633675,151.927353
151.069336,25.255332,136.162230
138.644239,17.557991,120.337241
127.736200,14.710537,107.653765
116.030913,11.093538,94.206956
103.851622,8.369620,81.469578
85.784846,6.559964,62.308359
66.796226,4.037323,43.076920
49.077723,2.976557,26.386768
38.364324,1.864481,13.999602
31.382722,2.201257,7.605128
25.667712,2.941079,3.930433
21.399764,4.385347,2.350528
19.099130,8.441603,1.958161
20.651000,13.986186,2.100695
22.350871,24.094855,2.555714
27.500112,39.567585,3.068444
33.979551,59.642348,3.499493
38.337415,77.057906,4.607575
40.681297,94.977910,5.507005
43.885760,108.815157,5.030455
47.888952,121.192903,6.281527
49.675155,135.792074,6.241892
50.256191,149.870815,6.564377
53.288882,161.582137,8.538524
56.882278,175.777484,10.078007
59.549285,191.986847,9.938169
64.190517,204.276902,11.115482
71.124501,221.909036,13.566840
74.975513,232.279366,13.510768
79.591147,240.925150,14.716500
82.520737,246.113205,12.730707
83.724824,249.614089,10.663133
239.427453,64.552648,248.597306
235.730518,63.635118,245.786080
228.468230,65.553190,241.666121
218.994587,65.785036,232.399072
203.624826,59.532986,213.852421
192.188531,44.741078,197.550165
171.852162,31.863195,175.728822
156.952393,26.236474,156.288446
143.585834,22.055613,141.400970
129.250592,16.340040,124.486554
116.098225,12.824574,112.422275
105.855359,10.270020,100.833613
93.226265,8.347112,85.974862
73.676958,6.182229,64.731380
54.747888,4.217310,46.965649
37.787915,3.060887,30.094385
28.298290,2.213824,18.789571
20.752807,2.147665,9.857895
14.665591,2.595585,4.949756
11.744170,3.707291,2.782565
11.594639,7.231566,1.974286
13.090016,13.538075,2.246001
14.939838,22.559996,2.123262
16.641308,38.244754,2.735749
22.626815,61.034919,3.196557
24.939763,78.904393,3.269775
27.911597,97.391949,3.615124
30.002300,111.305146,3.585980
30.892962,123.894681,3.499182
32.084668,138.799542,4.236490
35.536730,152.267190,4.354956
37.564782,165.079671,4.989928
40.791386,179.528882,5.440892
44.433240,192.423639,6.924083
47.587623,202.660559,7.386545
55.461625,218.016131,8.616854
62.294703,230.675633,10.497889
66.024142,239.815867,9.778508
69.439048,245.581370,9.746205
71.512231,248.990093,7.834932
239.179312,46.150233,249.273738
234.583396,45.612194,247.112868
227.704117,46.821910,242.718223
218.735663,49.742787,234.908502
203.205147,45.152900,219.046145
186.683153,33.806659,198.907487
170.443173,27.281383,179.136744
151.939209,23.193441,158.803539
136.629307,16.796030,144.341697
121.507283,13.661720,129.147199
106.844545,11.958227,114.711131
96.583190,9.266877,104.803687
82.583804,8.160225,90.388384
61.884094,4.829029,68.458093
45.752009,4.161915,50.623450
31.500937,3.263614,33.820186
21.781828,2.392627,21.799661
13.248503,2.396906,12.441590
8.415253,2.699039,6.828491
5.600543,3.300679,3.400919
6.987862,7.334555,2.661442
7.771769,15.486142,2.345844
9.304704,26.446103,2.477605
10.220141,40.960344,2.419679
13.454638,63.435546,3.063186
17.058324,81.294062,3.035257
18.762155,101.701994,3.055443
17.122190,117.126235,2.778514
18.775986,129.758893,2.891910
19.369272,141.714892,3.004052
20.380642,153.638838,2.967604
23.433960,165.602661,2.571191
27.542971,180.037382,3.438867
31.481951,190.508705,4.024917
36.190451,203.852221,5.053190
41.586668,215.680476,6.659364
46.178542,226.583026,5.933657
54.340209,238.623390,7.726110
57.818296,244.485501,6.721842
60.523465,248.962834,7.052388
236.629130,31.758903,249.643245
232.508501,31.865732,247.038250
225.687694,33.945805,242.915263
216.890801,33.812590,236.651952
202.872814,29.220910,224.527858
182.409604,23.039211,204.384875
161.291825,20.805767,182.039270
140.756867,16.358303,161.603584
126.973703,13.830061,146.701035
110.735590,11.607989,130.456825
96.919073,9.032819,116.912312
85.523944,7.796729,107.792183
66.316483,5.952496,92.053557
52.059574,4.588074,75.850336
36.058819,3.767660,56.898618
24.395696,2.364330,40.035174
16.765605,2.132128,27.946037
9.619090,2.882239,16.799808
6.332998,3.282067,10.621513
5.068628,4.745880,6.829987
4.495506,9.054750,5.143068
5.028296,18.033981,3.697904
5.783039,31.653517,3.264962
5.563255,48.097894,3.126454
7.320964,67.187892,3.222042
9.452580,85.213343,2.842276
10.820001,108.291064,2.791717
11.486993,123.179807,2.491965
11.571130,134.445654,2.407787
11.394197,145.817957,1.645411
12.195044,154.337678,1.878980
15.925932,166.167812,1.966753
19.815940,179.486014,2.596964
25.053588,190.732081,3.101782
28.063838,202.397811,3.323693
32.342805,214.283273,4.286149
36.597040,226.138867,4.544693
41.235847,236.538051,4.736052
44.950887,244.627460,5.485345
46.321275,249.694187,5.838391
233.594068,16.689636,250.235289
227.818206,19.391076,247.716451
220.509921,19.764299,242.833060
209.342850,20.634458,236.431350
196.276445,20.559273,225.603952
176.012147,20.002863,209.594662
151.049619,16.486582,185.583942
130.702525,13.083911,166.571469
118.294326,10.570884,152.203180
102.341878,8.905890,136.472952
85.689668,7.222726,118.758572
68.683154,6.204290,107.243793
57.706296,5.133133,95.162466
43.072524,4.462055,80.189605
30.563043,3.172613,63.860787
19.973324,1.873888,48.904152
12.797948,2.158161,36.727393
7.612841,3.095565,25.829467
5.360256,4.308077,16.912611
4.166770,6.592047,11.856641
3.675684,13.677644,8.930092
4.172003,22.297785,6.614738
3.594963,37.670753,5.528942
3.378592,55.730502,4.748469
4.104068,72.677409,4.975606
4.293913,92.787372,3.716544
5.088973,111.598396,3.050706
6.179991,128.732549,1.974124
6.322565,138.131008,1.498114
7.339015,147.285847,1.330485
7.974907,156.178447,1.346126
10.388234,167.334656,1.376981
12.894749,180.998137,1.777900
16.747410,192.174381,2.290570
20.320566,203.637592,2.654548
23.864684,215.422022,2.672079
28.446442,226.279294,3.172945
32.477489,236.860502,3.706259
35.292617,245.906773,3.978520
35.459782,250.586123,4.107298
219.844565,12.895849,251.050722
216.414241,11.973869,248.295661
210.951362,13.588747,245.014094
202.066311,15.522152,237.891089
184.184061,16.778834,226.769278
160.215345,17.288759,208.216684
134.863280,15.409144,186.848995
120.092754,11.532509,170.890508
106.010351,8.862582,156.042929
89.969182,8.496920,143.529135
71.549349,7.072172,123.875161
60.405588,5.688776,109.826892
48.487691,4.916750,98.455857
35.174236,3.747820,84.395439
24.220980,2.815889,69.959272
14.958813,2.810197,57.896419
8.588953,2.829985,44.621705
5.080196,3.999163,35.400646
3.919106,6.402693,27.465691
3.540424,10.315144,20.831627
3.172113,18.035744,15.197968
2.778124,28.490563,12.001121
2.615823,42.029529,8.242703
2.630147,63.035498,7.605464
2.626378,78.800502,7.702504
2.010447,100.656596,6.391771
1.949287,116.688526,4.660966
2.662623,130.824031,3.186321
3.222633,140.385962,1.996816
4.090192,150.183506,1.869473
5.012027,159.991289,1.667600
5.984778,169.503119,1.562140
7.795691,181.137313,1.533875
11.251991,194.189492,1.901732
14.004916,203.165162,2.411861
17.899165,215.579642,2.138612
20.663631,226.358297,2.118376
23.501454,237.986260,2.462400
24.664629,248.144172,2.883266
25.466162,251.389127,2.968114
203.789320,12.271510,251.638406
200.906434,11.159043,249.899307
194.810905,11.451561,245.777067
183.626556,13.389553,239.375664
167.069571,15.095135,226.879778
144.272380,15.376051,210.085969
127.583261,12.725552,192.496791
109.887523,10.158701,173.336436
96.451018,8.546100,161.722822
81.917736,7.145552,146.396499
63.439480,6.830480,130.953843
47.571781,5.547577,114.646789
39.067733,4.866565,105.994216
28.274973,3.314242,92.486852
17.121097,3.566722,78.958173
10.820504,3.858945,67.655530
5.823053,4.560982,56.620524
4.304494,6.188971,45.016296
3.052017,9.801134,37.443661
2.830666,13.295762,30.079008
3.081415,23.325625,21.702267
2.887012,34.234665,18.841902
2.649316,52.335105,16.492876
2.071845,72.195773,12.879904
1.842638,88.868295,11.541459
1.503252,105.464083,9.964753
1.101954,120.663685,7.458676
1.183745,134.102225,5.711842
1.748508,143.324493,4.532448
2.311689,153.309117,3.187135
2.649502,164.145449,2.619765
3.131245,172.869589,2.302895
4.207620,183.148914,1.851929
6.545765,193.844036,1.455301
8.048069,204.559313,1.560138
10.707923,216.626357,1.589944
12.760336,228.785501,1.066739
15.647100,241.084079,1.049707
17.766974,248.740550,1.633781
18.466475,252.037528,1.809488
179.564548,13.256401,252.628164
177.749831,11.588471,250.917582
171.877653,11.537783,247.448713
162.867416,13.279348,239.425577
146.400979,13.120709,227.931052
127.239200,13.181646,212.403561
114.175790,10.777512,196.896035
95.343601,8.049731,179.832021
81.535825,7.350927,166.997787
63.214475,6.874933,151.263328
50.834898,5.959947,138.326591
38.479061,4.518645,123.343728
27.883538,4.688041,112.331677
19.480611,4.175968,100.304863
12.574432,4.807050,89.578774
7.047357,5.434749,77.792157
4.798177,7.483868,69.272445
3.267464,11.643919,60.028411
3.227796,14.039718,52.164233
3.573837,20.618442,44.831393
3.277964,30.793932,35.663531
2.625198,44.397923,30.509227
2.547405,61.588605,26.169005
2.261141,81.192075,23.161457
1.866382,98.067710,19.180503
1.509382,111.355766,16.784775
0.970381,125.226393,12.621582
0.699012,137.509721,9.932437
0.970479,147.562984,7.958428
1.381224,157.900576,6.134880
1.834896,166.828681,4.918728
2.375676,176.894166,3.831268
2.692471,186.691652,2.988146
3.167327,198.438088,1.763485
4.502278,209.265552,1.233482
5.009276,220.397309,0.773304
7.149801,232.556275,0.717285
8.324486,243.854114,0.716429
10.059883,250.837082,0.892509
10.392059,253.231430,0.990855
158.653915,15.521673,252.407506
156.637449,12.448608,250.585419
152.377172,12.016912,247.572770
143.524175,12.622854,240.681670
132.042745,11.589010,230.253213
115.778497,12.150106,216.303010
102.724431,9.647485,202.539704
83.872948,7.847949,184.573664
66.508357,6.215951,170.839471
50.983878,5.701109,155.153397
41.790841,4.974060,144.870020
29.035660,4.891584,129.409308
19.907367,5.264875,119.890123
13.847197,5.385189,108.914169
8.010115,6.105550,99.271798
5.999668,7.823592,89.633340
4.050220,12.338538,81.035720
3.866696,17.520663,72.863169
4.371179,22.396004,66.430382
4.172441,28.057093,59.521418
4.498057,41.670241,52.109896
4.879535,55.687671,46.035954
3.649885,73.866152,38.254120
2.625200,87.627050,34.603296
2.272458,104.327388,29.343694
1.726146,119.116393,25.316847
1.711613,129.537267,22.985323
0.822380,141.634977,17.092668
0.736673,151.696841,13.328014
1.073427,163.026209,10.617409
1.429494,171.188550,8.653461
1.705590,181.701126,7.031438
1.792555,191.332014,4.849810
2.202063,203.194046,3.412428
2.088609,214.442457,1.365075
2.540361,225.209100,0.722714
3.024258,237.604112,0.510749
3.518274,246.813676,0.520853
3.699895,252.196909,0.467816
4.336101,253.914657,0.459629
142.388749,15.011453,252.685375
140.229772,12.477992,250.707748
137.695863,10.311628,247.554796
129.713965,10.616121,242.193839
119.277361,11.260601,231.548740
104.582549,9.912442,217.788907
88.010562,8.580926,203.241098
67.052385,6.517627,186.423975
55.347856,6.355012,174.124129
44.100648,5.681457,162.326191
33.490396,4.897564,151.526424
21.981994,5.265626,138.024628
14.763662,5.737940,126.188455
8.718518,6.472618,118.214002
6.123016,8.650240,109.091322
4.598705,12.030707,100.541276
3.983050,17.628494,92.621519
5.055804,24.844247,85.159827
7.263867,33.144982,80.469994
7.407761,40.000919,75.383613
7.788220,53.144982,66.661576
7.477836,67.719312,60.294508
5.548895,86.677497,55.083298
4.773162,97.599887,49.651163
3.714068,112.750463,41.654956
2.263591,125.053341,35.815443
2.136791,135.073068,32.788918
1.303184,145.615101,26.484220
1.031780,155.608837,22.525546
0.995030,167.715915,17.691461
1.099902,177.564215,15.319758
1.119087,186.035820,12.133570
1.457378,195.599572,8.202532
1.452241,207.310246,5.071665
1.245493,218.851544,2.317798
0.972034,231.102587,0.943499
1.163469,243.118854,0.570329
1.437714,249.773141,0.263728
1.381220,253.422690,0.205081
1.380721,254.491695,0.220567
127.774973,13.950974,252.365153
126.209949,12.728490,250.913871
122.441722,11.186636,247.044577
116.185235,9.487245,242.124421
103.361429,8.498300,231.409283
91.689422,8.657726,220.243246
74.965167,6.814054,206.575908
58.875513,6.401719,190.322226
45.160213,5.508324,179.259282
32.903899,5.164035,169.285325
21.577523,5.640099,157.062528
13.679824,6.206318,148.680969
9.717494,6.970688,138.961139
6.544328,8.565154,127.125687
5.135212,11.816329,118.242482
5.000848,16.993232,110.158779
6.387217,24.199257,104.508345
7.880720,33.167580,97.604849
9.057248,44.290581,92.824404
10.244114,52.804621,88.516011
10.019596,67.986459,83.800718
10.543649,82.685552,76.313782
9.654597,93.892157,68.905234
7.469004,108.227205,63.462268
6.762286,120.927332,57.147240
4.752455,132.383867,50.339251
3.968548,141.250018,47.050895
2.486947,154.158283,39.173250
2.003830,161.831674,33.817557
1.404696,173.264357,28.168689
1.141424,182.179465,21.571469
1.113304,188.683709,18.542675
0.865626,199.985372,14.315901
0.711145,211.434925,9.463485
0.772097,225.026816,4.759873
0.689415,239.634362,1.640180
0.554931,247.118635,0.713817
0.372868,252.037432,0.372839
0.317979,254.102741,0.231794
0.349718,254.713839,0.216282
116.204513,10.804285,252.344840
114.089352,10.372307,250.732653
110.100732,9.127655,247.019914
102.405239,9.345716,241.790833
92.640614,7.520782,232.889314
77.724637,7.184879,219.305778
63.434878,6.947174,208.409324
45.314385,6.574545,194.864444
32.273673,5.605653,182.572814
22.673112,4.696468,173.853527
15.452516,5.874415,163.140504
10.540332,6.714614,155.327140
7.213066,8.102652,146.787013
5.667318,11.535765,138.608079
5.017296,16.142118,128.411465
6.373619,24.130868,121.551942
7.128672,33.532415,115.249634
9.032412,43.342737,108.937201
10.895365,52.426863,103.275137
14.063585,66.259424,101.159129
15.353037,79.973302,96.087349
16.437350,95.578206,92.061965
13.553133,107.179733,87.217906
13.112313,119.698428,79.706708
9.640672,128.913113,72.018990
6.794979,140.083021,63.535670
5.921191,149.631419,58.857957
4.240361,159.886845,54.152923
3.532182,168.764054,47.064361
2.475509,176.319012,41.424183
1.318351,185.684029,33.205659
1.049603,193.280901,27.043152
0.826576,204.181249,20.890709
0.696037,218.647522,15.256619
0.575139,232.229951,9.322628
0.454551,243.211458,4.387472
0.242731,249.450762,1.824918
0.164903,253.486592,0.856197
0.106850,254.613418,0.423068
0.053842,254.923022,0.162194
103.019863,10.594698,252.292593
100.304387,10.964691,250.440348
97.241668,9.595084,246.779784
91.791377,8.386627,242.401160
82.200990,6.539688,233.501433
67.016650,6.090654,223.176156
48.676185,6.573559,208.448970
34.853072,5.724285,197.068912
23.750280,4.396352,187.591218
16.609668,4.585520,178.129984
10.580051,5.319515,169.588069
7.054383,7.017370,161.382366
5.814338,10.949430,155.031213
5.007946,15.664740,146.734294
6.101157,24.459728,140.121873
6.741856,33.358875,132.861756
8.668194,41.243082,126.374784
11.407221,51.124927,119.443558
14.076132,65.675032,114.845885
15.797459,78.695771,111.263543
19.085859,92.430481,107.361964
20.479579,107.568536,103.370602
19.108485,117.518537,98.783239
15.916728,126.793648,94.208142
13.459937,136.513944,84.048130
9.588023,147.331888,77.348621
7.966780,156.531163,70.117210
5.389661,164.762951,66.495995
5.251490,174.017978,61.687028
4.040145,181.080658,53.515016
2.614377,189.011798,46.572393
0.952456,200.256753,39.283132
0.772580,212.197999,31.642941
0.669758,223.752331,26.423307
0.479185,234.938693,18.271571
0.237926,245.511975,10.599183
0.180203,251.639078,4.978567
0.128790,254.188322,2.306110
0.111663,254.728881,1.322380
0.106623,254.876331,0.780500
91.838135,8.508917,252.583244
90.405010,8.728465,250.826820
86.398087,8.870711,246.993000
82.100481,7.496999,242.249713
69.756926,5.928915,234.103674
57.207450,6.616183,223.323682
41.566169,6.303617,210.052317
27.737386,4.819302,198.045037
17.482040,5.121429,189.805660
12.193245,5.564834,184.163615
6.485201,7.209934,176.377797
5.708701,11.456513,170.532365
5.213505,16.308101,164.763509
5.239318,23.477797,156.342905
7.325025,32.356715,151.265159
10.643786,46.555550,146.704214
12.911295,53.760067,141.379272
15.994235,65.849167,135.823049
18.515740,78.286201,128.882204
22.364031,91.238236,123.330572
22.712533,105.414731,118.467036
24.726217,115.531606,113.907950
23.520921,125.806123,113.080794
21.340248,136.354840,106.364630
19.052830,147.728641,102.433216
14.873833,154.825285,93.539691
12.738636,165.218870,85.943430
9.887895,173.847863,81.813597
8.755474,182.233526,78.827770
6.754238,188.021608,70.293731
5.274174,197.413324,63.285819
3.299631,207.784347,54.235111
1.502432,218.643095,44.262213
0.998340,228.571743,37.081387
0.576252,239.401715,28.247001
0.185488,247.764360,17.591777
0.211295,252.168989,11.516467
0.259755,254.176491,6.468435
0.209710,254.722956,4.080110
0.199327,254.859096,3.049692
81.381496,7.496838,252.880596
80.215346,7.727025,251.113812
77.361813,8.280164,247.633178
73.694540,6.045087,243.015133
61.980216,6.526941,233.623012
48.987634,6.539752,223.912261
34.714384,6.642234,213.106813
21.004639,6.451527,201.695831
13.214812,6.639071,193.285912
8.598357,8.373496,189.259871
6.450812,11.885415,183.817856
4.874489,15.844912,177.723201
5.264001,21.513109,172.497283
6.476697,32.369313,167.069298
9.030625,43.713081,161.677503
13.210004,55.485657,155.617867
16.373966,64.017165,152.047302
19.678050,77.345966,148.526368
23.723924,89.825475,141.700854
27.028547,105.589741,137.769967
29.082978,119.013980,131.529131
30.174079,127.447868,126.223085
27.982247,134.275393,123.421556
25.401843,144.436606,120.736027
21.864810,154.132518,113.880547
17.244318,166.068675,108.986395
15.844891,173.656813,100.590449
13.429140,182.959626,97.743442
10.215883,189.516474,91.445123
9.727356,196.117637,89.220389
7.818297,205.190364,78.814395
6.206086,215.108267,71.672759
3.250786,223.687367,59.830312
1.387106,232.011932,48.556172
0.771682,240.879533,37.414794
0.773393,247.483934,29.202997
0.583833,251.847098,20.706020
0.437140,254.161621,14.543142
0.387458,254.647261,11.207909
0.356530,254.835909,8.594359
71.366827,5.974005,253.137002
70.216374,6.536283,252.309852
68.130680,6.544417,249.166864
60.681982,6.261816,243.671903
52.585259,7.704762,235.148113
39.313212,7.123751,224.319381
27.143963,7.304361,215.038776
17.003799,7.992364,205.513935
10.478775,10.027855,199.578660
7.074344,13.610151,194.435407
6.093496,18.060427,191.203921
5.308138,23.641835,188.711021
7.069772,31.545583,182.149680
8.061862,41.203220,176.121336
11.607430,52.712576,171.038035
14.990798,64.857140,165.275877
18.737945,76.880545,163.898630
24.881485,90.200353,158.175892
28.823021,105.755997,156.251102
32.165697,118.966112,151.290015
36.232491,129.564331,146.974333
36.042735,138.728751,142.410099
34.958259,147.108538,138.391173
30.670884,155.511906,133.749074
26.380774,167.410136,128.949494
25.150962,175.171518,124.957711
19.058320,185.309087,119.347185
15.937099,193.347711,114.520588
14.030578,200.562998,110.160126
12.719821,205.968513,105.551970
10.842385,214.228667,98.626529
7.383789,220.511772,87.493721
4.882152,227.874053,72.837437
3.087534,235.826006,64.184800
1.070262,242.272190,54.739049
1.386852,248.526662,41.673496
1.340242,252.195259,34.276678
1.001188,254.017053,25.475211
0.995292,254.581645,21.476387
0.979380,254.787128,18.287500
61.052438,4.865115,253.407397
60.026675,5.343854,253.000992
57.016829,5.630611,250.234421
51.539292,5.269744,244.824188
43.341565,7.288040,237.605341
31.974369,8.621613,227.762125
22.854730,9.361117,219.983319
11.334259,13.943544,212.587451
7.490527,16.757118,206.343313
6.643505,21.600340,203.042307
4.680428,26.775109,198.965775
5.613036,30.728718,195.917291
7.617672,40.030370,191.831100
10.138528,51.049338,189.067221
13.406527,63.639928,182.418355
18.534773,79.057515,179.688077
24.514728,92.251353,177.631218
31.096460,110.414134,177.642582
33.338789,121.409127,171.905963
37.466816,135.631463,170.172616
43.067758,142.599077,163.308718
43.445251,155.871174,160.114400
42.852162,162.114142,154.544152
40.951310,171.366594,152.562022
35.332915,180.727812,149.454687
30.730344,187.671795,146.155360
23.972910,196.181600,136.867730
18.247020,203.393111,129.909015
16.708936,207.923830,126.359950
15.301305,215.682090,121.930511
12.864923,221.136672,112.204716
10.322997,225.993840,104.450396
5.619162,233.262692,87.441263
3.469454,239.674392,80.145165
2.386544,246.097463,69.366774
2.247028,250.382005,59.442066
1.541130,252.560490,48.079769
1.636209,254.183433,37.851139
1.924166,254.557969,32.458899
2.052888,254.717495,28.697683
44.808551,2.364697,253.948773
44.085055,3.111009,253.542689
41.300280,3.907684,251.973546
38.630783,5.672143,248.437049
31.675689,8.363987,241.308694
22.359455,12.157700,231.447974
16.461110,14.843301,226.088523
9.149911,21.559284,218.946111
7.296394,27.173442,215.341619
5.114287,32.963110,211.517961
4.589274,36.848497,207.989678
6.421628,44.464033,207.295267
8.826002,55.646395,205.908458
12.023541,68.655858,204.567063
18.453338,82.293484,201.075007
24.829789,99.324686,198.474978
29.463299,111.038244,194.147879
36.654476,123.168526,192.401470
42.461307,136.947550,188.843095
49.850778,150.149183,185.367965
51.113711,163.748308,184.596381
54.337577,174.346387,182.000153
58.153057,186.850096,180.504186
55.257658,194.798474,177.186103
45.450877,198.320233,169.164589
37.834801,200.396655,164.419596
26.528321,207.432886,158.733922
19.059937,217.749089,157.232029
18.268397,220.355016,154.750615
16.360320,223.871511,142.028479
13.492862,228.105810,126.582872
10.430443,232.817691,116.917073
6.964419,240.784508,108.680181
4.025436,244.666299,96.265419
2.766066,248.866911,84.081786
2.538906,251.851384,73.476251
2.383425,252.895422,64.117991
3.010328,254.071889,52.571985
3.768345,254.399698,43.237156
4.364354,254.611952,38.921683
30.636638,1.861442,253.397008
29.658022,2.332238,253.227513
28.309456,3.891638,253.237141
26.558238,5.934926,250.798735
21.406465,9.072980,246.508118
17.005096,16.541397,239.349235
9.964499,23.428673,232.498229
7.260322,30.793607,229.275479
5.474007,38.333072,225.197976
5.029307,44.711241,223.146550
5.085106,53.042606,221.237983
7.190254,61.613770,220.555963
9.924237,74.682869,220.457368
15.039948,90.082670,221.633732
21.139115,105.162117,221.454916
30.029972,114.763526,218.482684
40.054963,126.255871,213.375451
51.176199,137.596430,209.482716
55.161375,149.304819,206.288497
67.891024,171.588293,204.792138
72.893748,184.691827,202.414353
76.140519,198.682073,197.257875
78.669413,206.439483,195.808407
72.691705,209.668456,192.273555
61.556462,210.916485,188.394924
44.398285,216.986369,187.735583
25.385800,224.260955,187.858469
18.858843,228.300010,184.539615
15.786812,230.889611,181.628026
14.343644,232.960444,172.994496
12.454181,237.765000,157.180959
9.262194,240.941448,139.847996
6.667170,245.183659,120.246194
4.588352,248.490326,108.201060
3.166699,251.381224,98.428017
3.377374,252.522337,88.241109
3.822170,253.637567,76.571393
4.983249,254.222712,65.382371
7.003179,254.312437,55.921614
7.449809,254.493032,49.414998
16.577099,0.851738,253.237491
16.682132,1.497702,253.137359
17.311061,3.259117,253.110144
14.204388,6.443070,252.086874
11.821122,11.584926,249.748846
7.554060,21.072896,244.675623
6.157004,32.422965,241.092092
4.465895,39.229857,237.461937
4.035527,49.099052,235.396683
4.154966,55.054640,233.480677
6.498279,65.114804,232.825546
7.231514,83.276731,233.189468
10.592005,94.472356,234.785843
15.388929,107.501956,235.464578
26.609657,117.395812,236.509652
36.801004,124.824941,231.865098
52.634630,137.547165,229.900332
64.741410,149.089924,225.996245
81.397007,165.151995,224.511247
86.437658,181.056596,218.355390
91.682026,197.093082,216.629660
92.955965,208.373117,210.693282
89.347290,217.121607,206.572321
84.755181,221.479922,204.278900
72.452469,227.381132,207.628391
43.125688,231.135654,212.704837
26.686716,232.885728,212.290574
17.643658,234.564580,207.372945
13.456262,236.520653,204.924836
10.363802,240.249678,196.004902
8.905316,243.926440,178.914657
7.637003,246.778489,162.843680
5.621860,249.578909,141.435664
5.084234,251.189905,122.693254
3.663680,252.599267,110.007723
3.926432,253.382730,101.100035
5.400612,253.892866,89.327891
8.028436,254.017713,78.949096
8.614400,254.342105,69.534756
10.163000,254.464971,61.451212
6.839022,0.548606,252.755379
7.258916,1.257106,253.015269
7.037701,2.914524,252.813790
7.853836,6.966865,253.023322
5.089193,13.076454,251.790190
4.459564,23.722549,250.455357
3.050403,36.623281,246.385947
3.585414,48.167796,245.027465
4.300429,57.119547,243.667190
6.069795,67.835240,243.367221
6.090606,85.574327,243.699606
7.433246,97.480068,243.751903
10.000189,109.555142,243.773379
17.149684,118.862405,244.730506
25.957088,128.324774,244.422919
41.786939,136.619712,244.359039
54.926822,145.957182,241.960441
78.485910,160.418083,240.110450
88.739589,173.096954,236.783583
101.981365,191.414625,232.427506
107.311683,204.816707,228.681732
109.549700,216.922328,225.344387
104.960869,228.125704,221.683818
90.092609,233.516508,223.515478
68.163475,237.108711,224.591574
48.828322,239.851767,225.502456
26.808677,238.645897,226.187011
16.392296,240.259672,224.219914
11.425583,241.987016,221.545814
9.961385,244.561721,210.641416
7.239575,246.663607,195.728212
5.874672,250.201880,178.259033
5.829554,252.201940,158.450743
5.490257,253.058216,140.609323
5.469828,253.638749,122.433810
6.230129,253.752111,113.238677
8.924448,253.874591,100.078738
10.463882,254.073035,87.719817
12.203579,254.248545,78.698048
12.501271,254.300584,70.578618
2.534135,0.327908,251.511772
3.073485,0.746170,252.665820
3.337687,2.651293,253.296488
3.000824,7.118518,252.967487
2.794914,15.229281,253.118516
1.997936,26.508809,253.157240
2.599570,38.524102,252.032928
3.173108,52.590424,249.717972
5.388412,63.238752,248.340396
6.071413,77.302165,248.499573
6.214545,90.242487,248.465810
7.158801,103.288299,248.166383
9.836470,116.076068,248.261324
17.523740,126.090052,248.278819
27.136423,136.185085,248.741684
41.061302,143.206964,248.644375
62.336807,155.091346,247.750607
79.311059,167.255038,246.795045
98.639209,178.574968,245.351697
112.782518,197.173816,241.748030
118.036404,211.074998,237.388128
119.622602,221.734278,235.615225
108.786383,230.343860,232.219828
92.035938,237.769100,233.657279
71.940856,242.077274,234.850528
48.170114,242.490145,237.518039
27.456326,242.201157,238.315185
15.905686,243.342939,236.358457
10.666957,244.538268,232.333582
7.341135,246.594758,222.958416
5.879673,249.103390,208.154778
5.325077,250.787597,187.500918
5.844052,252.894554,169.841830
6.667622,253.601346,150.739248
6.555753,253.859106,132.004249
8.402459,253.860085,121.059377
11.395393,253.940831,108.164079
13.504734,254.237204,95.125227
15.414903,254.255716,84.984288
16.378179,254.410525,78.162547
0.439459,0.228575,253.149299
0.587960,0.722689,253.251134
0.814745,2.660789,253.282880
0.884048,7.108811,253.096450
1.469311,15.840870,253.111232
1.760057,25.766455,253.248491
2.294508,40.327323,253.800993
2.750608,54.104463,253.396201
4.545320,65.177540,252.178676
5.148888,82.476360,251.609212
5.733455,94.419309,251.494409
7.277560,108.883371,251.444711
9.022124,121.547993,251.432325
17.419648,132.432339,251.023900
25.808088,141.192812,250.315065
37.641764,147.415366,250.243461
61.470960,160.387634,249.683559
79.386228,171.860863,249.022429
100.241465,186.491239,248.684595
111.193652,200.315907,247.695828
125.087432,216.379458,243.754292
127.177298,226.339399,241.048310
115.236833,233.740546,240.916498
88.715985,240.174542,241.407856
70.475186,243.339949,243.468937
47.730501,244.103226,244.325389
26.563306,243.036293,243.822102
13.367097,243.572197,242.575928
9.074017,245.435300,239.535036
6.770368,247.612503,231.420664
5.808928,249.644283,216.440193
6.358598,251.260169,197.294009
6.705783,253.258828,178.397595
7.533689,253.516590,161.294904
8.547809,253.850346,142.040946
10.434244,254.142621,125.751698
14.040054,254.211821,115.115481
16.495957,254.112972,103.593851
17.429901,254.370437,92.595274
16.717986,254.359462,84.282333
0.086064,0.111159,254.316531
0.163566,0.546052,253.672619
0.241279,2.408915,253.219864
0.458061,6.557272,253.282074
1.108938,15.305183,253.258900
1.442895,25.519530,253.396195
2.091446,41.532924,254.115209
2.891449,53.666083,253.914843
4.672453,67.232558,253.348230
4.924675,84.089063,253.316230
5.867825,96.127050,253.162747
7.597697,109.494609,252.731392
10.410447,120.792225,252.606204
17.573889,135.105550,252.232304
23.980444,143.380979,251.982925
36.575749,149.296692,251.443066
61.300174,164.542264,251.130565
80.017024,176.663501,250.668726
100.072897,189.963301,250.670532
113.115206,203.918076,249.942460
127.785845,218.470285,248.171307
135.279840,230.086703,246.534551
115.886132,236.125018,245.754749
89.398787,240.846232,246.709567
68.074979,243.624838,247.011226
44.562302,244.030542,247.493247
26.906657,243.310432,246.541039
11.973198,241.849226,245.650236
7.769442,246.460468,244.014854
6.797919,247.921957,235.110235
6.457689,250.098387,221.090214
6.793165,251.174079,205.026081
8.200757,253.019186,186.298215
9.545616,253.884536,169.298063
10.669822,254.182406,148.215021
12.806101,254.278370,131.369594
15.984513,254.262026,121.041333
19.150950,254.036668,107.144390
17.341263,254.276880,98.310472
16.626343,254.271554,90.743108
