1600
3
237.392994,240.732733,81.558418
238.857219,242.205193,71.267774
237.396123,245.990350,59.862569
234.073299,247.710723,47.821784
228.618539,248.644313,36.719995
218.455273,249.480004,30.586618
207.973184,249.850127,25.669676
194.330820,249.746067,25.105684
179.457271,247.952174,25.994017
169.903960,248.137512,26.792097
160.506964,246.956015,25.403966
151.544143,246.659801,22.877113
141.613567,245.021236,21.128064
131.327811,244.979735,21.384032
119.813546,243.279868,17.233855
111.117352,241.624129,15.466022
100.848569,240.548126,15.795165
91.059730,239.915778,13.312704
80.019911,235.666515,10.877853
68.877681,230.435429,9.166673
58.903138,226.385283,6.670359
49.192405,221.061319,5.306274
37.505749,214.410509,3.741657
28.024237,211.290366,3.461889
17.971316,210.679774,2.317745
10.799208,215.574197,1.500448
7.697743,220.112220,1.682895
3.823794,231.420747,1.171115
1.514838,240.730019,0.462711
0.884840,248.393808,0.468215
0.508614,251.545307,0.498298
0.406317,253.790128,0.413601
0.282657,254.647488,0.314809
0.170320,254.931627,0.229480
0.537099,254.916491,0.718326
1.849195,254.922238,1.307155
5.478782,254.918667,2.673592
9.619532,254.908693,3.447111
12.533152,254.883958,5.628166
15.676834,254.881921,9.227380
241.256034,236.571659,74.521766
240.721418,240.170520,66.256916
239.736264,243.435101,53.477936
237.497616,246.288130,40.464300
232.762233,247.391763,29.914952
222.992803,248.783569,23.602351
211.173886,248.397558,20.945392
196.855925,248.024826,20.734514
181.635585,245.886214,22.665098
169.675839,244.490193,24.345871
160.916848,243.624413,23.248074
152.407824,243.006467,22.242645
142.059856,241.033402,21.096318
132.005261,241.313747,20.957511
118.494673,239.665160,18.951602
109.542936,236.924416,16.561560
99.744530,235.448461,14.809823
88.241776,232.455407,12.153984
77.361604,229.493367,10.495938
64.915291,223.718717,8.077755
51.841075,217.784470,5.935671
43.589890,212.856264,4.719319
33.730090,207.532970,3.381160
23.980667,203.895721,2.776500
15.201759,203.234583,1.959082
9.455263,205.675178,1.376617
6.315323,210.994650,1.689114
3.485897,223.511606,1.556864
1.461840,235.266491,1.067795
0.742412,244.877585,1.248681
0.426481,249.457729,1.204791
0.388570,252.964398,1.094100
0.304789,254.295974,0.937264
0.248281,254.742101,1.272956
0.683323,254.862245,2.164625
1.798011,254.889818,2.962532
5.993172,254.856458,5.408784
9.422805,254.835997,6.984933
13.083755,254.823465,10.501127
16.388963,254.801603,17.228800
244.054152,232.557169,62.681581
243.479957,237.139658,55.290687
243.000046,241.597897,43.317344
241.154032,244.418551,29.767630
237.931590,245.927299,21.023510
228.226071,246.597453,16.856758
215.606057,245.759803,15.306127
201.794290,245.444781,15.468769
182.712006,241.717111,19.351308
170.647485,238.297938,22.224109
161.303698,237.131273,21.786996
151.998991,236.090958,22.180949
142.268824,235.495089,22.520416
131.818982,233.784736,21.070259
117.212960,232.449659,17.588191
106.453078,230.395326,15.895636
96.097198,226.811190,13.940752
85.917836,224.837390,11.403559
74.555463,221.118682,10.097468
58.760978,214.001034,6.889603
48.304422,209.999838,5.246408
40.597130,206.126163,4.167561
30.304066,201.083451,3.254121
20.138836,196.044202,2.424593
13.735758,197.555044,2.016209
8.121926,201.072808,1.768343
5.362822,205.687726,2.039901
3.326770,213.735661,3.134755
1.659900,228.842873,2.728406
0.925333,239.687550,2.768661
0.393568,247.685437,2.326323
0.382822,251.572354,2.885207
0.308077,253.563781,3.258238
0.419060,254.389601,4.159730
0.795494,254.608425,5.713546
2.008206,254.673944,8.596501
5.953280,254.803368,11.041878
9.676758,254.718876,13.398716
13.532582,254.648469,19.177434
16.640650,254.492670,24.933054
246.615383,226.343926,53.147804
246.432239,232.014757,43.889320
245.636914,236.136795,31.900115
243.987265,239.852870,23.856787
242.750543,244.609048,13.481053
230.908606,243.927107,13.944969
217.446680,242.371013,14.424168
204.518316,239.558410,15.144003
182.376764,234.044279,18.459401
168.715042,231.108567,21.703750
159.793857,228.344965,21.684819
151.382574,226.215712,22.376835
141.238693,225.239491,23.778040
129.353183,223.837947,19.992497
116.978837,220.577448,17.057647
106.078750,221.720258,15.726105
93.895761,219.368708,14.027551
84.321595,216.934474,10.936572
68.901688,211.022746,7.796509
52.404758,204.030000,5.370639
43.827348,199.344996,4.355386
34.887137,195.180862,3.341888
23.455855,189.838362,2.603262
15.484611,187.348062,2.201164
10.601928,188.764593,1.759176
6.493188,192.929862,1.787713
4.028767,198.476746,3.354863
3.178412,206.214312,5.282042
1.717174,219.261939,5.368987
0.754850,232.062957,5.635190
0.661268,244.283751,5.225700
0.446656,249.883382,6.096065
0.469901,252.380218,7.259218
0.652600,253.525830,9.792717
1.143060,254.206636,13.486745
2.587893,254.303191,17.503298
4.604068,254.448239,21.281149
9.191631,254.611753,26.823392
13.734340,254.469809,33.624120
16.239020,254.412423,38.237744
249.227266,216.579246,41.899630
248.170268,221.548021,35.053461
247.854142,227.109383,25.899423
244.386009,232.949557,17.461224
240.280443,236.012644,12.877941
232.276873,236.442309,12.741704
218.318881,235.704412,12.591596
202.318286,229.334320,14.935405
181.760589,225.126778,18.816784
168.543832,220.545039,17.993162
159.170910,218.386724,18.353069
150.284936,216.820479,20.323607
138.430647,213.495803,20.630733
127.285014,212.073890,20.025016
114.970303,211.256370,16.841915
103.805775,209.415999,15.268107
90.761907,208.024667,12.145320
75.147908,201.991766,8.945718
62.460163,198.054543,6.417418
47.607469,193.536026,4.327403
39.688370,189.347210,3.091504
28.863912,183.972118,2.755370
18.834028,179.449219,2.199275
12.702567,179.502464,1.964077
9.101964,182.926649,1.981988
5.070527,185.494687,2.853139
3.303275,191.783798,5.138074
2.325017,197.523307,7.420970
1.845829,207.399192,9.921482
1.363569,221.969501,11.387244
0.661342,237.290456,13.517087
0.604917,245.848101,13.904388
0.797502,249.814525,14.566651
1.056348,252.253099,18.305064
1.821832,253.132467,23.700848
2.718719,253.772271,29.776233
5.168548,254.042463,36.663003
8.777203,254.128046,44.833021
12.693049,254.282564,51.113223
15.412661,254.237108,49.729712
251.004467,203.388945,30.532917
249.769486,206.659707,24.984129
247.552110,213.850599,19.645576
245.293613,220.797836,16.310440
239.916208,225.543579,12.151959
231.784308,226.820433,11.527441
215.760488,224.940025,12.435303
195.767795,217.990924,17.012054
179.630378,212.847212,17.398372
166.867320,209.241525,16.796810
156.603304,206.032338,17.086895
145.731313,202.280381,18.202505
136.509065,200.232262,18.425930
124.191065,197.888318,16.916893
114.691470,196.506041,16.279807
100.046442,193.728168,12.514591
84.635201,187.598494,8.098658
70.038448,185.685860,6.693525
56.313633,182.468511,5.012576
42.258268,177.902954,3.128688
30.973762,173.525141,2.554504
21.281350,169.438361,2.396849
14.991677,169.894787,1.819540
9.822922,171.142071,2.227077
6.586088,173.850148,2.549648
4.323221,179.866328,4.042256
2.605887,186.338387,7.027117
2.278357,191.925410,9.999454
2.336583,198.407383,14.707886
1.969868,209.493595,19.599326
1.065325,227.990708,22.393984
0.878725,237.630694,24.898192
1.578403,244.510113,27.896735
1.674283,248.982405,31.466325
2.454181,251.027480,38.524510
3.655181,252.433067,45.272185
5.953010,253.208860,52.924877
9.070636,253.471740,59.230953
12.163020,254.021104,59.640244
15.306939,254.069787,64.835324
250.828512,192.361984,27.817662
249.400474,196.075362,22.958323
248.523125,200.247663,17.297097
245.884776,206.744847,13.454320
239.705834,212.049053,12.567043
228.547796,212.822692,12.598474
209.601691,206.459047,16.522350
193.730693,201.303862,16.619712
174.347806,193.726542,16.229350
164.169018,190.903641,16.451739
151.717685,187.812070,15.969840
142.623506,184.166386,16.100507
132.555144,182.837019,16.418718
122.325420,182.046662,16.227462
109.184764,178.371883,12.335904
94.122678,176.418224,9.569458
80.691486,174.528812,6.816395
63.792584,170.317835,5.110597
49.820097,166.087380,3.609491
34.587057,160.702174,2.036880
25.413860,159.295206,1.767513
17.930057,161.064318,1.572229
12.298420,162.415362,1.853894
7.646332,165.113285,2.077489
5.313003,166.992126,3.324326
2.950856,170.999780,5.544969
2.393979,179.163579,9.110999
2.442250,187.855134,14.001656
2.370190,194.119396,18.356157
2.264257,204.161616,26.662933
1.693275,217.777907,30.996958
2.094737,228.574408,35.934814
2.967743,239.639246,41.182445
2.711649,244.673966,45.214545
4.108239,248.730214,54.010482
5.082801,250.569899,60.242063
6.769048,252.214804,64.932075
10.745204,252.706097,71.211364
15.098556,253.587160,75.218984
18.824065,253.871167,80.778758
251.306621,178.388730,23.035553
249.781259,181.628160,19.393551
248.413691,184.821132,15.651604
245.035823,189.010120,12.345973
235.927864,190.176213,13.025734
222.098551,185.892368,18.957690
203.697756,180.511651,19.180032
186.019964,178.247911,20.587349
171.539651,174.642621,21.110107
158.424737,172.737655,18.488103
148.361830,172.717020,16.141648
139.651229,169.089166,15.822981
129.071495,166.320140,15.546974
118.215409,162.909499,14.523940
106.489509,162.097428,12.087281
88.404985,156.947876,8.148786
73.093635,155.105081,5.780429
57.036441,153.423795,3.903341
40.650802,148.098531,2.265302
30.936542,148.633676,1.571111
23.486301,149.513368,1.435898
15.902498,151.728358,1.436338
10.233449,153.875415,1.615991
6.204502,156.218910,2.502089
3.967216,160.421680,4.576321
2.998265,166.865472,7.164395
2.221979,171.203007,12.083027
2.959939,180.765189,18.005539
3.412707,188.144168,26.399527
3.650639,198.457324,34.262407
4.277415,206.269980,41.150729
4.648901,219.864734,48.572404
5.578499,230.605239,56.142602
4.873265,239.675078,59.759868
5.496724,245.831220,66.347053
7.602696,249.300144,72.857901
9.468087,251.114323,77.999290
11.906247,252.197759,83.499802
15.821659,252.781913,90.809410
18.261403,253.560433,94.156860
251.221384,159.054227,19.876773
249.132913,161.827430,15.784150
246.651899,165.223438,14.424963
242.674679,167.465723,13.407299
231.082200,166.306037,14.985243
218.178730,164.157179,19.154127
201.302062,160.675326,21.159229
182.497680,158.336068,22.085687
168.999790,156.242727,21.879024
157.958449,155.699538,19.492983
145.619991,154.297147,16.984266
133.928737,152.781584,15.483304
125.482682,151.912120,15.906306
114.453400,146.900432,12.962216
101.013221,142.928861,10.239113
83.997262,138.934277,8.061054
66.542128,136.271710,5.576077
50.433082,133.621957,3.662582
38.086538,137.694759,1.923831
28.990677,139.067605,1.605640
20.233062,140.011875,1.263043
13.233841,140.836633,1.498022
8.142525,144.734773,2.008487
4.810108,148.206119,3.647505
4.060056,153.709080,6.330005
2.622477,158.806776,12.050761
2.644704,164.590575,16.780166
3.457361,172.856156,24.740629
4.002099,181.889756,32.772534
4.858995,190.299571,40.941099
5.303245,201.350054,50.015921
6.971983,212.540182,58.139514
7.505119,224.055482,65.411760
7.830623,233.208720,72.507636
9.875278,242.506662,78.696991
9.728184,247.226809,85.119179
10.349671,249.874824,90.591309
11.532698,251.721546,96.302477
13.662388,252.743726,100.655605
17.267550,253.403323,103.308661
252.006682,149.052600,16.292246
249.601030,151.478724,14.418412
246.584963,152.345375,13.270321
240.577600,153.110689,13.424285
230.431066,153.474714,16.121684
215.483271,152.642237,19.069649
197.156557,145.870164,20.581298
182.508531,143.755943,24.761671
166.946332,142.805049,23.450855
156.114449,141.495697,20.531896
143.695725,138.624659,18.155431
133.795694,138.828076,15.880984
120.202219,132.825036,14.473010
107.595591,128.420178,12.908604
96.437745,127.888591,10.317275
78.304782,123.596017,6.941232
62.714255,121.928363,4.938671
48.756626,124.336291,3.815159
34.873740,122.831065,1.546637
25.360777,126.538941,1.240830
16.594366,129.928733,1.221005
10.326902,130.542569,1.520335
6.171002,133.404874,2.564449
4.187065,139.239000,4.953735
3.444771,146.491258,8.963166
3.279527,152.995811,14.912253
3.312971,158.008066,20.835489
4.422207,166.004268,31.272264
5.288108,174.474816,38.934888
6.268391,183.583579,46.946684
6.852602,193.563764,57.227963
8.588755,204.726419,64.560626
10.224039,217.956938,74.121762
11.657903,229.863245,81.898371
12.625161,238.711234,91.130571
12.093014,244.600512,96.487802
11.276899,248.823175,103.992816
11.544730,251.042135,109.133253
12.975978,252.234652,114.034794
16.089950,253.020993,118.456664
252.116986,140.497508,13.982579
250.205189,141.362358,11.334825
246.436130,141.596791,11.343870
239.577783,142.284368,13.032827
230.745085,142.855470,15.437956
214.769500,139.055394,19.925289
196.356128,135.401208,20.503575
181.431602,131.096926,21.413252
166.121530,129.088348,22.878039
152.983458,126.942940,20.147315
140.712430,124.699389,17.622502
127.354334,117.501069,15.340669
114.038060,115.781052,13.656544
104.829859,115.170562,12.429486
90.508856,112.755556,9.856898
73.683752,109.568160,4.768387
59.248077,108.151529,4.103757
42.931853,108.710461,3.090635
31.933376,111.724100,1.533512
22.379794,113.132185,1.345085
14.330326,115.191314,1.180048
7.992722,119.614227,2.277799
5.106888,123.945349,3.564832
4.179358,127.980352,6.953077
3.365620,135.285649,11.839036
3.759337,143.959958,19.282868
4.652092,152.181254,26.915826
5.433019,159.048421,35.057423
6.808069,169.052034,47.007726
7.881710,177.366355,56.633699
9.342315,187.767768,64.366561
10.927353,197.661684,73.789487
12.668062,210.652470,82.435768
15.354827,223.402027,93.899213
13.590788,235.057125,100.701316
13.176853,242.532413,108.025782
12.880668,247.797464,116.011911
12.690300,250.282983,122.977459
13.705550,251.819386,126.867747
16.036552,252.776984,130.654131
251.491660,129.706794,11.768787
249.504665,129.164905,11.542375
246.342152,131.272176,11.906394
238.580491,129.988554,11.289607
229.552772,128.565660,14.442658
212.445023,124.415280,16.727606
197.047045,121.363099,18.609183
181.199689,118.290726,17.063787
166.933949,116.570511,18.238841
151.011088,114.309507,17.706812
137.216621,110.975741,15.354804
124.127672,107.334612,13.442166
112.517632,103.830670,12.442595
101.723702,99.528274,10.820155
83.699642,95.589314,7.679143
68.410061,91.710448,4.509565
52.206453,89.711411,3.525210
40.146191,93.538637,3.262531
26.590891,96.390420,1.585800
19.196514,98.093499,1.460307
12.082689,101.877693,1.711363
6.325681,106.885822,3.052686
4.329561,111.987155,6.188689
3.708049,118.108382,9.304814
4.007860,124.387612,15.288419
4.978167,134.775494,23.362500
5.270754,144.580312,30.910322
6.943418,152.843031,42.251986
8.172332,163.875465,54.503340
10.152796,171.007339,63.721325
11.135883,176.931722,70.644718
13.062664,191.136652,81.209399
16.796948,203.390139,91.245492
21.523141,219.093557,105.452250
19.212383,231.164405,112.420628
17.303596,239.597617,122.888650
15.175595,245.854981,129.774687
15.507937,248.809585,137.144465
14.616384,250.601427,143.475833
16.096252,251.951769,146.162861
252.128666,118.613746,11.165608
249.198707,118.375754,11.131274
246.064579,119.599779,10.992096
238.468607,116.282200,12.031789
226.194466,113.592872,12.746114
211.505608,111.529946,12.786829
195.829208,107.551126,12.664532
181.363709,105.028802,12.536623
164.944313,102.291240,12.209554
149.731315,98.774648,12.818327
135.166499,96.178669,10.737110
120.958368,93.971254,9.718757
108.015570,89.527889,9.352350
94.768825,84.989937,7.298667
76.857362,79.164902,4.238722
60.536905,72.351351,3.729761
48.703494,71.671000,3.481819
36.889682,72.419461,3.491620
22.171737,74.379043,1.681430
15.413921,79.152147,1.524863
9.672173,84.851514,2.439743
5.465058,89.248622,3.973042
4.313256,97.097970,7.813500
3.835589,106.888364,13.154586
4.969677,113.828194,20.257904
5.706081,123.477516,26.118969
7.564990,134.330587,36.578383
8.631158,148.136744,51.085102
10.958476,154.456176,61.093897
12.533260,164.657783,68.023698
14.096827,172.166287,78.250118
16.606520,183.130667,88.278410
22.186661,197.634888,102.259610
26.581931,215.012921,112.509395
26.251688,227.101190,126.253379
23.461564,236.522717,136.462560
21.187978,243.151808,146.680025
18.162846,247.632050,153.810838
17.673950,250.009788,161.587657
18.667847,250.970574,166.663290
251.930581,107.272867,9.820792
249.540511,107.153610,10.323951
244.953325,105.477195,10.204074
237.577298,105.115389,11.542481
227.375654,102.669514,10.072506
211.013858,97.454408,10.988621
194.341699,94.811575,9.482211
179.872232,91.500535,9.036240
164.496476,90.449247,9.320066
148.690064,87.040469,9.708852
135.003925,82.448109,8.553690
118.217537,78.548841,7.305513
105.657404,74.846018,5.450253
89.360829,70.254973,4.430369
70.951554,64.142253,3.628249
56.499565,61.231763,3.526066
44.696191,58.237247,3.437500
30.919376,55.166628,2.306701
20.722282,59.684978,1.887817
13.987289,63.371915,2.095755
6.981177,68.290868,3.448178
5.074628,74.645473,4.864427
4.678190,84.868094,10.259846
3.875766,92.840954,15.650335
5.343107,102.784887,23.413124
7.373372,111.762021,31.559546
8.821141,123.078760,42.217606
10.776931,137.407194,56.082005
12.913795,149.665508,66.708937
14.356638,156.265261,72.986215
17.091267,167.376385,86.190893
19.986173,176.223490,97.612113
28.241900,191.861622,111.423230
36.548516,209.982543,130.417599
37.765312,221.231227,141.442773
31.343501,233.744340,158.798785
27.389246,241.679988,166.689015
23.723156,247.067195,176.153682
21.450244,249.206935,181.183613
19.722396,250.780080,186.493894
251.560281,95.709503,11.401154
248.804740,95.594829,10.826482
245.088612,93.791445,10.849446
238.270379,91.386722,9.430137
225.828744,89.397820,9.222666
211.986993,85.490094,8.945177
191.899017,82.687690,8.445316
179.632140,78.410953,7.597143
163.840760,73.450849,6.911705
146.708952,70.016778,6.649659
132.893152,68.649834,6.178195
116.793314,65.409483,5.229875
101.271279,61.069455,4.122645
86.596203,57.255388,4.112261
69.821380,53.221310,3.418328
52.322359,49.080875,3.311156
38.201010,45.636227,2.346226
27.144763,43.388967,1.644486
19.565519,43.088209,1.982824
11.375096,47.927958,2.588365
6.203111,52.036546,3.797668
5.226995,58.423441,5.806559
4.701392,68.205107,12.057098
3.947974,79.362381,18.749443
6.085481,87.961691,26.533838
7.987051,102.249760,35.750551
11.495910,113.443450,48.631280
14.087223,126.878952,63.738814
17.312097,138.301134,76.377100
20.042667,147.247765,82.801408
21.454905,160.863513,96.001953
23.273332,172.181043,106.593254
31.757265,186.899055,123.322384
40.399740,206.306731,142.076393
41.667659,219.088695,160.165614
41.315500,231.994732,175.280545
38.287866,240.852448,187.979054
30.279970,246.957714,200.629586
25.637132,248.938602,204.126872
22.660596,250.327388,207.612392
251.423789,84.138815,10.419270
248.948170,83.606680,9.862225
244.496917,83.120494,9.650818
237.065919,81.545259,8.372562
224.964573,76.612962,7.165350
207.770584,68.880405,7.473910
190.930759,66.651755,7.629452
175.332572,62.105985,6.771082
163.053451,57.259775,6.079722
145.332947,52.139286,5.486511
129.452832,48.734618,3.947981
115.136569,46.273290,4.214940
101.897007,47.602990,4.166477
83.376128,42.224330,3.826937
66.580007,39.038952,3.484298
48.699978,33.494771,1.863254
35.757941,32.267849,1.275398
23.950897,29.215319,1.689377
15.248053,29.081895,2.298071
9.150353,28.966733,3.187835
5.522795,36.786448,4.604273
4.611246,43.196209,7.605503
4.281795,53.852613,13.213609
5.022120,64.545157,22.183517
6.467199,76.160977,29.899626
10.054663,88.095611,42.359140
13.849107,101.941586,54.856428
16.807698,114.946077,69.594261
18.560749,128.928219,81.251222
22.351064,137.331436,89.803131
26.058880,150.441588,103.153910
32.182053,165.364053,116.854813
37.678586,181.160318,133.890171
46.216665,200.838276,152.379345
50.855578,220.222243,172.532381
53.502076,232.929346,192.841860
41.259702,241.536045,205.184488
32.505284,247.005870,213.833453
26.324361,248.546493,219.643024
23.607895,249.676731,221.939715
251.145299,74.909171,8.855396
249.253516,74.056150,8.343227
243.797919,73.538208,8.469244
234.668443,68.609831,7.169209
220.824744,63.604634,6.178850
206.256846,57.487153,5.708653
189.548444,51.928411,5.529753
172.279681,45.979247,5.231438
157.273711,42.318427,4.138278
142.719655,38.429233,3.684087
132.164612,36.611467,3.510027
115.750859,32.575313,3.428553
99.611963,29.470841,3.045251
81.830345,26.545811,1.979579
63.829477,25.038760,1.759009
46.481921,22.621733,1.364953
32.854268,19.122248,1.482621
22.110636,16.285956,1.883174
13.322903,16.711787,2.122492
7.873595,18.574912,2.801368
4.962691,22.753733,4.663705
4.714166,29.828897,8.958926
4.707324,38.666291,14.895339
5.489703,52.255827,23.461919
7.360280,65.257079,34.177732
11.495239,79.217857,47.505323
16.359095,95.536754,65.018746
18.942019,107.299888,75.803465
22.446777,118.226311,85.732466
25.598158,130.418256,94.972265
30.580467,143.884403,107.378882
40.421967,161.245982,125.081521
48.853513,178.120277,142.718071
52.908590,198.892837,166.900141
66.905463,220.718988,189.715916
66.721514,231.442660,203.942398
52.672065,240.444239,216.641794
36.804161,246.215749,225.442081
27.111846,248.267054,230.432156
24.791067,249.237763,233.748750
250.659852,64.920594,6.413084
248.342873,63.976942,6.334606
241.615886,61.837300,5.706301
232.572133,57.096667,5.816134
220.097530,51.229887,5.364409
204.710208,47.185178,5.189821
187.549406,39.529468,4.639928
173.465174,36.359560,4.769957
154.777117,31.289674,4.624520
143.184718,28.471018,3.633326
131.059539,25.235685,3.364766
115.257125,22.180281,3.413426
101.253286,19.990574,2.812890
80.182647,17.408683,2.068652
64.109906,13.846661,2.192584
46.306916,11.170168,1.942030
32.291078,10.161435,1.926352
20.796537,9.292888,2.010757
11.911428,9.729500,2.778995
7.008732,10.594830,3.092218
5.116920,14.269916,5.549909
4.162175,20.847061,10.241357
4.680535,30.188778,17.420809
6.302089,42.030425,26.604775
7.272693,54.697229,37.727385
12.086264,71.451010,51.850917
16.536468,86.904793,67.437016
20.686292,97.581330,78.211900
24.878900,109.844739,87.743711
30.118776,122.380585,100.228143
35.260939,138.645688,114.779737
47.641880,156.726131,134.128674
56.813981,174.692147,153.059477
67.975340,200.552587,177.887903
79.709803,222.538102,199.910565
78.578028,231.580906,213.006191
65.825188,239.065832,224.457731
50.978285,244.373229,235.125223
34.513220,247.160060,239.114785
23.279817,248.571170,242.035161
250.861562,50.940913,3.906816
247.341904,51.017579,3.545092
240.053640,47.438866,3.605931
231.668176,43.135387,3.924676
217.962602,37.916443,4.382846
201.589550,31.734595,4.331679
189.227552,28.543320,4.083005
170.888488,25.430263,4.133814
155.182178,21.586224,3.946274
142.617775,18.593506,3.928373
131.467251,16.697107,3.592061
117.069910,14.495294,3.285231
100.151776,11.455413,2.746249
85.408325,9.011092,2.547028
65.078851,7.836167,2.207078
48.147200,7.102359,2.412708
33.197888,5.904650,2.626150
20.899711,5.897610,2.795925
13.779952,5.084198,2.934641
6.055848,5.274543,3.733260
5.089540,8.409561,7.144744
3.940139,13.889681,13.395598
4.501341,21.254153,21.677400
6.551058,32.368710,30.288761
7.875312,46.004720,41.375681
10.613374,63.597596,56.294597
16.272845,80.166424,72.297842
21.854301,91.204732,83.607231
26.181275,103.307499,93.851148
29.139948,117.102279,106.393743
37.924238,133.013889,126.048909
49.053594,150.766358,143.429801
62.517707,171.732381,161.941905
79.201114,197.284735,185.024981
88.637167,220.516179,207.003666
87.987776,228.481792,219.693907
78.116476,235.961451,231.050679
61.436299,242.840843,240.723553
45.246847,244.797926,243.781900
35.255784,246.616032,245.133050
251.789119,36.500649,2.590638
248.016760,35.011814,2.499559
241.751628,32.862296,2.227512
232.805101,30.289942,2.444629
219.000376,27.686245,2.901378
202.306154,22.637095,3.451198
190.221026,19.462365,3.222715
173.632636,16.327176,3.142605
156.244209,14.648562,3.394411
144.993013,11.824873,3.366096
130.481145,9.870957,3.725497
117.608751,8.050620,3.712985
102.972299,6.923627,3.759134
88.225564,5.385865,3.196266
69.418132,4.677871,3.326621
51.579167,4.201270,3.629726
36.489752,3.771961,3.459268
23.225635,3.468882,3.316138
15.162501,3.579181,5.305485
8.413843,4.404525,7.504506
5.884627,5.931118,11.590326
4.165745,10.806839,17.617867
4.659148,17.858171,26.469817
6.124121,25.893815,34.890270
7.369152,38.996758,48.784212
11.243536,54.033601,62.229420
15.505375,71.352677,77.524339
21.487239,85.454928,88.986325
24.276669,95.478717,99.921286
30.768131,111.222526,114.700851
39.691306,127.072006,130.223329
49.073400,145.934580,148.277791
63.067085,167.856658,170.634878
80.341752,192.713363,193.424655
92.066532,212.686286,213.897257
99.625140,225.619592,227.885194
82.475552,232.772053,237.093003
68.173309,237.761681,242.480350
54.165696,240.900328,245.308707
42.676345,242.019132,246.844351
251.850847,25.794511,1.533364
248.357478,24.583685,1.394786
242.156388,21.872121,1.375145
234.588685,20.644115,1.635144
223.513081,17.929815,2.050699
205.479590,15.797739,2.449967
192.681654,13.062083,2.632461
176.521752,10.247717,3.175569
161.197345,7.857800,3.111640
147.391346,7.458110,3.832889
133.544675,5.113792,3.989179
119.496429,4.362215,4.545619
108.112398,3.860440,4.633270
91.863787,3.314411,4.555217
74.201053,2.827530,4.689939
57.418541,2.761473,5.395558
41.198102,2.270861,5.777153
27.820731,2.238462,7.404984
17.111525,2.493002,9.101584
10.739579,3.303679,12.781259
6.825434,4.235904,17.546386
5.399045,8.444553,25.095667
5.381197,13.037481,31.821495
5.731858,19.327094,40.858488
7.618101,32.368632,53.163740
10.882789,46.706365,65.852720
14.752210,63.172092,81.909110
20.209719,77.181814,94.374051
22.642725,89.873015,106.444508
28.721257,104.423059,121.621022
37.704540,121.017221,135.838333
46.791099,138.739911,153.286203
63.907913,160.999292,176.860168
77.902030,182.855574,200.770544
90.153173,204.980847,222.284391
92.142851,213.737446,232.792185
86.931791,221.989221,238.647740
71.323091,231.386641,244.013393
57.831515,234.259010,246.502430
45.875972,235.065678,248.160179
251.982476,16.494636,0.802702
248.754503,15.436997,0.730905
243.724149,14.637109,0.795246
236.313991,12.914193,1.172774
223.738963,10.234897,1.277637
209.213200,7.980344,2.040971
194.945343,7.881460,2.733278
178.789943,5.198690,2.971188
166.176273,4.076690,3.862006
151.539770,3.121619,5.199932
138.560145,3.256186,6.154478
125.516672,2.904191,6.354318
112.297898,2.604332,6.664627
98.150995,2.479537,7.335103
81.442770,2.172873,8.465295
62.250678,1.824483,9.015897
46.640180,1.860192,10.365360
34.192883,2.058458,12.033262
21.024466,2.068459,16.005393
12.376443,2.506104,20.967737
8.311724,3.225827,25.723745
6.196609,5.801773,33.109250
5.869228,10.636646,41.095999
6.000325,15.494232,48.513270
6.878873,26.339661,60.524613
9.652436,38.993571,73.458847
12.486990,53.456698,87.265808
18.618086,68.980599,101.978282
20.438752,81.860385,115.410155
26.498753,94.481501,127.127157
34.333902,108.441060,138.745180
47.916772,132.689903,161.232029
63.765230,151.386058,181.531886
74.526566,173.239775,205.070474
83.950663,193.662469,225.409742
87.809189,206.802203,236.222926
80.566647,213.038219,239.842919
72.032238,218.625156,243.283420
59.585122,223.124967,246.595346
50.457435,225.423162,248.497828
252.825786,8.871242,0.562349
250.349519,8.130194,0.528575
245.138034,7.691686,0.719046
239.513734,7.011154,0.800060
227.303302,5.377567,1.279556
213.449234,4.933088,2.337034
200.353721,3.843608,3.612736
183.551021,3.172629,4.552109
170.457619,2.830970,5.690880
156.494302,2.383812,7.518745
144.907313,2.410365,8.907468
131.270481,2.341822,9.614233
116.723634,2.477110,11.769712
104.823508,2.295513,13.142424
88.583270,2.214998,13.988388
70.454166,1.922190,15.680556
52.636722,1.760046,19.180464
39.248756,1.764198,23.155274
27.640951,2.029230,26.400046
17.813061,2.440763,32.555461
11.082088,3.042891,36.336797
8.440876,4.975651,41.990105
6.886340,7.887470,50.388538
6.112160,12.150494,58.005970
6.701889,20.517468,68.586233
8.726745,33.173464,82.714289
11.188548,47.677186,96.649647
16.083257,59.745751,108.044824
20.000055,74.106839,120.298410
24.759344,85.677981,132.033740
32.598679,99.430447,144.649877
40.580249,115.576334,162.112727
56.295915,141.388374,186.264817
63.429003,161.870911,207.311742
69.324804,181.894346,227.301173
72.141815,193.910011,234.853352
67.385880,200.931722,239.772967
61.888020,208.174571,244.620685
52.538922,209.998791,246.860619
45.920547,213.619932,250.209496
253.447373,3.714737,0.399938
251.650197,3.579595,0.449346
247.423107,3.406353,0.534860
240.732506,2.622987,0.943661
231.689615,2.353305,1.602084
218.538947,2.416295,3.483431
204.661596,2.182004,5.043707
190.523859,2.294575,6.632948
175.081410,2.296589,8.946107
162.045449,2.261386,12.135283
150.341180,2.428975,14.844807
137.772551,2.375806,17.305915
126.562671,2.574073,19.271105
112.460284,2.306083,21.111305
97.617739,2.219414,23.104272
78.286693,2.174133,26.641758
61.375102,2.054416,31.670424
45.127550,2.542876,38.238026
33.643697,2.405569,42.329393
24.899122,2.240011,44.205690
17.375260,2.991650,47.657747
10.971836,4.866950,53.274043
7.766634,6.141490,60.302460
6.617670,8.897165,67.256257
7.724953,16.555160,77.866129
9.135030,25.447362,88.475211
10.420090,38.559443,101.083618
13.356531,51.345802,114.364164
16.872384,63.248416,125.056650
21.910394,75.391362,134.344494
30.831128,92.040173,149.527766
39.588837,107.076683,166.131810
50.798417,130.287853,187.126789
58.037775,151.240652,208.467979
59.302295,167.990930,225.208114
57.124030,180.681250,236.160639
54.899435,189.052001,241.694528
48.751676,196.631844,245.654950
42.551844,200.536445,247.915987
34.544910,204.763697,251.354282
254.039277,1.069435,0.354715
253.002815,1.131777,0.414205
249.223951,1.040594,0.709568
243.960423,1.158452,1.249346
234.642069,1.458358,2.571969
222.623095,1.776738,4.558593
208.579060,2.198536,6.535012
193.829539,2.682430,10.506654
178.388412,3.043112,15.752666
166.517838,2.917770,19.359468
156.777048,3.200208,23.022685
144.899100,3.382069,26.571649
134.195276,2.988482,28.994246
120.935841,3.319555,31.709530
104.814284,4.268290,36.484561
87.821695,4.354896,44.310052
71.579956,3.505450,46.049960
54.512602,2.845099,50.533579
43.064974,2.583244,53.516789
33.448258,3.137482,54.812553
23.610240,3.844972,59.849621
16.230782,4.101760,66.531019
10.843162,5.395084,70.600670
7.499806,7.212296,78.602325
8.111195,12.501130,86.348066
8.117934,19.756933,98.489888
9.599998,28.517075,110.914042
11.745678,42.280954,122.187017
14.675524,52.663981,132.842513
16.431588,64.784319,143.476604
23.943388,80.093402,156.793504
33.865227,97.076343,172.353509
40.756318,114.330762,190.734411
51.301839,135.507962,210.587250
55.582781,154.936653,226.911655
54.144337,165.978033,235.008458
46.991791,178.598156,242.485456
36.481371,183.382098,245.587298
29.784911,190.312453,248.586530
25.939634,193.609402,251.442786
254.578900,0.247994,0.376411
253.495197,0.445042,0.736176
251.315773,0.524839,1.197885
246.065095,0.632358,2.317948
237.942432,0.975480,3.570495
227.829144,1.450348,6.443144
212.429820,1.811429,10.702924
196.242072,2.668774,15.924510
181.002958,3.122055,21.457289
170.754901,3.040838,25.584875
160.510193,3.870140,29.480652
150.203159,4.414638,34.029152
139.617078,4.881590,39.409518
127.173953,5.475233,44.913387
109.840141,4.932089,52.069485
94.770938,4.601149,56.178728
80.336582,4.447586,60.685989
67.391912,3.485293,66.550522
52.188588,3.515755,67.811972
42.992974,3.273482,69.778888
30.944382,3.397388,72.329218
21.974946,4.831167,78.581568
14.830546,5.043609,81.598933
9.894561,6.764005,88.114103
7.377788,8.704788,97.601569
7.177462,14.501086,111.602351
7.468679,20.876049,118.844653
9.417191,29.642152,130.105059
10.447551,38.385972,137.269509
14.253237,52.261248,147.707278
20.975846,66.315227,161.673141
28.596596,84.194983,178.369627
34.644511,98.247626,194.147027
41.093577,119.542747,211.481153
46.130952,136.670400,227.248280
47.291956,152.089887,235.743964
36.504902,162.835356,242.253391
30.501048,168.818003,246.156933
23.984815,172.107367,249.502659
21.260215,176.173050,252.284313
254.355276,0.288878,1.279271
253.748946,0.318229,1.673067
251.343913,0.342784,3.098206
247.579994,0.514987,4.108627
241.438905,0.815889,6.704340
229.219796,1.274639,10.052114
217.387635,2.153275,16.599583
200.754098,3.073128,22.714698
185.473345,3.441205,27.940669
174.026043,4.270210,34.711342
165.805253,4.793232,41.027324
154.811688,6.016402,45.272249
147.211992,6.895029,51.497784
133.896221,7.728261,60.240458
119.927578,6.949322,67.665828
106.079704,6.995054,73.290108
88.536440,6.188707,77.030212
74.811585,4.228397,79.458489
63.532449,4.366496,81.723193
52.774366,4.194882,82.542224
39.751320,3.694796,86.139600
28.799652,4.812521,92.744795
20.693109,4.577364,94.901646
14.256905,5.630310,104.154070
9.623859,7.553674,112.073006
7.591887,10.737530,118.982196
6.384011,17.356622,126.525131
7.821008,22.673828,135.244838
9.279827,29.976519,144.133271
10.550432,38.684188,151.925328
16.684747,54.190248,164.481525
22.913625,68.597192,180.655348
29.381338,88.511324,198.477263
36.421127,106.248934,213.597812
38.007380,122.354882,226.235140
35.914458,133.696057,236.462539
31.739060,144.612387,241.967912
26.510127,152.106265,247.623402
21.992905,155.243836,250.134394
20.091526,157.775848,252.664404
254.428155,0.277860,4.015682
253.773077,0.337311,5.099641
251.826878,0.541157,6.285385
248.098564,0.705843,8.780570
243.021283,0.976807,12.082968
231.247515,1.628602,17.060116
220.045007,2.827671,24.000600
205.421864,4.589337,32.406522
190.686516,5.582354,43.511516
178.166644,6.083864,48.287267
168.782916,7.735051,53.530560
161.138353,8.836640,60.537322
151.125050,9.525821,69.387295
138.840749,10.177356,78.228008
127.448958,9.522068,82.815585
113.604284,9.377275,90.111334
100.100694,8.266831,92.735848
87.355187,7.439546,96.168641
76.103061,6.093888,95.551158
61.404518,4.367669,96.306725
51.050876,4.362561,104.013849
38.135860,5.024478,106.099956
26.892972,4.942947,108.841438
17.536781,5.200627,113.824185
12.510936,6.650091,119.105828
8.019321,8.638397,124.691701
6.942461,13.042156,134.924313
6.502817,17.418628,140.957204
6.724680,22.359472,148.323078
8.850966,28.100264,156.977766
12.289392,41.538534,170.176056
16.934311,56.490025,183.718447
20.910440,73.030374,200.858461
24.888491,87.126331,213.502116
28.676901,105.788523,226.039955
27.937264,117.293070,236.286822
24.200295,125.155248,243.188781
20.335513,134.624374,248.504816
17.020176,138.205659,251.183072
14.278945,140.877420,252.757710
254.259125,0.578812,10.378031
253.961544,0.552583,11.257376
252.049428,0.849342,14.529951
248.704736,1.002926,16.607698
243.387782,1.450462,20.717294
233.771354,2.374736,27.928976
222.685382,3.802082,36.341047
207.700960,6.340408,44.059901
194.875719,7.333654,53.145342
179.694004,7.879556,62.220367
173.057699,9.242437,67.075047
164.859088,10.550316,75.961301
156.389238,13.079908,83.699838
146.516563,12.296247,92.223216
135.416642,12.511420,96.777598
118.712234,12.069441,101.724721
108.930728,10.940346,104.611970
96.225727,9.838842,106.609887
84.410483,7.990301,109.079861
71.993559,6.274935,112.398568
56.648161,4.703667,116.206132
45.965488,5.057090,116.462672
34.521848,4.962203,120.817023
23.573668,4.786459,124.876370
18.250074,5.523489,132.279274
12.576907,7.288804,137.607279
9.062225,8.289027,142.880438
6.943789,12.386350,151.019980
6.993876,16.497569,157.527604
6.441254,21.936705,164.701630
7.483685,31.875175,175.723599
11.344980,45.234551,188.108800
15.028555,58.406826,202.186210
18.565447,71.030809,213.713153
22.182441,88.102355,225.283533
22.186527,102.412502,236.963837
20.887861,113.172484,244.403305
17.212860,118.722110,248.598263
13.276750,123.318429,251.462884
11.270417,125.871712,253.008344
254.232596,1.020310,18.681614
253.763283,1.107685,21.737595
252.261196,1.252883,25.004675
248.227299,1.623519,28.695126
244.268436,2.032419,32.247472
235.626784,3.301565,38.662177
223.757979,5.891822,49.926633
213.895238,9.070352,60.462252
198.440885,9.957010,71.030121
187.642484,12.264803,79.108878
178.516194,14.103226,87.561521
170.564840,15.406844,93.774891
162.487236,15.363677,99.417855
153.606086,15.250183,105.435000
142.582471,13.796302,110.218180
127.091461,13.322111,113.153621
117.306578,12.521405,115.607786
106.604023,10.987933,119.181168
90.633351,8.151226,118.205429
78.288965,7.661161,122.669453
66.039262,6.075212,126.187867
55.478648,4.833834,129.198627
39.952331,4.712332,130.598848
30.954945,3.961246,137.274531
21.155301,4.071622,140.551895
16.487301,5.643164,147.522573
11.693044,6.664571,152.907246
8.130821,7.637790,157.542736
6.339517,10.939896,162.519740
6.186239,17.468916,170.393267
5.504120,24.627502,179.112045
7.998362,36.129610,192.088473
11.977224,48.544321,203.523949
13.170284,60.472093,215.030809
15.887642,72.018245,226.606317
14.257918,87.456917,236.811557
14.361005,97.997620,244.682053
12.127731,103.547101,248.661908
10.684049,107.393598,251.874377
9.698654,109.824485,252.963905
254.117257,2.052864,32.461281
253.645624,2.204597,35.303753
252.000125,2.113795,38.510811
248.974200,2.249973,41.606512
244.858500,3.185088,46.473782
237.766240,5.291457,58.266731
228.905851,8.574117,68.417375
217.557757,10.393566,77.859862
203.759555,13.673129,88.976630
190.968949,16.995475,97.731937
186.139234,19.537525,104.980226
176.414849,19.160581,109.995562
169.099160,18.836590,116.147184
159.854496,21.040543,120.855680
150.495807,19.202296,124.886610
139.035941,16.877833,128.297626
125.729567,14.074754,128.823299
113.528369,12.344558,129.211738
101.030702,11.155414,132.108777
84.289180,8.189995,134.444173
73.140997,7.092590,137.080241
63.256440,5.425438,138.268521
46.703711,4.216916,143.039480
36.774202,4.307948,147.736058
28.109115,4.362512,150.264161
19.892430,5.120188,155.705284
14.766194,6.363476,161.262233
11.844070,6.433511,165.225875
7.617387,7.576407,169.294388
5.353504,11.248959,175.713096
5.107818,18.770266,185.509664
4.677457,26.950381,194.726091
7.377766,39.383625,206.476615
9.696125,50.840568,217.437959
9.938210,59.849552,226.579371
10.578408,74.103278,237.654168
9.497417,84.623523,245.143928
8.703120,90.325078,249.128773
8.099377,93.866530,251.846316
7.982741,97.208565,253.062170
254.209911,2.930222,43.529843
253.709683,3.489960,47.359604
252.313215,3.519381,50.502183
249.543217,3.857339,55.652907
244.993878,4.738974,65.895278
239.287186,7.925772,76.015554
231.353813,11.233558,88.447529
222.678387,14.709837,99.269330
211.280294,19.083085,112.184694
201.869418,21.857557,119.744591
193.366780,23.405906,123.828570
185.897156,26.487104,125.763328
176.073665,25.070160,132.491977
167.057240,25.947725,135.860492
158.978451,23.053291,139.808218
149.375648,20.578807,143.500599
136.932587,16.998766,144.597272
122.747961,14.229435,145.982739
112.177334,12.999466,147.320146
97.710567,9.687681,148.942515
83.211795,8.207895,148.480455
69.351863,6.061116,148.144147
54.046604,4.461109,153.744586
44.482125,4.923317,157.713267
33.766919,4.741841,160.846518
25.077833,4.931514,165.179955
18.958748,5.390182,168.634386
15.275606,6.717069,172.524342
9.818718,6.653725,175.986410
6.693446,8.438400,183.061780
5.525860,13.105579,190.840661
3.875706,19.278496,198.757890
4.164696,29.380864,207.740356
7.530346,42.069408,220.194116
8.025554,53.149392,229.601836
8.073230,61.574353,238.401005
8.290715,70.629136,245.192389
8.069117,77.986978,249.842120
7.836813,82.074575,252.000887
7.219150,84.072715,253.173110
254.041777,4.485964,57.234746
253.657199,4.394441,60.953504
252.201931,3.993027,65.005540
249.815666,4.918182,72.824083
246.880274,6.681408,83.410107
242.290086,8.430360,92.115958
234.370308,12.148920,108.434302
227.087162,15.949496,121.009211
220.025357,22.751059,133.472536
211.317257,27.291946,139.018382
206.244897,33.347212,146.082886
197.618898,35.841253,149.918341
191.158772,36.476977,151.951961
177.623695,34.555553,152.356570
167.946358,35.535955,155.949681
158.358730,29.789379,159.824941
147.652866,24.159257,159.108109
133.792704,18.428634,163.737968
120.505216,15.790960,163.065291
110.844497,13.857989,166.876750
98.143828,11.251732,167.674981
84.834443,7.222327,171.012211
65.399797,6.403571,173.001818
56.633400,5.859552,174.584870
46.010807,4.920557,177.570844
35.571475,5.249350,179.597388
25.756057,5.183274,180.265843
19.931383,5.116529,183.681147
15.251144,5.933934,188.203609
10.009496,7.482458,193.286995
6.804354,9.253179,197.809031
4.304273,14.564580,204.798061
4.085941,20.620638,212.543797
4.674793,30.895007,220.765575
5.808876,41.904912,231.764672
6.197167,51.886462,239.866538
6.625260,58.967709,245.654942
6.197755,64.707443,250.290244
6.021894,68.252954,252.268233
6.176843,71.069207,253.259609
253.954336,6.549818,68.910176
253.721433,5.729296,72.209715
252.833191,5.771097,80.104634
250.460761,6.290972,91.479786
248.215119,6.996299,102.312419
244.402574,9.740172,118.826453
239.111472,13.167084,132.229291
235.267306,17.965836,144.651349
227.401719,26.540821,155.137761
222.890493,33.254825,161.386793
216.759902,40.440846,168.491104
211.694997,49.802258,168.678704
203.402566,50.707289,169.234491
194.479935,49.104476,174.570852
178.121566,43.380677,173.502108
167.146981,37.386726,175.575783
157.526257,33.310098,177.958691
143.891382,24.094604,176.865310
132.204748,17.857001,179.661246
118.774246,13.690065,180.411760
107.380728,10.329361,184.587927
94.775299,8.654680,189.243956
80.430046,8.215387,191.629173
68.876307,6.594428,192.879379
56.779025,5.774938,194.609589
48.184719,5.852507,194.131120
34.895443,6.102415,193.418930
27.996843,5.668030,196.575719
21.243878,4.419097,198.606191
14.225063,5.335871,202.388420
9.668883,7.101281,206.538978
7.070427,9.697229,213.309388
5.025623,12.866750,217.670605
3.095784,21.319250,224.658003
4.486279,30.379944,233.565028
4.605668,40.901321,242.596824
4.693739,47.003765,247.968624
4.220884,48.762058,251.175577
4.526120,54.104264,253.066635
4.537831,56.366627,253.753726
253.845080,8.431083,82.613375
253.798481,7.670729,88.335183
253.326608,7.664699,97.394631
251.772324,7.415258,110.189346
249.336413,7.641987,126.275025
246.597319,9.488073,138.032163
243.926328,13.059346,155.946458
239.333565,19.549302,168.590085
235.563709,30.527561,176.465463
233.194176,46.060709,185.270991
228.352935,54.153510,188.947024
223.629293,59.292967,190.154417
217.190731,61.520830,191.152524
205.804203,63.022927,193.362506
195.905197,61.463573,195.593581
178.840738,55.151690,197.511065
167.642075,41.269691,199.597313
158.429211,35.287337,203.448054
143.423370,22.595360,201.274334
129.460506,17.967542,202.595196
116.354950,13.495647,203.158453
103.764123,9.834452,206.076889
89.005112,8.868363,205.706823
78.829594,8.015902,206.240834
68.911430,5.915382,207.568707
58.075675,5.918580,206.043733
44.542124,5.261198,207.559202
35.569439,5.190006,208.405447
29.440873,5.092866,209.923689
20.987420,4.899001,212.457120
14.289517,4.722524,217.183738
9.226185,6.234335,219.286598
6.573506,8.854021,223.711179
4.003701,13.769872,230.503056
3.975271,21.141709,238.540748
3.936995,27.994248,246.504200
3.375083,31.986439,249.644135
3.430216,36.153852,251.971008
3.631465,40.601392,253.585356
3.770440,44.583348,254.009466
253.774127,11.277528,98.564177
253.521573,10.441405,103.660645
253.322333,10.054095,116.091163
252.172630,8.770618,131.027814
250.849323,8.810083,143.555337
248.676830,10.339322,160.220538
246.083328,13.850478,175.890150
243.561960,20.164180,184.710292
241.669770,36.735454,194.236279
238.551135,51.229516,197.447168
236.679961,67.122773,204.166577
233.928829,81.365813,207.297706
228.380291,87.483689,210.945000
218.323569,89.332600,211.393617
206.599529,78.620105,212.671996
189.552671,63.309276,215.598363
176.545033,49.240899,217.281001
165.117098,35.758620,220.540823
158.455820,28.838187,224.750493
143.976888,20.747955,221.377615
130.705122,14.950690,221.414073
115.233328,12.715528,222.033307
101.866954,9.624308,220.916200
88.570836,8.112323,219.969889
78.025555,7.305498,220.088021
67.849369,5.673459,219.813805
54.736524,5.110884,219.387533
45.149543,4.832477,220.123514
36.902736,5.386361,221.867613
29.219703,4.748349,222.603130
19.468641,4.008974,224.427786
13.027233,4.137233,226.219795
7.215076,5.306724,230.682900
4.761311,7.529670,237.214207
2.924972,13.214080,243.218275
2.457417,18.361202,248.221897
2.141219,20.306149,250.657144
2.684510,23.955646,252.976728
3.014279,28.911890,253.958003
2.843274,31.389275,254.306256
253.700283,14.615297,109.951389
253.371877,12.807946,118.112711
252.956434,11.992042,133.693227
252.840578,10.177522,147.605895
251.486034,9.263854,162.191865
250.099884,10.597128,178.887792
248.927001,13.453073,191.648119
247.565568,23.601785,207.082786
246.009846,36.610963,214.650347
244.510866,61.957447,215.558408
241.794806,81.305215,217.836409
238.650481,91.646698,219.172338
232.216394,101.147090,220.773025
224.939236,100.670885,224.799719
212.494675,96.388720,228.913683
199.302722,76.884982,231.879138
183.682532,55.292320,231.958598
173.361737,39.395024,233.731565
163.983188,28.668090,235.053566
155.609625,22.972357,235.733798
140.573904,16.279173,235.211597
124.160156,11.305573,232.409728
110.021396,12.672005,231.637075
98.083979,9.306527,231.537740
85.798427,8.249572,230.774899
76.621307,6.429689,231.029957
65.613095,5.886910,231.407543
51.946611,4.741244,230.348865
42.844853,4.591640,230.461054
36.595377,4.540632,232.118576
26.322105,4.392071,232.957200
16.765373,3.109525,234.066936
10.145119,3.218226,237.520467
5.302871,3.660223,242.210613
3.059338,5.936637,247.057938
1.317363,7.348771,251.063161
0.789290,9.837189,252.670720
1.253893,13.115295,253.763794
1.939337,17.656952,254.142543
1.614360,18.768347,254.578348
253.577128,18.062617,122.418793
253.122947,16.180011,129.602915
253.118097,14.214097,145.539574
252.694128,11.463267,161.813490
251.816872,9.749296,179.846612
250.814417,10.665114,194.265269
249.924898,14.252957,208.196446
248.786221,24.289269,219.351133
248.119239,40.174332,227.355973
247.241270,59.721314,229.534925
244.806348,80.849759,229.652111
241.859754,97.366936,229.406261
234.817898,106.634591,231.980981
227.860722,107.736821,236.340153
215.504072,97.860024,240.697879
203.068497,84.327723,241.332511
190.033405,60.636856,241.559060
176.546105,42.235551,242.276782
167.945632,29.841313,243.044799
160.324213,22.394931,243.904888
146.855674,17.457486,242.751181
131.086929,13.475646,243.123275
119.984345,11.809130,242.358937
104.849346,9.744511,241.219192
92.580457,8.257615,241.052981
84.105370,7.304246,241.782871
74.316549,6.252279,241.712139
61.129653,5.662533,240.999149
52.661199,4.541681,240.104690
43.720725,4.302859,240.844332
34.133934,4.058641,240.969430
23.585047,3.350778,242.709761
13.821662,2.391715,244.344413
6.337950,1.562359,246.789939
2.176746,1.638594,250.917027
1.056698,2.837888,252.743687
0.588473,4.170846,253.667369
0.490201,5.986167,254.311358
0.622169,9.228671,254.629382
0.737902,13.370270,254.669753
253.432966,19.040179,129.872293
253.379219,17.555817,139.677177
253.047680,15.312992,155.550942
252.598656,12.949599,173.201598
252.075344,9.700383,190.902075
250.603405,10.397006,203.287437
250.319385,15.512202,219.649935
248.963482,22.017647,229.402153
248.420953,39.099239,235.197103
247.403168,55.914764,237.674261
246.489445,77.940901,238.641182
243.134164,96.416644,240.526325
239.160353,112.454501,241.256648
229.016907,104.695407,243.908753
218.408781,97.505145,245.382227
204.997829,82.188571,245.996688
195.309347,64.418424,246.329342
178.226143,41.282997,246.890077
172.144221,29.118174,248.379126
161.621081,22.130989,248.805615
148.521159,19.065027,248.613469
135.334065,14.084772,247.217548
120.112351,11.892618,246.894013
110.728984,10.256279,247.058004
95.903367,8.683525,246.352751
88.300442,7.095866,247.180814
79.077912,7.163223,247.580784
67.469870,5.685299,247.715563
58.076612,4.927127,246.032298
46.822169,4.200930,245.822538
37.637513,4.067116,246.443151
26.550564,3.087082,247.569499
16.750371,1.617156,248.810072
6.329756,0.957893,250.888837
2.151512,0.643954,252.696034
1.086047,0.882550,253.698760
0.516913,1.610275,254.304278
0.323071,2.666313,254.551768
0.415219,4.287902,254.714000
0.574959,6.162655,254.671643
253.332019,20.782943,134.236816
253.186408,19.310955,146.218616
253.239554,16.443624,161.655433
252.867624,13.407290,177.814451
252.573517,10.462587,197.559436
250.815799,11.574847,211.055227
250.693597,15.714841,226.551634
249.065500,20.296244,237.416839
249.259325,37.414952,240.759456
247.554461,51.256939,242.125163
246.610313,72.258624,244.229436
242.987686,91.838128,243.843783
238.015955,99.351052,246.448670
230.008893,98.768341,247.753656
221.130400,90.111838,249.316224
207.145192,78.552629,248.771019
196.465486,61.891933,248.974407
178.556942,43.226695,249.075934
170.741371,33.109788,250.166341
159.671775,25.330594,250.693091
148.201183,21.827847,250.583289
135.584248,16.215387,250.012302
122.121279,12.664302,249.925581
113.010014,11.008859,250.037948
99.033311,8.922699,249.759691
89.234531,7.397126,250.146744
80.761978,7.406139,250.865456
70.827523,6.099008,250.817351
61.157342,5.148008,250.047366
49.561752,4.409821,249.675121
40.943466,4.150979,250.050839
29.248935,3.085986,250.162456
17.842210,1.622378,250.578003
6.972327,0.749126,252.601192
2.451525,0.481469,253.588392
1.146773,0.452822,254.228517
0.356626,0.488393,254.752203
0.279592,1.235852,254.719064
0.307878,1.990337,254.738838
0.425623,3.334484,254.686742
