1600
3
251.981032,28.649337,192.419397
251.447892,38.305151,197.270331
248.192275,57.024761,206.989159
245.995838,77.878243,216.169486
244.422898,89.645128,223.295894
241.984012,103.713894,229.953399
239.188971,91.516671,235.895298
234.861893,80.328475,241.520243
231.175381,66.675900,243.890217
229.812060,51.181620,245.538580
228.287932,38.894641,246.630042
222.822414,33.451623,247.227156
213.062537,23.172412,247.405625
196.734148,19.237193,246.539214
180.586699,18.474299,246.442570
162.246699,16.022674,244.827120
145.155069,13.933341,245.523207
135.388395,13.255502,245.404667
120.874395,12.603940,245.298196
111.412016,10.590978,245.067361
102.029731,9.798060,245.599432
94.243119,8.535461,245.419173
84.949664,7.731214,245.762448
75.087206,7.032159,245.642619
65.707924,6.217667,243.961205
56.163316,4.463896,243.637119
47.767111,3.457349,242.660953
31.721217,2.310478,245.870075
20.767072,1.484552,248.307331
11.803731,0.691866,248.016675
6.116470,0.536745,250.316879
2.714771,0.745120,251.435950
1.411732,0.732533,252.990151
0.582492,0.848532,254.254125
0.578890,2.368699,254.049097
0.810296,4.781715,253.941844
0.877734,7.345841,254.123486
1.002057,11.781999,254.094097
1.137432,14.968048,254.127328
1.686719,18.745723,254.298968
252.018796,26.663262,183.055993
251.111966,32.372309,187.583025
248.681141,51.089478,198.342640
246.744459,75.127464,208.325419
244.824806,85.531691,215.256969
241.865417,94.032942,221.284611
239.506630,88.312493,229.539775
234.634381,78.301097,236.862820
229.717253,63.836159,240.008753
227.934838,47.701355,242.850033
226.943276,37.666242,244.613230
225.492249,28.339348,246.333327
212.596510,22.718977,244.551657
197.358211,19.174172,243.400365
177.402408,19.187492,242.544697
160.229837,15.946327,240.965238
144.405435,15.276058,242.476330
134.493259,14.225308,242.441263
120.202415,12.710547,242.468664
109.787242,10.769732,241.472469
99.145284,9.871280,241.220326
92.328581,8.936924,241.231777
82.383523,7.791297,241.358533
72.022484,7.052305,240.869873
63.315460,5.627884,240.272927
51.085136,4.270800,239.063751
44.839446,3.319060,238.468139
29.762176,2.316514,241.420604
18.863843,1.323718,243.920836
9.458023,1.064621,244.117493
5.217849,0.904241,246.576744
2.558971,1.266081,248.755270
1.334037,1.228025,251.101887
0.693452,2.241907,252.604556
0.638852,3.747344,253.652947
0.847093,7.207553,253.722652
1.004581,11.548497,254.005598
1.697157,16.700127,254.100548
2.124331,20.393724,254.243268
3.042985,23.784534,254.314938
251.562342,23.856695,174.301527
251.337906,28.185650,179.094687
248.916666,42.718873,185.604754
247.443278,62.340533,196.716546
244.091760,79.544528,205.469706
241.909233,85.950864,213.637396
238.263312,82.796615,220.360798
233.518913,70.912819,228.220684
229.780724,58.404915,232.361721
225.972863,46.867562,237.993619
225.184364,39.125155,240.934723
218.804230,29.828665,241.123654
208.097438,22.620107,239.538316
193.426705,19.356760,237.838947
173.718285,17.776730,235.326011
156.144117,16.259929,234.387998
144.299571,15.211638,236.618682
132.351390,14.287149,237.095947
117.130740,11.858740,237.274208
107.887480,10.463255,237.218833
97.792637,9.399948,237.029685
89.014037,8.619114,236.926340
79.568573,7.659612,235.146857
69.520964,6.788323,233.762212
56.623890,5.209293,232.873141
46.603487,3.549290,232.228199
39.041291,3.497835,231.767571
26.808364,2.777140,235.020472
15.527366,1.754266,239.358185
8.763832,1.515719,240.852346
4.572469,1.549937,242.845301
2.249473,1.566197,245.604298
1.150738,1.967064,247.838676
0.719984,3.806529,250.322860
0.749578,7.168241,252.029093
1.399944,12.055743,253.195175
1.602919,18.172046,253.684790
2.495848,23.371229,254.140895
2.881780,27.161906,254.305674
4.456803,31.897133,254.203150
252.502149,22.231415,162.673508
251.625283,25.597481,167.321214
249.948294,34.794762,172.580375
247.386368,51.129051,182.341360
244.467300,66.148203,192.252851
240.169669,74.752153,202.007797
235.905082,71.946576,208.501505
231.746609,64.402716,216.189748
229.134533,55.258395,224.607965
222.022753,48.519808,227.623704
217.184403,38.717577,231.155323
209.941479,30.112874,230.111181
198.119018,24.399511,227.985774
183.019405,20.332665,225.263445
163.533994,16.104914,222.206184
151.839541,15.668698,221.395622
143.489980,14.850475,226.507873
125.722880,13.792154,228.240697
115.185155,11.773565,227.746076
103.313552,10.822712,227.514323
93.527483,8.866696,226.957237
83.770006,8.349415,227.713810
73.105831,7.107511,225.954714
63.277610,5.630805,224.578362
49.463181,4.361262,222.984476
40.711085,3.628440,222.487455
32.195787,3.668364,222.031736
24.072642,3.847785,224.523828
11.428114,2.074867,231.466787
6.533156,1.867024,235.479332
3.515451,2.137135,238.125999
1.866835,2.316919,241.012899
1.212314,2.931019,244.464955
0.939419,6.829286,247.606292
1.382656,13.036055,250.238903
1.898527,19.672851,251.955543
2.502854,28.666190,252.910065
3.470684,35.688453,253.880124
5.307652,40.283969,254.422159
7.999773,48.869536,254.280865
252.380421,19.764682,149.738727
251.551497,24.386929,153.858050
249.954415,30.208159,159.742599
247.819491,40.541604,167.793911
244.269489,50.399848,175.605693
239.594974,58.362833,186.616913
232.884230,62.287083,195.684869
228.264494,61.611345,202.106065
222.596789,54.009315,208.313738
215.278375,45.503571,210.625377
204.392038,34.907615,211.082927
193.794265,30.880022,211.168378
185.451803,25.834609,209.946978
170.022100,20.085012,209.865296
158.322696,16.525653,209.181505
150.262457,16.889236,213.704115
137.496681,15.358180,211.986095
119.996269,13.131250,213.916540
110.255947,11.648006,214.989139
97.300480,10.364639,215.277361
86.862431,9.067391,213.913489
77.447647,7.491267,215.100853
64.474516,6.632902,211.844879
54.163260,4.789529,209.769891
42.680484,3.716730,209.802878
34.069468,3.780555,211.382521
23.929637,4.020816,209.500767
17.821018,4.269272,210.067117
9.238840,3.458131,217.714364
3.666245,2.817487,226.631940
2.281751,2.737058,232.123943
1.836659,3.920348,236.741139
1.463841,6.974587,239.131858
1.342068,12.431303,243.345608
1.869066,22.361376,247.321887
2.631203,32.342788,251.025917
3.109422,40.165507,252.663554
5.680004,48.253622,253.504522
8.107816,54.859838,254.012074
10.445459,59.577573,254.411417
252.285112,19.016222,137.039725
251.466830,21.970307,139.975914
249.236618,28.341345,142.282209
247.698185,32.622744,148.163391
243.990701,39.371311,157.207974
237.491168,44.691646,166.605579
230.986619,51.062695,178.320019
222.886051,49.543193,183.509303
215.755218,46.539510,187.058351
202.326915,37.935656,189.268176
191.490774,31.121640,188.601680
180.856069,29.630191,188.570055
173.169809,24.990491,188.625714
160.921160,18.886306,188.629073
151.680638,16.155433,193.119240
141.831850,17.165934,192.106781
130.453441,14.724020,193.699036
119.004970,12.120510,197.119027
100.284319,10.052885,196.306738
91.894961,9.394422,198.357476
77.438360,6.907919,200.220526
64.136103,6.400573,195.299443
55.916046,5.027239,194.775486
45.523104,4.012409,194.870884
35.317366,3.871427,195.463059
24.089182,4.230048,194.978955
17.296454,4.398330,197.358794
11.502673,4.616796,199.261344
7.156379,5.160688,201.281501
2.727718,4.526042,212.088948
1.884261,5.829281,223.028228
2.119097,8.309793,230.591468
2.158676,13.872875,234.813950
2.791652,21.476978,239.603151
3.266780,34.689998,245.027778
4.398400,44.514159,248.748275
5.585344,54.196263,251.906174
7.845404,61.249739,252.594164
10.250102,65.593627,253.568642
11.635611,66.167012,254.125541
252.067334,19.367267,122.630349
251.733815,20.408827,125.763771
248.490968,25.345363,129.201636
247.285708,28.903816,133.593271
241.848077,34.095568,141.090619
234.111650,34.776022,147.309165
225.045760,36.341770,153.510735
216.438778,36.790364,159.103542
206.717152,38.143075,164.769709
195.697636,32.493943,164.665935
184.824224,30.837073,169.001129
173.619621,26.536196,170.133732
164.812426,25.927509,169.565605
153.488703,19.367982,169.570251
142.487286,16.615773,171.121642
133.867258,13.858430,172.016375
123.395816,11.046759,172.909419
108.717731,8.891761,173.452722
94.908678,9.478825,176.418735
82.674628,8.214781,176.183215
67.065621,7.046911,178.554559
54.782013,5.034779,181.261614
44.893624,4.401731,178.441316
37.117488,3.786032,180.117170
24.941874,3.985093,180.181494
16.602591,4.856366,181.691735
11.821260,4.641286,184.140189
7.500695,5.290616,188.123851
5.955828,6.235548,193.134981
4.420905,7.794457,198.684550
3.017419,10.273487,209.028428
2.768666,14.322292,222.484261
2.690189,20.971110,229.624698
4.263381,33.384829,236.233352
5.887165,48.263826,242.805666
6.191722,58.153703,246.270059
8.011032,68.199486,249.949541
11.204514,73.821401,252.345767
12.885774,76.328986,253.176188
16.777407,81.760005,253.937156
252.377825,15.837876,110.825097
251.963788,16.877426,111.748117
248.717416,21.622238,115.323310
246.130217,24.868071,120.269576
239.477849,28.231365,122.452208
230.473407,29.428051,129.858011
220.942657,30.881869,132.507075
210.566860,31.053501,136.837659
198.829996,30.424407,139.750032
187.897377,28.763869,142.909615
178.102595,25.756315,143.319836
165.213655,25.111448,145.897895
155.319622,23.136241,148.883282
145.716771,19.202193,152.106419
134.887790,15.210135,152.791317
125.340349,12.759703,152.365888
113.014144,10.301086,153.783208
102.061939,8.541087,153.341539
86.406298,8.577041,153.704210
69.090430,7.723271,153.293593
58.166081,6.182238,157.071674
43.957560,4.773678,158.026308
35.699394,4.550223,159.660711
27.315193,3.733487,160.725763
19.731607,4.003714,165.961831
11.486781,4.606138,170.163811
8.011023,5.259156,174.707927
5.359685,6.126540,178.641163
4.771527,8.604877,184.283385
4.408780,11.933023,191.639195
4.934446,16.743624,198.718617
4.077547,24.375888,209.955861
5.305201,33.984521,222.422362
6.788304,47.929089,230.881635
8.281517,60.589107,238.919589
8.565819,71.575358,245.071909
11.510981,81.737342,249.480674
13.946123,86.269846,251.478260
15.643371,90.194921,252.700122
18.560333,92.953903,253.664921
252.688322,11.872715,96.129798
251.436468,11.852379,97.158291
249.126618,14.501103,100.106641
244.759147,20.684308,105.743015
236.012105,21.570065,108.764057
228.354467,23.418714,113.043003
216.464940,23.979563,117.427077
204.971907,24.806596,120.166416
193.805379,24.099141,121.099240
182.762001,23.567045,126.168711
173.686746,24.309124,125.625617
162.640925,22.778038,130.791083
149.856410,19.717262,131.793814
139.626872,17.718613,132.998031
128.632575,14.961415,134.906862
117.729202,13.002364,136.610612
105.038350,9.286931,135.688585
92.455196,7.548765,134.626288
76.505470,7.800913,133.952176
58.826564,5.880910,136.926063
49.203789,5.774851,136.536620
37.553477,5.529109,139.727139
28.335038,4.196970,141.947647
21.177430,4.489786,146.961621
14.546596,4.617091,152.445083
8.105790,5.764732,158.393976
6.059943,6.225137,164.005895
4.508446,7.915544,169.367220
4.085165,10.200055,177.119457
4.201741,14.801117,183.615698
5.160321,22.157846,192.411355
5.658528,33.414796,200.821215
7.269348,48.817375,215.308334
10.032427,62.567646,225.282043
10.481858,72.150990,235.339718
12.322804,87.653594,243.175906
13.907337,94.711943,248.363990
15.505523,99.076123,250.941812
16.369509,102.585638,252.619359
19.128745,105.905673,253.428849
252.537123,8.247443,78.751906
251.761129,8.202981,79.869635
250.035051,10.123323,81.691436
244.189722,11.639254,85.593950
234.539843,15.445151,92.288892
224.802391,18.298665,95.918990
214.106366,19.259102,99.336073
202.048012,19.586210,104.340575
191.356976,19.951078,106.286001
178.793508,19.481337,108.263592
169.174591,19.601647,112.016324
155.452285,17.854023,110.339065
145.175869,15.232465,111.394748
132.238705,14.873423,115.883726
122.822672,13.465070,118.079071
108.962329,9.972570,119.292923
97.528388,9.057949,118.768858
82.222068,7.371110,116.176214
70.006223,6.637079,120.148607
53.543746,5.492493,121.960474
41.647461,5.806467,124.412214
32.458854,5.164063,126.220648
22.074732,4.168174,128.177042
16.915413,4.367287,132.838843
9.678734,5.468902,137.552064
7.553458,6.395473,146.556507
5.577187,7.615066,153.219746
4.025999,11.380622,160.090043
3.632450,13.670330,165.769551
4.239029,20.501296,176.435253
4.598189,29.374218,184.044618
5.681442,41.459697,194.904090
8.370397,59.385902,207.459511
11.319414,72.760157,219.820346
15.154951,89.269144,232.382488
16.546659,102.331235,241.641851
18.766225,107.672879,246.530727
19.037443,114.354576,249.946598
21.117472,120.747601,252.138820
23.233180,124.052554,253.041039
252.469534,7.496377,68.284886
251.290102,7.196775,69.253824
248.318215,7.434322,69.074036
244.031648,7.755602,68.266209
235.474521,9.957034,71.654715
225.102964,10.735254,76.645036
213.100167,12.146536,81.985626
198.677167,14.011834,85.122256
185.841802,15.643964,90.448060
175.174752,14.424100,91.322632
164.170890,15.576769,93.805380
147.832585,14.529062,95.564301
139.855452,14.794823,97.364562
126.372720,11.151772,95.777131
118.851723,9.952669,99.308114
103.217829,9.444791,103.250552
90.086117,8.603988,106.762139
77.793073,7.174099,106.633606
62.346086,5.634068,107.217944
47.425532,4.509842,107.414819
35.889702,4.716451,110.200509
27.215558,4.935082,111.963574
18.675823,4.324373,116.822953
12.336498,5.220177,120.511960
8.079116,6.439355,127.759567
6.241382,8.255750,132.196171
4.285289,11.034304,141.484728
3.701742,13.260897,150.166458
3.713978,18.840660,157.903886
4.372505,26.449447,166.161572
6.167860,36.345757,175.977441
7.646207,51.347861,188.664835
10.630453,65.257666,203.114940
14.330006,86.465826,216.472525
17.361406,102.171511,227.734350
20.811515,114.822938,239.462971
25.977334,122.068328,245.665049
27.082315,129.266562,248.991188
28.146049,135.155913,251.118122
27.685864,138.671755,252.553087
252.829240,5.118855,52.612279
251.410670,5.392122,55.042408
247.570205,5.545691,55.976488
242.743798,6.296017,59.255419
233.916715,6.781867,61.553580
226.189833,7.387714,62.423333
210.525042,7.853233,65.161451
195.548449,10.382297,72.294966
181.349838,11.538521,72.836411
171.383798,11.352682,75.278549
160.941978,10.424051,76.719468
144.387102,10.599476,80.765236
133.736825,9.878035,81.992394
124.939595,9.049482,84.386694
116.200940,8.819374,85.504112
99.608180,8.864931,87.829406
83.280483,7.996664,91.876230
70.554004,7.000253,93.040177
52.684091,5.655351,91.400558
40.873714,4.634015,93.872516
28.731973,5.133140,96.384541
23.491059,4.306764,99.126343
14.975968,4.807187,104.847160
9.960359,6.292958,111.787877
7.186674,8.147673,116.817958
4.918938,9.553554,124.284041
3.927866,12.877262,131.474863
3.659525,15.655130,139.441671
3.841125,23.485882,147.974638
4.713722,33.293188,157.735353
6.956912,43.964644,169.123029
9.380888,58.232188,183.057273
14.631805,77.179371,198.486774
17.973619,98.722044,215.693489
24.150243,113.762789,227.078064
28.871752,125.460719,235.878126
31.667574,135.486807,244.177375
32.042587,142.577834,248.242352
33.334035,147.733733,250.935665
32.909021,152.573140,252.419807
253.353653,2.964932,36.807730
252.000153,2.791491,41.313943
248.189363,3.600229,42.192726
243.772410,3.993709,46.203519
233.164823,4.483359,48.936916
222.464148,5.550749,52.323335
210.785169,6.332241,56.730412
194.236058,7.927644,57.379131
178.063111,7.705465,57.325685
167.842504,7.971196,59.607990
154.318026,7.785194,61.195996
140.742894,7.585924,64.053976
132.306373,7.714965,67.669838
123.441378,7.083244,71.186276
111.653982,6.890152,73.121071
96.337118,7.263993,77.480753
77.042723,6.092525,78.619398
59.435456,6.014131,79.301984
49.228692,5.285465,81.163871
34.560243,4.725696,84.890671
25.788537,4.991796,85.605887
20.102211,4.809629,89.681704
13.553675,5.117622,94.497687
7.719365,6.966031,101.047543
5.699693,9.337560,107.160472
4.692940,12.633068,114.840126
3.725674,16.057357,122.138636
3.898415,20.145305,128.071237
4.402331,31.563765,140.268517
5.056176,38.178475,148.421324
9.512053,52.807939,161.528915
15.268533,69.266063,175.728903
20.207781,84.559457,189.829613
26.462680,107.122102,209.262137
30.710810,126.691248,224.141878
34.271957,136.796851,234.193245
40.368503,146.626947,241.268463
43.389929,154.077517,247.594274
41.575669,159.083549,250.102893
41.551422,162.170560,251.810381
253.759290,2.124181,25.729527
252.356399,2.200801,26.759209
248.223095,2.383921,29.386788
243.802142,2.586623,30.668692
234.150555,3.059455,35.048736
221.822715,4.269991,37.461615
205.514579,4.668111,40.424899
192.073087,5.372413,40.390998
175.902084,5.744183,45.896058
165.105958,6.226031,48.263564
151.588241,5.952755,49.489483
139.182752,6.097124,50.985444
129.232036,6.844254,54.379766
119.701875,5.937562,55.904419
108.181534,5.425916,55.889445
91.757107,5.407004,60.874959
73.423709,5.901094,67.785811
54.406426,5.042316,67.412353
42.723126,4.579520,69.672172
27.794284,4.731609,72.583557
22.377767,4.663058,74.705164
16.628590,4.921986,78.166706
10.432804,6.001706,82.106507
7.501976,7.392066,89.346092
5.420328,10.802732,97.854161
4.465467,14.572940,104.447112
3.777759,19.222658,111.454084
3.566615,24.522117,118.839916
5.794681,37.957398,132.033117
8.734532,47.367631,141.985408
12.089986,64.485247,155.285167
18.705675,79.534061,171.081504
25.374971,98.072258,185.724447
33.798311,120.836202,203.336879
38.072600,136.825603,218.763838
43.761959,147.312151,231.271554
51.127166,159.664125,242.612418
53.405965,166.303516,247.848698
53.210492,171.327723,249.107846
53.867755,174.498519,250.489559
253.777404,1.531140,16.550554
252.707970,1.598508,16.905734
249.002978,1.816886,18.769005
242.858444,1.885291,19.144381
234.979452,1.928436,21.803560
221.811608,2.470947,24.288010
205.308719,3.637737,26.649928
190.562081,3.738584,30.280783
177.666754,4.539258,35.210653
160.040659,4.594202,35.733114
149.230792,5.174578,36.487213
136.624996,4.946195,37.797045
125.310899,5.970261,40.212450
116.183810,5.411928,41.170438
103.825138,5.206156,44.387549
89.357866,4.946341,44.824023
67.432136,4.716547,49.017536
49.389399,4.021651,53.251213
36.700832,4.294717,55.846031
25.468354,4.415229,61.246724
18.550562,4.711170,63.969277
13.241208,5.053993,66.619781
8.952869,6.337079,70.791178
6.022414,9.686491,77.324668
5.011876,13.622866,86.910578
4.149479,17.591082,93.552258
3.234258,22.779089,101.479199
4.013582,30.409917,109.622739
7.700943,46.555929,125.536235
9.702283,58.350696,136.107840
13.676853,71.349385,147.167292
18.660788,89.793583,162.267181
28.319626,115.047106,182.728293
37.613706,135.325772,199.324569
42.685890,149.593578,212.897059
52.065072,160.756514,229.534984
62.012609,172.519806,239.513427
64.693857,180.255004,246.853321
64.160251,187.480364,248.731866
59.864254,188.523206,249.454590
253.848752,0.968315,8.561271
252.750651,0.931789,8.692427
249.523378,0.979349,9.678767
243.792850,1.232805,10.323893
235.079820,1.532792,11.953288
220.200818,1.729208,13.165068
205.340589,2.352422,15.504014
190.622870,3.175078,20.647848
175.949074,2.861933,21.136645
157.903037,4.126210,25.343833
144.970214,4.354801,25.667173
132.919379,4.567102,26.733935
122.084936,4.233227,28.267068
112.186663,5.019802,29.615076
97.916972,5.114485,29.711425
83.932653,4.575215,34.532157
64.128302,3.891695,32.972538
45.234237,3.963387,37.581234
33.154888,3.699227,40.417141
21.919882,3.808128,44.171320
13.537070,4.349622,47.819981
9.851228,5.273326,52.440189
6.662127,6.782742,59.299502
5.523936,9.854373,63.754987
4.644575,14.911474,75.589884
3.960735,21.698258,84.356209
4.553950,27.399278,91.954938
4.781907,36.388503,100.254710
9.589665,50.110955,115.318103
11.971510,66.352152,130.612062
16.777819,82.014692,145.285337
22.073193,100.440364,157.836168
33.122742,128.800108,179.142069
37.982751,143.766645,193.499334
47.037037,161.496669,211.685270
65.445766,178.169196,224.542727
76.884119,190.176028,236.876472
76.679565,198.993819,245.304295
74.568021,201.602182,247.684407
69.949685,205.164335,248.673203
254.010954,0.671560,4.667868
252.836070,0.626691,4.557521
249.149453,0.620274,4.582131
244.217711,0.898144,5.641855
233.513861,1.095319,7.115372
220.371696,1.399005,8.077389
208.232504,1.647470,10.187760
188.451610,2.178836,11.423789
174.195380,2.386381,13.485214
157.774782,3.302146,15.221732
143.842362,3.832482,16.944205
131.920034,3.852581,18.835666
120.968985,3.435623,18.817107
107.028747,4.388496,20.591869
93.343884,4.226633,20.192817
77.975688,3.742611,18.360462
59.153131,3.403168,19.828420
41.038569,3.242902,22.509259
28.914169,3.790390,25.804265
19.190156,3.785860,30.866965
12.255476,4.642211,37.478027
8.119675,6.253450,41.210330
5.064586,7.721737,46.048492
4.234021,10.459654,53.333075
4.338484,17.198263,64.720583
4.691695,24.697662,76.575499
5.671760,33.173584,85.525450
7.270872,44.502416,96.211340
12.186262,60.297404,109.251117
14.102061,75.744684,121.779220
20.760634,94.565871,139.168291
25.676335,114.405997,155.239491
35.875942,136.866204,173.844232
40.241672,155.234012,190.855810
51.883078,174.583304,206.354451
71.312913,192.746769,222.631758
82.527276,204.960815,232.130382
86.969238,214.301063,241.652047
81.150732,215.959845,245.410846
74.770125,215.528002,247.254198
254.116802,0.727514,2.158109
252.805056,0.822115,2.422331
249.261876,0.880519,2.396150
244.193443,0.984503,2.430067
233.051249,1.027411,3.359327
221.642731,1.374315,4.776277
204.847119,1.917191,5.799797
186.984488,2.513566,6.966870
172.531246,2.842818,7.829448
156.790491,2.987005,8.922110
142.589894,2.926325,9.616911
130.354777,3.500698,10.654079
117.784638,3.245718,10.540069
101.267443,3.518237,10.920891
87.704304,3.342425,10.959744
70.725539,3.820955,11.920964
54.535780,3.577518,12.520558
39.004489,4.011281,15.051054
26.138350,3.935275,17.644857
17.388020,4.204147,20.940389
11.556403,5.431763,24.004978
6.660817,6.523313,30.935860
5.154635,8.627865,36.983469
4.174439,12.542761,42.786353
4.538818,19.204319,53.931372
4.810446,27.557824,67.860115
6.846992,39.594388,80.643842
8.524535,52.394264,90.201035
13.636404,68.198608,103.441417
16.730582,85.629989,117.434864
21.641113,101.367902,130.615438
24.753115,122.566968,150.463529
35.009312,144.080420,168.730663
44.341216,166.385747,186.652944
56.109192,184.942080,202.204130
75.071344,201.762713,219.045567
86.942439,213.875359,230.068886
89.096977,223.412187,239.708382
81.413608,224.888099,243.213670
73.062373,225.626637,246.094217
254.366882,0.761100,0.700053
252.750882,1.176782,0.918220
249.126222,1.464236,1.125995
243.255087,1.637084,1.306243
234.073044,1.563678,1.807894
219.477900,1.664935,2.518660
204.539659,2.151288,3.573853
185.491384,2.977320,4.947936
171.726052,3.464578,5.005806
155.385680,3.619699,5.964979
141.040605,3.873999,6.308262
127.990394,3.707699,5.869729
113.488926,4.176642,5.337379
99.579458,3.967192,6.396009
84.345110,4.509948,6.412402
70.125114,4.001482,7.234672
52.742792,3.695092,8.104599
36.966767,3.545481,10.373970
23.314728,4.186055,11.379309
15.556018,4.399335,14.266192
10.605764,5.668704,17.228260
6.715626,7.074683,21.863390
5.593747,9.612483,26.737334
4.896355,15.115376,33.815423
4.431433,22.800454,41.344391
6.457388,33.730077,58.282427
8.478188,50.497773,74.727259
10.474276,62.953039,83.787159
13.524577,79.414305,96.153688
16.425568,90.719940,108.262703
23.532927,109.677641,125.216827
28.569276,131.204572,144.178518
36.804039,153.233764,163.271260
48.211601,173.504363,179.928955
58.924275,192.660832,197.849857
69.112952,211.383489,213.646776
79.184816,221.650499,225.260533
76.966083,228.734832,235.909417
68.916233,232.347786,242.019195
61.433104,233.473368,245.364593
253.936057,2.421310,0.622945
252.514028,2.404299,0.688384
249.436086,2.228249,1.014373
242.983659,2.427088,1.244910
234.105250,2.927329,1.643899
219.246241,3.488327,1.762274
203.258745,3.462725,2.337102
184.257187,4.275884,3.069163
168.339895,4.445510,4.008578
152.830305,4.832842,3.833410
138.852684,5.301539,3.879963
125.649679,5.394303,3.979698
112.381913,4.671265,3.926240
98.603988,4.880516,3.764458
81.527108,4.748606,3.744577
64.056839,4.453423,4.441938
51.708201,4.382384,4.142443
34.853443,4.781329,5.136026
21.687124,5.099789,7.083529
14.570497,5.374464,7.939745
9.705209,5.930953,10.310643
7.009549,8.041065,14.678183
5.394608,11.928598,20.470787
5.382514,17.680571,26.746741
5.509821,24.796944,34.610314
6.029405,39.345673,44.646545
9.199857,61.330202,66.922311
11.047774,72.853244,77.600118
12.218219,84.049803,88.819863
16.818693,97.893576,102.781499
23.694371,118.343854,120.257704
28.651646,138.620524,136.756365
34.960147,157.999730,155.182553
44.121963,177.988871,174.135846
56.679949,198.145135,193.417944
67.695682,215.228428,207.209539
63.418600,228.193905,223.477534
58.636742,234.837172,232.556232
54.795905,236.582572,238.979767
52.112894,238.293508,243.042429
253.797008,6.652562,0.670317
252.513518,6.322170,0.727945
249.483647,5.881443,0.857025
243.626786,5.574089,1.170402
230.702608,6.604755,1.394122
216.423054,6.373906,1.726331
200.637544,6.281229,2.179804
182.185542,6.305223,2.394656
166.280641,7.286433,3.091779
150.413316,8.173211,3.029088
136.028815,8.143883,2.956106
125.304443,7.547904,2.675075
111.920784,7.475627,2.235940
94.637501,7.406147,2.380413
79.541414,7.575515,2.255317
63.130944,7.267766,2.423946
48.988793,6.567418,2.700921
35.032916,6.564736,3.356485
22.296085,6.536199,4.668305
13.734059,6.169419,6.044190
7.763688,6.614678,6.617547
6.599371,10.443326,10.108279
5.647877,15.392848,14.105480
5.908026,23.236632,20.043172
5.715799,33.286519,27.961315
7.014596,47.421275,39.489455
10.005781,67.616300,57.863857
11.488810,80.586930,72.244483
12.308225,93.834938,83.446910
14.895601,105.414547,93.960105
22.107273,123.333553,112.524611
27.309784,143.292050,132.086803
34.784595,162.379111,150.061076
39.079670,181.078776,166.756503
49.714020,204.985372,188.004241
58.041594,222.113183,205.709409
54.240929,233.030949,220.567893
48.108627,237.149409,229.873354
41.319143,240.217975,236.085373
34.952696,241.898521,241.558677
253.667362,14.408463,0.829973
252.184204,14.600851,1.172924
249.830710,13.351596,1.487514
242.180608,13.648493,1.566918
230.347334,11.724645,1.365981
214.508844,11.352816,1.838210
196.506467,12.215626,2.283642
180.241891,11.746659,2.330363
161.901137,12.096355,2.270758
151.103697,12.922631,2.408626
135.575695,13.971160,2.560385
124.332946,12.011629,2.391326
110.645213,11.393259,2.026708
94.039993,11.611226,1.754862
79.952156,10.898404,1.770757
61.238085,9.349829,1.949062
47.672127,9.084226,2.197691
34.077793,9.483707,2.792245
22.901736,9.715622,3.556557
14.699956,9.139488,4.202028
9.086638,11.345228,6.050127
6.404176,16.430001,8.046202
4.718128,22.896685,11.506770
5.959433,30.628979,16.188999
5.961681,41.140455,23.452904
6.729939,58.083017,35.863782
10.109681,78.401455,52.403898
10.654110,88.836244,63.783074
11.877417,101.094459,75.301123
13.486408,111.974525,85.356300
19.804235,129.584878,105.634927
23.327121,148.299037,126.317588
28.222649,166.056515,141.722398
32.029565,186.378299,161.690160
36.344683,203.974380,178.557301
45.791393,224.025910,201.382521
43.467702,234.354718,218.060518
38.058069,239.427569,225.433812
31.123343,242.043415,232.933750
24.487306,243.202074,239.171403
253.564024,25.769932,1.771858
251.853385,26.128920,2.212620
249.020810,26.709404,2.807993
242.245310,25.901173,2.592955
231.566164,24.157725,3.184740
211.611923,21.507588,3.474010
197.409742,19.745387,3.492921
175.653647,19.836647,3.741733
163.325249,20.637303,3.846420
149.597416,20.646765,3.573735
136.249757,20.582306,3.018018
125.523019,17.761914,2.509626
110.955558,18.483617,2.256080
94.141417,16.088572,1.756410
80.410567,15.494517,1.912830
65.887639,14.689391,1.597677
44.361926,14.805954,1.983735
33.668559,14.412462,2.552023
23.536981,14.980818,2.964942
15.823627,16.769390,3.546918
9.850243,21.642286,4.476756
6.924991,24.813985,6.511131
4.884091,30.517909,9.692993
5.747226,36.957766,14.135603
6.243309,49.343497,21.819927
7.049784,66.806952,33.894310
8.971982,83.074987,45.181085
10.436398,97.140441,57.582461
11.771380,105.750134,64.172542
13.326393,118.693537,77.467222
18.326956,133.660551,92.615817
20.144581,152.574486,114.609913
24.314063,173.509110,134.892353
27.598930,190.908988,152.741365
32.972604,204.206466,169.214012
34.785216,224.072944,193.265967
33.360592,235.765799,209.128321
30.138242,240.695420,219.336748
24.860411,243.541171,226.905613
25.418120,244.750606,230.419323
253.310635,40.411053,2.947862
251.956615,40.808009,3.578691
248.062677,39.824196,4.341579
241.626018,38.982963,5.019875
233.114151,41.010923,5.481064
215.595604,36.231847,5.273121
192.935932,33.443854,4.995956
175.936473,31.113021,4.820146
162.293602,31.394974,4.597102
148.927728,30.565645,4.236532
137.194961,29.649736,4.218599
125.650397,28.610240,3.549553
110.573626,26.119172,2.485013
97.204849,24.410301,2.187162
80.905050,23.061714,1.713931
63.661458,22.688568,1.791611
46.859031,23.491650,2.107651
33.911339,22.827308,2.564881
25.548673,22.688272,2.888205
16.301319,26.962989,3.422251
11.248068,29.447741,4.298554
8.128138,33.163146,5.826190
6.003382,39.460664,8.132100
5.470677,48.092738,11.655179
5.995917,62.291242,18.741655
6.655977,76.343110,28.362537
7.256582,88.907806,38.389841
9.686038,105.085818,53.241254
11.503996,115.367990,61.144635
13.239731,125.726203,70.192427
16.028429,140.048855,85.792191
18.435556,157.576407,104.768140
21.049941,175.876561,126.510480
21.831683,189.369610,143.491070
22.255128,204.840850,160.781687
24.517089,223.424241,177.843161
24.691901,237.692176,199.261493
22.395162,242.134191,208.321268
23.518486,244.315881,212.988739
24.085982,246.437995,216.514000
252.920823,54.354186,3.957415
251.426695,54.411761,4.719350
247.496295,55.096047,5.933661
239.581772,55.485469,6.426102
231.839003,55.108975,7.083436
216.815197,54.904356,6.666271
196.675412,52.911072,7.260635
176.965482,46.944611,6.256144
163.574569,45.595530,5.710060
150.988258,41.480163,5.227664
137.304816,40.835629,4.505356
129.997268,40.437725,4.232246
113.642816,39.760364,3.441342
97.667884,37.862132,2.397198
82.659957,35.365476,2.137477
67.012061,35.213772,1.976551
50.152657,35.263356,2.201556
38.160276,34.144963,2.305452
26.089633,34.987396,2.794630
19.258815,38.350586,3.229882
13.847906,40.006563,3.914955
9.203042,46.915623,5.218468
7.031909,52.146103,6.381330
4.266214,62.419298,10.367828
5.067198,77.255799,17.712678
5.406656,87.378908,23.754729
7.129206,98.639671,36.337805
8.405368,113.866486,48.038337
10.250845,122.184133,57.266731
11.341642,132.916953,65.751825
12.498956,144.176987,75.335577
14.700100,160.062736,94.535340
15.845545,178.375181,117.155081
17.526263,192.741355,134.866399
16.833167,208.831390,147.782910
17.077048,225.059748,166.546283
19.098888,236.817659,179.268096
17.520396,242.353066,192.887201
19.625741,245.753276,198.306201
19.424561,247.227199,200.889063
252.249197,69.763961,4.749397
251.088267,70.351718,5.942678
246.070248,69.856253,7.739859
237.806368,69.878590,7.965256
229.002075,70.316519,8.523684
218.194178,68.364483,9.217380
200.330337,65.665836,8.573087
182.179029,63.345338,7.457913
167.902066,57.817791,7.407879
154.805196,55.496607,6.363280
137.879011,53.920422,5.404868
129.299313,52.518582,5.145547
116.563747,51.919705,5.046778
96.575551,50.406285,3.603809
86.948419,51.683045,3.426652
68.697750,50.326228,2.239249
53.436085,50.986960,2.519169
44.248047,50.588415,2.412949
30.855691,48.964943,2.560923
21.759021,47.679710,3.219431
15.846101,55.128565,3.156910
10.569551,62.372804,4.963651
8.942427,71.445853,6.282048
5.784271,78.335198,8.235363
4.689127,92.193839,13.708253
4.207148,101.444238,20.058477
5.898041,111.897702,28.867908
6.569294,121.666467,38.618067
7.704859,130.477557,49.599510
8.639005,139.648486,58.278759
11.044941,153.048222,71.054200
10.709499,167.095901,84.890757
12.062268,180.189784,97.089592
13.489689,197.653503,119.267987
13.332360,211.028930,133.254047
16.171830,229.799422,149.375831
15.566097,237.568787,164.852180
15.520762,242.746342,169.968190
16.798170,246.455806,177.355444
16.994109,248.837772,179.591068
251.312680,84.061153,6.463557
249.973288,84.058691,8.259225
245.806893,83.290143,10.020005
239.272659,84.016893,10.593231
229.274828,80.467521,10.176605
217.774378,80.111604,9.608657
199.331814,77.988452,9.834184
188.398099,77.942415,10.924334
171.050620,72.447284,9.738605
159.202215,72.241728,9.924915
141.770138,69.822602,6.776639
130.226450,71.200358,6.488789
118.137563,69.342592,6.423696
101.339003,68.957102,5.155332
86.320829,65.580969,4.749687
71.980991,64.358976,4.664892
57.874736,64.231367,2.749984
48.725133,66.162359,3.140961
40.473351,66.992149,3.368592
27.394874,73.206682,3.872236
19.356913,75.975661,3.343620
15.043283,81.605994,3.922657
10.418862,87.930651,5.164957
5.985162,95.772383,6.794052
3.972715,105.800678,10.352408
3.944093,114.605437,16.168244
3.741677,119.134952,21.010677
5.351066,128.308719,32.651501
6.675753,138.409385,43.504543
6.992375,146.842282,51.947485
9.049361,160.307859,61.873478
9.594774,172.106349,74.147681
9.438432,185.913216,90.129661
10.614272,202.990860,102.709533
11.757006,217.826930,122.285266
14.143366,229.691082,136.212190
15.398817,238.946718,147.457997
15.351823,243.790836,153.380405
14.864029,247.356335,157.166124
16.094612,249.058602,160.100767
251.392520,95.778070,7.700020
249.793689,95.775534,9.228842
246.050524,96.461547,12.253350
239.739184,93.624592,12.295270
230.955778,92.940561,12.869375
219.067916,94.022614,13.819012
202.669126,91.880519,12.317864
188.919159,88.402594,11.179999
172.154730,85.612200,11.208649
160.715473,86.554582,10.914537
145.738353,89.593033,10.403583
135.115366,88.146358,9.497633
119.873182,86.910855,9.395105
108.269264,86.319502,8.649121
91.878405,81.369073,6.522242
76.244318,81.474610,6.210575
65.666569,80.514282,5.727436
54.271139,82.635487,4.680525
44.572722,83.833687,4.327050
31.261792,88.826469,3.874513
23.352696,92.095746,3.825124
16.380977,95.233674,3.483982
11.728942,103.118000,4.203179
7.012940,107.711823,4.794815
4.155854,117.556104,8.040864
3.407688,123.115376,12.035618
3.128242,128.319585,16.064629
4.244116,139.689608,24.676548
4.840325,147.500906,31.984345
6.762286,159.919332,46.068122
6.950064,168.747109,55.337958
7.868682,181.315638,66.992709
8.066117,192.837721,82.081134
7.974684,206.948347,94.647830
9.164873,219.590576,108.252115
11.687731,230.662935,119.764968
13.244095,240.712884,131.589099
14.090946,244.987091,139.639688
14.600959,247.671228,142.984832
16.194411,249.107707,145.372629
251.337343,105.775520,8.565842
249.925160,106.303162,9.716900
245.674056,104.492058,12.027220
240.891827,105.467144,13.131766
230.735569,106.523767,15.232197
219.251279,108.968786,16.541947
205.790030,108.590188,14.783917
191.580069,104.214785,13.601340
173.339469,102.286406,13.656051
161.756365,101.198168,12.994697
147.265474,100.308843,11.648303
133.383970,103.826676,12.341697
125.143712,104.011830,12.405923
110.451105,101.595628,11.121891
97.704589,98.631451,10.424138
82.633149,97.722345,8.742784
70.954348,97.238906,8.019920
59.539571,96.581229,5.382161
47.668476,100.110109,4.990879
35.530746,104.435364,4.994481
27.033417,104.646486,4.508523
20.394524,111.090155,3.510274
13.314738,114.237926,3.302868
9.863941,121.696408,3.972895
5.147279,126.375950,5.923591
3.467351,132.593351,9.101580
3.054734,137.762456,12.449585
3.070137,148.701894,19.271605
3.747071,155.427620,25.921375
4.120157,168.444237,35.359919
5.569705,177.236086,46.880138
4.978442,187.147439,58.320470
5.488710,200.506427,73.991028
6.078472,211.554246,84.938363
8.229666,224.227150,97.755681
10.371263,232.023860,107.540121
10.706920,240.795894,116.744352
12.615072,245.930091,122.804501
14.126071,247.989868,127.305148
16.016164,249.917786,128.970399
251.227641,120.542895,9.787678
250.039246,119.452093,11.144882
246.058079,117.500487,14.396598
239.738074,118.815088,17.937317
232.897667,120.672211,18.495515
219.723276,119.557489,19.529721
205.866326,120.602783,19.983616
194.339182,117.533318,20.564248
173.315905,117.702572,17.756723
162.894508,119.043719,17.164678
149.899361,118.316556,16.181447
136.233854,117.194200,13.470153
126.535069,116.196137,14.518341
116.378584,114.216187,14.478476
101.109493,115.588665,12.547759
87.474634,112.304114,11.719935
77.297848,110.640169,9.938034
62.885666,111.097698,7.086972
51.117014,113.473274,6.037237
40.095114,117.402737,5.474565
31.898244,118.954876,5.222698
22.969428,122.453001,3.859964
15.288160,127.037252,3.154668
10.977161,131.370164,3.002075
6.542952,136.075251,4.721405
4.370230,141.832280,6.130160
3.416813,148.680424,10.237318
3.049682,156.036218,14.319703
3.090858,164.820669,21.345448
2.749761,174.317904,28.396009
3.843484,185.152357,40.181580
3.524326,192.507844,46.775781
3.996663,204.335798,64.147097
5.743754,217.004267,78.129847
7.607804,226.450375,87.617038
9.099472,235.526970,96.596756
10.376037,242.551238,105.183663
11.144768,247.533216,110.600908
12.398211,248.693075,113.276471
14.964657,250.811528,115.479009
251.323801,133.594215,10.973535
250.389926,134.748504,12.943583
246.672555,132.588924,17.315243
240.693498,132.340568,20.354939
233.267153,131.206891,23.395109
218.961110,132.443493,25.156128
209.628606,132.686511,25.021987
194.917282,132.427492,24.283384
175.720756,131.901109,24.336615
162.148341,131.040754,20.701360
152.857292,132.326305,18.711979
139.273031,131.778566,16.099129
129.265863,128.923691,14.162729
118.654927,130.674230,15.623196
105.220822,131.633525,15.368082
98.518487,129.527349,13.565629
84.611712,130.336505,12.953204
67.840656,130.474320,8.904163
57.041655,130.791951,7.270016
44.867583,132.087425,6.442380
36.878387,132.193650,5.268531
28.302032,136.814908,4.206045
19.750465,139.362912,2.735283
13.950242,143.371996,3.024221
8.698622,149.026461,3.878154
6.132141,152.905104,4.938672
4.820691,158.392455,6.596803
3.696813,164.315633,11.062385
2.890092,171.884248,16.630072
2.483725,180.557339,25.924220
3.487083,191.910500,34.678825
3.331491,197.439858,40.589234
3.305355,210.745933,52.935537
4.446149,220.906697,68.039765
6.166967,229.397798,78.706858
7.508393,237.281769,86.602100
8.165641,245.241037,94.027750
9.995389,248.254720,97.958094
12.057491,250.823736,101.588831
14.729070,251.947659,104.117357
251.065466,147.717030,13.348380
250.049413,148.240803,14.510048
247.522525,146.727208,20.319932
241.837853,145.817234,24.464490
233.366321,145.323864,27.361466
222.689553,145.760569,28.439611
209.931779,144.363954,30.476060
195.409391,143.324287,29.109180
176.622157,141.454634,28.679582
163.283751,145.084849,25.056121
153.532946,145.500528,21.898410
141.314773,145.262850,19.106055
131.827135,147.113475,18.512918
120.478924,144.229356,17.394712
110.868288,146.030207,17.382158
101.018706,147.568814,15.498828
91.690857,146.549534,15.568574
76.719512,147.383662,10.394640
61.579017,145.591815,8.304674
51.291028,145.397174,7.488280
41.972661,146.489360,6.490555
32.563651,148.610259,5.281797
22.281588,149.469990,3.286519
16.427170,154.392864,3.270438
12.020131,157.946656,3.538199
8.496724,162.775680,4.332023
5.815151,167.825176,4.991259
4.754849,171.870155,7.149001
3.044312,179.540315,10.166234
2.173459,189.109912,20.000701
2.437143,197.178598,27.945440
3.404358,204.843900,36.243495
2.617248,213.736431,46.641087
3.228031,223.648350,57.834802
5.967547,232.899577,69.851560
7.167319,240.020462,76.301911
8.553358,247.582920,83.612955
9.570631,249.907897,87.808798
11.637303,251.525354,90.305388
14.104083,252.128838,93.073608
251.284639,157.480572,15.770614
249.873720,158.104233,18.164959
247.932307,160.298923,23.510344
242.713659,159.053856,26.744851
234.618769,159.969696,31.648448
223.145576,158.953176,36.639453
213.056836,158.008367,38.948988
197.017138,159.066619,40.475053
178.977112,156.359087,35.514809
164.672078,158.466224,29.151258
154.612035,159.600573,24.109714
146.930031,163.661450,23.978901
134.577694,160.449633,21.983873
123.697307,157.901609,18.786714
114.218140,159.884796,18.676980
104.274777,159.647814,16.892259
96.428897,160.911786,16.265261
83.109835,162.604385,13.544650
69.322685,162.704613,9.792125
58.147547,158.900257,8.798678
46.336044,158.298258,7.104331
38.216304,159.766744,5.859684
27.704439,163.048129,3.148187
20.322836,166.283267,2.967399
14.734247,168.180010,3.002000
10.766590,170.485210,3.825593
7.473846,173.790714,4.230045
4.681323,179.769830,5.136739
3.423773,187.782668,7.667082
2.376637,196.211491,11.478340
1.753147,206.972007,16.511304
1.712491,214.949476,21.020821
1.274139,223.254302,31.960514
1.970377,231.022014,40.211816
3.746154,238.697216,53.087810
5.422392,245.390888,62.414202
7.576518,249.308015,69.862247
9.993374,250.589882,74.844525
12.060931,252.369461,79.497780
13.326771,252.661149,81.895747
251.224525,173.740634,18.788043
249.567152,174.576976,22.325548
247.067888,176.376000,26.733712
243.302733,178.340009,32.769617
236.623363,175.159103,36.776335
227.215273,175.786891,41.340895
214.156494,173.290831,42.316914
198.271232,172.530992,43.624805
181.382264,174.812300,41.475358
166.897774,176.055819,38.436749
154.373583,173.016672,29.679470
147.341718,172.486730,25.235906
139.296875,172.972678,23.261713
127.884464,175.076379,22.216417
116.607777,172.261346,19.319657
106.081201,172.831113,17.314154
98.870662,174.157238,17.371400
86.989578,175.310539,14.630877
75.774107,175.857404,11.835596
65.034025,174.573788,9.796165
55.519732,175.241496,8.343750
44.562597,175.059163,6.738583
32.465065,174.123929,3.836542
24.783643,175.545274,3.077697
18.867774,176.873115,2.595576
13.776577,179.497588,3.317204
9.646372,184.527234,3.847954
6.547660,189.746217,4.483709
3.914520,200.365491,5.115950
2.479891,209.409013,7.085413
1.596380,217.065044,9.622280
1.390912,223.654569,14.716716
1.105142,228.733032,20.649755
1.176879,237.797522,28.114043
3.422434,244.149739,37.122398
4.091005,248.836931,47.982019
7.632983,251.060111,58.512192
9.792855,251.368302,65.300863
11.538694,252.568427,67.793476
13.471605,252.751330,72.545893
250.458449,190.109224,24.093236
249.164859,190.593616,25.602768
247.124624,189.914893,28.442672
244.929257,190.275835,38.482375
237.817634,192.406128,41.534330
229.324146,190.295138,44.732078
217.611757,190.656534,47.424601
202.035811,191.195487,50.502898
184.667232,189.945472,44.525791
170.049732,191.590671,41.067076
159.555230,188.553561,35.885906
150.261755,185.743097,29.422575
140.857684,189.200518,22.544473
134.066937,189.684542,20.017233
124.587724,190.321123,18.988976
110.756886,188.784486,16.724451
104.293839,188.880765,16.334780
92.509008,188.043696,14.902812
80.096809,185.808947,12.637064
70.375463,185.574499,9.697246
59.633472,185.531529,8.334773
50.708788,187.681960,7.044490
40.276495,187.690601,5.840858
28.856372,186.535879,3.653046
22.448371,188.479645,3.098976
17.306454,191.580198,2.657855
12.822389,196.553574,2.897634
8.133424,205.617585,2.904846
5.090480,213.355979,3.450638
3.291446,220.733672,4.436552
1.969544,227.004657,5.936488
1.576006,233.039358,7.833844
1.206606,239.636206,11.368210
1.547830,243.619737,17.539623
3.231060,247.058228,26.561035
3.446987,250.500733,36.760801
5.790895,251.761925,42.426625
8.065839,252.582394,48.649489
10.467519,252.710078,58.257898
11.167751,253.551057,60.501807
250.273701,197.335675,22.769571
249.182548,198.609788,24.611711
247.133362,199.715543,32.650836
242.757316,201.977544,39.177980
236.485294,201.953849,46.967188
230.999498,204.217405,50.623449
216.687443,207.711698,53.815118
204.358583,209.118496,51.763194
188.081567,207.909202,46.220060
175.529733,206.316945,43.367472
164.348457,203.205872,36.227907
153.711798,202.448309,32.800106
143.944226,201.924700,26.439009
136.657858,205.213532,21.250530
128.658253,205.283765,19.007809
119.453996,205.043288,16.428002
108.612713,203.692690,15.932580
99.680775,202.292271,15.355807
88.587299,202.096853,13.181005
77.151436,200.036547,10.066800
64.638441,197.687846,9.333284
54.993490,197.618052,7.096928
45.995638,198.431928,6.493078
35.170849,198.104296,4.979610
27.297435,198.818694,3.210960
20.245179,201.601990,2.625576
14.119319,210.118114,2.498888
9.800108,219.269942,2.371213
6.705757,222.626507,2.655656
3.474903,231.516556,2.484734
2.067990,235.837632,2.847086
1.448171,240.741907,4.632907
1.277796,245.797798,6.025306
1.310219,248.408997,9.781156
2.320298,250.838364,15.335231
2.956637,252.301676,24.924908
5.389378,252.662595,34.383324
6.864974,253.241403,39.020799
8.637181,253.337077,45.163276
9.912787,253.874056,51.362624
249.942619,210.149494,25.677983
248.439756,211.586921,28.147314
245.398955,215.176740,33.239658
241.371190,216.295116,39.586102
236.362879,216.901187,50.637229
227.489056,219.965008,57.602933
217.163247,221.504404,59.218313
206.566932,221.302522,55.262367
191.556008,220.528363,49.862084
179.092846,216.459350,47.318530
167.990571,217.478572,37.559244
158.812046,216.784474,33.264208
147.048564,215.931043,29.246024
137.574295,214.018820,23.477579
130.726416,215.280007,19.784453
123.010775,214.842443,17.107531
112.237615,215.812842,16.420438
105.258730,216.426092,14.925323
96.142623,216.367313,13.858553
82.683891,212.660237,12.820697
73.489967,213.729658,9.794712
59.494350,208.185366,7.972424
50.950295,209.600367,6.731449
40.622757,210.419025,5.137493
31.394212,211.772692,3.443407
23.456982,216.036179,2.259260
15.406594,224.781841,1.720658
12.165116,227.716084,2.000239
7.138942,233.654033,1.400449
3.897667,238.582978,1.499136
1.921728,243.293794,1.766437
1.046992,247.495251,2.142610
0.938218,250.218324,3.326955
0.947383,251.523974,5.319495
1.155955,252.588173,8.604728
2.458854,253.089741,15.007660
3.149254,253.515278,23.079006
6.144660,253.994470,32.128495
6.701109,254.162593,36.587030
8.000852,253.996199,44.791527
249.723485,221.910367,26.708561
247.351535,225.346165,26.612249
244.306130,226.765630,30.114337
239.417876,228.506457,39.058511
234.647476,229.552138,50.369668
226.723929,231.271606,60.489360
215.532323,231.183299,60.123639
208.392616,231.076217,55.865368
192.552966,229.435652,52.149799
180.070679,229.919941,48.742566
169.775123,229.129768,40.947861
161.387484,228.112005,32.232813
152.283587,228.482859,30.608013
141.313708,226.144704,24.847256
133.628763,224.384361,20.729013
124.451111,224.679484,19.864100
115.731462,224.858835,16.728982
107.268658,223.985109,14.966561
98.455464,224.483859,14.465233
88.705562,225.380589,12.163002
77.117719,222.681801,11.078391
66.568258,222.872298,9.831337
57.489696,222.055048,7.699440
47.192632,222.075983,5.644302
35.091130,220.196285,3.837047
25.026940,225.732740,2.063038
16.993382,231.980082,1.470476
12.894359,234.723915,1.449393
8.060018,240.542311,0.937806
4.251296,245.935114,1.011059
1.940517,249.495244,0.842404
0.991067,251.455017,1.030633
0.687802,252.712205,1.743301
0.696320,253.443048,2.843347
0.883177,253.605618,5.169426
1.417003,253.666014,9.353080
2.822452,254.198819,15.214140
3.674071,254.105503,22.693636
4.710661,254.259556,27.766874
6.057220,254.277366,33.780036
247.791954,232.073714,27.607866
246.189525,234.202316,25.619337
242.812964,235.495327,28.865436
238.451572,236.436135,39.100975
232.572125,237.460116,50.007371
226.207432,237.978486,59.774123
216.580943,237.894619,63.868505
206.936305,236.883261,54.671804
193.900859,236.061096,50.453142
183.328228,235.058853,45.981271
171.738904,236.577515,38.025195
161.783344,233.846674,30.524466
154.441895,233.657941,28.309736
144.580306,231.631776,24.154525
134.820670,231.125804,21.337072
125.993652,231.763367,18.608609
117.992372,232.614140,17.492376
108.330969,231.895172,16.537637
101.379148,231.821813,14.558341
91.559932,231.525324,12.862449
80.239369,229.338424,11.321955
71.344858,230.463558,9.951242
61.573772,229.972312,8.068130
50.933969,229.179556,6.283552
38.895584,229.420379,4.698217
27.861233,236.207564,2.354410
19.355858,240.740127,1.532514
13.512897,244.241475,1.398570
8.930850,247.100914,1.000146
4.166616,249.935567,0.690004
1.887153,252.093867,0.572796
0.882223,253.147422,0.614380
0.543188,253.873403,0.900923
0.511962,254.125108,1.516712
0.670860,254.264603,3.429107
1.056811,254.189076,6.206412
1.365923,254.284697,11.221152
2.469271,254.279824,15.967598
3.163144,254.481252,21.041368
3.862378,254.386386,24.990244
247.133749,237.245823,28.303230
245.807266,241.490753,22.023970
241.717493,241.586422,29.939200
236.856941,241.651297,37.711037
230.952640,241.347726,46.346408
225.115386,240.310195,54.309309
216.613827,238.980508,58.014979
206.667784,239.968599,51.765918
195.664263,239.396351,47.605949
182.755949,239.057524,43.819519
173.958082,239.587138,36.033861
163.955682,239.074433,28.723849
156.244534,237.324273,28.114985
146.004099,236.679368,22.845661
136.074154,236.824328,19.774963
126.671383,236.932220,18.440809
118.371287,237.669400,18.956427
110.697392,237.210457,17.332487
104.661394,236.457959,15.764978
94.534326,236.437235,12.340332
83.270152,233.330288,12.410103
72.845556,235.223885,10.070115
62.169856,233.217075,8.552813
53.518126,233.598851,6.911475
40.736725,235.406724,4.792910
28.735272,242.083357,2.151664
20.103868,244.553914,1.554510
13.474202,247.768896,1.199083
8.961045,249.622832,0.944472
4.227736,251.485451,0.597339
1.822131,253.191061,0.460077
0.859590,253.990480,0.447111
0.310158,254.540610,0.350124
0.467852,254.435574,0.999171
0.504587,254.378505,2.085146
0.884575,254.326598,4.845236
1.427041,254.462313,8.504457
1.743954,254.490808,12.882809
2.297037,254.498932,17.576450
2.657908,254.518554,20.954268
