1600
3
242.174826,242.116445,39.317814
235.026997,242.220092,46.004054
229.634347,242.804378,47.144634
225.188289,242.441790,48.939848
217.187918,242.586221,46.518145
206.483489,243.338323,43.212960
197.206335,244.471086,38.289383
181.035263,243.787192,32.108914
165.603051,244.048764,29.590238
152.621542,243.971275,28.916212
140.296570,243.793842,23.583899
128.651442,245.202769,21.366099
117.624707,245.857532,21.912253
104.678921,245.491122,22.679570
91.429080,246.851105,19.717839
79.761725,247.151681,19.589167
68.567800,246.809987,17.476874
58.496940,247.346886,14.219870
49.791608,248.277940,10.560038
37.992203,249.209422,8.310547
26.437909,250.731390,5.288264
18.599960,251.219945,3.955347
10.231075,251.308883,2.512845
6.389026,252.080003,1.583931
3.891461,252.555384,1.129985
1.930900,253.195218,1.001606
1.002083,254.001878,1.217054
0.766117,253.590010,2.425023
0.765879,253.388677,4.771303
0.850734,253.272372,8.618053
1.430651,253.078426,16.312752
1.696598,252.895589,24.328589
2.400062,253.073836,37.012924
3.023192,253.279732,47.958600
3.587282,253.427461,59.310527
3.851299,253.662267,69.195950
4.369106,253.657938,81.443204
5.349584,253.449380,90.464572
5.962199,253.217751,97.851268
6.604438,252.661678,105.192104
240.659613,238.336089,45.352608
235.676836,240.423374,48.050380
229.918079,240.492965,51.017090
224.931636,239.924875,55.324375
217.506758,239.915204,53.241180
207.247037,241.024199,45.371668
194.022465,241.215460,41.373228
180.270523,239.994906,32.852539
163.878329,240.421048,29.341264
153.483881,240.066192,27.850031
141.599745,240.619031,23.381823
129.000923,241.241599,20.740970
116.851038,241.893322,21.340078
104.035051,241.070871,21.211937
92.323545,241.893124,19.671072
79.635088,242.058688,18.233357
68.219930,242.027761,15.942512
57.900499,242.946131,13.179139
50.291972,244.305292,10.065998
38.127570,246.089546,8.075506
26.871875,246.849484,5.462503
17.979741,247.494516,3.732377
10.017368,248.449495,2.195559
5.957569,250.517749,1.559499
3.762420,251.125854,1.292212
1.885962,251.822528,1.231918
1.312635,252.264432,1.784842
0.738491,252.317513,2.877288
0.967115,252.671368,6.062054
0.901055,252.746066,10.072133
1.467127,252.526892,18.272504
2.036065,252.464679,26.829469
2.453058,252.509535,39.372872
2.857670,252.599536,49.021010
3.594759,252.891135,62.750197
3.800164,253.291525,73.875508
5.222880,253.212548,88.234938
6.553012,253.408168,96.894941
7.036257,253.216061,104.892891
7.992429,252.892608,111.659883
240.655810,234.421547,49.336427
236.150438,235.873718,53.094481
231.036132,236.602671,56.396417
225.038342,236.306435,54.704506
218.186806,235.480994,51.294986
205.764807,234.694881,49.428289
193.482480,233.189524,43.005160
180.992377,233.463312,37.411824
165.060453,234.275256,31.213906
152.657476,233.905157,28.734794
141.140971,233.527193,23.569879
130.235459,234.694633,21.814808
117.985335,235.549621,20.059137
104.169005,237.177806,20.534476
91.581449,236.870850,18.237888
79.580950,236.373664,18.142583
66.868733,236.006076,15.007936
58.076920,237.643053,12.206175
48.623819,236.911296,9.587565
37.736449,239.946365,6.298559
26.312930,240.489178,4.977912
16.811548,242.418438,3.413359
10.198513,244.269952,1.952716
6.550170,247.600506,1.810050
3.426598,248.747324,1.484471
2.051099,249.572399,1.557901
1.291150,250.209458,2.030415
0.798712,250.704760,4.829025
0.974883,250.815328,6.775333
0.994015,251.404079,12.456517
1.578555,251.713812,20.118865
2.280185,251.521288,30.029283
2.683771,251.623214,41.319838
2.927705,251.904408,52.857790
3.742399,252.569291,70.314784
5.225624,252.757229,80.951806
6.452966,252.959644,95.567636
7.332568,253.048298,105.574703
8.335394,253.299694,113.440126
8.800790,253.009176,119.243772
240.464511,227.550083,50.257134
236.969108,227.909805,53.210910
231.995166,228.850418,55.090964
224.511001,228.309375,54.562053
216.523662,227.270377,55.612136
205.259583,227.735420,49.022672
193.478614,227.213191,40.883948
180.288600,226.795902,34.782781
164.714717,228.948402,31.339038
152.660172,228.831036,26.459885
140.324613,228.086508,24.496899
130.189854,226.998024,22.694792
117.678589,228.765534,22.420865
104.684072,228.405302,19.378990
90.855966,227.648931,18.416345
76.972002,227.992469,15.586482
66.200597,228.683305,13.374830
56.375678,230.853725,10.839085
47.736514,230.831741,9.662956
37.530060,230.824158,6.513624
27.005248,233.474666,4.513477
15.562884,237.033496,2.981191
10.131292,238.905578,2.292072
6.477949,239.967675,1.953151
3.737792,243.746411,1.592504
2.212020,246.689296,1.794151
1.139566,247.489145,3.370444
0.862269,247.847595,5.873901
1.082706,248.012090,9.638942
1.301290,248.704315,14.523788
1.957897,250.325514,22.605781
3.130208,250.034067,34.353475
3.692075,250.152038,46.891602
4.050019,250.000886,65.485244
5.798070,251.232638,80.235470
6.143238,251.407264,91.168867
6.651771,252.148148,102.302334
7.296919,252.352838,113.812214
7.741608,252.654807,119.341237
8.584086,252.949523,125.008714
240.783729,220.836675,48.511696
237.641914,218.392990,51.523580
232.190179,220.025455,53.299857
223.802515,220.146789,53.760713
215.117359,220.321679,54.970020
207.024602,219.312766,46.764392
196.658459,220.454270,38.519022
183.179391,220.559201,36.863434
165.010485,222.548469,31.423561
151.634559,221.657107,26.499655
138.978130,221.969782,25.445408
129.046739,221.069444,22.256912
117.701802,219.084660,21.322306
103.208708,218.925668,18.633878
88.254295,218.712495,18.312532
76.453854,220.645811,14.492182
64.504424,220.343256,12.793243
54.602334,220.407907,8.662406
43.477963,220.237747,6.779735
34.906792,222.845635,6.136752
24.375236,222.329675,4.245667
16.072249,225.922188,2.649899
10.438318,230.719008,2.243850
6.099861,233.756607,1.696353
3.813337,235.984820,1.704147
2.333392,239.277184,2.420453
1.128562,240.293514,5.367773
1.141743,243.371064,8.727403
1.238098,244.147028,12.429999
1.981693,244.749722,19.332163
2.680623,244.965992,29.990033
4.305269,247.145121,42.678496
5.330309,247.687222,53.452493
7.120269,248.724957,74.290074
6.862507,249.558486,87.878707
7.154410,250.563412,102.245847
6.758451,251.286455,113.409961
7.590412,252.143415,121.515716
7.748517,252.062415,129.769324
8.931092,251.799349,135.537740
239.331932,211.226587,45.862233
236.516501,211.516428,49.038725
232.235230,212.057955,52.519433
224.524634,212.344479,51.697885
214.727368,211.441234,46.536345
207.656394,212.166950,41.181449
195.467077,212.184445,36.828265
184.591873,210.773976,36.146713
166.809244,211.819704,29.454466
149.305307,209.620743,25.984515
137.816594,208.315762,25.214874
123.832314,207.708454,21.643228
115.406270,207.264245,20.777781
100.996281,207.270751,20.038410
87.313899,208.696418,15.389829
73.939178,209.096666,13.567911
62.568283,209.683854,10.912591
52.126478,210.327897,8.421038
43.044178,211.448664,6.343368
32.975821,210.400392,5.567484
22.041044,210.361658,3.535343
15.778644,212.523795,2.178925
8.977335,215.170114,2.167282
5.926198,220.235607,1.967384
3.805124,224.737672,2.335563
2.230435,229.934691,4.436988
1.283718,234.476662,6.317304
1.079101,236.896100,11.406250
1.330093,239.219061,16.404734
2.657929,240.215525,26.337391
3.177726,240.970086,35.363629
5.644643,243.046297,49.299476
7.949438,243.576570,70.135415
8.631774,245.603668,86.148020
8.093106,247.859883,99.207996
7.841070,248.890546,113.070617
7.997296,249.782276,123.346107
7.775039,250.884271,132.423680
7.580041,251.718869,140.187741
8.118203,251.619211,144.854241
239.890683,202.899799,39.911282
238.469975,202.141249,42.281417
231.768100,201.401891,42.668837
224.473192,200.653095,43.391928
214.324083,201.500180,40.675656
205.739380,200.725524,39.804486
195.365473,202.463308,35.424187
179.356198,200.164472,32.344468
165.910471,197.763701,27.446432
146.654328,195.856218,24.942884
137.394988,196.763008,22.105392
123.071695,195.880865,20.412060
112.940593,194.915411,19.514655
101.965222,195.029896,18.164888
84.685380,195.682923,13.218805
72.206072,196.687847,11.497467
61.597860,197.141109,9.980272
50.507660,199.070941,8.568749
36.094713,196.680938,5.498248
27.143757,196.834272,3.942868
19.453378,198.311332,2.919575
14.586656,199.638443,1.875178
8.716051,204.096604,1.867164
5.039295,208.130049,2.372414
3.451582,210.395191,3.356265
2.217332,215.775732,5.130392
1.551669,221.625440,8.644238
1.146733,228.465719,14.639247
2.403801,230.804398,25.045099
3.803453,235.228575,33.315087
4.651780,236.417148,41.395314
7.792453,238.186623,61.173075
9.277467,240.978898,76.670959
9.597543,242.979927,94.132861
9.980318,244.673514,110.846781
9.580450,246.823366,124.346199
7.972963,248.651906,134.317978
8.027487,249.707792,149.175673
7.906936,250.848348,159.211986
7.653778,251.190727,163.394099
239.314804,193.829762,34.002431
237.792942,193.038369,34.746574
231.588222,192.033732,38.651542
224.937910,191.630862,39.495151
214.838574,191.469065,39.527141
204.804245,192.135398,37.751073
193.417163,192.428936,34.306267
178.375068,187.976284,28.131506
159.081328,186.163284,29.268541
145.909214,185.614860,25.539829
133.651771,183.412803,24.136051
121.005998,181.945230,21.348407
110.257788,183.255014,18.876699
97.838140,182.661518,18.634677
83.438607,181.154724,14.657934
70.164413,181.925673,9.951277
57.652789,182.108055,8.383753
45.291150,182.641602,6.704884
35.657946,184.202667,5.249871
24.466426,185.648961,2.539014
18.572557,187.358784,2.355520
12.946852,189.966645,2.325878
8.259077,193.137470,3.264519
5.626451,196.493692,3.346090
2.919367,200.598224,4.324136
2.123398,203.233482,7.267184
1.979331,209.879374,11.432515
1.545733,216.341622,18.542390
3.824304,222.605499,29.676540
4.454940,225.469137,38.723678
7.469607,230.915164,53.501561
11.043606,233.774104,70.118055
11.665988,236.379107,86.892538
12.488279,239.307219,102.665857
12.258193,242.810668,121.518909
12.045252,245.024992,133.801926
10.887089,246.903874,153.550949
9.380284,248.388306,163.175253
8.735511,248.942982,174.132335
8.983157,249.799656,179.040424
239.554088,183.732552,31.136221
237.073708,181.590226,32.618787
231.638416,183.218069,35.393635
224.592561,184.555009,35.774897
214.310667,180.161980,35.197716
202.694459,179.953796,33.527987
192.029722,178.571223,30.157156
173.891153,175.070924,27.634950
156.032696,172.825440,26.860393
142.829453,173.820699,24.192884
130.366392,172.451678,21.023693
121.928215,172.139178,20.089908
109.217181,173.828030,18.120767
92.800449,169.066379,17.406733
77.830152,166.271047,12.908982
66.219332,167.856346,9.012180
54.742733,166.956431,5.625795
43.440735,170.076168,4.790931
31.577569,172.811330,3.901165
23.866004,173.756443,2.433619
15.434159,173.605856,2.270281
12.460893,177.456892,2.837861
7.853342,182.403256,3.721451
4.534124,185.399716,4.543652
3.143372,190.282502,5.976275
2.492941,195.261503,9.530666
2.668508,197.464482,14.583359
3.299616,204.170339,24.310554
5.620204,212.808661,34.962250
6.399099,217.459095,44.893637
8.314143,221.600143,59.056266
11.590086,227.825918,82.539777
15.814045,232.395286,98.950850
17.055215,236.132939,116.662732
18.079269,240.337096,131.988283
15.646909,243.517288,148.991371
13.648208,245.928154,169.974779
12.412591,246.773117,184.175738
10.980563,247.475002,191.664759
9.747591,248.473256,196.348627
240.071746,170.868217,26.768896
237.468625,169.249943,27.643985
232.024842,170.933120,29.582650
222.119227,168.819840,29.913708
211.168336,169.718729,30.365998
200.870899,168.418169,28.472146
191.029647,166.409218,28.278069
171.137489,161.501374,25.882877
153.821574,159.164868,23.527831
140.975584,157.826112,21.722524
129.184214,159.740082,19.957776
117.230823,157.014320,19.531042
102.724937,154.602710,18.354834
89.732544,153.727079,16.586534
74.678211,154.319499,11.175687
62.288527,156.573817,8.085281
50.336922,155.225831,4.699746
39.480726,155.555919,4.038875
29.729101,158.993355,3.135039
22.214049,160.869732,2.739193
15.372648,163.368632,2.520533
10.948588,166.044969,3.666572
7.841924,169.646689,4.497741
4.324026,176.122937,5.574300
3.026935,181.694274,7.095685
2.898828,186.276364,10.940704
2.647829,189.616896,19.041088
5.309586,195.098478,29.254835
6.391919,200.597322,40.230517
7.512035,207.089618,53.313727
9.975059,213.249268,70.737569
18.044986,219.953474,95.584512
17.880590,226.752855,109.338740
20.637208,232.221375,124.078268
20.539654,237.459370,148.411483
18.174590,240.944541,172.334930
14.914894,244.072193,187.320527
15.112106,246.237207,195.499767
14.891285,246.748745,204.086409
13.945507,246.947219,210.061121
240.320354,161.362245,19.370544
236.811267,161.539755,22.566159
232.353631,160.188757,22.541361
221.528759,158.183999,27.388901
212.113073,156.768011,27.100878
196.774598,156.231723,27.641654
178.659521,152.501862,24.380437
166.301890,146.844405,23.459577
151.749887,144.590666,22.224358
138.692245,144.790672,19.926638
126.529622,145.080722,19.997104
113.938213,144.314925,17.888506
100.769063,144.286981,16.839162
86.976136,141.129445,15.340179
71.925031,140.615942,8.992794
60.046721,143.562856,6.937516
48.272224,145.870311,5.339886
38.648595,145.120993,4.061079
26.548065,149.037252,2.996128
20.354889,151.226157,3.074803
14.494733,153.921627,3.643761
9.757342,157.033274,4.336093
7.799617,159.073894,5.301666
4.310814,163.586333,7.000425
3.870586,167.768962,10.165366
3.834873,172.643570,16.024473
4.272208,179.502167,25.210256
6.313634,183.621982,36.246842
7.850343,189.579249,47.749993
12.832568,193.210634,64.304464
18.080986,204.344925,86.464216
22.191680,212.668594,104.015185
22.855592,217.416022,115.078775
23.887477,226.883228,136.846442
21.749361,235.442403,161.029186
21.814616,240.113425,182.473586
20.866115,242.236132,193.149465
23.068124,245.841940,205.011313
21.872613,246.730598,213.357534
18.491300,246.718210,223.087537
238.474932,151.447962,19.506403
235.150213,150.652237,18.585515
231.090182,149.143585,19.274149
221.019524,146.990460,20.447360
210.187223,144.929237,23.964705
195.367282,143.326202,23.562117
174.200671,142.036863,22.480765
160.540970,138.231267,21.021887
148.985699,135.175068,20.722319
136.303344,134.478429,19.973667
124.078938,130.539162,19.013852
112.710027,130.745860,16.451406
98.890270,132.594665,14.715246
81.663325,130.299272,9.703029
69.253054,124.655629,7.499296
56.480113,125.328812,6.238966
42.926154,128.817062,4.295357
33.720393,127.857497,4.223091
24.087322,128.745504,3.155719
17.954118,134.417873,2.944022
12.971686,138.274147,3.459943
8.981143,144.800474,4.890133
6.485118,148.476399,6.780522
5.305031,153.524240,9.822943
4.218048,157.816416,15.195836
4.440353,160.656304,22.762347
6.971591,168.381364,34.127538
8.280882,173.356208,44.298941
9.830220,179.385366,56.296538
16.747370,188.056662,75.689184
21.302913,195.615520,95.407531
26.335487,202.585363,110.521459
25.853638,212.196078,126.490261
25.096390,220.706454,149.617414
28.380771,230.902205,169.982397
28.914375,238.227204,189.956634
30.009745,241.559460,201.663305
29.394010,244.258922,210.607765
27.569194,245.788905,217.578060
26.851787,246.448668,222.724076
236.684610,141.760295,16.889180
233.706665,143.019889,16.697271
227.270085,140.822269,17.051348
220.494560,137.595820,17.070376
210.538805,136.593902,19.565998
192.513995,133.206185,22.416674
173.236496,129.571273,20.063069
157.572374,127.359065,18.400895
146.467308,123.941346,18.666837
133.781170,121.333036,17.370971
121.048850,123.017264,17.972169
106.148422,118.877646,13.676782
90.874147,112.736300,9.863597
73.699257,110.579406,7.224453
65.783632,110.032396,6.384027
52.772017,108.921159,4.934707
41.450548,111.143362,3.849473
32.095924,114.436438,3.730830
20.753802,117.350931,3.000798
16.199487,119.901396,3.616124
11.811419,127.171383,4.452243
7.693029,131.747719,4.833030
6.692013,136.105196,8.535517
5.136601,141.970193,12.901179
5.392127,147.104216,20.501723
6.234509,149.715967,28.567273
9.113332,157.240065,37.499804
10.178260,162.527060,51.134077
13.568051,169.791221,65.942904
19.768395,178.552089,86.900203
24.972124,189.653147,106.834647
26.480443,195.144387,113.534475
29.562518,204.297638,137.196395
33.251879,215.899737,161.795859
40.166189,224.061766,176.056684
40.717259,234.619146,193.229247
42.962174,238.198777,206.752233
46.001504,240.826757,217.057088
42.774570,243.815706,223.071354
40.798355,245.179381,227.035971
235.602431,132.535326,16.569039
232.119683,131.437175,15.934614
225.432106,129.614053,16.409327
217.237163,129.229598,15.063582
206.751654,125.786218,13.627409
188.362915,120.333964,15.065651
174.123937,118.750919,14.070129
153.195638,117.013185,15.871008
144.042771,115.013952,15.243552
131.382940,113.056251,15.029894
116.096041,111.913463,12.410458
98.471085,105.116881,10.352004
85.798664,100.596279,6.803790
69.581865,96.095420,5.920857
59.723462,93.203492,5.499893
49.325022,93.192315,4.288383
37.537197,95.156665,3.774053
27.662373,98.040223,3.621894
18.327939,99.707030,2.962653
15.674077,104.693814,4.260121
12.372256,112.212272,4.913729
7.899830,120.961069,7.314966
6.818815,124.270904,11.967522
5.438460,129.089796,15.885760
7.055187,134.958597,25.894300
8.179244,141.391278,34.540130
9.981732,144.270130,46.426340
14.159122,151.176897,55.992362
16.972442,158.552598,73.832721
21.855588,170.214759,91.982359
26.741697,180.863634,110.580140
30.301330,188.932361,122.212988
35.645268,201.422802,147.661729
39.408279,212.072735,166.305268
51.454886,220.458028,184.236067
58.221374,226.423882,195.554111
55.446508,233.948014,209.529409
53.338419,239.825751,217.716735
52.332259,241.745296,224.019015
50.178761,242.956790,228.406725
234.398587,121.312148,12.803555
230.282868,121.248578,12.954710
221.606840,119.507905,12.411171
215.063379,118.354711,13.020779
203.221644,116.203068,11.466910
186.852057,111.491671,12.087877
171.867194,108.707792,11.794010
153.318837,106.124536,14.104844
140.446425,104.644402,11.875362
127.094542,101.566199,11.967560
108.437573,94.304626,9.581826
96.355864,91.414749,7.901859
79.534592,86.736773,6.389930
65.223137,82.846652,5.704128
54.591419,78.863727,4.851961
43.938602,73.777820,4.484616
34.057474,74.412650,3.677577
21.871280,75.882221,4.057202
16.379010,83.265243,3.540739
13.431486,86.154664,4.705174
9.452100,92.951248,6.815475
7.853693,98.657471,10.963153
6.891462,107.549065,15.898425
7.210490,113.308890,23.390466
8.208869,119.889686,30.703956
8.687965,128.787320,42.253933
12.056310,134.129864,51.261823
14.520461,138.918070,62.044645
20.050235,150.725516,78.432403
26.499583,162.398397,95.185364
29.004987,173.662231,113.881295
34.888805,184.830044,133.964706
38.994411,196.558709,156.387578
49.145658,205.808394,172.772000
60.924671,218.068299,189.328320
66.450958,222.345632,200.106065
68.842305,227.133846,208.554572
71.380459,232.713696,220.270345
67.343684,238.623686,228.379180
62.441799,240.805475,230.155281
233.327695,113.321855,10.554527
228.238404,112.214045,10.914180
221.135064,111.185205,11.126470
210.776391,110.427709,10.646426
198.359617,106.489679,10.534564
184.348511,104.146182,11.252361
169.921765,99.792394,11.570530
154.328251,97.375814,11.043937
140.512033,93.305895,11.056654
120.374181,86.385177,9.731214
102.320295,80.432199,7.767807
90.724515,77.469328,7.209245
74.824900,72.460110,6.529994
59.725759,67.424973,5.226115
47.941719,64.834025,4.484291
38.530134,61.317948,4.568933
29.173817,60.692043,4.173141
21.268722,60.442330,5.238055
14.612760,67.685667,4.979205
11.479197,72.021398,6.056344
8.248560,74.325936,8.903168
7.096867,79.756289,13.798638
7.086808,88.252095,18.036788
7.052126,101.431724,27.276547
8.144109,108.188255,37.575727
9.297021,112.587980,46.192590
12.111134,125.497328,56.076860
14.810959,132.539179,67.186790
21.036047,142.690575,81.075542
28.355500,154.183351,100.330744
32.013989,166.777981,118.910046
38.621916,180.219943,140.707403
45.004242,190.757662,162.950936
55.999792,201.010617,177.518590
69.902019,211.181432,197.096207
74.656424,216.398922,204.340548
78.070284,220.841217,213.073879
82.631215,227.620386,222.912927
82.705533,231.483725,230.398901
80.314821,233.008905,232.923104
232.293907,106.081133,9.508994
227.396187,105.059246,10.014454
219.668146,103.247916,9.000771
208.264006,99.971776,8.626339
197.266882,98.908720,10.247361
183.208582,93.798846,10.849768
166.947573,89.834682,10.717853
152.816536,86.148281,10.553768
134.150193,81.172441,10.138078
112.063540,69.963341,7.900315
101.655146,66.945395,7.706897
87.846529,63.422647,6.914397
68.574131,57.550488,5.713830
55.780717,54.615976,4.749477
42.123084,50.581953,4.465138
31.778270,47.118297,3.736854
23.978478,45.210522,4.774302
18.238157,45.586603,4.632671
13.382809,48.157210,5.651062
10.467931,55.447423,7.329569
8.611803,65.823216,10.829912
6.620120,68.943535,15.813603
6.264147,74.636662,20.907827
7.923834,83.376976,31.826478
9.363262,94.597675,42.829814
10.149215,99.798471,49.395186
13.076107,112.683485,62.936591
15.486321,119.598966,73.931158
20.385535,129.992870,84.427710
26.912409,143.672614,102.378442
33.583843,159.594312,125.097361
41.915137,171.598341,147.196386
47.624273,185.992778,168.830155
60.294312,193.344103,181.791334
70.593733,203.804170,198.526578
76.493001,211.559243,211.156868
82.756709,214.365511,220.734353
89.018892,220.307689,229.948701
93.049882,225.483255,233.623671
82.795216,226.651243,236.948377
230.415634,98.785102,7.266775
225.538778,98.082932,7.247431
217.335706,97.980651,8.888499
203.096638,92.618064,8.952703
191.762364,86.746261,8.823096
180.584486,82.558558,8.066367
166.288319,78.626849,8.580648
150.758526,75.282431,8.377044
125.166328,67.186208,7.203906
109.229452,61.462422,7.063761
97.604072,57.628214,6.897357
81.623988,52.059560,5.787298
63.997099,45.604171,5.445006
50.566585,41.117594,5.081626
38.812957,37.960244,3.774192
29.347940,35.426507,4.251091
21.356940,34.363098,4.366057
15.750085,35.851784,4.754202
12.882345,37.654310,7.273576
10.770084,39.932604,9.532544
8.797972,47.586296,14.296931
7.454061,54.006178,20.547125
6.667506,62.240169,24.859059
7.990783,70.901349,34.145977
9.758050,80.660921,45.343861
12.111695,88.486778,55.187720
14.049555,98.160127,67.556840
17.676189,107.276366,79.869589
19.032572,118.716715,94.174645
24.056546,127.915649,109.230261
30.947891,147.539027,130.910311
43.562159,165.579471,148.519150
49.148819,179.466920,170.546203
57.612891,187.180884,186.159673
68.356578,198.133108,205.164526
75.944810,203.432216,216.265498
83.616339,206.838511,223.579476
91.945864,211.990735,231.026212
85.977302,216.620308,236.100965
81.025519,219.040921,239.973293
226.466458,89.623808,7.074254
221.005324,88.926720,6.124540
207.303241,84.252280,5.766114
198.635192,81.841219,6.644843
188.351075,78.371865,7.138673
176.400763,72.273715,7.363133
165.419473,69.001110,6.606746
146.723863,61.913116,7.091202
120.159945,53.453806,6.416430
108.062625,52.135715,6.198995
95.559167,47.623557,5.451143
77.463693,39.514135,4.511767
64.670443,35.532913,4.237636
45.911414,30.644305,4.281900
36.353247,27.680358,4.915914
27.516092,25.650519,4.212297
20.092890,26.512254,4.134830
14.377861,26.803621,5.680464
11.762410,29.767735,8.114314
10.025619,31.774503,11.991007
8.515783,36.242139,16.370442
7.961677,41.438819,22.037489
7.855817,49.717176,30.516207
8.762466,58.639783,38.658058
10.079047,66.957648,52.020399
11.764493,72.594799,61.984975
13.736674,81.255870,70.766664
17.413090,94.460066,85.562048
19.117292,104.063280,97.975098
24.743323,120.401854,113.076009
29.434486,135.020506,130.408051
38.631291,152.334392,152.223975
49.335143,173.095886,176.398777
55.042499,182.825692,191.609667
67.345695,189.413556,207.038147
74.825618,196.972793,220.769351
79.533705,199.481740,225.666077
80.952846,201.910440,232.960709
78.411642,208.418310,239.474668
73.621544,209.924877,242.250187
221.215608,79.724020,6.218784
216.792808,76.093859,6.160352
206.032816,73.628884,5.540774
194.773041,72.082091,6.142433
183.049167,66.819661,6.516317
174.743805,61.763240,6.415492
160.278749,57.626232,5.477853
144.077790,52.626972,5.443789
119.823625,43.419760,5.462245
105.191672,40.124178,5.915909
93.804573,36.671098,5.443222
73.740203,30.974890,4.751107
63.577460,28.244879,4.689293
46.351447,23.440757,4.816370
37.300489,21.391524,4.499766
27.887219,19.468710,4.328851
19.293121,18.205099,5.347452
13.754253,18.613840,6.238107
10.800380,21.041355,10.027366
10.110389,23.116175,14.756943
8.777805,27.096923,19.686785
8.888402,31.561621,25.403727
8.813607,38.540926,35.149698
9.098450,44.507452,45.205261
11.699530,56.439529,57.720670
12.039075,62.036077,66.824947
14.380879,70.792361,75.707669
16.918879,85.212299,90.725632
18.590423,94.219776,101.578602
22.695790,109.067412,116.772549
26.865882,120.027130,131.980233
33.091643,141.292878,152.105861
47.697047,158.315027,175.484340
50.394076,174.044514,195.835460
61.116489,183.041529,212.456215
70.446451,187.762934,223.803987
73.000295,191.381581,230.751434
72.665556,192.536544,237.401695
68.027340,195.513645,241.298531
65.732555,199.153748,244.088840
219.422654,71.100668,6.275112
214.358785,68.266755,5.907291
204.234177,66.014659,5.881458
191.085195,60.669735,5.738380
178.710428,56.119716,5.615859
171.149016,54.948264,6.084556
158.976108,50.391010,5.694088
142.276923,44.156802,5.586171
119.337687,33.740704,4.209288
107.330550,30.471238,4.808151
92.597043,26.228820,4.261971
77.974240,21.806305,3.907624
64.977845,19.526357,4.411810
47.842447,16.548977,5.005779
37.620611,15.197209,5.014111
28.102781,13.415004,5.793383
19.689875,12.453740,6.569655
13.281273,10.669265,7.778860
12.254813,15.122088,11.318859
9.576133,17.626708,17.899863
9.399042,20.887371,23.457461
8.907880,23.865449,32.503860
9.426975,27.906377,39.205725
9.510121,35.421845,49.263553
11.124157,46.840414,64.407995
12.445095,53.252393,74.452960
14.368341,61.183550,82.828943
15.361069,70.674116,95.152676
17.886571,82.140529,106.140272
21.065318,96.948070,121.438745
22.582746,107.658916,133.251934
28.729322,123.929263,154.054016
40.738504,143.746093,178.399329
47.951825,158.197438,197.102344
57.273809,176.094858,216.692313
62.138178,180.900898,229.039625
64.550744,180.408006,234.267532
66.274409,185.233331,239.403804
61.835660,187.961876,244.282769
59.132616,190.280269,247.114832
213.584679,61.310413,5.213100
209.694793,59.458931,5.529477
200.096318,55.329792,5.270706
190.564477,51.157841,4.980266
180.191947,47.203533,5.313285
170.541181,42.424873,5.333820
154.601628,36.725917,5.850998
142.027475,32.115470,5.737501
121.686703,25.668073,4.955325
108.256115,24.013811,4.289289
96.070686,20.548578,4.725376
81.960937,16.475886,4.416524
64.872342,14.105917,4.998551
49.865458,12.013738,5.652461
39.462824,10.791013,5.836382
30.031053,9.163259,7.117635
22.717542,8.453086,8.424915
17.411675,9.085509,10.608975
13.631773,10.243007,16.822666
11.348109,13.345001,23.262379
10.268414,15.554933,29.297532
10.368682,19.570575,34.849460
10.297548,22.637242,46.787922
9.589187,26.638337,56.876137
10.727070,35.914527,69.295109
12.232756,44.908616,81.535882
12.278455,49.355638,89.566218
15.805511,59.833237,100.304239
16.146524,69.305142,112.592546
18.507159,82.228116,123.838743
22.464615,97.086509,139.711329
27.376778,111.264932,156.142423
33.636252,128.190593,179.050745
45.570224,143.747323,197.186421
51.259302,156.413311,216.288975
55.038520,171.440012,229.660288
53.619338,176.669916,236.618320
52.815151,178.535574,241.671597
51.626653,180.715571,245.908268
50.731767,181.542644,247.613317
212.967870,54.025233,5.206930
209.344563,52.072577,5.106716
198.514809,45.087932,4.823472
191.016950,44.080848,5.331002
178.937519,38.734672,5.521649
166.110908,33.579029,4.771883
154.151673,28.175772,5.350359
143.230325,23.638767,5.331702
127.059855,18.556082,4.393067
115.047482,17.055344,5.129081
100.092166,14.541054,5.286417
83.466685,11.673465,5.783518
75.180073,9.705882,6.234666
54.521474,8.160483,6.872688
42.963703,7.674553,7.802765
33.435829,7.427439,9.451051
26.708450,7.095163,11.782261
20.839603,7.320420,15.189887
17.267379,8.394708,21.539305
12.937922,9.750872,28.393032
11.915660,12.401317,33.481237
11.454253,13.165913,43.689120
11.888801,17.548334,56.236929
11.035851,21.005062,63.469975
11.757714,26.052499,75.710796
11.434834,33.883001,88.987887
11.999125,41.281015,96.740118
13.507325,48.070677,104.729323
15.888549,58.556984,115.515511
18.302816,69.127919,129.126489
20.738399,81.235561,145.798894
24.071801,92.578564,160.296452
28.998497,109.192595,178.018569
37.368459,129.035513,201.133777
44.961624,143.476754,217.081153
48.018684,155.237058,230.982006
47.290039,162.130075,238.408151
47.827916,167.007972,243.234977
44.595371,170.915482,246.790084
43.064410,173.485453,248.751201
213.325702,48.446093,4.472237
209.951344,45.792399,4.699350
200.685854,37.976317,5.040988
189.150563,33.504435,4.754772
178.587325,29.374130,5.122107
167.590463,24.794084,5.365935
156.254865,20.557680,5.408024
143.238320,17.170769,5.642292
129.020403,13.481384,5.621651
120.397002,11.460031,6.973159
108.612698,9.928064,8.019600
92.292690,8.758116,7.980409
78.612541,7.118327,9.202717
65.062024,6.573188,11.146068
50.418494,6.871540,11.756177
41.302191,5.091743,17.012485
35.495753,5.219842,19.808726
28.191723,5.913119,23.065389
22.630212,6.683041,28.672933
18.843189,7.984027,35.455612
16.801770,8.880237,41.977917
14.816075,11.013603,53.261945
13.653416,12.916217,61.988185
13.401099,15.914176,73.285071
12.923441,20.652280,85.506802
13.021251,25.950391,95.025959
12.351105,33.287386,102.921008
13.859213,39.762259,111.700409
14.752246,48.893187,126.049679
16.192803,55.899286,136.021552
19.327169,70.004991,153.947221
21.992597,81.327814,162.957226
24.182440,95.119507,178.878499
29.108257,112.951489,199.628217
36.145459,128.674139,220.057183
43.442000,140.460029,231.840979
42.137295,148.195005,237.626776
40.547960,153.561856,243.595765
39.409474,157.533743,246.882291
39.080768,159.377029,248.646164
212.374330,36.942465,2.993877
206.776146,33.355269,4.100838
200.095979,31.100650,4.885331
191.334765,26.446624,4.932850
178.768947,21.748971,5.497132
167.866502,17.871743,6.148997
158.572072,15.112500,6.887138
146.866339,13.342895,6.707224
134.210820,11.030391,8.257478
124.348812,10.159595,8.849887
115.788037,9.118959,9.586481
101.670811,7.673369,12.395413
87.558150,5.934344,13.614147
75.991301,5.238854,16.418595
62.715490,5.552099,21.100153
48.277393,4.786293,23.621162
42.007395,4.940065,26.511194
36.791269,4.979595,32.183133
30.666040,5.123085,38.295019
27.115283,6.670847,45.857127
24.813627,7.446771,55.488891
21.387479,8.014966,61.912322
17.359402,8.986835,70.979276
16.866834,11.424634,83.795800
15.861698,15.344092,92.562513
15.856326,20.115117,100.635310
14.885819,25.077686,110.436256
13.306308,30.135426,120.126973
13.972181,38.704326,131.400796
14.796468,45.218627,142.704601
17.454294,57.033916,156.047721
18.272762,67.786774,168.662652
20.430734,81.371814,180.548179
25.124365,101.130048,201.529683
29.924018,116.810569,219.827964
31.923793,126.912767,228.869376
35.196024,134.810263,238.256232
35.697103,143.741994,244.053873
32.958336,147.289461,246.785947
29.713464,150.053191,249.028074
213.029788,25.442716,3.334644
206.246836,24.547934,4.522402
201.084755,22.239487,5.472109
194.552271,20.354715,5.260806
183.487552,16.145746,6.235735
172.369604,14.142348,7.419146
163.843532,11.773103,7.633664
152.442973,11.026943,9.133684
141.982013,10.128038,10.246578
128.704791,9.037877,12.062966
121.135990,7.853671,13.360792
111.116035,7.253405,18.948635
99.115901,6.471542,22.057494
85.580614,5.340979,23.665460
72.204136,4.591479,27.581582
63.859566,4.701750,36.136701
56.701925,5.395614,38.597284
48.290238,5.096880,41.981263
41.023933,5.287299,50.661974
37.790392,6.194637,56.375889
32.070430,7.155912,62.850130
27.867447,7.515620,70.012491
24.393335,8.900672,81.842854
21.312674,10.024101,91.694992
18.804838,12.711766,97.693313
17.696520,14.873052,104.381107
15.608083,19.619141,116.399270
14.642356,24.857988,126.810443
14.587998,31.109939,139.628706
14.205203,37.042725,148.358878
16.379972,46.024127,160.680260
17.248809,55.612338,172.938992
17.362535,65.983853,183.515065
20.291105,87.280453,203.362587
22.543432,102.873941,217.026938
27.781319,116.682017,230.867535
28.851865,123.868061,239.287230
27.153345,129.063959,243.024487
27.309049,135.536406,246.265043
25.050243,135.919719,247.694330
223.794129,20.356994,2.821481
217.495803,18.963644,3.605970
209.872961,18.614253,3.795337
200.018770,17.063794,4.873948
188.367737,14.757440,6.924285
179.819719,12.206490,7.524753
169.038117,10.024641,9.791063
159.717604,9.656275,10.431638
149.115669,8.638600,12.856304
139.442687,8.190857,16.642593
128.135978,7.334235,20.059243
117.691479,7.591442,23.702930
107.814658,6.453430,28.739471
99.439463,5.768002,33.653853
87.632417,5.731004,39.738015
75.288897,5.429545,44.663113
69.020533,5.609629,48.071324
59.974678,6.589646,52.955575
51.188701,6.026514,60.466542
47.849108,6.341002,67.378052
43.577106,6.712756,72.871407
37.605924,7.913764,82.867463
33.512674,7.966783,91.876265
27.151172,9.434706,97.300489
24.463793,11.852029,105.602142
20.513518,12.647373,113.759607
17.527207,14.331667,125.166500
16.804599,19.315554,134.784779
15.544287,24.266894,145.190955
16.250935,31.314694,153.763422
15.064412,39.013332,166.030730
17.411067,47.044304,176.058587
15.595112,56.822443,187.976422
19.546593,73.531970,203.761902
19.735911,86.461600,217.995432
22.209209,100.593150,229.148449
25.841373,115.187570,238.518443
24.374183,119.315067,243.297335
22.879069,121.902327,246.476811
21.255912,123.454244,247.619783
235.226619,15.592647,1.449201
229.216188,14.184476,2.143716
224.940199,13.155186,2.651107
213.412425,12.619351,4.747476
198.669561,12.208847,6.038663
187.504812,9.509924,7.604228
176.568456,8.968559,10.089364
167.147329,7.685857,12.763855
158.567431,7.502937,17.200950
148.221061,7.174600,22.301658
137.740958,7.047351,26.654256
126.830413,6.088325,31.501033
119.834867,6.886318,39.401812
110.996486,7.773015,46.521271
103.398862,8.570713,54.988368
96.726715,8.028178,58.847107
87.733461,8.386479,63.338511
77.115773,7.809788,66.677143
69.622813,7.910335,77.696464
63.265651,7.947692,83.951241
57.650847,8.553724,88.883319
53.277310,8.574316,96.862251
45.036528,7.436087,103.170788
38.921554,8.451164,107.981088
32.788549,9.170273,116.295588
27.439516,10.232020,123.222061
23.517228,12.107872,134.692448
21.320373,15.638001,144.254367
19.318639,19.796893,152.076087
18.190073,25.847396,159.870894
16.918409,34.127344,171.703385
16.711725,39.645866,180.012077
15.445855,49.131851,191.500061
18.112342,63.454709,206.927420
18.788485,76.928508,217.681176
19.310285,90.169276,227.688323
19.826692,96.369968,235.710944
19.203116,107.711162,242.816259
18.211070,110.995449,246.143421
17.564125,112.316062,247.651876
240.413980,11.168533,1.605701
237.008858,10.810201,2.227938
231.583526,9.399075,2.890727
224.739016,8.697355,3.669259
214.161040,7.551015,4.266159
201.925826,7.206956,7.612884
189.801699,7.427059,11.089149
178.656599,7.060714,16.227105
168.085896,5.995933,22.118919
154.866237,6.083820,29.904551
148.462209,5.816550,37.906130
142.386969,6.687100,43.845841
130.388693,7.116989,49.267126
126.324666,8.262296,58.612224
117.832465,10.125337,66.526273
111.919223,10.793273,70.039834
105.290977,10.478498,78.268505
96.617019,11.365384,84.590288
87.819639,10.682349,91.459156
78.929494,9.276353,98.174073
71.314948,9.483984,101.515605
61.281400,9.385052,105.388345
54.792738,9.522238,110.896888
50.398877,9.351707,119.458486
43.763477,9.445584,125.693304
36.768374,9.281197,135.943621
28.872977,10.795044,145.383037
27.436277,12.002013,150.673443
23.863849,15.832668,157.888875
20.630880,20.123790,165.712637
17.752475,28.869402,178.710959
17.866290,34.263818,187.217657
16.105038,41.776574,196.130749
16.696232,51.954528,207.036232
18.277545,65.948687,218.809254
18.101831,76.502471,228.228070
15.892000,86.735204,236.934353
16.578158,93.565431,242.636933
13.995915,98.028023,245.514538
13.217387,99.455111,247.958036
246.507967,8.677508,1.355480
243.359943,7.990339,1.908806
237.418774,7.697794,2.722662
231.409200,7.119914,3.857495
225.536949,5.713984,4.991208
216.178716,5.596742,7.513082
202.621410,6.083013,13.453922
190.244158,5.530262,21.896719
177.920583,5.633596,28.418442
168.921174,7.343644,41.976163
159.784059,7.951977,48.905730
153.734115,8.502012,56.079576
145.993025,10.465458,66.196768
142.086682,10.158354,71.346184
131.103298,11.436424,76.856490
124.577364,11.952920,82.351095
120.953835,11.907178,88.605104
110.784095,12.439152,96.825365
101.887949,13.027553,103.349098
93.635694,12.258778,109.069430
88.681810,11.246226,112.769911
78.681314,10.346879,119.836889
70.441905,10.305090,125.214681
62.366494,9.975964,130.267417
54.708883,9.620172,139.424854
46.490739,9.393453,149.722095
40.783477,10.086643,157.252990
36.789127,10.207890,163.202346
31.791416,12.364478,168.016975
26.190000,15.087489,175.441508
24.112952,22.503998,185.872423
21.387736,28.269632,190.610665
18.895676,36.730151,201.322843
17.499804,44.145515,209.131165
15.676623,58.571506,221.531753
15.836015,64.920325,229.591869
14.910274,73.360459,237.587106
14.606579,79.299647,242.848708
11.604571,83.420838,247.012153
10.263694,84.900134,248.766707
248.481450,5.997410,1.415390
246.843100,6.075653,1.855295
243.719153,5.859195,2.522047
238.589660,5.167236,3.966193
231.436555,4.767017,5.475821
225.328864,4.227641,8.606593
216.192518,4.249264,13.251934
201.574496,5.358181,27.322265
189.713273,6.563815,36.876910
178.704092,7.958636,48.954853
172.155047,10.455522,59.140232
164.465090,11.001712,69.045673
160.275015,12.923137,77.792119
154.709170,12.979684,86.063040
149.005499,14.904842,91.604108
146.710721,15.521458,99.132686
138.828448,16.745560,105.092863
130.716606,17.324796,115.467466
129.523624,17.144804,126.953729
115.499354,14.518523,128.850747
108.718910,14.138308,132.341307
98.451946,12.207887,135.057856
91.122998,12.724886,142.199505
80.649199,12.218916,146.336711
70.342609,10.675301,156.983517
61.073075,10.304168,163.061068
51.791377,9.774585,168.076079
46.742290,10.315376,172.529347
41.241707,11.652540,178.423861
35.245040,13.764876,184.198188
28.155028,18.558707,189.966387
25.398669,23.663881,197.011350
22.773990,31.129281,206.043893
19.110948,40.401153,212.043632
16.660233,46.784949,221.376405
13.364368,56.110440,233.190686
12.889584,61.806117,239.376389
11.114343,64.832693,243.895129
9.288315,67.137630,247.559435
8.748417,68.195988,249.033512
250.625614,4.278697,1.382276
249.203898,4.230708,1.881363
246.994861,4.098231,2.660636
242.742739,3.578852,3.875880
237.076922,3.866309,6.637211
229.869794,4.520242,10.608691
224.035862,4.068165,16.353968
212.369134,5.884525,30.750349
201.740926,7.934678,44.343013
192.131965,9.655252,58.815654
183.936368,11.953675,70.688192
176.120997,13.665246,81.715577
173.912388,15.241695,93.843281
170.669030,17.730060,101.631693
166.792564,18.994331,109.846587
163.450195,18.156147,115.355884
159.961016,20.028202,125.011086
157.125062,20.471111,139.513961
150.913185,21.334499,147.974360
147.311898,20.291340,154.134592
136.153062,18.776288,156.820522
124.144585,14.987090,158.635368
114.954361,14.145736,164.299138
104.862358,13.887899,166.332551
89.885968,12.586895,171.874490
79.020140,11.953841,177.262978
67.244934,11.096910,180.807410
59.373615,11.207473,184.888749
52.110474,12.295790,187.263445
44.959750,13.026797,190.901871
38.976857,16.970274,197.322417
34.075902,21.685240,204.616024
28.652147,25.949026,209.929192
25.381500,33.909221,218.774651
19.507445,40.263362,228.036876
15.422878,45.997484,235.263191
11.158312,50.380773,241.763077
8.351135,51.917546,245.987202
6.508623,52.488393,249.336132
5.685048,53.147291,250.543294
252.231177,2.466761,1.499390
250.924852,2.654386,1.915413
249.159206,2.794771,2.966685
246.818694,3.093272,5.146895
243.866336,3.584363,8.684127
237.708597,5.161631,13.601946
230.395229,4.998445,22.517429
223.449128,6.137023,32.194362
213.247699,8.308877,50.330064
207.802056,12.170868,70.499742
201.739402,14.597650,90.493981
197.266771,17.553051,104.266733
191.250438,19.701837,109.126406
186.343625,19.204047,116.195522
184.911936,20.756005,126.968611
179.443543,22.082501,133.851677
180.408572,26.005063,147.677966
173.622298,25.121060,159.148276
170.719541,26.373173,165.421675
167.960994,23.766109,172.417126
160.681595,22.066871,175.526057
149.861009,17.988878,178.520130
141.040966,16.069061,182.319833
126.461460,16.814372,186.018936
108.976172,12.623255,190.416781
95.296294,11.845165,189.507776
82.081855,11.416700,194.397865
71.982727,10.887571,194.129867
65.413129,11.932579,198.524184
61.193128,13.725675,203.917815
51.360777,15.025551,208.559139
42.831220,17.682206,209.960245
39.423864,21.565894,220.950473
30.172010,27.084557,226.553859
23.318181,31.968562,233.407722
15.418654,36.345809,240.378036
11.565360,38.866808,243.025980
8.369294,41.946434,246.857686
6.171232,42.721189,248.896026
4.707274,43.415997,249.115907
253.661486,1.472167,1.380843
252.698412,2.117474,2.636194
250.869960,2.527648,4.440112
249.444379,3.366893,7.198131
246.812583,3.820784,10.761948
242.053969,5.210101,19.399258
238.948660,5.737992,32.770175
235.584526,7.382048,47.237740
230.040817,10.297733,65.732705
221.206702,13.968680,86.153076
214.099697,14.836536,99.353665
208.688217,18.046920,109.884537
205.024927,20.586741,118.729162
199.353946,21.868657,131.190496
199.112256,25.487331,140.772718
193.419377,26.272830,149.171108
196.390168,28.167419,166.698817
193.398396,27.393587,174.685466
185.513579,28.963042,179.519081
182.134038,30.785599,185.613080
174.029587,26.767426,188.099630
167.847133,21.719952,193.139155
157.458751,18.910681,198.929044
149.388249,15.782183,202.668429
133.899748,14.773257,208.687459
113.918333,13.363028,205.717657
101.611610,13.251756,207.632741
89.805913,12.487223,208.293264
77.217802,11.924297,208.471560
71.944702,12.500037,214.600634
65.939871,13.698348,219.541591
57.882382,14.753637,223.287359
47.631655,17.069192,228.290398
36.205571,20.268655,232.991885
26.149618,24.342205,238.395560
19.622594,26.484483,242.718641
11.689168,27.169964,243.798865
7.406032,28.883960,247.825936
4.530957,29.490965,249.038144
3.783392,32.140625,249.634859
253.520054,1.780272,2.554326
253.094683,2.091402,4.149204
252.383164,2.672688,6.332823
251.148786,3.845197,10.236819
250.533306,4.005220,18.241925
247.648004,5.423252,29.228789
245.572250,6.402354,45.018568
241.549251,8.446663,58.462626
235.262373,9.985362,72.713660
230.421620,13.352345,91.594112
225.736707,17.016505,106.279922
219.638025,19.848085,115.576567
216.355808,23.780968,124.239461
212.299413,28.584988,140.191327
210.217248,32.111603,153.520844
211.021097,30.746247,169.737515
210.913632,34.634356,179.336763
203.812143,35.793091,182.746301
198.502673,34.214775,191.205653
193.006265,32.725455,196.939373
192.411494,32.880432,203.323755
182.176661,30.239184,207.637185
172.428079,26.739250,210.449151
159.632795,18.347491,214.985493
150.078412,17.038943,217.324373
132.903510,15.584073,216.658625
115.201443,13.331473,218.049484
103.090688,13.022879,218.351883
90.195562,13.024528,221.315383
81.196649,12.678987,227.199010
74.089098,11.789936,228.643136
64.574776,12.808768,232.295248
52.725162,12.994476,235.947458
43.979930,12.989445,240.435480
30.184476,15.044609,242.051354
20.137695,16.411273,244.412436
11.608719,18.716315,247.583896
7.056994,20.072105,248.643565
4.169269,19.664393,249.245512
3.493711,19.241094,249.634027
254.023823,2.251905,4.585179
253.550710,2.417423,6.207416
252.980332,3.400532,9.681109
252.417742,3.670788,16.818517
250.855902,5.104621,26.007422
249.661189,6.020409,37.224798
248.776109,7.811809,52.914415
246.254834,8.893443,65.771775
242.964588,11.422232,82.105897
237.164493,15.401040,97.870016
233.461369,20.421351,110.233692
230.121646,21.433328,119.819273
228.380687,24.947696,132.708355
225.003084,27.570531,149.854893
223.353770,34.884370,167.760771
220.241955,40.386960,179.118407
218.877120,42.636565,185.841857
218.229745,41.099817,195.713817
212.521783,40.970424,201.802203
207.343097,36.767523,209.392602
205.345284,37.401323,216.173525
197.328014,33.454483,220.245450
186.549237,28.374689,222.969618
175.044447,26.245953,224.877567
157.007128,20.385846,224.291885
144.599783,18.088717,228.704596
128.957150,16.316191,228.724457
117.979311,15.300278,229.299862
99.410602,13.842619,232.156671
87.096370,13.146569,232.898020
75.904570,11.939386,235.978533
72.562935,11.691106,240.153217
60.289208,11.103994,242.472035
46.782212,9.766326,243.872139
31.407557,8.848109,245.389359
22.067503,9.170960,248.696269
13.377333,11.080890,248.627960
6.767396,11.419380,248.994190
4.006098,12.428780,249.485402
3.167801,12.823347,249.865393
254.326862,2.693815,6.849361
253.899821,3.297748,9.864342
253.640771,3.806647,15.312654
252.900955,4.429709,22.256787
252.042745,6.406409,32.088173
251.270807,6.100224,44.398329
250.307612,8.694887,58.960612
249.175011,11.822934,72.223555
247.306665,14.996636,84.324206
242.536645,18.134969,102.819915
240.391479,20.695527,113.029318
237.891666,24.333343,127.295098
235.953169,25.949090,139.565482
233.978308,30.813298,154.232588
231.045530,42.150269,175.040402
228.880814,45.597213,185.545850
226.210315,50.437306,195.337436
226.029753,48.154501,203.591826
224.968315,45.525279,213.840044
218.459797,42.490889,219.605203
215.065817,41.526851,224.701514
207.213481,37.494293,228.403279
197.664236,33.480711,233.778601
185.766815,29.663459,233.303901
169.401649,25.821910,235.146277
151.027972,19.803988,236.269300
143.956356,18.438644,239.949468
125.182939,15.829970,241.007644
111.650596,15.436677,241.534210
96.128687,14.471631,240.954650
80.695497,13.006272,242.406298
71.882930,10.768572,243.199661
60.932691,9.366786,245.470320
46.453498,7.405773,246.666764
34.908415,5.199326,249.054695
22.132123,5.719483,249.242103
14.564887,6.293579,249.264730
8.245245,6.424682,249.741816
4.482834,6.413611,249.721136
2.688992,7.144223,249.851236
254.463113,2.931108,9.936319
254.337086,4.088138,14.377140
254.123615,4.285670,22.265843
253.540983,5.723988,28.424129
252.699310,6.350925,38.708215
251.756342,8.108600,51.672878
251.264068,11.586129,64.435215
249.988094,12.216919,75.627513
249.184336,14.970527,88.452346
245.852659,18.506724,105.201722
244.625206,19.600277,116.028693
242.282790,24.650477,131.639913
241.532065,27.527356,145.703519
240.490946,32.678556,162.524783
238.727848,43.014728,177.027436
234.148481,47.599319,188.809791
233.405155,53.153419,202.120972
232.398793,53.284734,211.898254
229.604744,52.064013,219.615546
226.378480,46.654929,225.926572
221.062717,43.207916,232.203921
213.767754,39.647432,236.795902
204.078020,34.754675,239.569840
195.388773,29.718634,241.496508
178.050172,27.657929,243.754788
160.969237,21.305644,244.973354
147.594564,18.668687,245.592750
134.211004,17.508231,246.016938
119.493265,15.603653,246.526191
104.311141,14.716911,247.017036
86.660325,12.729664,246.579116
74.824991,10.266074,248.049189
60.264584,8.371832,248.609599
47.681958,5.349832,249.287071
35.352699,4.235514,249.863641
22.693158,3.476508,249.519157
14.612338,3.704587,250.073112
7.288351,3.216965,250.009080
4.214213,3.053391,249.971150
2.317461,3.204223,249.771995
254.268656,3.841931,13.897476
254.153263,4.985720,18.947313
254.185957,4.746652,25.943788
253.868698,5.793861,33.485428
253.438373,7.018223,43.693945
252.925795,8.634870,55.811870
252.453597,11.126229,66.566551
251.923074,13.425843,77.947033
250.181292,17.233638,94.302851
248.292536,19.859450,109.005749
248.045476,23.147402,121.313386
246.565420,24.892531,134.731738
244.860059,30.035603,150.893414
245.056606,34.625894,166.067817
243.028029,41.182341,180.245573
239.761656,50.746541,195.411795
239.377520,56.204995,208.689273
236.013144,58.315089,218.988495
235.075523,56.935598,225.896615
233.571051,50.100068,233.860907
229.650941,43.821412,239.501961
220.753256,42.125531,243.213905
210.279044,37.113699,244.242959
198.557585,32.234623,246.148509
181.537310,27.896065,248.013518
167.663704,22.259396,248.306592
150.969665,19.698516,248.542368
139.336129,17.642777,249.386779
122.598387,15.915173,249.018327
107.197538,14.694546,248.830343
89.311103,12.193087,249.205312
72.912672,9.222774,250.705860
61.388138,7.660011,249.950386
46.867127,5.079577,250.346166
34.775819,3.150616,250.494293
22.780960,2.219939,250.092292
13.554532,2.129143,249.995566
7.163949,1.915539,250.130034
4.008708,1.748815,249.716557
1.959024,1.601608,248.717655
254.246646,4.186684,17.082506
254.087843,4.547848,23.126982
254.047025,5.475030,29.772310
253.966890,6.803178,36.166415
253.559233,7.911303,48.709030
253.111697,9.037115,58.033172
252.693314,11.988401,68.581333
252.162891,14.290219,80.707716
250.913023,20.213261,98.880366
249.552449,21.770679,112.407894
249.474917,25.046534,123.501090
248.670854,27.923067,138.937131
247.743974,30.065251,154.723024
247.427641,36.961192,169.806495
245.790913,40.671891,182.236554
242.641936,49.860954,199.154387
241.283464,57.302520,211.031383
239.800922,65.458848,223.213415
237.302379,58.526570,229.955972
235.074267,50.956551,236.886326
233.152474,40.022703,242.572482
223.306322,41.239231,244.248645
211.331715,38.963802,245.806750
199.700608,32.496902,247.887450
185.914159,28.062600,249.646612
171.746124,26.293185,250.020182
154.342532,21.126815,250.335092
140.146119,16.810383,250.041854
125.157054,15.438767,250.048224
108.136623,14.145077,250.658853
90.374613,11.275223,250.686546
72.775811,8.408941,251.450819
61.352984,6.697194,250.884066
47.612010,4.536072,250.711104
33.634301,2.929022,250.671423
23.514710,2.005942,250.278983
13.435718,1.393448,250.293165
7.380422,0.973690,250.011468
3.707293,0.862549,249.686269
1.675343,0.585086,250.604136
