1600
3
4.305881,19.545152,254.071597
7.403860,17.183600,254.123134
10.878107,14.672216,254.213709
16.148596,13.975169,254.079192
25.769736,12.966963,253.876785
37.997811,11.869038,253.585666
50.211786,10.717382,252.751914
62.054237,10.949306,251.761447
78.587533,11.858501,251.279180
93.934331,12.808496,250.732951
110.587464,20.398023,249.800909
123.210870,24.231930,249.344524
139.437447,30.172283,249.728841
157.191609,34.181810,249.177688
173.588105,38.144388,249.309469
187.600421,41.651707,248.429622
197.127126,46.829548,248.607568
209.285613,54.806435,246.927178
219.892627,66.133035,243.543482
228.943044,63.564508,239.929269
236.490396,60.726904,234.805365
240.400991,52.435125,231.412123
243.816796,44.584435,225.704620
246.053623,41.091536,213.020116
247.992271,35.794384,194.982329
249.386947,29.951212,179.220180
250.010232,23.366258,164.026315
250.739511,19.851057,149.845729
251.259873,17.331361,136.307626
252.179392,14.990610,118.165178
252.331058,13.884631,98.140646
252.390870,10.099736,81.334276
252.670483,7.257649,68.048869
252.116700,4.384863,50.548464
252.679097,3.350814,38.394619
252.926945,1.331284,23.934644
253.077210,0.959691,15.108244
253.236883,0.833057,8.557433
253.598491,0.715796,4.286261
253.895565,0.620522,2.071949
3.702439,14.381072,253.806510
7.045218,14.074552,253.895764
10.610390,13.664304,253.848002
14.776911,12.652905,253.680260
23.819504,11.066354,253.617223
36.461560,10.611179,252.881658
49.190353,9.703253,251.853738
61.944427,9.878848,250.801801
76.234039,10.151800,249.950272
94.211529,11.745131,249.010093
108.335578,18.192199,247.701364
121.258882,22.394207,247.879851
138.557093,27.314673,248.065363
153.402765,31.096408,247.149294
171.762778,35.328017,247.885581
185.307876,39.246720,246.688421
197.332883,44.683219,246.305060
207.553862,53.521102,243.044673
218.677415,61.942693,239.606058
226.535343,63.296250,235.580055
235.161606,69.235014,230.017112
238.147892,56.947322,225.895701
241.813245,49.884225,219.255028
244.709629,42.696905,208.260550
246.326910,38.223015,189.821585
247.660941,31.836292,176.207645
249.380445,25.690413,162.025485
250.075569,21.220767,146.136397
250.252408,18.813852,133.247814
250.916622,15.967059,115.974006
251.286492,14.926670,97.217625
251.376169,10.934407,79.743924
251.591103,7.138763,66.147670
251.700755,5.067499,51.319895
252.411477,4.032372,38.573821
252.841163,2.257676,24.215264
252.660678,1.218621,15.305476
252.617837,1.197776,8.997808
252.584184,1.185005,4.294025
252.671227,1.179747,2.531290
3.093239,9.907659,253.357488
5.512848,10.143424,253.342045
8.094399,10.009821,253.365919
13.893348,10.588129,252.959252
21.381278,9.087334,253.026026
34.225988,9.475194,251.922407
48.204228,8.963849,250.438521
60.927834,8.277521,249.347250
76.597016,9.374323,246.877339
92.431709,10.858836,246.564550
106.091863,14.233131,245.836474
121.547692,19.262537,245.804032
136.568459,24.055929,243.956245
152.320911,28.560305,245.177489
169.410656,31.209871,245.650106
181.844414,33.190008,243.670703
193.792348,44.024099,240.534859
206.800101,50.577645,238.907267
216.175432,58.665402,235.167133
223.325704,62.054136,230.943224
231.489282,65.142677,224.217726
233.950260,61.889811,219.378198
239.430322,56.123231,209.807168
242.053990,49.521276,200.339970
244.408716,38.975717,186.033237
246.506989,33.014690,170.230386
246.067967,29.238121,158.147944
247.411926,22.122225,140.914632
249.130430,19.664621,130.130265
249.457375,17.748782,111.516324
249.725000,16.049670,96.082167
250.493429,13.096763,79.187783
250.006794,8.061480,65.215926
250.356405,5.523375,50.827642
251.594400,5.050557,38.960858
252.606788,2.664184,24.616421
251.973763,2.495140,15.192345
251.382153,2.139783,8.241923
251.038261,1.973940,4.535276
251.507762,2.118649,2.914462
2.475180,6.485104,253.017217
4.099200,6.704664,252.881084
7.085848,7.669345,252.527163
11.389199,7.617236,252.241055
20.107080,7.433777,251.537739
32.886478,7.074151,250.377442
46.882256,7.685738,248.000750
60.929562,7.341981,246.790100
76.421952,9.792493,245.452124
88.634990,10.708295,242.723846
105.815667,11.651830,241.010319
119.478352,18.331478,239.650949
132.862509,20.074305,240.337871
148.435517,25.229363,240.052241
163.422231,29.299405,239.252780
179.750842,37.991786,237.239621
189.355024,40.877945,235.330081
202.935218,48.913608,231.368789
212.076619,53.944405,228.510341
221.621587,61.230286,223.740326
226.826880,64.653467,218.247448
229.557038,64.905950,214.348191
234.752020,60.868004,204.847221
237.424018,52.660698,193.761386
240.450345,40.400675,180.401777
242.045672,34.590092,162.845798
243.429787,29.347860,149.697848
243.824186,25.113557,135.815129
246.435512,20.400452,124.120473
247.016299,20.096900,106.638691
248.519942,18.515697,94.942387
249.136389,15.055533,79.543909
249.084882,9.681102,63.305255
249.599036,6.955522,50.552491
249.991137,4.791083,37.006560
251.134458,3.978980,23.714848
251.318209,3.508553,14.887418
250.359032,3.384805,8.497652
249.105215,3.177703,4.165596
250.451558,3.516879,3.213523
1.681894,3.602524,252.459537
3.858577,4.452316,251.949763
6.651455,4.730697,251.617307
10.203331,4.587481,251.198480
18.477640,5.941749,249.707167
30.662654,5.456154,247.825987
46.664813,5.773410,245.067204
57.156415,6.117832,242.872928
73.424215,8.511366,238.740681
88.889528,9.483080,234.825342
102.348857,11.005012,232.523575
113.527532,12.655345,232.258998
127.269337,19.816276,233.100508
141.795683,23.194295,231.648563
158.155835,27.416809,227.565176
171.289219,33.798174,225.399692
181.659716,39.243862,224.768293
196.636597,43.066385,221.093875
205.038835,51.708810,215.644491
212.829780,56.272958,213.405045
218.131688,59.479181,209.892455
225.603942,59.352577,204.097626
228.180725,57.036333,197.113106
231.133326,46.977419,184.590257
235.236122,39.310937,167.486116
236.074452,34.813458,155.160749
238.281054,29.868690,140.095400
239.227120,26.994673,129.010978
241.093509,24.075783,117.386782
243.371812,22.063313,103.909698
244.288279,19.718509,85.896389
244.257785,14.336171,71.714069
245.290049,11.228345,59.507252
247.390729,7.764034,47.510300
248.220360,7.035208,35.459940
249.561718,5.674157,24.957422
250.137876,6.416606,13.858043
250.380780,6.851658,7.802446
249.950964,7.100448,5.156453
250.361119,7.549879,3.349345
1.764117,4.045753,249.570532
3.215178,4.147629,249.383405
5.534623,4.548318,249.327081
9.881402,3.770410,248.180370
19.097844,4.910067,245.468553
28.767904,5.537926,243.254878
44.067958,5.491427,239.754090
62.402461,6.767171,234.462515
74.785961,8.217843,231.086369
89.381905,9.453159,227.781903
98.581449,11.348747,224.782105
108.336512,11.539024,223.145208
117.672907,12.233906,220.955249
136.858254,19.198590,214.350677
149.651158,23.457967,212.673549
156.575664,31.069087,210.222215
176.501229,35.575297,211.479708
188.121751,40.617337,208.801401
197.813486,47.237524,208.994259
205.025953,51.579618,202.758868
211.467223,52.958555,194.441459
215.576580,50.375828,188.298842
220.810698,47.916069,182.654615
222.111037,44.549699,169.505658
228.550236,38.940261,157.493638
229.203432,31.379677,139.599045
231.306469,29.942814,132.621578
234.706878,28.491362,124.889737
234.469654,26.703977,105.113220
235.713804,22.452153,92.589282
240.972681,20.112052,81.238563
241.008175,15.639830,68.712731
242.093342,11.809489,58.650583
243.461573,11.070599,44.512792
245.616960,10.101214,32.800490
247.494158,11.191363,23.407054
248.163062,12.076547,13.459609
249.243839,13.895697,8.731572
250.490142,13.264233,5.819120
250.682102,13.209310,4.386230
1.790245,4.133584,245.319762
2.929704,4.280294,245.166607
5.306266,4.058004,244.908892
10.191610,4.748005,242.605771
18.692635,4.978377,239.742133
29.344789,5.304122,236.362661
45.756268,6.575757,232.685410
61.924171,7.652877,227.458262
75.761732,8.337592,222.124485
82.902654,8.681198,217.575419
95.665493,10.872179,216.824525
104.729044,11.235167,210.986000
116.222804,11.979231,206.855861
131.364164,14.788587,203.160536
142.420518,15.511756,201.080179
155.899685,28.055751,199.410661
163.573346,31.552102,195.468177
173.890055,37.169983,192.977912
186.377569,37.845652,190.544463
192.418166,38.210224,183.650762
197.352450,39.202907,177.371953
201.638969,43.259515,169.252133
210.629223,44.177932,166.483401
212.618067,40.706306,154.262705
216.723804,32.093073,139.035015
220.921721,30.911982,130.382545
224.088871,29.127170,122.693151
224.313646,27.619726,108.553495
224.727531,25.775254,95.083828
227.634223,22.066175,85.086062
231.059366,17.459302,72.435705
234.893867,15.055023,58.020751
237.878637,15.763498,51.607436
239.233431,13.698212,36.992896
240.817588,14.804369,30.244215
244.804078,18.297564,18.508764
246.433877,20.517453,12.037049
247.962913,19.259449,8.978146
249.907083,20.297012,6.259401
250.157211,20.023552,5.426661
2.029585,4.589842,240.921141
3.347844,4.771307,239.187254
6.908933,5.374276,235.423407
10.331153,5.262272,232.323886
17.897607,5.423207,229.042399
29.904507,5.190453,224.101160
46.730865,7.748318,218.345507
62.258586,8.375343,215.042010
72.498730,8.614566,210.956070
81.631827,9.361741,209.798797
89.871233,10.240708,202.462432
103.568731,11.091292,195.666889
114.371763,12.478024,193.473117
123.685618,12.855138,188.785550
136.391303,15.817759,186.196798
147.537887,18.676306,185.080224
151.681940,18.763500,177.584117
164.921120,26.288296,175.130482
174.498101,31.586137,170.456539
181.840810,33.643423,162.556997
183.726758,34.385060,160.567011
189.330001,35.661923,154.928884
193.127455,34.319375,139.089091
199.053070,33.250006,134.042452
204.267783,31.104907,122.227599
208.548579,28.904042,116.781570
211.006003,27.929045,102.304359
214.276724,27.112201,91.539150
215.285185,21.685625,82.120930
216.392333,19.318862,68.303874
220.221904,17.549613,58.562618
225.835081,18.758829,51.213126
231.610473,18.465977,41.807909
233.830186,20.193108,32.591395
237.657276,23.545424,21.049819
241.149133,25.627389,14.634132
244.331644,28.290428,9.909026
246.129284,28.085212,8.842497
247.091313,27.415335,6.617479
249.328702,28.979201,5.395856
3.220275,5.397587,227.756731
4.130015,5.716309,226.980834
7.461807,5.620226,224.810166
11.629099,6.153674,222.397526
17.404338,6.198898,215.666315
31.258822,6.640689,210.742416
41.885961,7.765617,203.438003
57.622016,7.676177,200.369465
66.441869,8.745814,195.203864
75.975841,9.292804,191.863634
86.164180,10.025963,181.464443
96.703829,10.828868,176.899741
106.525156,11.550006,173.867832
117.554570,11.457267,173.421205
126.890631,12.878710,167.895407
135.139560,15.181012,163.350053
141.888243,18.513861,158.043007
153.061909,19.732743,155.537119
160.087572,23.933193,147.648612
168.339570,25.659875,146.092366
172.185176,28.673164,139.001017
176.460182,28.048688,129.374151
181.193213,28.430451,125.479979
185.671332,25.743280,114.870436
189.145223,27.659770,101.579727
192.867475,27.053581,92.093861
195.528977,25.814403,81.203047
199.681755,21.986392,74.913791
204.002094,20.166603,63.975712
207.436600,19.252131,56.292566
211.167360,17.932471,48.871530
216.180130,20.120188,38.643358
223.565380,23.404585,31.871186
229.942518,26.958719,21.487493
233.813022,32.540246,16.414743
237.674540,33.213156,12.307467
242.606455,36.981129,9.770029
245.025849,37.884062,7.081041
246.973695,38.808386,5.774969
249.371516,40.052765,5.198949
3.732082,6.222270,217.403809
5.286806,5.986172,215.719818
8.437010,6.064138,212.257144
13.102749,6.724376,207.103350
20.786072,6.576596,197.237875
29.011187,6.297443,191.131303
36.253767,6.557141,184.638105
44.554897,6.067551,178.569319
58.802114,7.268887,173.865315
64.671608,8.742727,164.549553
78.227191,9.240216,161.143930
87.354043,8.819823,156.214496
94.767616,9.936161,155.040693
103.611105,11.024894,148.108966
112.525663,11.141124,144.449426
124.592966,13.748032,143.366183
130.761532,13.722936,140.165027
139.620232,19.578235,131.310630
148.030293,19.936085,125.514117
152.828584,22.029798,121.339539
160.406801,23.923118,116.703300
164.800999,22.930791,110.475895
165.161087,19.149432,94.834246
168.312805,21.069190,85.420457
171.510369,21.779725,76.431451
179.573908,22.566473,72.497450
184.082413,24.165823,66.133438
188.167378,23.043676,56.777625
190.781924,21.243377,45.995190
195.454018,20.367953,40.914857
199.964692,20.648293,34.625127
208.868513,24.718068,28.073419
215.159260,30.401057,20.118801
224.529569,37.059252,16.845422
230.768035,39.636992,13.224522
236.276767,42.268065,10.954269
240.473027,43.231955,8.818364
243.356575,47.416076,6.667024
245.403750,49.296117,6.409526
248.357571,50.566319,5.382845
5.224470,7.827960,206.208051
6.860049,7.144557,200.800648
9.583469,6.992659,194.841783
14.028066,6.486640,188.452574
18.799302,5.572952,180.493482
22.560049,3.770250,174.100993
30.491762,4.903828,165.968072
38.458006,5.643293,157.552165
45.997668,5.910187,148.630022
52.830940,6.734649,138.865917
65.411880,7.315218,136.881522
73.687814,5.938563,130.678913
78.398558,7.024001,125.632692
90.096129,9.103823,127.090641
97.932692,9.408557,122.240055
106.872592,9.627447,120.229276
116.302269,13.298203,115.373739
127.417012,15.060662,108.461709
133.728006,15.588738,103.511246
138.757681,17.403231,97.172399
146.381149,18.370461,93.888320
150.592638,18.488709,84.073833
153.767523,18.000223,73.322282
157.759841,19.337779,69.911114
160.494264,18.999559,58.142419
166.982318,20.891647,53.302865
172.068061,22.060230,47.369604
177.895030,22.556132,42.755664
182.511976,22.753685,33.421496
185.844603,22.942432,29.524155
191.948484,26.320506,26.150524
199.173264,28.556626,21.218484
210.702202,37.071276,17.458072
221.652626,43.328156,14.619978
227.540162,47.405642,10.927367
232.298873,51.261377,9.493846
237.747557,54.518630,8.842515
242.523170,57.988970,7.755632
246.179688,62.947195,7.613146
248.919648,62.873017,6.156107
5.390124,7.245149,195.282939
7.507117,6.873564,191.308584
8.801672,6.370228,185.565506
12.588388,5.282427,176.935069
16.829799,4.488620,168.422420
20.618437,4.084988,157.531052
26.192480,4.209982,148.647315
30.379708,3.780599,139.656597
37.758718,4.408981,132.247896
45.468263,5.776004,126.417545
54.156529,6.151785,118.945597
63.287482,5.989304,112.489779
66.785067,6.159166,105.874565
69.933131,6.963970,100.408334
80.915362,7.404165,99.294232
89.426565,8.154440,95.180887
99.209069,8.543746,90.805826
109.638970,11.797062,84.865335
119.605388,14.369863,83.993923
125.999783,13.840569,76.970223
132.621702,15.047620,71.231796
140.667748,16.022933,66.559667
146.000930,16.169874,59.014128
147.024165,18.060164,50.313123
152.898608,18.691115,45.510247
157.187929,18.955937,40.683484
163.059971,20.514984,34.852019
168.663417,22.212263,30.988751
174.684492,24.099520,27.009653
180.862983,25.830644,25.130851
186.864867,27.805609,21.655075
195.455979,34.335220,17.902365
206.174667,42.214413,13.948831
217.008317,48.854583,11.477603
225.459825,54.967682,10.419519
232.877631,62.955908,9.638287
237.908240,68.250617,9.073843
242.935555,72.093001,8.435522
245.734527,75.032855,9.996077
248.640594,77.560495,8.953060
5.491704,6.282902,186.128770
6.766727,5.737661,177.187130
8.456102,5.922789,173.013269
10.909016,5.318157,164.469194
13.964518,4.474704,155.113027
16.544150,3.906462,146.419572
20.483291,4.180609,135.194482
25.857629,3.618262,130.559649
31.781202,3.924481,119.208840
37.834023,3.885150,113.646745
44.109790,4.528311,101.745260
49.489181,4.870942,92.392317
55.265717,4.721472,87.814746
59.804768,5.369655,82.562092
68.384362,6.219823,77.932095
76.693368,6.283462,75.027257
85.915023,7.745808,69.750165
91.895744,8.960797,65.571035
103.975119,11.379071,63.115135
113.950099,12.259753,61.745215
122.499009,13.663793,54.288520
127.703226,13.499491,46.853545
132.022661,14.847623,40.508476
139.185089,15.140372,37.549477
143.961074,17.596685,34.176260
149.992919,17.820412,29.492778
155.356234,19.675156,25.978678
162.420008,22.997608,23.322679
170.354450,27.184936,21.887549
176.369254,32.819108,20.050605
183.103646,35.076068,18.512288
190.039940,39.768937,15.588687
200.918338,50.673771,12.627876
213.964668,62.126395,9.577060
222.285857,68.687298,10.789953
232.205929,74.313645,10.426024
237.030353,79.723635,10.511547
242.759430,83.290422,10.700307
246.393308,86.981421,9.744386
248.491437,87.093802,9.444624
5.398097,7.233564,178.499321
7.014804,6.501325,171.864375
7.510520,5.934156,162.045197
8.868007,5.431430,153.456743
11.081248,4.520451,143.229062
13.405627,4.598235,134.933927
16.479729,4.677063,126.609865
22.773639,4.171339,115.506881
24.243972,4.304503,108.451940
28.795344,3.796675,96.228289
34.496054,4.551848,84.992419
41.461534,4.755712,80.370802
47.634032,4.665981,77.389905
54.024492,4.554075,70.451894
56.901051,5.585895,61.115000
63.203830,6.732849,59.354534
73.922549,7.259833,52.928859
83.512948,7.936831,52.235211
90.429276,9.492364,45.981940
98.419789,10.040192,41.589996
110.940396,11.885162,37.517946
120.286363,11.954692,33.373310
123.901112,13.103663,28.613149
132.373641,15.779583,27.376025
138.084694,17.713574,25.589717
143.620695,18.723613,24.075127
150.268748,20.556456,19.110926
156.740877,25.053504,17.752092
166.311769,31.768771,17.763564
171.930229,36.809314,17.699880
180.368101,43.394116,14.529076
188.456260,49.361789,12.193231
196.962360,58.419631,9.725751
212.183274,69.040180,9.874251
220.554896,79.795295,12.009538
231.601820,85.931223,12.013756
236.651846,90.989475,12.069300
242.262253,95.040451,11.483045
245.645944,98.231918,10.345581
248.527874,98.559728,10.329159
4.800255,8.205424,170.241511
6.411721,8.166027,162.709309
7.023647,6.722488,152.104282
7.204374,5.729247,142.902776
8.640060,5.673875,132.614913
10.928633,5.267492,127.030411
15.307283,4.917743,115.367142
16.416288,5.048040,105.753140
18.259076,4.524926,97.077193
22.726586,4.741548,84.575137
26.634975,4.485535,74.890463
31.748606,4.683543,66.261587
35.669247,4.060097,60.487692
40.525760,4.469545,50.407523
45.550482,5.052371,46.421928
50.760323,5.403595,42.092577
59.888824,6.040271,39.869811
71.452327,7.166179,35.229877
80.625368,8.203702,31.929268
89.674350,9.525291,29.729630
99.201828,10.298439,25.683983
111.417168,11.877214,24.424395
120.199691,14.353880,23.248076
125.326410,17.221663,20.366762
133.083761,18.995116,20.358256
138.531199,22.228155,18.336221
145.273745,24.777208,16.533766
153.791072,29.698238,15.265189
162.060815,35.773673,15.780702
168.551110,43.895932,15.858570
176.859480,52.135914,12.424057
187.185713,61.426403,11.035878
195.372433,69.806262,9.098227
209.223512,80.783475,10.531605
220.547443,89.582563,13.043020
227.907304,100.671065,13.907973
235.993576,102.522140,13.155393
242.102837,107.147833,13.008661
245.547790,110.722545,11.253999
248.068835,112.705764,10.801651
5.108532,10.967639,163.751203
5.344842,9.681979,152.735866
6.235518,8.299153,144.684941
6.646394,7.005088,135.122822
7.184682,6.783309,127.474731
8.596490,7.175011,117.100278
11.529090,6.078345,105.795138
11.640440,5.364861,93.798694
13.209201,5.148921,80.782167
18.214253,4.689135,74.265284
20.603420,4.844182,65.810482
23.294579,4.633718,54.612273
25.916386,4.814670,44.202488
30.860665,5.848184,39.479834
37.414955,6.123236,34.740458
42.028703,5.733055,31.425040
50.115014,5.619737,27.111457
59.043933,6.347563,23.673353
71.305710,7.991086,22.344718
82.884014,8.474416,20.441360
91.781769,10.385434,17.681289
103.005710,12.750192,16.344459
114.217189,17.025043,17.525496
120.838772,18.685582,16.568743
127.693087,20.979377,16.350486
135.048805,25.594689,16.296926
141.713102,32.218185,14.854117
148.888193,37.866380,13.597923
157.069968,43.366859,13.968999
166.069634,51.395388,14.131099
173.666185,61.036450,13.482616
185.424480,71.198759,11.803965
192.639388,81.528703,11.468016
206.496128,91.549600,14.481400
219.734865,103.310888,17.012705
229.058693,109.126384,15.627555
234.122133,117.385876,14.947700
240.300406,120.394668,13.112268
244.615073,121.066483,12.417452
247.112200,123.965235,12.215202
5.311751,16.472929,160.113825
5.011030,14.518504,148.278813
5.355054,13.788250,139.136398
5.719561,12.910314,128.253754
6.813041,10.508024,119.265130
7.386318,8.821634,108.383130
8.056484,8.622506,99.871778
8.990804,7.531345,85.545079
10.631002,6.140809,76.102051
12.544259,5.680489,66.222415
14.471037,5.343757,54.328506
16.615234,5.895280,44.321284
19.943283,6.388187,36.363694
23.134366,6.019982,30.757226
28.624402,5.622316,26.002076
36.389189,5.908047,23.074771
42.947586,6.950192,18.714911
52.487818,7.871061,16.941227
61.836040,9.557232,14.253829
73.376395,11.593406,13.435967
86.217935,13.055305,13.000182
94.085296,14.404825,12.722774
108.090391,18.250145,14.631707
116.679831,22.088670,13.838764
122.132328,26.235632,12.307916
128.839814,32.355018,12.097107
138.862693,40.155622,12.241717
144.776143,44.733913,13.244617
151.261579,52.997064,12.381333
161.406725,64.165731,14.393917
171.948097,72.151954,13.536090
182.605205,82.730097,12.083953
193.197332,88.350507,13.035910
209.343369,103.346586,16.558351
219.276676,113.121569,19.195543
228.790399,124.158485,18.667750
235.997537,128.510904,16.915244
240.187805,131.977739,15.842631
243.450923,133.148004,14.490762
247.153782,135.766667,13.192076
5.646786,26.649512,156.001229
5.274336,23.099001,145.223904
5.858286,19.943954,134.709975
5.276742,17.742771,121.902128
5.408826,16.237140,115.699989
6.493733,13.685156,104.550862
7.367426,11.612845,95.589476
7.849698,9.045412,81.094304
8.660342,8.297114,71.670976
8.578606,7.071443,57.566831
10.932520,6.862560,47.488708
13.328085,6.767362,37.952283
15.609499,6.756462,31.026340
17.678121,6.149906,24.385141
21.585653,6.571042,19.679932
27.532648,6.560781,14.883886
36.108604,8.224935,11.729016
45.002969,9.620895,10.212783
53.845091,11.444879,9.031146
64.853506,13.486011,9.383258
78.837778,15.199365,9.653837
87.887934,17.470467,10.623479
101.637925,23.728645,10.622896
111.502275,29.941688,10.934411
116.375630,34.445806,10.462415
125.422499,42.189416,10.725740
134.318699,51.656571,11.794139
139.892268,56.624720,12.125531
149.739860,66.417514,13.547373
159.953879,75.440802,15.440122
168.285904,87.031894,16.407161
179.719991,97.068050,16.358500
191.930981,102.810400,18.162946
205.645058,114.143175,17.265525
220.537722,127.785098,20.230697
229.415259,132.649987,21.866819
236.099507,142.113594,21.106176
241.813705,147.780130,19.555761
244.522710,150.911837,18.708812
246.746922,151.639383,17.101623
5.752842,33.317723,156.150671
4.919166,30.158037,146.638924
5.054841,26.627432,134.696472
5.103954,23.586163,122.707483
6.050915,22.322406,115.618503
6.230906,20.690884,105.187515
6.630474,15.516113,89.172019
7.461155,13.182385,78.921683
7.913159,11.206953,67.286887
7.323728,9.538016,53.562172
8.785986,8.888572,41.620476
10.700173,8.242543,32.819619
10.704685,8.122891,23.591706
12.588244,8.293991,18.492347
16.057948,8.168083,13.771344
22.509645,9.346744,9.607455
28.533558,11.281972,8.344762
39.206767,12.871138,7.902072
47.419943,14.716458,7.283104
57.507281,17.492771,7.226885
70.077044,20.988557,7.451292
82.168772,23.899720,7.678872
93.019698,31.760835,7.844873
106.629882,36.622769,9.836444
113.903190,43.690251,8.787297
123.573171,52.984007,10.105961
131.725685,60.161382,11.708333
136.256585,67.252294,13.520274
144.981305,78.185630,15.992627
155.298634,89.353675,17.183598
166.812981,101.098288,17.769537
175.059507,104.400153,18.315181
190.546723,118.821050,21.238444
205.141062,128.340835,24.623463
219.291014,139.275829,25.376062
231.019629,149.728244,26.261362
237.344214,153.768930,25.831137
241.987172,160.270630,23.452798
245.588551,162.396572,18.606609
246.694533,164.506007,16.077794
6.175498,43.457893,159.179426
4.885411,38.546974,147.993856
6.092424,35.309979,133.538739
6.259332,31.203282,123.540226
6.071107,29.307298,117.097912
6.964786,28.748091,107.042210
6.728348,23.057441,91.670044
7.090104,19.336748,77.366615
7.222655,17.055269,64.063832
7.531400,14.635734,49.592330
8.488489,13.020749,39.380380
8.911442,11.727810,29.764272
9.763434,11.073820,19.716043
10.166680,10.945441,15.245093
10.551112,10.864071,9.326210
17.143477,13.144578,7.694069
24.287613,14.383669,7.218993
33.843352,16.329654,6.396313
41.493210,20.836640,5.812526
51.797093,23.156182,5.921385
62.919907,26.991463,5.878565
72.970952,34.583040,6.926789
87.415871,42.416259,6.723122
100.085727,50.038667,8.755867
109.220138,57.386346,8.874112
115.773074,63.612136,10.241599
127.064622,72.111280,12.910398
134.238140,81.875594,14.564773
142.345109,92.067680,15.887369
154.983261,102.246116,17.943555
163.473299,108.633703,17.495797
173.635430,120.389040,20.190493
186.932250,130.531466,25.405446
204.341347,146.056370,28.820576
218.525124,154.239168,32.026539
229.622554,161.545443,30.797323
236.034261,163.182283,28.332007
242.493037,169.298511,27.848431
244.701651,171.100631,24.076359
245.488425,172.618931,21.238257
9.150686,60.380210,169.546603
7.067973,52.228723,155.087044
5.730780,46.093427,141.246103
5.896352,41.387361,125.288272
7.019908,39.955669,115.791799
7.114629,37.372946,109.676185
6.427463,31.492678,93.386268
6.820432,27.689856,78.280739
7.350840,25.452974,61.625712
7.356473,22.069857,48.724427
7.844977,20.525725,37.203861
8.131405,17.312154,28.195807
8.399546,15.782687,19.493192
9.606775,14.948534,13.393315
10.634878,15.369358,9.989535
14.870596,16.755571,7.469423
19.754904,18.093412,6.334152
29.440317,22.010309,5.757802
37.765420,25.645687,5.071253
45.409327,30.373667,5.234012
56.356438,37.199951,6.092308
69.139927,43.281484,6.117298
80.648467,53.049359,7.006068
92.478135,61.473476,7.482716
102.850813,70.223338,8.454829
112.857149,76.578336,10.417904
121.127616,82.485846,13.016693
133.325714,94.238476,15.909417
141.140355,102.091379,15.743031
149.025826,113.420570,18.819153
159.824204,122.403963,20.776223
172.776151,129.037145,25.020822
187.725739,143.554641,31.271839
202.051151,155.596027,31.240225
218.789302,166.926911,31.922170
227.340403,170.306891,33.517309
235.113998,173.845687,36.185963
241.063150,178.313653,33.414323
244.077119,181.539865,29.028196
244.975920,182.695939,27.030419
11.043000,74.327817,179.108601
10.001992,68.409473,166.565138
9.371209,61.113000,150.737751
8.203078,56.009145,135.448466
7.750861,50.871151,123.699870
7.570528,46.262181,112.874170
7.613164,43.496171,99.666662
6.753600,37.612304,79.388696
7.217921,33.049493,59.992094
7.361583,28.242130,47.945689
7.114575,26.816303,39.210430
7.385554,25.348488,30.081337
8.420133,23.038053,20.926473
9.281566,20.495576,14.157064
10.246016,21.375308,9.802364
13.033343,23.604347,7.779237
17.367649,26.689638,6.459708
24.686445,30.084495,5.023277
32.418148,35.977197,4.232823
39.206568,38.820086,4.008611
49.253371,47.201640,4.629983
62.498395,53.566735,5.678062
76.303079,67.294877,6.591339
89.193989,73.806422,7.387141
97.814713,82.012080,9.844561
104.411217,88.802854,11.947447
115.992637,97.498011,13.251641
129.558320,105.838403,16.185205
138.835738,114.453847,19.254739
146.410283,122.421862,20.577647
157.805758,130.623139,23.619883
168.531381,140.319013,25.351376
188.503653,157.166733,30.941418
202.208542,167.809126,32.081927
215.973866,176.551253,33.630632
226.105656,181.626424,37.146937
231.823788,185.561745,38.581324
239.302990,190.989999,34.110674
242.178876,192.885046,31.680923
243.285162,194.910098,30.993357
13.588255,84.865270,191.751329
12.874865,80.528924,182.306609
11.027417,76.170302,167.037967
9.110239,71.224769,151.754774
9.165273,62.621887,133.963289
9.249922,58.368995,118.148291
8.253061,53.947979,106.074082
7.973594,45.938233,79.874110
8.311498,41.016781,61.662365
8.535563,39.108385,51.711516
8.335384,35.629021,38.625767
7.184323,34.707424,31.432702
7.348356,31.720435,22.096345
7.930425,31.505055,15.895281
9.366356,31.865857,11.431493
12.014499,34.255831,8.016767
14.364452,36.783022,6.115727
20.695363,41.209189,5.373426
27.421829,47.170509,4.099460
34.880949,54.421707,3.796800
42.035275,59.659315,4.573996
54.058395,70.206447,4.990353
69.118975,79.817836,6.118526
82.379700,89.437288,9.314323
91.540683,92.858384,9.344143
101.553466,99.887164,12.479442
111.700304,105.582094,13.866782
123.243747,116.127097,18.937410
134.989579,122.602757,19.644239
142.449900,125.914337,20.597125
157.074240,138.515580,24.810810
171.158941,154.734524,28.383932
187.282321,166.515747,31.935902
200.417333,176.872380,32.355360
214.627627,187.177921,37.845517
224.224201,193.590074,38.730662
229.692612,195.595809,38.738886
235.638930,199.528647,39.317576
240.071125,202.915368,38.843521
240.854460,204.698458,39.437222
15.511189,93.885686,202.613290
15.122707,92.663703,194.842814
13.659980,88.997135,182.735359
11.894935,80.614030,163.334959
11.076166,76.157279,147.555831
9.777574,71.887038,127.941242
12.463847,68.210138,110.737876
10.497983,60.635871,91.734696
10.159124,51.461805,64.751870
10.367567,49.208671,52.607285
10.293040,47.622676,40.808457
8.961916,43.181914,32.839662
8.237752,43.444935,25.903086
7.478828,41.331839,20.372065
8.379255,42.730009,13.471661
10.178488,44.681213,8.240783
12.379323,52.253767,6.147069
16.875859,57.034930,4.822142
23.368656,62.297079,4.526125
30.051286,67.409273,3.491325
38.116560,73.989040,3.858642
50.782841,83.397594,4.853288
62.543809,92.161033,5.645028
74.299543,98.047875,8.227198
85.391381,104.138429,11.131903
94.346327,111.562856,12.101374
105.411223,121.545470,13.693780
116.745691,127.808553,17.832066
128.921314,133.847853,20.194788
138.033631,141.470283,22.186294
153.627808,154.447459,24.589419
170.514254,167.642867,29.357994
182.560439,176.344745,31.465760
198.146689,187.539552,34.049124
209.723419,195.666885,37.661019
219.612543,199.712411,40.300949
227.021549,204.714802,44.696379
232.246273,208.690817,46.256542
236.309389,211.325349,47.360023
238.939303,214.095167,46.653408
15.754910,104.150720,211.365469
15.694968,101.880036,204.530020
14.492004,98.884833,193.370737
14.390197,93.192227,178.602273
14.195707,89.558029,156.414533
15.049911,85.624248,136.095269
14.728098,81.020404,120.126672
14.338651,75.665623,99.462789
12.255214,66.203342,74.643336
11.646556,60.876538,57.995828
10.481246,56.685014,45.212556
9.564487,56.935468,37.806036
8.617704,51.985406,29.329162
8.264533,54.943762,22.675810
7.911866,56.261452,15.151010
8.669046,60.022413,9.831876
11.302633,63.008434,6.336594
13.528423,69.169741,5.535852
20.372932,75.598301,4.418985
24.780788,82.633914,3.288192
33.840896,90.305001,3.802468
45.821512,102.390269,4.538498
54.356260,107.041701,5.299875
63.726696,113.797698,8.663330
77.757062,118.119456,11.744059
88.582056,126.029193,13.642269
99.922467,129.443015,13.327040
111.910941,139.830838,19.469025
120.698518,144.256979,20.663417
135.718587,153.684118,25.017529
150.957543,164.628940,26.608973
163.809707,177.135507,30.705123
179.340001,186.004133,30.270443
192.130747,195.326171,34.113079
207.898580,203.047556,37.114210
215.374564,206.934263,40.912755
224.755404,212.907562,46.158887
230.419646,217.629712,48.776312
234.884345,219.263543,48.662287
237.489327,222.380251,48.707709
17.206202,115.357263,222.030312
17.063154,114.411446,215.733778
17.518525,112.980106,205.628452
16.954319,106.207576,186.437076
17.233705,102.269546,166.818484
17.068924,95.145347,145.234380
15.372525,92.097557,124.916377
14.353040,86.648551,109.633617
13.712836,79.348744,86.131834
12.927678,71.852137,63.599862
11.128697,68.336908,50.521136
9.159094,65.897375,40.987975
9.340767,68.778980,33.232529
9.764235,70.700811,27.275445
8.379702,71.844046,20.409028
8.416430,72.309519,12.169013
10.819047,75.800467,7.618670
12.422036,84.138675,5.323245
16.252557,88.373769,4.780603
21.788521,95.935313,3.505551
31.422430,105.869280,3.376415
41.399068,111.796525,4.404666
50.428228,117.182786,5.600123
58.306272,124.362523,8.648441
68.538529,131.714665,11.620873
76.787002,138.016286,13.975986
93.820773,142.535719,15.472981
106.542147,147.846362,19.686897
118.346101,155.905389,21.806293
132.246797,165.089480,24.511960
145.398291,176.648753,26.439972
159.966704,184.853208,28.649389
170.807249,193.103235,31.409176
186.792654,203.030623,32.996427
197.699614,206.672583,32.264126
210.988711,214.170070,42.445466
220.443266,221.459866,46.768480
226.533288,225.971897,52.236547
231.398944,228.715141,51.006510
235.702153,230.541873,47.859794
19.700515,124.877546,229.100870
19.809442,122.648101,221.811246
20.619579,121.520767,212.891678
20.032474,117.418242,197.601070
20.627532,111.498424,171.942717
19.146130,109.263754,157.012881
18.745099,101.805251,129.767618
16.892906,99.217570,120.527323
16.884443,88.996278,92.314869
14.663983,82.240817,71.557467
12.441922,79.777434,55.686178
10.345364,76.540476,43.154009
8.608255,78.621335,34.285903
8.550258,82.040620,28.728204
8.691860,84.540518,24.128121
7.882333,85.690355,16.213187
9.217221,90.820105,7.669303
11.002219,95.998666,5.394873
14.510298,102.398304,4.495432
20.035892,112.554010,4.470131
26.831005,117.430427,3.594668
35.008801,124.967874,4.419302
42.308269,132.165632,5.860843
53.557146,136.478659,8.820394
59.693984,141.090873,10.411571
71.461382,148.116528,14.267500
82.296454,154.672629,15.759682
96.827566,159.413899,18.472361
112.319788,166.580573,20.908403
126.310791,174.692753,23.224274
140.565842,185.014912,23.778296
155.877993,191.753268,27.060879
169.410180,202.420876,26.118005
180.587674,208.684058,31.011414
192.575325,214.204607,30.521331
205.159390,222.265364,38.574614
216.013438,227.556712,47.047709
223.668923,231.949540,49.772769
228.331562,235.289349,47.852129
233.785210,236.571467,47.614152
25.422781,132.600566,230.952992
24.210407,131.211820,226.413698
23.982851,130.616231,218.680617
23.018019,128.211589,202.331690
23.746032,125.069734,183.085709
22.719191,120.187810,163.809265
19.427167,115.313655,144.443672
18.105220,110.496521,126.210100
17.777870,105.054747,104.673115
15.866615,99.203733,85.154181
13.844717,96.871890,62.792885
11.505668,96.168206,54.094314
9.921926,95.111410,41.656763
8.364375,95.061368,32.377942
8.142233,96.307395,27.254426
7.024939,104.232828,19.266362
7.936298,108.865604,10.701226
9.543955,113.168587,7.094214
12.308964,121.433802,5.283017
16.274387,127.329967,4.468293
20.657208,131.721855,4.157503
29.084107,137.796141,4.853826
36.955490,142.287161,4.401864
45.497398,143.619659,7.180454
54.043136,152.442531,10.557090
66.405397,158.146337,13.195950
76.641027,163.516214,14.449439
87.082036,168.816432,15.379080
104.089295,173.898822,20.309342
123.312366,181.817819,22.900408
138.034919,192.722734,23.137823
146.807206,201.500379,23.263435
160.396053,207.799696,23.007117
174.365376,213.447086,28.321479
186.238651,219.387576,31.602923
199.680678,226.957397,35.029311
209.273571,233.431285,40.016488
219.689687,236.483212,44.454826
227.639011,238.899742,43.348771
231.123108,240.190365,42.641438
28.616444,144.597453,236.416908
27.302880,144.024112,231.296457
26.886274,144.903185,223.387002
26.587271,141.787519,208.464716
29.813618,138.976616,189.559545
26.910326,136.505859,175.244584
23.168428,132.255142,155.303517
20.512000,126.884153,136.123836
20.927713,121.606734,114.885454
17.988934,117.816053,91.507156
15.264154,112.837347,71.296647
12.578927,110.004683,60.347634
11.171306,108.523481,46.785232
9.683685,111.331117,37.230487
9.082371,115.676055,30.165974
8.741090,118.773890,22.758256
7.627927,123.347963,13.487133
8.090337,128.035200,8.625222
10.866606,131.837800,6.186586
13.591559,136.791391,5.133109
16.805662,141.756129,4.117685
23.829520,144.853243,4.861988
32.032808,148.906616,4.391163
40.501289,156.235109,5.867602
47.121631,161.173033,8.100109
57.312733,166.249510,10.308537
67.360896,173.521174,12.675710
78.701007,179.371674,13.709805
89.282977,185.439629,16.078625
112.358851,191.575758,21.170410
131.656237,200.220544,21.583642
140.858536,206.351772,22.298088
150.098637,212.648396,21.764150
166.474705,220.012185,22.424766
179.307797,226.896388,20.540402
191.348066,232.759216,27.152273
204.722320,237.915191,32.257869
213.065903,241.190727,33.913419
222.729818,243.367115,32.970485
230.127580,245.500832,32.714138
28.951352,158.349404,238.427819
28.876153,157.768864,234.296827
27.625978,158.645814,227.431240
29.636874,156.766368,215.252864
28.711423,152.512534,195.908683
29.179424,150.877262,183.319913
25.008639,146.744134,165.018772
22.419354,143.842607,144.498829
21.181044,139.089044,127.585522
18.801986,136.239353,102.069985
16.478897,133.101777,83.089230
14.476375,129.644925,70.685389
12.728423,125.590969,53.912391
10.360287,128.420369,42.979183
9.302836,130.076014,33.116832
9.381997,132.952392,26.598841
7.108397,138.358071,16.528601
6.987007,139.829438,10.813899
9.940994,141.267687,7.603186
11.958532,146.654764,5.673361
14.347305,150.646953,4.355086
18.202180,156.728686,4.569225
25.316817,160.439399,4.202594
34.740502,165.750362,4.315162
40.663609,171.817044,5.701974
51.456464,176.205909,9.674842
60.425406,182.178231,11.319923
73.202890,187.841076,12.261527
81.643361,192.214924,14.129534
101.218936,200.916271,17.017154
117.191615,209.108128,17.648714
129.833488,214.185946,17.351500
139.935659,219.371990,17.855028
155.511470,225.105608,19.316306
167.098578,231.707271,18.827303
182.954844,237.406893,22.804708
194.643489,241.716129,25.390626
204.720395,244.911156,26.178393
214.946738,246.646886,30.517715
220.766623,246.910288,33.757371
32.999154,171.829187,240.361867
31.572510,172.136606,236.321065
28.827310,171.823640,231.455600
27.608971,172.339795,222.634396
28.712018,167.503048,205.995991
27.134188,162.672230,191.324373
27.274024,161.210945,170.196028
22.680135,160.678686,151.526738
23.187563,157.248031,133.589601
19.842598,151.959365,108.069154
18.170373,148.726025,91.592947
16.205017,146.569709,79.796662
13.992680,148.210755,65.655200
10.146953,145.252996,51.611760
8.772023,145.311475,37.979394
7.215273,146.974817,30.023137
6.374748,149.521589,19.986547
6.480678,148.879347,14.153742
7.259250,153.373646,10.138987
10.778265,156.081359,6.596066
12.573905,159.300038,5.077074
14.333582,165.877510,3.971831
18.248111,171.217417,2.857493
27.221887,176.117947,3.686129
33.949126,181.096114,4.498893
43.284031,186.632532,6.757139
52.001532,193.613253,9.188085
60.942254,197.890898,10.156742
72.249800,203.351500,12.503429
92.459775,209.527726,13.219143
109.101234,214.746882,14.577674
121.230407,220.221976,15.140473
131.734892,224.559646,17.720383
144.577592,230.425630,18.805512
158.996252,236.062491,18.412035
174.359109,241.490171,18.576042
186.105087,244.306551,22.101688
195.379608,246.811383,23.006666
204.323875,247.514477,28.204224
211.964174,247.163396,31.845226
33.854383,181.246593,240.658471
30.518234,186.360945,240.213655
26.419667,188.928299,235.546102
27.658032,190.575473,228.313031
28.893532,187.906850,216.032198
28.134581,180.647325,197.063715
27.976380,174.850434,176.985155
26.461149,174.842021,156.162055
25.277933,174.102123,141.341782
22.587901,170.647354,119.450459
17.602647,166.614105,102.540677
15.651719,164.697743,86.838160
13.597345,160.458740,71.723062
10.167206,162.412301,59.142730
9.313262,162.546157,49.366392
7.208768,162.024644,34.862698
6.119589,161.464718,25.197138
5.344998,161.627049,19.417158
5.981498,164.587660,13.248937
8.004308,168.277802,8.997890
9.035659,171.408088,5.636739
11.676742,175.818422,4.376064
14.289604,183.040972,3.007193
18.834051,191.053767,2.313667
25.433514,194.417398,2.905569
30.153093,200.063461,3.405892
42.344745,207.527403,6.845418
49.189274,209.006604,8.325550
63.831161,213.116673,10.628943
77.706977,219.663894,10.758729
96.213763,224.424629,13.081361
104.975669,228.799882,13.896433
117.885985,231.500901,15.077273
133.856442,239.215634,15.496193
143.682175,239.983615,15.955058
157.382181,244.362706,16.100269
171.634394,246.326603,20.661460
186.068980,247.724783,24.337461
192.265083,247.955813,26.674446
201.023263,247.681644,29.980659
34.604657,193.231481,242.274829
32.436332,196.420306,240.572005
31.100212,199.265102,235.516741
28.485580,200.555960,231.141718
25.284828,201.078105,220.260003
24.824760,200.227020,208.739809
27.893795,193.900814,183.328783
27.282471,187.477895,160.988331
26.705311,185.464497,145.107699
23.545404,183.504435,124.684083
20.731673,183.116308,106.666068
15.335945,179.928006,94.914546
13.975745,178.743192,83.731284
9.631020,174.332098,64.783624
8.043721,172.724105,53.878828
7.594342,174.098603,40.179232
5.398176,171.955979,30.206226
4.892096,172.768082,24.453813
4.908224,174.791762,18.052700
5.925368,179.607064,11.261302
6.864332,183.031161,8.071497
6.710406,189.769864,4.430239
9.251314,195.050777,2.427844
12.662554,201.333699,2.169175
16.756512,207.188888,2.068730
24.232505,212.292077,3.163135
28.306186,217.358259,3.622066
40.980546,218.943936,5.847284
50.364351,223.047506,6.729519
67.170020,227.300905,7.810032
84.207018,232.982563,9.581611
96.474653,235.826294,9.976321
109.185514,239.739859,10.526318
119.695258,242.168168,11.220070
131.916686,245.218979,14.942972
141.650033,246.145034,16.592123
154.348480,247.131782,20.581514
170.500821,248.370648,22.280456
178.526073,248.260312,28.168782
184.048525,248.839749,33.106961
39.582886,204.533705,242.720084
37.532595,207.794852,240.133649
32.304276,210.090202,237.460500
27.237729,212.166408,234.452457
23.588971,212.049811,222.138750
24.971380,212.093882,209.264403
24.833140,209.832717,194.902013
26.674419,201.810142,171.923817
25.961822,200.823250,148.454751
22.798930,201.568337,127.330935
20.915772,199.114264,113.054320
18.222225,196.553567,103.327501
12.819206,192.940948,93.553448
9.416940,187.401269,73.760862
8.333453,185.971483,61.358804
5.906451,186.590985,46.713798
4.877977,186.392466,37.751152
4.702037,187.239485,29.086956
4.479923,190.043264,21.639291
4.765607,191.598336,16.129449
5.068438,195.751059,9.114954
4.641778,200.970992,6.833934
6.565803,207.168024,4.090070
9.108758,214.452008,2.265242
11.858499,218.638643,2.083555
18.417077,221.998799,2.150254
23.745077,225.875251,3.079624
32.384777,227.956535,3.294463
40.190831,232.151759,3.974518
55.186975,235.497416,4.569854
73.001134,238.359090,5.280845
87.149067,240.232242,7.183268
97.893683,242.959211,8.515335
110.454053,245.198183,10.045702
119.249345,246.841236,11.311384
131.386240,248.450959,17.215490
138.356527,248.596995,20.497654
150.864331,249.442077,24.276674
157.848125,249.309509,29.354073
165.488601,249.061462,32.067091
45.290757,213.480656,242.532325
41.588234,215.942173,240.768005
34.142532,219.474781,238.655454
26.862128,225.307625,236.152951
28.661732,223.881881,223.166538
24.509994,222.606369,210.037473
23.596786,220.912576,199.077776
21.784505,218.287681,179.812702
23.013522,214.134369,151.253110
20.109353,212.818741,134.284016
19.756170,209.931405,121.169932
16.373784,206.450565,108.812216
12.906171,205.131150,99.990404
8.699974,205.924257,84.294960
7.534122,203.911529,67.264550
5.746413,203.852576,56.536413
5.095211,204.125572,47.351255
3.615497,202.371601,36.466872
3.993278,201.154005,26.354694
3.766101,202.842704,18.590927
3.184628,209.274339,12.776376
4.165959,212.431488,8.438333
4.565191,218.906013,4.398050
5.882321,223.213053,2.496716
7.596682,226.930010,2.362854
13.867382,230.965279,1.779446
18.572410,233.888800,2.005957
25.988436,237.206751,2.849119
30.933401,238.402092,3.215147
47.526224,240.793515,3.552809
61.112147,243.751871,5.225336
74.467204,244.586856,7.282834
87.377112,247.566024,7.637263
97.334547,247.783030,8.971851
108.341983,249.666552,12.285610
121.314632,249.436577,16.224136
129.563985,250.234945,23.057182
139.513461,250.210646,27.510494
147.633194,249.780520,31.443822
158.540364,249.597474,34.491489
53.170206,221.601081,240.209712
47.330752,225.006805,239.128328
41.589423,228.322243,237.338219
38.129935,229.927409,231.073662
32.526186,230.607792,223.681400
27.146038,229.767276,211.840675
22.465034,227.262439,199.433336
20.409140,227.267473,178.280454
21.171308,224.833280,158.472395
19.394466,221.702219,139.776563
17.011871,218.362324,125.341154
14.919331,220.011702,115.084069
12.555540,220.331591,102.553542
8.126761,219.231312,90.016253
6.240945,219.502365,77.665289
5.302703,216.271120,64.650892
4.189024,215.861596,52.076653
3.724310,217.195804,44.308754
2.867240,216.636201,33.764724
2.649296,217.488772,23.949975
2.698273,220.299527,16.625086
2.687973,224.334948,10.496814
3.955643,227.527186,5.085372
4.105271,232.517334,3.411030
5.736613,237.263618,1.997652
7.263397,241.484751,1.768764
11.575363,241.844852,1.519438
19.416757,243.731791,1.749363
24.797439,244.575668,2.062407
33.767469,246.413836,2.814226
48.308236,248.009602,4.519216
62.907131,248.748036,5.500173
75.244870,248.309998,7.466049
89.406963,250.253741,10.771106
98.316534,250.552318,13.981626
104.027453,251.204534,16.869404
117.012583,250.827137,21.678675
128.136939,250.759116,25.854875
139.362916,250.673509,30.660760
151.290721,250.354401,36.285965
62.102775,228.058570,236.775919
56.837662,230.536597,235.535167
52.162554,231.757331,234.499520
45.401617,232.780792,228.494228
38.043574,233.634024,220.158426
31.675256,233.508954,212.052385
24.122840,234.411498,197.889077
21.428886,235.584710,178.310170
20.074965,233.749882,161.636276
18.506872,232.179111,146.763779
14.756327,230.640950,130.733274
13.454037,231.798758,119.788957
11.925614,231.372624,109.314209
7.473318,229.031973,94.692466
5.420423,227.928101,81.577288
4.220044,228.571194,72.272961
4.230692,225.643360,56.841595
3.326954,224.883552,47.729051
2.384347,227.028815,39.004850
1.883265,228.564507,28.745410
1.713589,231.938772,19.345030
1.828962,233.014764,12.615618
2.264905,239.002812,7.000608
2.230208,243.000869,3.816247
3.311532,244.024130,1.740450
4.720249,245.774260,1.630270
7.968576,247.347358,1.425116
12.892568,248.708855,1.526212
18.928484,249.179112,1.813045
26.912679,249.977252,2.919152
37.613376,250.661712,4.177733
51.041745,250.768694,6.159027
64.874209,250.721564,7.906953
78.525188,251.026488,13.256759
90.195853,251.896084,16.064468
98.261467,251.518359,18.588804
108.907115,251.497771,22.229437
118.861609,251.700811,25.715019
129.032424,251.421366,28.446739
141.124020,250.544703,34.724333
75.530624,230.470323,235.979574
69.221506,233.087964,234.306043
60.872864,234.042830,231.033736
51.876142,236.560598,225.636974
43.761263,237.570276,219.672440
34.586903,237.751196,209.180524
26.406447,240.517368,192.490259
19.752741,240.206507,176.963666
18.043812,239.343475,161.874245
17.062995,238.772240,150.170100
13.972832,238.174847,133.640482
13.173948,237.481510,119.804472
12.316675,237.579727,111.827813
8.525978,236.460583,99.953320
5.325993,236.763303,86.452969
4.708226,237.066444,76.280107
4.318553,234.558415,66.024154
3.328383,233.491092,53.779976
2.183746,235.288951,40.573713
1.736655,237.677509,31.586250
1.646040,238.997693,21.375068
1.392225,242.160239,13.433870
1.636835,245.403275,7.076761
1.916449,247.335876,4.605844
2.036206,248.517813,2.305773
2.654977,249.975329,1.503004
5.212386,250.860056,1.376645
9.499886,251.839406,1.534580
14.773216,252.013455,1.770621
21.640873,251.751246,2.629995
29.313672,252.269827,4.284255
41.672125,252.248602,5.939484
50.986200,252.059784,7.825154
66.039965,252.128120,14.154622
79.182829,252.034554,17.114970
87.252394,251.694438,21.227756
98.081066,252.326440,23.370767
109.441607,252.011183,27.293334
121.006926,251.931143,31.189311
135.901353,250.993078,36.026016
84.059224,233.049783,235.413718
80.026023,235.001292,231.620742
70.326648,237.505590,228.416338
58.800547,238.494990,221.633920
51.906186,241.529081,216.503008
37.697146,244.358682,204.754459
28.157324,244.521871,190.612146
19.674628,244.082944,174.928489
17.110743,243.731177,162.620600
15.916257,244.653047,150.640342
14.036562,244.261981,136.162282
12.891585,243.148470,123.097899
11.976116,241.808815,110.611017
7.172632,242.157040,100.890773
5.875641,241.553910,89.511801
5.153221,241.162423,79.178499
4.499418,241.477832,70.301131
3.635039,242.388781,57.218174
2.273215,244.280421,44.583330
1.566077,244.760047,33.666591
1.516382,245.664910,24.107000
1.082414,247.003857,14.366473
1.358391,249.296000,7.928312
1.723060,250.680965,4.654487
1.725614,251.748205,2.476741
1.815302,252.302736,1.351523
3.485096,252.923818,1.259061
6.593110,253.048029,1.217856
10.810858,253.039413,1.417415
18.001159,253.162692,2.523793
25.914094,253.176746,3.892882
32.483179,252.926267,5.470703
43.686629,252.723733,9.736009
59.342369,252.487641,14.372636
67.295499,252.157269,17.276031
76.363229,252.054684,23.182763
81.048738,252.409675,25.357564
95.198825,252.291531,28.461320
109.162055,252.025694,32.258858
121.617096,251.189643,36.150957
91.107354,238.426346,233.603573
82.715933,238.923166,229.082369
73.109006,241.016572,225.368105
59.341746,243.695646,216.824263
52.141698,244.770950,213.418681
41.595273,246.540227,204.634848
29.909010,248.065206,191.692925
22.152827,247.648031,173.442732
17.010441,247.196402,163.142900
16.632360,247.670070,150.268963
13.838077,247.504929,137.753740
14.097323,247.107676,124.979093
12.393332,245.706526,111.479786
7.335856,244.468619,102.563988
5.741286,243.547408,90.746747
5.368530,244.420133,80.281268
4.811716,244.570110,71.593326
3.456065,244.992278,57.462578
2.266512,247.343824,44.211258
1.796145,248.952142,35.296082
1.434205,249.361042,25.593698
0.957179,250.568685,14.971097
1.222461,251.618957,8.754645
1.443540,252.420668,4.871071
1.469781,253.122735,2.599977
1.233587,253.739796,1.073513
2.789250,253.615531,1.354295
5.209724,253.650076,1.323005
9.307167,253.359371,1.561405
14.852697,253.676175,2.515887
23.728566,253.209406,3.589343
30.623252,253.008510,5.968259
39.586408,252.773811,9.730376
52.251032,252.585404,15.666506
58.483851,252.192017,17.416977
65.505167,252.276671,21.472047
72.578566,252.766418,25.330827
84.521670,252.902626,30.128793
96.654213,252.501053,34.507702
109.334663,252.343225,37.572531
