1600
3
9.930127,254.920684,0.963528
6.047907,254.860143,0.838434
3.050821,254.795419,0.548665
1.077909,254.730415,0.274692
0.289959,254.776831,0.095978
0.390784,253.862187,0.163348
0.877369,249.513550,0.359995
1.589417,242.013350,0.673047
4.471374,224.873241,1.754715
7.776173,219.902673,2.570592
15.066178,216.039242,3.680963
22.788229,216.561280,4.005899
28.908891,218.572464,4.614844
37.038376,221.795633,5.939865
49.327725,228.538025,7.514279
59.266034,235.211248,8.029070
68.035941,238.937240,9.372859
79.218699,242.896747,11.731126
88.706065,244.686733,16.507989
98.897454,246.048798,18.967181
110.882024,246.987898,19.528429
123.112903,247.392124,19.914190
132.797673,247.109376,18.508279
143.570317,247.240038,16.380293
152.963713,246.968622,16.356428
164.155054,246.679676,19.798933
172.244694,246.792532,25.462097
181.602438,247.056798,27.464506
190.445678,247.597516,41.478605
199.866615,247.495448,53.129855
209.910339,247.240150,61.650400
219.488223,246.624994,63.896245
230.598080,246.174885,61.253154
239.793787,246.411135,51.214905
244.386377,247.232575,40.033356
247.969385,247.433959,26.051053
249.189944,247.792123,16.198653
249.047312,247.716545,8.176758
250.714248,243.061450,9.458126
251.689306,238.657179,11.000866
8.336373,254.910392,2.767747
5.954599,254.860788,2.162404
3.141360,254.755196,1.316474
1.162476,254.661492,0.761454
0.572052,254.364671,0.487793
0.475889,252.887034,0.394313
1.056643,248.205389,0.751850
1.809984,237.344080,1.328221
3.849858,222.324499,2.522843
6.470567,216.002136,2.881512
12.180166,211.628187,3.777319
18.599865,210.624754,3.473856
24.928455,212.292602,4.140898
32.545488,215.967706,5.003862
43.095771,221.735971,6.473952
52.326026,227.560684,7.172911
65.755398,234.043151,8.903174
75.561877,237.357064,11.066248
87.507669,240.475006,16.264949
96.527252,241.583599,18.043720
110.039584,244.067559,18.797357
122.606350,243.330130,19.475345
132.700708,242.270303,19.215114
142.239591,241.859261,15.920286
151.834232,241.082692,16.803230
162.936818,240.372032,21.901721
169.774602,241.658976,27.420936
178.416977,242.938468,32.954056
187.878486,243.822357,45.165006
199.375367,243.088828,60.864230
207.386397,243.665020,70.796304
219.386982,241.550317,74.098698
230.225816,241.199654,71.306529
239.642139,240.258048,60.465928
244.488842,240.710647,46.217417
247.824505,241.299268,31.079381
249.729489,242.211232,17.153319
250.199847,240.346509,9.952272
251.066828,235.936325,8.880191
251.841721,230.653018,9.893091
7.673590,254.932445,5.992875
6.007475,254.804776,5.506982
3.027352,254.665390,3.838516
1.331269,254.517020,2.949916
0.848720,253.791294,1.778088
0.799141,251.340778,1.384206
1.436556,244.514183,2.330950
1.935071,230.897195,3.188250
3.360599,218.285609,3.246486
5.008286,210.139822,3.455784
9.371694,204.933223,3.390865
14.185250,204.583730,3.195637
19.329726,204.682510,3.050885
26.506983,207.533188,4.116488
36.374358,212.749017,5.203562
45.689209,217.979398,6.202817
56.714295,222.719279,7.105944
70.900872,228.869818,9.935233
82.028848,232.353543,14.906801
94.709743,235.088141,18.459406
109.259438,236.703662,18.851730
121.849844,237.633295,20.376505
132.787079,236.432076,17.915675
140.792989,235.316610,17.055173
151.588182,234.395654,18.267809
160.299708,234.657289,24.017266
169.131166,235.389823,29.925875
176.644532,235.878971,39.172048
185.140748,237.761052,53.607597
196.610201,237.644124,70.519006
205.687195,236.943423,79.472571
215.653840,234.554583,82.315941
228.335760,232.928808,78.613109
238.338561,232.835641,68.031052
245.003594,232.349718,53.124600
247.718188,232.554539,35.037432
250.293622,229.379810,21.791819
250.880931,228.558445,12.559012
251.704909,221.694712,8.844670
252.077155,217.731741,8.197737
6.551051,254.905841,10.637674
5.484231,254.723949,11.550099
3.223437,254.429517,10.259043
1.757194,254.110934,8.321768
1.410488,252.951004,6.374950
1.842379,248.036842,6.253771
1.805814,237.933968,6.258077
2.384312,222.646078,7.798672
2.933301,211.083272,6.195791
4.052433,204.628859,4.833337
6.245177,198.816131,3.403194
10.498198,197.766760,3.101930
15.458221,197.128468,3.228345
21.732035,199.386091,3.382971
28.683929,202.878994,3.998386
37.304238,206.423016,5.233866
48.656845,210.711691,6.467479
61.865590,215.290582,8.462431
75.599316,218.152026,12.468167
89.716188,222.778619,16.677406
106.001185,225.141806,18.316460
119.137249,226.176106,17.820967
131.086018,227.804801,17.959340
140.066929,227.450124,20.186144
149.924910,227.050028,19.538466
158.647112,226.798261,23.911323
165.109653,226.979171,30.976494
173.617220,227.599483,43.708594
181.395600,228.593087,58.178423
193.176511,228.567886,73.109470
202.523899,228.997370,84.033626
214.320573,226.288656,89.499709
226.645327,222.808573,83.765623
236.711222,223.108579,73.661883
244.564763,221.245046,57.638156
248.616205,220.560276,39.888161
251.040190,215.574779,23.715644
251.503117,213.229922,15.050306
252.138679,206.259911,9.628207
252.557978,202.333058,7.695546
6.021722,254.876564,16.539945
4.693510,254.760366,17.673665
3.216910,254.135274,17.159056
2.947253,253.334293,16.958064
4.173576,249.512356,19.209231
3.609699,242.000307,18.735817
1.184480,229.695349,14.912757
2.165111,216.530932,12.566785
2.788269,207.109498,9.508903
3.589859,198.673128,6.035016
5.083847,194.801615,3.856505
7.769148,191.039082,3.257400
11.877404,191.216646,2.932694
16.536408,190.927218,2.834227
23.281759,191.671257,3.314504
30.371536,194.207840,4.442462
39.784905,197.262257,6.284505
53.667857,202.065210,7.712825
68.494316,204.522236,9.714633
84.505509,206.618508,14.106211
98.489415,206.987239,15.937891
112.615987,210.274493,17.192211
124.587971,212.387228,19.501282
136.058904,213.913248,20.115341
145.583222,213.645621,20.715074
154.209724,214.644847,23.377356
162.173077,213.440768,31.707114
170.470534,214.501121,44.697963
178.059890,214.800150,58.720698
187.947087,217.196235,72.177735
202.159936,213.580510,82.232350
212.627557,214.927272,85.045853
224.480277,210.947198,82.288897
234.701436,207.609476,75.117803
243.215685,206.760686,59.327792
248.672752,201.961119,41.540419
251.816441,196.896484,25.904733
252.496699,191.054537,16.877436
252.455440,188.968252,11.591305
252.489102,184.622029,8.165179
8.365970,254.604810,28.693545
6.600387,254.291386,29.191792
5.227884,253.776006,30.418109
3.851769,251.956153,32.001066
3.993471,247.527044,32.669641
2.854924,239.963140,30.108672
2.302329,226.571402,25.660539
2.448502,212.625382,20.139662
2.672938,202.565373,13.917864
2.994853,194.201032,9.296411
3.979038,189.255340,6.268521
5.583586,186.215976,3.972229
9.273443,184.916074,3.179514
12.980699,183.039001,2.948884
17.680034,182.391711,2.623402
24.090903,182.955825,3.280652
33.322324,185.417156,4.602178
45.706757,187.476339,7.018267
60.445009,190.462912,8.956718
75.876489,188.695594,10.554486
89.943921,189.202650,13.465105
104.701895,194.880809,16.581630
118.372202,195.153503,19.349986
129.748017,196.071057,19.717879
139.447958,193.172238,20.844455
147.824454,193.680626,23.483479
156.583269,193.840607,29.598334
164.216337,196.715045,42.379577
171.378402,196.104955,50.989538
186.507051,198.279895,67.171340
198.640459,197.502249,74.348741
210.008023,199.361976,78.419133
222.776197,195.109783,74.840657
232.761798,187.660096,68.540459
240.918966,181.814707,54.085345
248.769598,179.779044,40.572189
252.401211,176.029587,26.410939
252.555006,172.581248,17.223976
252.318748,170.775915,11.085105
252.377541,167.929989,7.283874
9.826986,254.410604,43.296788
8.179516,253.902321,43.607843
6.647276,252.839286,43.809359
4.017060,250.505272,43.875179
2.634486,244.616615,44.663612
3.133610,237.040086,43.811551
3.010144,222.970183,37.417834
2.182475,210.655560,29.228701
2.418407,199.116564,20.537294
3.059265,190.719767,12.381432
3.370515,185.645123,8.636301
4.227629,180.471190,5.827552
5.492070,177.109378,3.904240
9.100391,173.782974,3.032699
13.593815,172.545929,2.696721
17.817008,170.971800,2.565059
24.636295,171.951422,2.989755
36.992285,172.142637,4.847605
52.914839,174.092510,7.244352
69.194360,174.456113,9.506571
83.558791,175.755241,11.847305
95.430898,174.782745,14.695488
112.807706,177.884525,17.951121
124.211759,177.482382,18.771530
133.795895,176.501239,18.898829
141.757895,176.584244,20.972366
150.846042,178.299572,26.151955
159.652203,177.935631,34.046952
169.678783,180.880217,45.419209
181.822462,178.969875,54.056233
196.508486,180.322999,62.483743
208.572788,177.385770,63.921053
220.438686,173.752787,61.354307
230.800975,167.807206,55.699024
239.109266,163.426523,47.300465
247.876048,159.934498,37.200866
251.907874,158.520472,27.360902
252.345099,156.524173,16.737696
252.387687,153.431033,9.916738
252.317545,150.533393,6.723452
11.217808,254.183880,56.814161
9.281761,253.482700,55.847163
6.598142,251.785613,55.526652
4.924626,247.813026,54.655194
3.911172,242.572714,55.914156
3.572675,234.681352,53.056600
3.080273,221.680813,47.819748
2.307077,208.364122,38.342334
2.193566,195.314348,25.738082
2.380817,188.072970,19.410037
2.854861,180.403532,12.967598
3.384007,174.888675,8.607905
4.291505,170.532956,5.341232
6.111450,165.776963,3.212040
8.702774,162.253905,2.340398
13.234327,161.268463,2.680736
19.327375,159.875608,2.886486
30.482677,158.391411,3.636694
45.201275,159.091957,5.891857
62.268667,159.003424,7.846568
77.729495,159.585214,10.855939
91.084908,159.770005,12.948556
104.755108,160.280824,16.589030
118.603791,162.246842,17.346115
129.224352,163.930892,17.058894
136.190097,163.462854,19.602240
144.857363,163.933998,24.830962
154.515555,163.173767,31.897713
164.515549,164.519963,34.009954
178.459737,160.802132,42.117279
190.602236,160.616423,48.486617
205.007733,157.271383,49.576258
217.022404,153.505197,48.878457
225.956728,150.408513,49.501762
237.656405,150.192316,40.195226
245.651245,145.910704,31.954866
250.336482,142.237102,20.982853
252.173580,139.089886,14.361605
252.668593,137.143956,9.341233
252.543953,135.233107,6.524050
13.335317,253.856324,73.253253
10.885305,252.950712,71.362117
7.690617,251.121110,69.346038
5.928311,246.254124,65.696935
4.773823,240.909110,64.339711
4.276091,232.414226,60.863994
4.064677,220.230199,55.469285
2.248306,206.563603,43.464688
1.811588,192.531553,31.453789
2.120681,184.339510,22.985142
2.492572,176.132153,16.434011
2.866761,169.895831,10.620440
3.084102,163.171113,6.828212
4.673491,158.317236,3.804112
7.340045,155.275996,2.603435
9.577201,151.656440,2.234726
14.009229,147.805103,2.197155
24.217950,144.887885,3.171560
37.570561,143.563191,4.002615
53.790624,143.906615,5.843663
69.705777,142.807476,8.327216
83.486591,143.193031,11.092203
97.115279,144.599443,12.824447
109.577720,147.618981,14.727218
122.248904,148.335981,15.994039
131.089348,148.891725,18.809235
140.393676,147.321504,22.487709
150.394119,145.163891,26.196570
161.102171,141.655545,27.189386
171.677641,140.412453,29.941734
185.648807,140.698780,36.026053
199.226008,137.108733,37.049411
212.070240,136.071512,39.387527
221.696653,134.489312,39.122273
233.426567,131.838804,33.846806
243.761572,130.287826,24.809150
249.168753,126.674415,18.554209
251.762786,122.860334,12.271034
253.260357,121.764940,8.442062
253.146548,121.367584,5.607643
13.143430,253.542722,85.767320
11.573273,252.720233,84.462224
9.027228,250.549220,81.913965
6.023623,245.583919,77.731096
5.290929,239.667947,73.003278
4.873175,227.934908,66.552187
3.905339,218.359596,62.096441
2.290837,203.738504,48.772450
1.685731,190.057226,38.662414
1.750313,180.355954,29.492561
2.020321,172.687913,21.643315
1.907951,163.482872,14.320265
2.390241,157.311753,8.817445
3.110275,152.176825,5.471824
5.150692,147.188361,2.999233
8.388536,143.391670,2.297695
12.126813,139.090169,2.278871
20.776688,137.989111,3.414163
32.483046,131.159902,4.075816
46.594255,127.712639,4.800790
61.915366,127.856399,7.297870
75.774538,128.837379,8.897866
90.288525,130.052805,11.098694
101.991207,130.866367,12.551243
114.709652,132.623448,14.774400
125.962259,133.071905,16.296062
135.156059,132.662367,19.873970
148.081335,127.982396,22.552976
158.600759,127.781517,23.466901
169.349275,126.202324,24.838121
180.548703,123.553066,27.739801
193.953372,122.418875,31.628825
205.895060,122.048367,31.353242
217.531602,120.099207,33.492080
228.952547,117.837233,29.503822
240.311334,115.052760,22.170314
248.737930,112.398024,13.737783
251.539285,110.002528,10.473356
253.342475,107.849466,7.466957
253.712046,108.533697,5.280774
16.274876,253.582952,100.268336
12.866308,252.802947,98.751182
9.444251,249.874899,95.014451
5.988326,246.045550,91.106043
5.243337,237.798255,86.265970
4.755137,225.422477,75.972006
3.752071,214.514009,69.578410
3.533440,201.520623,60.183462
1.888241,187.737982,44.520867
1.454108,177.143240,34.196263
1.602964,167.722581,26.549361
1.484948,157.230498,17.073939
1.721081,151.396536,12.375171
2.133226,145.974732,7.314587
4.186724,139.801447,4.125649
7.153109,135.365301,2.880252
10.200803,131.114360,2.478006
17.089338,124.224650,2.769215
27.806094,119.165151,3.292830
42.401478,116.021557,4.320750
56.203095,115.790393,6.955465
69.588288,115.262736,7.524424
82.455355,114.310952,9.328437
95.804645,115.041468,9.483044
108.921573,115.044737,12.703808
119.495323,116.228607,14.133509
131.362815,112.280277,15.235161
141.368412,111.903286,17.880998
153.370354,111.413679,20.891063
166.173930,111.827110,20.715528
175.358616,111.473021,23.469015
189.673235,112.913526,24.486725
202.304963,108.902067,26.619273
214.757938,107.150185,26.407094
225.682283,102.472306,22.616443
239.559981,98.607515,15.337644
247.581451,96.762810,12.200450
251.236739,97.601865,8.541062
253.272107,95.380372,6.398421
253.818502,95.349805,4.735393
15.241518,253.586860,113.551817
12.738448,252.649989,113.155544
9.846764,250.100579,111.593761
7.753509,245.200002,105.181095
6.360542,237.830027,97.749247
7.496311,225.167107,87.840174
5.181217,212.843339,79.440967
3.758476,198.733175,66.381905
2.605469,183.193417,53.192326
1.947829,172.060240,41.756765
1.503832,161.743059,32.733675
1.304989,151.273024,21.961070
1.328244,145.833127,16.094540
1.816021,138.149586,9.878184
3.219968,132.592682,5.866136
5.410793,127.765336,4.258984
9.656463,121.700707,3.111484
14.683448,116.567034,2.627726
24.761941,108.987089,2.682764
36.543897,105.207088,3.507252
49.442879,103.949807,5.378617
62.899640,101.989053,6.362238
77.054039,100.416758,7.705534
90.415067,100.517223,9.084125
101.905174,100.073895,9.052031
115.673164,100.463771,12.456605
127.358540,98.702320,12.743826
139.224306,98.441293,14.221758
150.848222,99.630355,16.623411
161.732147,99.208144,16.742098
172.713566,98.838492,18.496624
186.297728,98.579631,20.911393
199.271409,96.749746,20.010377
212.594529,94.236338,19.611743
226.818894,87.838729,15.128211
238.360533,86.065353,12.465549
245.608545,83.956146,9.891401
250.503000,83.527205,8.713931
253.244239,82.085923,6.248199
254.080462,81.083166,5.206637
13.566486,253.426690,127.518242
11.113509,252.321861,126.411070
9.252596,249.592579,122.948328
8.494951,245.544886,118.754020
8.983597,235.408689,109.668940
7.157274,221.777078,100.640195
7.006135,208.038957,88.807281
8.003454,194.938502,79.537470
6.011306,179.973588,65.360298
4.850237,166.168285,54.067125
4.350746,154.941084,41.874018
3.159768,144.726284,29.828658
1.677429,138.737502,20.807456
1.440216,130.911920,13.913820
2.520614,123.764728,8.774151
4.410081,117.127927,5.698515
6.452396,111.170201,4.202608
13.613660,100.933200,2.820813
21.708918,96.347667,2.790423
31.470959,93.439175,3.302408
46.041683,92.022937,4.303857
58.508816,88.996883,5.593584
71.022426,88.523323,6.748670
85.211878,86.738250,7.925519
97.771717,85.161369,8.434742
110.131237,84.820783,8.780564
123.407242,86.985996,11.189465
134.811944,86.492840,12.085559
146.347672,87.001598,11.596133
158.171908,87.963588,12.634780
169.916588,84.092959,13.561447
184.018138,84.297890,14.143844
199.267433,79.906083,14.826061
211.433617,75.580677,12.027823
224.622988,75.030490,11.796690
236.684742,74.879332,10.081276
246.004783,71.453188,8.955406
250.881815,67.685639,6.911054
253.718926,66.156178,5.349484
254.272142,66.339254,4.625670
11.742750,253.077859,141.610617
11.043669,251.861123,140.127176
11.288702,248.901169,136.532711
12.312013,243.548447,129.723839
11.104781,233.387568,124.621823
11.329273,217.475426,111.631987
10.351061,205.298467,102.264243
10.443756,189.591049,89.128275
9.110373,173.954060,73.103772
7.825315,161.424919,64.674867
6.211437,149.711269,53.921858
4.536457,139.561346,38.164943
3.330538,130.519682,28.862796
2.803679,121.673339,19.565795
2.014239,113.291862,12.714887
3.496917,103.396097,7.632487
5.348495,91.940774,5.650888
9.805543,84.737324,3.947208
15.987119,80.972077,2.388879
26.555149,76.893036,2.388906
37.952480,69.427610,2.309027
51.547012,70.937289,3.916135
64.566388,68.134741,5.312434
79.250032,69.665291,6.357142
92.450192,71.314771,7.263895
107.048398,72.969851,7.979228
119.530741,72.012978,8.247339
132.108804,75.196223,8.950864
144.314116,74.328682,7.457216
156.579934,73.787061,8.668739
167.506398,71.269616,8.167457
182.224027,70.462016,10.675629
198.819253,65.589964,9.689149
210.103468,64.871864,9.191585
223.068523,61.277822,8.301938
236.346274,58.379983,7.859882
245.379273,56.590694,6.680867
250.409974,54.749529,5.967134
253.640641,53.419187,4.933019
254.245361,52.667816,4.170493
10.523703,252.158871,164.649736
10.374868,251.350193,159.628376
11.637371,247.198031,152.100336
12.576653,241.669750,146.098066
13.177118,230.374459,134.034567
14.468376,218.645367,124.555646
13.097224,202.191244,110.196817
11.210804,188.310329,98.297796
11.026250,174.292773,85.668247
10.409023,155.517608,68.895355
8.209259,145.676237,61.784107
6.671742,134.091770,48.206539
4.743758,123.828426,36.019062
3.630773,111.578230,24.845049
3.533520,99.764406,17.613687
2.951638,87.618064,10.345856
4.506857,80.666232,6.238156
8.321510,72.275148,4.286456
12.548944,64.642231,2.595718
21.379763,58.923832,2.209808
31.834692,53.224784,2.373500
43.825253,50.924107,2.162955
56.375681,49.823878,3.475284
71.199287,52.972868,4.541595
85.728941,54.864976,5.879357
103.344020,57.574533,5.673440
116.142756,56.130010,5.119463
124.793609,57.621402,4.532647
140.310563,56.298566,5.496428
154.407615,55.814870,4.683052
166.663272,56.771516,5.837383
181.626848,53.586371,5.935036
196.104256,52.842510,7.629226
208.493190,51.615869,6.459536
224.097271,47.080413,6.158178
235.672862,44.765013,5.628426
245.977685,42.131605,5.208895
251.497621,39.057116,4.492830
253.690032,39.634767,3.801385
254.325931,38.641985,2.702602
9.879819,251.731926,181.942747
10.436767,250.234020,179.812361
11.341162,247.204777,172.780089
12.588613,240.530756,162.976271
15.280351,230.341299,147.986658
17.847876,215.822958,133.491469
16.414276,202.460949,120.404095
15.041917,184.419840,106.442968
12.980529,166.347348,92.800015
12.732684,152.541869,80.320952
10.105930,141.097541,66.931366
8.844881,128.188098,56.675462
7.760597,112.253046,44.110371
5.545110,101.430883,30.733396
4.230334,88.099201,20.084473
3.883110,77.230929,12.752938
3.797808,65.054610,7.225653
5.534288,53.148426,4.399686
8.513714,43.635208,3.313579
14.529188,37.040923,2.321510
23.513830,33.375484,2.319181
37.085629,32.855091,2.053706
48.476650,35.485620,2.120480
64.087453,36.914392,2.556181
77.665311,38.110653,2.888763
94.289820,40.647253,3.277272
111.627415,43.890302,4.098584
122.950744,40.754238,3.586732
137.778722,38.810949,3.783379
152.324500,41.127442,3.979698
164.926399,39.915983,3.775488
178.091224,38.984327,4.098514
193.149167,38.190160,4.390929
207.723927,36.230669,5.020250
222.791597,32.388936,3.766574
235.751203,30.489803,3.895874
247.169424,27.824754,3.181256
251.994958,26.463477,2.653549
253.897920,25.024014,2.108228
254.574641,23.358474,1.592680
9.670731,251.092984,198.581528
9.394547,249.736811,194.789247
10.293169,246.391484,189.475181
12.984864,239.007840,180.720623
17.501319,229.073312,162.650329
18.948618,214.794629,146.805188
19.227798,195.623311,129.867361
17.050631,178.563886,119.716223
16.469903,162.405406,105.971844
14.939579,145.662214,91.218697
12.771692,132.951814,78.989198
11.283853,118.023879,65.440812
9.864676,106.084077,53.574978
7.608814,91.833165,39.601065
6.153265,77.282779,24.879136
4.377597,60.850031,15.261344
3.442706,46.111686,7.715948
4.936322,38.424007,5.078413
7.795264,31.387473,3.717735
12.198414,24.073632,2.227591
18.392849,19.539848,1.984112
28.064718,19.910412,2.172611
39.501858,22.350649,1.926874
56.856062,23.274375,2.098035
73.074607,24.320524,2.229352
86.946165,24.545171,2.642379
107.223272,26.781277,2.701553
123.588345,27.728469,2.971484
136.941133,27.931001,2.983665
151.592573,26.271345,2.732330
162.069043,24.310685,2.098502
175.363004,26.334210,2.619819
194.366647,24.715368,2.994413
206.701532,23.268102,2.973066
225.475901,21.271403,2.636188
235.718741,17.295395,1.905738
245.351283,14.788871,1.492811
252.528032,14.086883,1.162124
254.153251,13.665865,1.153815
254.584071,11.868564,0.557771
8.294191,249.911650,218.433836
9.324858,249.204454,214.560059
11.292828,246.372215,207.677939
14.472241,239.150020,198.085477
17.926916,228.618098,180.543626
22.080681,210.664635,155.966889
23.488585,191.113079,140.994829
22.172619,172.923584,127.863948
20.992399,155.293049,113.343736
19.309114,141.303829,100.704267
17.537291,126.547995,87.810225
15.419761,113.221370,73.328202
12.346857,100.041558,60.275774
8.899513,82.450311,45.952131
6.623619,60.199872,29.897844
5.434995,45.006323,18.069425
4.325140,32.815446,10.277561
4.305859,24.676627,6.168269
6.235229,18.176033,4.049296
8.950050,14.328197,2.673873
15.033922,12.008999,2.035634
23.782377,12.425610,2.055661
35.993435,12.851149,2.098186
52.732371,13.956815,1.687413
68.333641,15.960573,1.848964
88.199375,15.339846,2.288339
102.532382,14.916757,2.470603
119.706056,16.046102,2.743945
136.603290,16.158978,2.430234
148.300763,15.867887,2.178316
160.614089,15.543090,2.064404
174.818414,14.225325,2.481950
190.501541,13.294053,2.065471
206.592699,12.665893,2.014108
226.501793,10.136651,1.227253
236.568192,9.519073,0.978369
246.216146,7.417263,0.456561
252.078914,6.495753,0.484817
254.184548,5.629886,0.438507
254.672599,4.723663,0.336638
9.307847,248.126333,232.680039
10.753816,248.140345,229.629136
13.970934,245.904214,222.149108
16.540376,238.325024,210.221111
20.317223,228.590092,195.542971
25.094795,207.911898,169.394660
26.848892,186.560078,150.500467
24.737095,168.391047,136.478110
23.454206,151.445340,123.213058
22.778624,136.969595,110.093739
19.874434,122.965343,97.344941
19.047263,108.779113,83.457770
14.269026,92.093582,67.327389
10.775896,74.438846,52.215996
7.065421,51.910363,34.759840
5.284902,36.184447,21.488457
4.543481,25.241969,12.944963
4.075674,16.772910,7.315125
4.979649,10.609648,4.324346
7.178235,7.490550,2.932175
12.298063,6.566005,2.367503
20.608822,6.942115,1.881352
34.270301,7.061610,1.969309
48.591472,7.568839,1.637047
68.402564,8.932741,2.105850
86.369612,8.720294,2.072693
102.416692,8.411221,2.379062
117.555213,7.952255,2.654516
133.396719,8.220700,2.572797
148.138499,7.561600,2.799631
160.451846,7.980535,2.635563
175.974730,7.685079,2.451452
190.030194,7.903176,2.160524
208.063696,6.983525,1.665710
224.644779,6.073557,1.038565
237.883683,4.351612,0.509237
247.470762,3.094042,0.351978
251.641728,2.496180,0.267764
254.169869,1.935858,0.161963
254.761510,1.401352,0.147153
12.097605,246.529142,242.783258
16.603786,247.040761,238.130857
20.358289,245.331398,230.513864
24.726298,238.183123,218.246737
28.183922,227.909470,204.044293
33.687862,207.927250,184.255993
34.203199,185.536369,163.593784
29.557446,163.438685,144.322209
26.937720,146.346116,130.742733
25.247021,133.925381,118.981187
23.313489,118.139479,104.467297
20.305157,103.953046,92.255491
15.898910,86.173935,74.645400
11.872631,66.716889,58.626714
8.071289,44.582516,40.247854
5.379097,27.747244,26.238014
4.505011,18.204668,18.510354
3.676441,11.292222,11.339496
4.579501,6.401596,6.821109
5.008004,3.653907,3.702971
10.831578,3.566584,3.600414
19.431127,3.428398,2.692529
33.484840,3.988402,2.681015
48.272844,3.995197,2.522473
67.876483,4.750597,2.697856
86.679899,4.202584,3.068587
101.871659,4.350532,3.044775
118.736245,4.046884,3.287027
132.958899,3.908468,3.397705
147.602179,4.381827,3.536414
161.242443,4.474077,3.824552
175.583707,4.764588,3.707025
189.298942,4.629196,3.343584
208.379734,3.921577,2.839343
224.770171,2.984292,1.501657
238.577384,1.916138,0.947352
246.822259,1.021159,0.550275
251.548427,0.762557,0.446462
254.127208,0.563026,0.338355
254.846701,0.278798,0.191914
22.542000,247.665037,242.458494
25.603167,247.606553,239.813625
33.117448,245.226445,234.252164
40.146504,237.923591,220.090582
47.735367,226.234920,206.522226
45.455935,208.376539,190.649593
41.704440,183.909154,171.048505
38.746396,159.572707,150.428824
32.249652,143.254979,137.745310
28.379015,129.320366,126.037977
24.576177,114.850890,112.123809
21.387354,97.892347,99.005752
17.338666,82.403107,84.250060
11.705546,57.196411,64.298292
8.702095,38.981270,48.623082
5.718321,25.363634,33.092455
4.037597,14.937708,22.753115
3.965225,8.631951,15.351400
4.678024,4.547661,10.315498
6.581529,3.146273,7.822054
11.016182,2.653136,6.478892
19.307839,2.325745,5.729722
33.415013,2.526865,4.671022
48.437569,2.621420,4.877681
68.381999,3.199927,5.795630
87.399726,3.098803,5.937573
104.145027,2.907888,5.432660
116.739228,3.435281,5.810233
132.898122,3.382427,5.839696
148.213229,2.882218,6.099267
160.723860,2.808759,5.725578
174.676822,2.746791,5.667116
188.762988,2.845465,5.387281
207.324382,2.565279,4.396629
223.101474,2.303741,3.471166
237.363955,1.336358,2.285353
246.465018,0.841112,1.610981
251.317675,0.481489,1.303584
254.041408,0.357270,1.049663
254.714115,0.258001,0.970201
34.449333,248.576757,244.489622
38.715508,247.634878,240.998813
51.799335,245.596578,232.829488
60.300153,239.159196,224.322836
64.888906,227.179478,211.798879
59.083474,207.805452,195.909802
53.236352,187.624890,181.384355
46.428705,157.767294,157.726158
36.849577,140.213252,144.620593
31.940126,127.195150,132.068275
23.668380,109.630376,118.066264
20.079020,90.925658,105.160218
15.155895,71.251047,90.301383
11.169766,52.717288,75.017689
9.238369,37.686526,58.217717
5.690305,23.160480,43.703105
3.576941,12.268214,32.124097
3.824638,7.103735,25.086281
4.943018,4.063246,18.161474
7.577491,2.921400,14.276325
12.050571,2.472147,11.725648
21.048132,2.061509,10.933026
33.422829,2.049408,9.379294
51.574849,2.179270,9.301392
69.718651,2.645839,10.155339
87.885626,2.820385,9.600935
104.467531,2.636788,9.444550
119.336186,2.794063,10.645072
135.486229,2.820916,10.304876
147.775099,2.620450,10.045482
160.167417,2.303657,8.841345
175.385159,1.928843,8.741784
188.754798,1.801251,9.223649
205.659895,1.741448,9.097525
223.913807,1.465555,7.396449
236.775907,1.110846,6.201106
245.606479,0.654943,3.864736
251.058516,0.447097,3.954708
253.833559,0.413387,4.101216
254.545308,0.378734,3.595356
51.310614,247.651891,245.867440
59.736664,246.153351,241.799013
69.664574,244.065709,233.662269
78.246296,239.552343,227.028636
77.448534,226.946491,212.080300
68.226135,209.362451,202.244669
63.583973,189.492714,187.730051
49.939402,154.937978,164.571547
38.468814,133.769230,151.555505
34.566224,118.916093,140.936875
25.742694,99.575869,126.616623
19.853830,83.314699,114.026771
15.080795,65.308014,98.047638
11.896494,49.515635,84.359730
8.700784,34.201514,70.894251
5.126455,20.682952,57.951868
3.423897,10.419420,43.213040
3.809247,5.992926,35.660984
5.181441,3.549826,29.829126
8.747755,2.499503,26.019544
15.037193,1.998476,22.431418
23.651697,1.818487,20.090357
34.604451,1.870657,19.054042
53.965144,2.170176,18.453144
73.635404,2.265873,17.699746
87.599910,2.651413,16.158470
109.140236,3.128120,17.892015
123.879692,3.260323,17.581408
134.330255,3.228746,17.936096
147.387194,2.906985,14.727955
163.430141,2.754664,14.734917
177.368987,2.902006,15.013832
191.933868,2.649605,15.658038
206.023144,2.687403,14.846088
222.350874,1.739408,14.450827
235.628381,1.267524,11.898089
243.718878,1.366980,11.988631
251.390237,1.165242,10.863867
253.697848,0.764312,10.038890
254.480752,0.468649,9.997156
62.926548,243.075050,247.464718
67.978119,241.843141,243.708512
82.331266,239.399141,238.264005
89.561838,236.040521,232.270879
91.564198,225.881738,222.841717
79.596644,207.320885,208.053090
67.799548,185.790464,196.181173
59.399355,153.418122,174.685852
40.897737,127.206596,157.596973
32.726255,108.631115,145.315887
25.809461,92.845011,134.429350
18.267640,76.941245,120.308460
13.571530,57.666612,107.021867
11.277764,45.088872,95.892317
6.611103,28.356462,79.460866
5.493002,19.077380,69.389103
2.729306,9.947209,59.107442
4.105248,4.682804,48.057369
5.742750,2.830539,42.357365
10.374986,2.125718,36.949611
17.006570,1.825843,34.560602
28.638643,2.039040,31.975305
40.591833,2.589225,33.055724
58.678341,2.806912,30.965184
74.770980,2.649882,28.491047
92.947886,2.506135,27.958026
111.995830,3.366010,29.018990
122.838214,3.295693,26.531379
136.387847,3.289865,25.844151
146.515029,4.474955,28.051570
165.829718,4.199389,26.362102
178.229075,3.482175,26.155296
191.710144,2.976829,22.935716
207.707847,2.719855,23.676890
221.476254,2.573390,22.759351
234.977511,3.157129,23.125834
244.600788,2.620921,22.382165
250.793554,2.128753,21.161196
253.520278,1.551644,21.049293
254.358716,1.248680,19.685633
66.257214,238.727465,249.506888
75.168970,236.672668,247.327606
86.735647,235.167295,243.183465
95.196246,229.674960,237.568507
94.350094,219.860394,229.511593
87.612462,203.539386,218.334429
70.765706,178.865529,202.421031
57.495083,147.791558,185.804126
38.696068,118.889035,169.409899
29.827083,98.975081,154.749314
23.590504,85.372884,143.058938
17.463351,67.047719,129.325897
11.151446,50.808648,115.047182
8.105556,37.705282,105.253019
6.012491,25.557460,95.194860
3.883470,15.403040,82.811419
3.198835,8.666829,73.244555
4.678737,4.432688,65.299376
8.241739,2.801300,58.571675
14.984224,2.018812,54.052327
23.821532,2.653314,51.235281
33.736166,2.502499,48.343280
48.580739,2.964881,47.244310
61.353831,3.179337,46.461355
79.517544,4.291952,45.724904
98.714024,4.289081,46.461579
112.450690,4.806907,42.344214
126.089386,3.837263,41.650775
138.677912,5.631387,42.041951
150.069164,5.136263,41.906391
165.473822,5.451993,41.157546
179.416661,4.540232,37.763116
192.543312,4.239636,35.266982
208.075111,3.318532,34.691658
223.908373,4.179863,34.023736
234.881322,4.231230,35.993891
244.420425,3.484918,34.597343
250.368432,2.773309,33.055263
253.213205,2.246819,32.494904
254.051375,1.940991,30.648484
68.984973,233.347804,250.274980
73.135741,228.737108,249.967991
86.252751,226.504662,246.200671
89.704431,221.110075,242.749770
89.738056,209.574551,238.204412
84.182170,188.099319,227.210925
72.987725,164.534352,214.949384
54.239127,134.669682,194.912880
36.018986,108.920708,176.952709
26.761614,91.369635,162.557556
19.879000,76.449495,152.605502
14.222817,61.425846,141.655870
7.897022,44.148268,126.448902
6.464324,31.379650,115.390123
3.979603,20.674885,106.073872
2.977784,13.065457,97.455002
3.787423,8.355132,87.581458
6.127290,4.881597,78.927673
9.757011,3.087613,72.240007
19.642280,2.534528,68.675215
29.077034,2.775790,67.274857
40.287225,2.892109,65.363257
55.528596,4.490431,63.706770
70.125231,5.163618,65.209969
85.599659,5.458710,63.063775
100.450886,5.225394,64.346599
116.523237,6.291780,64.146879
131.985558,7.316766,61.976060
142.061614,7.291451,60.594118
153.133110,7.500727,59.412948
165.577079,7.676722,58.153967
179.048768,7.289396,55.545530
192.137071,6.928123,52.561092
208.914676,6.521114,48.585582
224.389093,5.341178,46.846610
236.614220,4.878988,47.867405
244.708693,4.307043,49.911985
250.351838,4.315199,48.538454
253.330497,2.565299,46.071639
253.744283,2.493685,42.725129
62.769847,223.916698,251.699427
69.305594,218.415828,251.268032
74.901337,214.347305,249.821472
79.935443,206.601381,247.640919
83.855919,194.881748,243.328485
79.784990,172.860168,231.993559
68.866462,150.354828,220.285036
50.987644,127.477678,204.031415
33.251931,102.028351,184.177299
23.170255,84.950000,170.320421
17.052765,70.747739,158.170182
12.654397,54.012219,148.485041
5.792052,35.717684,136.056248
4.952797,26.229569,124.772190
3.461471,17.860692,115.877730
3.472322,12.258675,108.347797
4.754854,7.331300,101.716256
7.287524,4.521536,94.493544
13.703776,3.382811,89.619581
23.986858,2.707358,85.614352
33.077019,2.824117,83.001410
46.051237,3.500838,82.019861
59.442096,4.785789,80.190938
74.458360,5.075882,77.688461
90.241221,6.529962,77.795783
105.004746,7.508641,79.180116
120.981049,8.250646,77.197346
133.562488,8.534250,76.572302
144.543371,9.332510,75.366472
155.524889,9.503852,76.270427
167.894540,9.447764,73.900582
178.711159,7.892487,70.065481
191.848038,7.905998,68.606227
210.797745,8.006392,67.902452
226.065183,6.918787,66.921384
238.493993,5.479525,65.783021
246.387395,4.302859,65.280524
250.712550,4.323358,62.757372
252.754984,3.782391,59.760375
253.423582,3.862939,56.570638
54.941352,212.169479,252.022652
62.717214,206.852336,251.485979
70.766109,201.229344,250.663840
74.073778,191.385507,248.200346
78.266295,179.246779,244.992789
73.326033,158.539969,238.585925
65.551052,143.019571,227.861452
50.403735,122.351794,212.676530
31.724705,95.658585,191.448670
20.267276,77.701886,176.649464
14.592513,61.554276,166.871506
8.397679,41.540029,154.870332
5.508275,30.566917,144.951016
3.293118,21.861157,136.831598
3.236224,13.544537,126.963590
3.741168,8.710901,121.029306
5.432900,6.005613,113.449960
9.357178,4.256523,108.921763
17.806991,2.878746,103.437309
27.357352,3.087020,98.280013
39.067843,3.711863,95.119960
52.097922,4.673088,96.165123
66.054390,5.258856,93.588368
80.613442,6.902801,93.987958
95.346970,8.438510,94.160824
109.671227,8.603215,91.952445
124.125838,9.987958,93.067324
136.120584,11.933643,93.204739
146.292232,12.391156,91.793086
158.047989,12.146749,87.450401
166.550174,11.693837,87.485478
178.428512,10.430032,84.469317
195.762540,9.368635,85.723485
211.624592,8.903762,82.037514
229.966982,6.766958,87.245203
240.485715,6.506951,83.837535
247.047701,5.594326,81.642687
251.242350,5.175677,74.906801
252.355883,6.736402,70.600104
253.242460,7.425765,66.117884
49.449003,197.024986,251.587653
54.545123,191.755203,251.148605
61.079157,185.246000,250.338833
64.725737,176.938905,248.987563
67.173269,163.786687,246.338525
66.218240,149.831929,241.650154
57.080797,132.313364,231.348055
45.969995,113.153612,219.350934
30.529435,88.807696,200.867679
17.679907,64.331530,184.128019
10.308245,48.862196,174.905340
7.203994,37.057957,164.145641
4.645119,26.547442,156.432817
2.973334,18.230896,148.803581
3.275091,10.891889,141.006849
3.811419,7.009086,133.355402
6.301354,4.701194,127.887868
12.061044,3.778653,121.712270
20.501989,3.709235,115.668052
31.031264,3.907340,111.494376
44.497605,4.546902,108.355705
56.007029,5.295311,105.998081
72.265241,6.429566,105.696293
84.943342,8.698175,104.639875
98.922759,8.894888,103.853174
114.112585,10.603198,105.631617
126.703466,11.587676,105.568005
137.039423,13.000519,104.602504
146.954828,13.782354,103.400987
158.674000,14.515476,101.663318
169.577284,14.392089,101.681871
182.962947,13.971422,103.347536
201.734908,11.978249,103.839268
219.449252,9.861121,106.601152
232.465534,7.548136,103.068115
242.588890,6.795966,97.648113
247.860576,6.660743,92.886138
250.986907,8.700775,88.698292
251.548630,10.499332,82.952875
252.820223,12.347149,78.902889
37.472332,177.533602,251.756931
40.826908,174.279039,251.699525
46.458299,169.116651,251.044243
51.591480,161.924014,249.104036
55.094286,153.091059,247.051137
56.737483,139.125045,242.403598
51.203692,124.059852,235.210143
37.553832,100.616916,221.363364
23.937826,74.517939,206.510476
14.774908,54.214086,193.352983
9.575216,42.426089,183.967420
5.354012,29.776513,173.597079
3.043617,19.482158,167.565123
2.984708,12.759783,161.296810
3.311826,7.907461,154.388452
4.907293,5.821711,146.821710
8.328705,4.001848,139.601943
14.295111,3.364980,134.201687
23.104539,3.851120,128.745476
35.834809,4.665521,126.740786
47.546822,5.099123,123.094814
63.788902,6.223599,120.423057
75.553209,7.310767,118.292311
87.086120,10.041580,116.226212
104.039777,10.039144,116.943208
117.232358,11.072286,116.791537
130.213276,14.465204,116.750512
140.650147,16.333716,117.537215
150.211166,16.569038,116.838734
161.946414,17.950539,117.771225
174.057645,16.916420,115.758244
188.007695,14.980388,118.777511
207.992483,11.888716,124.696086
224.123098,9.886417,124.954007
234.723986,8.237081,120.179337
242.397091,8.764489,112.359189
247.881955,9.501225,107.408566
250.117476,13.013114,102.088213
251.455020,16.602700,96.791063
252.955390,20.543703,95.495833
25.016195,163.318001,252.519686
27.688054,160.427977,251.658611
34.149944,157.783912,251.323866
39.903076,151.622546,249.517836
46.056438,139.112079,247.174813
46.426664,125.870258,242.386870
37.134095,108.081884,234.621558
29.489739,86.468586,224.746640
20.873195,64.438311,214.334128
13.414503,46.570855,202.799908
6.811389,31.951179,194.276103
3.454904,21.287677,184.716389
2.710090,14.119300,178.615085
2.710323,9.146900,173.733719
3.225848,5.809381,167.423793
5.715664,4.450199,162.848435
10.530095,4.007164,154.665759
17.825426,3.832004,149.883296
27.998641,4.054949,145.610715
39.320185,5.223230,140.919717
53.906247,5.500837,138.676765
67.485488,6.565895,137.464886
78.631704,7.897143,133.083213
91.564428,9.423664,131.135183
107.560874,11.822366,129.851971
120.989271,12.149573,128.037936
133.619713,14.916375,129.014696
142.612163,17.588560,127.890846
153.495613,18.701464,128.529218
166.361736,19.630064,129.862529
182.448247,18.218267,135.111560
196.560655,14.930161,135.450851
212.439790,12.160437,136.479794
227.261201,10.217194,138.231898
236.580698,8.207729,131.969229
244.253931,9.749418,130.357343
248.049817,15.477310,123.473510
249.815847,22.356920,116.379581
251.048843,27.643793,114.833101
252.215302,32.109784,112.452530
17.304467,151.966714,252.822631
19.839360,150.947655,252.170055
22.864317,147.461154,251.457150
29.796330,136.796550,249.646826
33.850449,126.390915,248.063885
32.680770,110.923700,243.437595
29.466198,94.240976,238.316637
19.698830,70.301154,226.679853
14.882864,49.946881,219.505471
8.326207,35.344528,209.619584
5.461173,26.609235,203.811156
2.570943,16.136505,196.155820
2.626305,10.137619,188.032713
2.643277,6.985082,181.846596
4.499210,3.610480,177.887990
7.043481,3.405481,173.977527
11.266990,3.066424,168.206166
19.802858,3.583060,160.188341
32.117527,3.942951,157.572643
45.209441,5.745973,154.607354
59.425939,5.871943,153.045859
72.622447,6.977430,152.728708
82.347079,7.882458,153.119638
94.735572,8.928978,146.231360
110.932425,12.862340,143.807151
125.422912,14.154409,143.672457
136.847762,16.733108,144.148278
146.976938,18.783963,144.904083
158.840869,20.279980,146.219030
175.595810,19.597467,149.270242
187.429399,19.557473,149.383311
200.442385,16.391008,148.470532
216.792745,12.357781,148.799539
230.631847,10.420012,147.645947
239.131134,11.268702,146.577966
244.994224,16.987808,143.115380
247.842635,22.681516,138.035605
249.604247,29.283413,133.601112
250.854988,33.781185,126.922400
251.716347,37.981319,125.418765
12.118040,138.604123,253.146336
14.167758,135.742255,252.536052
16.089692,128.869605,251.909910
20.155118,123.060308,250.825973
24.175941,111.459926,248.915924
21.020266,92.713411,244.969515
19.778430,76.579191,240.677090
15.781776,56.600956,232.088711
10.554387,40.013543,223.392340
7.342588,29.789304,216.570069
4.360816,18.990259,209.719056
2.719015,12.479510,204.125901
2.415081,8.352709,197.418350
3.348329,4.287706,193.003634
4.990767,2.714758,187.495014
8.503736,2.364465,183.266420
13.663164,3.022096,179.984761
23.842520,3.689299,176.507349
39.003801,4.700800,174.208412
50.849827,4.487985,171.768812
66.307334,6.418531,170.360242
77.928908,6.565241,169.342971
85.633293,7.431541,164.486116
96.485964,9.695250,162.253779
114.273663,11.943596,159.750819
130.083555,13.377066,156.776013
140.923307,17.101855,156.396327
152.576693,17.554308,160.177960
164.949180,20.769907,163.072743
180.401873,20.077452,165.928015
191.109305,18.898311,165.879330
206.467346,13.661884,166.366814
219.030883,11.980898,164.535058
233.270835,10.971388,158.818238
241.570382,14.941438,158.576050
245.496226,21.567273,155.922595
246.845359,29.064567,150.989603
249.062005,36.503850,146.765711
249.272910,45.917894,143.019641
249.975982,50.517082,139.795135
7.917506,126.064431,253.354515
8.730608,121.105293,253.133357
11.072981,117.229342,252.378795
12.253086,110.048527,252.071357
16.300171,95.904838,249.752735
16.568711,75.055575,246.461474
16.362536,60.180987,245.008120
9.702118,38.177414,239.381109
7.834643,28.881557,232.056731
4.725898,19.639270,227.033022
2.320894,12.228841,219.956273
1.562101,8.024606,214.782653
2.318952,4.811610,208.866778
3.958152,3.224312,203.305222
7.073344,2.451427,198.736060
12.010921,2.056769,196.603186
19.403896,2.398333,193.685247
31.144678,3.709716,192.788180
46.600711,5.101417,192.231943
56.987821,5.558240,190.067171
70.928983,6.500814,188.474087
82.863428,7.264933,186.065272
91.366646,8.108412,183.761553
103.505891,9.345651,184.583643
116.519808,10.340817,180.600621
134.689726,12.725098,178.261357
147.230198,16.953747,176.139773
157.211906,18.472675,175.226463
172.637545,17.664519,178.284320
185.257551,18.046946,178.632206
199.937649,16.756673,182.273491
212.168812,12.415375,184.031382
225.387396,11.528833,186.063815
235.797574,14.479496,181.025535
242.193053,19.413726,175.375156
244.690907,28.351585,167.310789
246.404064,36.051787,166.540552
247.102960,46.935699,162.249767
247.643389,54.381434,160.624871
247.585793,63.441615,158.986806
5.720553,116.445012,253.588392
6.348902,112.878889,253.096459
6.163084,105.110702,252.827043
6.637974,93.824959,252.478844
8.172869,76.189962,251.588839
8.572727,53.685750,248.369238
7.848711,42.355849,247.263256
5.580397,24.907526,245.301927
4.447123,17.323154,241.189475
2.788370,12.052573,236.276206
1.178016,6.963541,231.468825
0.920140,3.831599,224.317981
1.718266,2.401854,219.556191
4.290407,1.715956,214.035783
9.557448,1.712700,207.869944
15.770040,2.105953,207.499253
25.767721,3.608255,207.952456
37.140051,4.260654,207.997209
54.073438,5.798663,207.267238
66.215683,6.615623,208.164757
77.441915,7.064895,207.567088
86.105557,7.633314,205.167700
97.217281,8.379998,203.622716
106.763918,8.945531,201.691468
119.746338,10.833709,199.201330
136.236790,14.893505,196.351558
148.752626,15.953005,194.520310
161.616574,16.663454,193.799229
180.075120,17.350831,193.506763
196.344389,14.427669,197.781764
210.820557,12.590987,201.449936
222.829883,11.170171,204.580971
233.060262,10.850006,205.419908
240.387655,15.650118,200.025379
243.854926,23.982331,193.771033
244.826300,36.551485,188.524591
245.129744,47.356206,183.068479
245.983310,64.374871,183.083379
245.311790,76.616036,182.705651
245.571150,84.974831,180.322976
3.465252,102.497258,253.761006
3.585072,100.982818,253.327138
3.737190,91.593999,253.092023
5.300361,78.943376,252.822730
5.896722,59.694999,252.633310
5.903459,41.759603,251.773014
4.904777,25.818611,251.434628
4.098435,17.828431,249.761461
2.210850,9.228570,247.315710
1.338034,5.520453,243.922588
0.748480,2.956363,241.206312
0.596604,1.626285,236.203398
1.857422,1.095452,230.504460
5.441926,0.930985,223.947021
12.206991,1.557604,222.135595
21.137620,2.007673,217.601930
31.303535,2.647050,219.631384
45.011775,4.687494,219.164832
62.526560,6.665106,221.727851
72.373981,7.397600,222.639583
81.566975,6.612718,222.486997
90.948336,7.478813,221.684609
100.465115,8.475695,220.373523
110.827679,9.105871,216.820609
125.203278,10.796323,217.731468
139.187294,11.943008,216.051181
153.440910,13.280090,214.807666
169.739682,15.154473,211.595703
188.423461,13.861825,214.685677
204.552199,13.221759,216.636625
220.188142,9.751000,218.679736
230.239325,9.861463,220.845639
237.262737,10.858137,219.322809
240.764984,18.854635,215.746966
243.826825,26.467519,210.819042
243.639315,44.934568,203.391667
243.396161,66.086128,202.264325
242.251319,83.483319,200.522083
240.937571,93.295112,198.753272
242.023910,100.747215,195.399167
3.073490,91.945304,253.599914
2.471027,85.888818,253.574255
2.522755,76.047308,253.323362
2.532976,61.784173,253.180250
3.317449,45.458595,253.328133
2.415821,27.835879,253.513771
2.155408,16.727819,253.130435
1.639953,9.695826,252.789360
1.351756,5.251966,251.367569
0.690945,2.214802,249.792738
0.601111,1.343421,247.090322
0.961091,0.624280,244.459728
3.100098,0.624670,241.031606
8.922958,1.024648,237.984217
17.203330,1.363523,234.704569
26.892757,1.672434,233.702639
37.754321,3.329299,231.769974
55.844097,5.137669,233.249332
66.200484,6.130482,232.573138
76.557969,6.275752,233.392136
84.999396,6.533898,232.409841
93.551819,7.981344,232.852092
102.649110,9.336058,232.023165
113.547363,11.000588,233.947178
128.860288,11.208407,232.893457
141.050674,11.356330,232.042438
158.167873,11.261698,231.181346
176.841797,9.651096,232.903290
193.587132,10.602110,233.565466
209.862662,9.441805,231.768318
225.046549,9.721219,232.730306
234.541213,10.398109,231.889379
238.026200,13.154659,230.426873
241.825930,22.897239,229.445843
242.323551,35.800935,225.517508
242.256976,58.393808,221.742024
240.608487,79.187005,216.713275
237.948323,97.146887,215.293635
237.687738,107.753315,211.976949
238.871808,113.483299,208.422288
3.025253,80.648204,253.574361
2.178544,73.698018,253.540679
1.645849,63.257163,253.617876
1.695910,51.073182,253.671782
1.474434,36.733746,253.881733
1.432759,23.412473,254.070322
1.220355,12.143093,254.203839
0.902891,6.341400,254.124079
0.511466,2.682268,253.570145
0.463770,1.174979,252.727704
0.397274,0.479280,251.573512
1.408011,0.416099,249.938521
4.578343,0.423533,247.598435
10.576879,0.751271,245.321699
20.789677,1.067040,243.994941
30.552475,2.445660,243.098002
45.039327,3.730974,241.966420
59.553112,5.040830,242.068794
69.780318,5.912075,241.961892
79.593504,6.442267,241.928526
87.050913,8.279778,241.885143
97.144008,9.739924,240.684256
106.214550,10.040705,240.948000
118.614948,11.270297,241.527958
130.661746,11.659223,241.436171
144.272668,11.024105,241.860637
161.639289,10.891525,241.969651
177.450046,10.105236,242.627566
196.370765,10.024488,242.054772
213.460893,8.682970,241.839437
226.846417,9.020274,242.793146
234.986888,10.632046,241.541242
239.441221,16.119965,240.488685
241.246756,26.481290,239.154491
241.796654,42.805743,237.138426
238.507077,68.799810,234.806251
236.306649,89.600288,229.828930
235.299725,105.823668,226.501615
234.461822,120.877046,224.918642
235.558906,125.748307,222.639974
3.081509,72.610663,253.247867
1.931178,65.382290,253.547267
1.498318,56.814244,253.769809
1.060494,45.993694,254.011955
1.023820,29.782985,254.250706
0.974327,18.257300,254.379552
0.750870,9.734683,254.485889
0.506941,4.312991,254.667602
0.259116,1.662155,254.564995
0.153379,0.392471,254.202360
0.309039,0.249190,253.531149
1.709931,0.232194,252.561975
5.412075,0.397725,251.200749
11.978719,0.792756,249.942610
22.333555,1.247904,248.819824
34.596438,2.697583,248.148336
48.209726,3.789764,247.829350
61.208674,5.292716,247.145778
72.036669,6.088787,247.515776
80.137435,7.111641,247.181220
89.271849,8.154591,246.804024
97.915325,9.192400,246.762336
109.069073,11.185131,246.892032
121.166603,11.920849,247.927763
131.379858,12.111588,247.472495
147.277960,10.760377,247.880791
163.530526,10.497681,248.279087
177.409339,10.526998,248.677475
194.298306,9.496130,247.354237
211.818900,9.392711,248.575560
225.601940,8.986409,247.720021
236.571430,10.570622,248.521617
239.760154,20.213720,246.372223
239.936103,30.752295,245.552557
239.573943,51.789504,244.079562
237.341345,73.497860,242.641411
234.346031,95.630087,239.684334
232.578994,116.133606,237.035516
233.566606,129.394042,234.027702
234.767114,137.854956,232.268098
3.158006,67.204717,253.782594
2.146899,59.925862,253.828461
1.557369,51.844269,254.010886
0.912287,40.545257,254.108923
0.427701,25.410305,254.290519
0.429712,15.708168,254.397295
0.320835,7.610965,254.653753
0.200024,3.360337,254.779285
0.089026,0.978184,254.770471
0.079358,0.158257,254.837260
0.372775,0.229797,254.559199
1.969065,0.218597,254.014024
5.772735,0.405669,253.365874
12.740943,0.844011,252.949965
24.510104,1.241797,252.673574
36.517111,2.760755,251.502892
49.661368,3.797244,251.131281
61.921890,4.899853,250.929249
72.551756,6.257144,250.546276
81.193167,6.838956,250.364293
89.832801,8.703641,249.860027
99.052534,9.468530,250.218088
109.976203,11.714777,249.813176
121.677601,12.058047,250.328961
132.585220,12.346391,250.815359
150.023883,11.200959,251.238678
163.611384,11.475102,251.484494
176.981471,10.262805,251.193244
193.190695,9.773942,251.256252
209.709038,9.799642,251.003790
222.760972,11.053700,250.849594
231.015832,14.580697,250.547775
237.408109,22.687533,248.803370
238.180806,34.329582,248.651129
237.541463,54.998282,248.428209
235.546210,81.626268,247.066585
233.707521,98.825220,245.325885
231.345737,117.956552,243.452210
232.985600,135.414887,241.092209
234.316365,150.494347,240.339215
