1600
3
216.605368,237.595774,30.726421
208.046594,239.031869,31.253563
195.878392,239.752021,30.324016
186.973172,238.649756,26.742190
173.531397,238.560521,21.305916
158.124623,240.278572,20.758645
143.010440,241.532722,17.950159
128.714671,243.552711,16.010423
112.124605,243.849459,13.917745
88.615730,245.189091,11.109064
70.399207,245.274311,10.343245
53.524927,245.254546,10.365843
39.634287,246.068845,8.896585
30.314265,247.685763,7.428936
21.269760,247.641263,5.964014
14.689950,248.710824,4.450870
9.457484,249.555254,3.866020
5.322353,250.707616,4.310984
4.470350,249.698632,7.952140
4.580721,250.710200,12.627136
5.631059,250.422582,18.041517
5.421149,250.077499,27.033022
5.747175,249.766894,34.925600
7.697815,249.257379,47.566623
8.714912,249.042465,56.893633
10.982091,248.598995,66.133712
13.047259,248.317698,79.318912
14.172607,248.342200,90.482327
20.264197,248.146271,103.967310
22.172397,247.314942,121.816941
24.808618,246.997535,133.491829
27.523758,247.273946,148.302514
29.519455,247.103802,158.270455
37.896328,247.119122,167.527660
43.949135,247.498766,176.338097
47.805308,247.709023,185.830477
54.824964,246.309373,199.297606
61.298449,245.928250,209.017366
63.259043,245.548721,215.480246
64.148519,245.223807,218.387473
220.015742,231.144029,34.629637
211.545275,232.045893,35.684817
197.489678,235.373973,32.493549
187.619224,234.786493,26.989469
175.058904,235.941706,22.245782
159.202052,237.805434,19.914892
147.166406,239.293626,19.332267
129.710794,240.850647,16.653587
107.285455,240.895659,13.379251
88.245601,242.541427,11.301459
68.948313,242.509158,9.914845
53.043700,242.268692,9.844014
40.291864,243.821030,8.327023
29.202704,244.543194,6.894251
20.830718,244.334687,5.789634
14.657151,246.107256,4.329186
9.146970,247.164158,3.973965
6.325515,248.139806,5.297150
4.716074,248.549724,7.891672
4.606777,249.290929,13.072128
5.370078,248.368266,18.521473
5.430923,249.310532,26.739836
6.074605,248.830416,35.929328
8.164921,248.431780,48.460755
9.177185,248.303714,56.756244
10.644325,248.474464,66.927097
12.759594,248.058702,79.824617
13.566677,247.676128,90.482206
19.271600,246.601116,105.849658
21.043839,247.379703,123.869490
22.964976,246.785841,136.637418
26.932478,246.787726,149.850339
30.415255,246.362917,158.495730
36.744903,246.099340,164.535821
43.265165,246.614032,177.440087
49.111679,245.104036,187.769005
54.967542,244.294986,201.667882
65.383865,243.804785,211.410203
68.725965,242.940685,216.998973
73.244515,242.495179,222.668430
220.935129,221.795623,33.043252
215.243244,222.891635,32.823457
202.649833,225.920271,30.590973
188.981084,229.026525,24.474832
177.801117,231.010485,21.739794
161.380089,233.179502,21.020054
146.753272,234.096284,19.815406
127.623214,236.971983,15.493803
107.874602,237.049785,12.529766
88.171073,238.347278,10.431823
71.406298,238.599998,9.792228
50.295547,237.772934,9.496233
38.187096,239.725887,7.436438
27.069487,240.119015,5.770002
20.893084,240.054401,5.407153
14.207695,241.311324,4.116570
9.653268,242.691015,3.844735
7.016371,244.131687,5.252678
5.290089,245.197435,7.609517
5.384640,246.361387,13.517126
5.920381,246.490651,19.030334
5.539606,246.217057,27.467244
6.404972,247.068025,38.251386
8.638748,246.961400,48.023925
9.055760,246.020212,58.882072
11.484562,245.459759,69.508456
12.733424,244.983256,80.893263
13.164709,244.146359,93.461809
20.472833,244.087101,108.677326
21.490053,243.790655,125.838314
22.966970,244.575330,139.610387
27.480149,244.723957,150.273034
29.326588,244.110513,157.637801
38.296054,244.835113,167.997710
44.069233,245.404416,179.674257
47.190645,244.252601,189.595946
59.656585,241.868473,203.516223
64.653429,242.274683,210.665487
68.774878,242.514134,216.427768
68.315158,242.184081,221.962523
219.825703,214.666424,33.643388
216.517928,214.864025,31.929600
205.956404,216.895879,28.472176
189.223532,220.263194,23.551277
178.993573,224.420096,23.693006
162.143809,226.425090,20.498039
147.807569,229.056998,19.568045
126.861361,231.459932,14.576174
108.300328,230.797705,11.676584
88.391668,232.800873,9.510941
63.517041,230.916106,9.014597
49.710456,231.017786,8.815450
38.690626,231.238777,6.554197
27.240129,233.093304,4.520325
20.082318,235.874275,4.801338
14.190641,236.054259,3.850614
10.891561,236.093743,4.382737
7.127313,237.672312,5.489199
6.560558,238.112068,8.208482
5.994818,239.784096,13.128157
5.893876,241.631644,19.390535
6.596489,243.384094,27.909366
6.838724,242.793993,40.068518
8.583974,242.906527,47.810288
9.577087,242.542604,58.950215
10.909461,242.042713,69.680783
12.795248,241.067920,83.836687
13.741132,241.367005,93.841057
21.644815,241.221934,110.842061
21.795422,240.464736,129.164529
23.696327,242.230076,142.254758
27.649707,242.616057,151.659854
29.796777,241.436069,159.454907
36.154486,242.615489,168.690663
44.352997,243.467418,179.817168
52.226161,240.628735,196.795492
56.767626,239.177811,204.871586
61.513050,238.519426,214.567811
64.888729,238.982123,219.321601
63.750376,239.911171,224.562652
219.795615,205.431869,29.406503
215.494179,205.537647,29.269405
206.403494,207.145725,29.427414
193.835837,210.523520,26.542822
177.406576,214.319444,23.016942
163.269539,218.133628,22.273971
146.821450,219.933637,19.742370
126.031394,221.407373,13.105085
105.223316,222.762749,10.194276
81.187185,222.420962,8.159522
63.433089,220.596055,7.586664
48.695061,222.826478,7.070078
39.287777,225.399887,5.495089
27.787742,226.801931,4.775679
19.258618,228.564392,4.204303
13.407333,230.401275,3.806900
9.820011,230.409476,4.613372
7.850994,230.866402,6.031972
6.318916,231.657582,7.976369
5.453547,232.289023,12.609034
5.632378,234.917192,19.623649
7.167613,235.734777,29.858388
8.101599,237.314816,41.437778
8.764496,235.912513,50.551453
10.061212,235.239386,61.997958
11.411631,234.657247,71.907133
12.394145,234.365291,84.927687
14.576535,235.361255,94.284202
24.098840,234.927719,116.161715
24.174878,234.986842,131.687835
25.360810,236.424363,142.218851
28.755981,239.947518,153.736626
32.674255,238.255825,160.941416
36.560870,240.422346,169.608824
41.485667,239.078022,183.695569
52.316803,237.593077,202.177051
53.320162,237.484060,207.752015
57.510045,236.578681,217.286454
59.771452,236.696754,224.051534
59.469645,236.284000,226.216609
218.315210,198.217259,29.521776
213.930987,198.150165,28.408044
206.974905,199.493623,27.579247
192.172159,202.011966,25.228849
179.240210,204.634165,23.562934
164.272292,206.677353,22.696409
143.679254,211.095847,17.866263
122.014681,211.153840,12.605717
101.520163,211.758659,10.340722
77.884385,210.107507,7.703526
58.437760,212.208082,6.878415
48.842180,214.773505,5.823910
38.162399,215.043093,4.909755
26.231220,216.205410,3.909486
17.187461,216.378262,2.638688
12.582179,218.482274,3.725314
9.032855,222.279470,4.966095
8.269325,224.117323,6.356467
6.455951,224.461312,9.627642
6.000154,226.057497,12.572748
6.593193,224.720775,20.653048
7.879581,225.752724,31.161605
8.820303,229.810633,41.855290
10.322366,227.607262,54.223139
11.167804,226.631567,62.108449
13.543039,226.259487,75.455189
14.766988,226.612549,86.426220
18.121882,225.991156,98.361709
25.854985,228.644987,117.743499
27.923109,230.294445,130.326037
29.731092,230.225940,143.776425
29.328282,232.490768,153.871464
32.194330,233.796841,162.873758
33.022474,234.224470,168.117238
42.032268,232.461998,188.874283
52.849019,233.951850,203.300958
50.366204,234.737374,214.478531
52.402797,235.128327,218.645592
54.101777,234.098257,224.884658
54.865074,233.587340,230.016279
216.425250,190.558375,26.683134
211.649237,190.236033,25.891347
202.495131,191.117307,25.230104
191.857761,190.977479,24.204832
177.001134,194.563497,22.549012
162.622941,196.313246,19.937124
140.340124,201.190082,17.335623
120.693924,202.232345,12.123930
92.493806,202.638387,8.433731
77.091286,201.634348,6.225644
59.411279,203.275209,6.204251
45.646823,203.376543,4.656576
33.980595,202.700566,4.072432
23.456077,200.998110,2.383025
17.529596,203.775628,2.839760
12.331694,206.876388,4.117128
9.695862,206.094338,5.206378
8.171899,208.424380,7.882012
7.648038,210.038739,10.098119
7.209789,212.799697,13.780904
6.666915,216.109866,21.264062
8.585338,215.270028,34.064679
10.309308,216.545831,44.429406
12.182164,220.545011,54.801282
13.594783,218.414766,65.622838
14.631775,219.395523,76.548681
15.631702,219.744058,87.706979
18.222753,217.331026,102.785238
25.787919,218.370263,119.673083
30.623431,219.146632,130.755099
30.118599,222.959413,142.478210
30.035755,226.107172,158.817611
31.043639,227.620116,161.738906
35.830685,227.943103,177.977507
40.955629,225.764517,192.680957
47.405416,227.889301,203.921399
47.953552,229.074298,215.215729
50.505853,231.121058,222.632057
50.427740,231.049044,228.203474
50.909928,231.344164,231.469341
213.327994,180.408252,25.690667
207.524565,181.425798,24.813510
199.716340,181.726256,23.358896
188.416088,184.219823,22.854619
173.925822,187.989850,20.768298
160.180696,186.754329,19.220278
138.012476,189.434729,16.320731
114.662889,189.386484,11.738235
87.878229,190.667068,6.490316
72.625986,193.091474,6.073491
55.504415,191.402227,5.130313
40.743513,190.057125,2.735048
29.978985,191.529093,2.159158
22.245532,190.844775,2.950958
18.063609,192.581575,3.103103
12.510023,194.301608,4.288969
9.757159,194.866992,6.466784
9.261144,195.684300,8.608853
8.642942,196.065868,11.595277
7.674912,198.113921,16.090565
8.349172,202.092027,22.390640
9.424147,203.889397,34.514017
10.721635,204.897313,43.193044
13.585000,208.161750,60.586096
15.482079,206.729762,68.235406
15.456498,207.872285,76.010938
18.141827,208.578988,92.065560
21.429341,206.281938,105.894190
22.731642,208.011841,118.690637
27.905744,211.146688,131.934553
31.562560,215.295919,145.109615
31.967298,219.520765,158.019114
31.045522,220.458319,165.238548
35.017476,220.186905,183.638468
40.165688,220.341274,195.147995
43.895690,221.430623,206.965440
46.220899,224.261147,216.840759
47.089848,224.839339,224.876696
46.716816,226.203257,230.571877
43.822241,227.709959,234.496480
209.351675,173.991916,26.362763
202.609975,175.090377,25.254928
195.751875,176.051522,24.722084
181.403105,175.640013,24.969704
167.507557,177.048989,18.780592
156.151113,178.237736,16.856588
133.363245,180.775283,14.888054
109.401210,177.557003,10.244953
87.769582,178.839728,6.319087
68.623989,178.380454,5.261241
50.675365,180.422800,2.822485
37.804367,180.426249,3.091450
30.337471,180.947738,2.471495
21.772806,179.447451,3.152657
17.509800,180.257107,3.759457
12.039547,181.240910,4.949284
9.424401,184.043112,7.179973
9.979357,183.731348,10.057979
9.676545,187.208945,12.163936
9.841238,185.995356,17.010845
10.087934,187.516447,24.430650
10.334500,192.701050,33.474750
12.837699,194.353835,47.238833
14.800209,193.622459,60.293127
15.313609,200.214270,69.693775
18.005476,199.335867,81.267180
20.431374,197.106849,93.945838
25.336099,196.805864,108.117712
24.695553,201.065656,121.206094
27.673054,202.963799,132.938254
31.013624,206.024481,144.973635
32.072843,209.376467,158.098608
32.085218,211.824307,176.253937
35.637702,210.024970,187.619709
40.215219,213.029436,197.215018
44.377035,213.117699,209.839469
45.974042,215.480689,219.299635
49.590654,216.062172,228.325102
46.357752,219.249771,232.422497
46.552659,220.395686,235.866260
199.375711,166.181752,25.764105
193.029699,165.365000,25.641607
184.058577,165.489973,23.898427
174.115337,165.155918,22.364193
161.666122,163.989702,19.251824
150.363733,167.020963,16.578747
122.061848,167.677141,12.996699
104.059659,165.953465,11.248430
84.331533,165.018519,8.122571
64.146979,166.359855,4.880659
47.544347,165.840530,2.757852
34.213544,165.634184,2.830227
26.007245,165.005886,3.377884
20.413011,165.145190,3.785127
15.772218,165.641108,4.761430
12.196969,167.702996,5.472952
9.733483,171.164386,8.089706
9.700034,171.423485,11.903988
10.966184,172.078529,14.978339
9.679261,174.972930,19.178991
10.710841,175.095456,27.533559
11.701817,175.261845,35.428088
14.206534,177.755445,45.959777
15.149599,181.198295,59.764809
17.180595,185.914346,72.449047
19.872408,184.169369,86.136532
22.241104,181.787542,98.159991
24.769630,185.278861,108.015092
28.154798,189.607623,121.636734
26.979120,193.907491,137.324479
29.918037,197.439883,149.851228
34.089064,195.006957,167.621815
33.236461,199.463146,178.829690
34.652688,202.079209,188.956326
38.214325,204.599663,199.998834
43.861068,206.018744,211.369671
45.374245,209.383279,222.019055
48.943014,209.928609,228.933114
48.251920,210.629883,233.463746
45.873360,212.548381,235.692747
186.801845,158.609924,22.158150
180.524677,156.487705,21.764333
175.501885,157.795166,20.910096
166.423160,158.520956,20.958211
154.722121,156.076695,19.030219
138.806098,154.658781,15.752547
118.031538,155.413143,12.989531
99.897290,154.557231,10.689818
72.831696,148.509036,5.968199
60.119558,147.317248,4.139776
50.146819,146.302536,3.624302
32.432663,147.135176,3.629832
24.846149,152.124200,4.217950
19.565487,154.750590,4.218613
15.775748,157.588240,5.066370
11.403738,154.740063,6.739020
11.730984,157.008824,9.676311
10.150248,160.590985,12.757864
11.369041,159.920402,16.299547
10.163850,163.334744,22.085429
10.610631,165.270434,30.087651
13.323904,162.971618,37.818425
15.745214,162.534800,48.856167
18.317607,160.963285,61.276995
20.957380,162.767870,73.231635
22.175315,166.940186,87.712964
24.965252,171.324031,100.211008
26.294904,174.669826,108.883256
26.655125,176.800718,122.801858
29.096327,181.440010,138.016645
30.246812,182.847730,156.857391
32.557904,188.119867,168.295661
34.126302,190.482666,182.681784
38.115443,193.735211,192.184671
43.715588,194.354233,203.196068
45.543574,198.378241,216.573224
45.529521,198.100425,222.741328
41.963270,201.916550,228.495383
44.128980,202.962786,233.301388
43.058035,202.885527,235.698352
179.204679,150.789508,20.724643
174.392772,150.452970,20.329418
169.659454,149.361155,20.126931
159.773855,148.420207,18.985511
142.290307,145.672499,19.046321
128.945308,143.997169,15.017636
110.437238,139.426958,12.540037
84.733691,133.764776,9.221882
68.107831,133.545529,5.692657
53.793464,130.608885,3.584994
43.778205,126.760125,3.776644
29.830329,125.989182,4.532736
23.549080,134.006142,4.415546
20.449197,139.370708,5.045893
14.642197,139.962200,6.649688
11.494987,140.712998,7.704298
11.376470,145.712970,10.730199
10.903901,146.724593,14.535453
11.289302,148.048279,19.017337
10.027722,144.604512,24.246178
12.596199,147.941213,34.429538
14.545269,145.080996,44.217899
17.379897,146.275088,53.994070
19.227146,144.623474,63.190806
21.001914,147.036793,72.478166
23.757190,151.412454,86.161081
27.294806,154.547844,97.737964
29.000549,160.256456,111.730785
28.401559,163.882688,129.137672
28.133181,165.494259,142.043429
30.990084,173.385829,160.020244
29.905886,175.972715,171.505709
35.242401,178.481669,182.166981
39.755932,184.434267,193.543598
44.767231,184.850520,203.840331
44.284318,187.529551,217.462807
46.021476,190.691863,223.492707
47.266822,191.254087,228.850622
47.208136,192.561013,233.110584
47.208964,195.279393,236.031827
172.160312,143.305025,16.919316
166.339521,144.814903,18.463614
159.852941,141.457226,17.928105
148.934559,139.341075,17.007260
131.603451,135.838837,14.592324
115.367964,128.143084,12.615692
99.563600,125.502773,10.338378
76.166185,117.549901,8.320044
58.438957,113.739614,3.495683
46.499720,113.518539,3.474525
40.580053,112.922812,2.938775
29.573749,113.332925,4.399731
24.901219,116.258902,5.523459
19.190849,116.760958,6.881570
13.485441,118.660892,8.004553
11.689821,120.985072,9.348545
11.753643,126.053779,13.480059
11.109155,125.727722,17.763573
10.299210,127.853541,22.937838
11.096874,126.622280,27.715504
14.703475,122.386163,37.764828
16.395039,127.689974,48.614923
17.381633,130.174858,56.021284
20.658489,131.785306,66.801250
22.199055,129.041807,76.038616
25.643991,129.659272,86.997568
29.050478,133.023151,103.693617
29.926054,137.503070,114.271858
33.115571,145.513749,125.778127
30.916933,154.230966,143.783993
29.420968,159.740767,160.645111
27.678624,165.058045,171.083409
31.258735,171.636259,181.507901
40.666743,174.589085,195.041827
43.756167,179.139677,207.395789
43.260979,180.311332,216.379504
47.911977,181.223226,226.679020
48.772319,181.630963,231.064102
48.641854,183.947782,234.892046
48.646801,185.076807,238.385939
162.298935,137.223584,16.703432
154.995438,132.059422,16.231134
145.338625,129.867200,15.505902
132.972273,126.216862,13.123800
118.021837,119.181832,12.379486
108.171616,117.921271,10.911728
83.371887,107.192286,9.958722
71.738862,104.689015,7.986939
54.332818,102.658370,4.216083
43.706584,98.159208,3.134485
35.546953,101.124932,2.803461
28.066062,100.203568,4.293129
21.288203,98.616960,6.346526
17.225138,99.137689,7.239362
13.088236,99.552564,8.463855
12.023370,101.320325,10.531576
11.480167,106.325612,15.717260
12.058048,108.722055,19.900741
11.456254,107.828468,25.155862
12.417251,111.703798,32.242883
14.398667,110.445745,40.474401
16.954973,114.503528,50.907169
18.526205,115.791312,57.500174
21.652099,109.975074,71.681079
23.456667,114.048880,79.897245
28.111444,114.387593,91.311284
28.779591,115.903549,105.285936
29.980328,121.019842,115.490349
30.266083,128.173374,130.694781
33.603140,135.829797,145.536889
32.274093,144.107050,159.559494
29.841436,153.361899,170.950533
32.981318,155.221553,182.603452
37.250295,160.942118,198.703102
36.057531,162.056341,208.216031
40.578999,165.366579,216.743269
45.284798,169.844004,225.602121
49.521514,174.697000,231.515050
53.119632,175.908148,236.305349
51.503225,177.240409,239.128517
148.779077,126.666844,14.964479
140.717680,123.728584,14.861672
134.355236,120.518049,12.891709
121.642755,113.441392,13.416519
107.277252,109.733436,11.684196
90.483667,98.043331,9.906038
76.843159,93.640369,8.124217
63.577184,92.070163,7.622597
53.355894,88.749180,4.397595
41.060422,91.357340,3.775264
34.862050,88.559672,3.181825
26.443682,87.253825,4.971189
20.103048,84.674760,6.915009
14.887187,85.312238,8.286565
12.351616,86.349160,10.049746
10.888179,87.052378,12.252852
10.512818,90.322543,14.821828
11.468595,91.343135,21.550701
12.214283,92.670139,28.597490
11.940791,93.398777,34.838767
13.908851,95.573070,44.312606
14.414952,98.811918,51.905827
18.226923,99.271346,64.604233
19.648444,98.496690,72.413456
23.124153,100.238520,82.254317
28.077914,102.932687,95.850395
28.622678,107.511181,105.284228
28.445309,110.740474,117.112063
31.323889,109.516358,129.121367
32.133496,122.662035,148.240851
32.457835,132.415506,159.280018
31.996254,132.633813,169.679255
33.812811,142.252195,182.879113
39.087786,151.263372,195.898172
37.798457,155.077564,208.215111
36.806461,160.241587,216.546121
39.516112,161.785085,224.462335
44.215127,164.968287,229.885309
44.706675,165.219568,235.168784
45.864819,166.528886,237.894584
135.672487,114.846782,12.386579
129.831613,111.052699,12.101936
122.472259,107.881365,11.359837
113.324539,103.487945,11.123073
94.885076,94.926436,11.004910
81.083595,86.962047,9.702338
71.866257,82.809987,7.875609
56.814454,78.681589,4.858137
50.260427,75.718654,4.718103
38.411533,74.390910,4.434293
29.343750,75.144756,4.036820
24.663737,74.163021,6.289079
18.436290,72.083414,8.411543
13.696239,73.743938,9.026359
13.117839,72.707929,11.183930
11.526833,72.655802,13.375131
10.811615,72.728172,18.640480
11.463626,76.312020,23.377280
12.187496,77.334301,30.822763
12.771270,81.040921,37.905816
14.217413,83.915698,44.988164
14.777045,83.112581,54.835243
18.564649,84.656504,67.824395
20.153422,87.222536,75.204950
22.741395,89.701477,84.618280
25.918613,94.674394,98.603346
25.142356,94.720992,105.039846
28.275287,100.614691,122.676706
30.475001,104.065063,130.186708
31.515048,107.474741,142.961279
36.138406,118.398251,162.080231
34.783496,123.893057,170.059363
35.279275,129.809666,178.861731
36.681450,138.170556,193.967740
39.215308,145.861362,206.942128
36.154355,148.063733,217.215684
40.168892,150.562196,225.282983
40.804457,151.242259,229.197663
42.315031,156.900241,235.785745
41.740669,159.384340,239.112728
123.601491,104.297803,11.521435
119.317951,100.954888,11.337173
107.211828,94.323933,11.067826
99.299616,90.664606,10.458996
90.119564,82.655720,8.754279
75.606887,78.862474,7.909189
66.708850,71.581819,5.269291
56.251101,65.603718,5.432207
49.839178,65.333071,5.092484
36.735299,61.796536,4.506891
28.500456,59.397436,5.032641
23.581727,57.276115,7.160345
17.918652,58.035998,8.787711
13.397143,58.805959,10.481850
12.423430,60.259668,12.065349
12.102829,60.464583,15.955012
11.822695,61.170724,20.414814
11.077000,61.434180,25.307623
13.432757,64.641138,31.136800
12.901070,67.226166,38.496798
13.570468,69.306601,46.466720
16.476926,70.254324,57.457351
18.963754,74.269717,69.196850
19.792908,74.850528,78.765635
21.828565,75.662696,87.912050
25.418592,81.279390,101.223490
28.028869,82.601306,110.589026
29.364493,89.686137,123.421196
31.495250,94.467414,133.284551
31.037534,99.476379,144.883313
34.541835,110.327689,161.955835
35.344876,115.510204,167.312203
34.111327,122.638898,179.449656
32.570357,125.384763,192.352246
39.442296,133.980176,207.459723
38.643388,138.286215,216.986158
39.015210,143.380889,224.341168
38.793005,142.963029,229.094783
40.775439,144.067251,235.040260
39.957815,144.206366,236.489734
115.690718,91.544067,11.823319
112.851382,90.665892,11.802751
105.009394,84.193352,10.063171
91.736893,74.986935,9.382526
82.675205,70.996311,8.098573
74.982353,65.178266,4.997380
65.231596,60.090748,4.866478
56.033084,57.496240,5.179476
47.469364,55.176421,5.401338
32.989337,50.965598,4.787963
27.207197,50.677904,4.937206
22.020961,48.623553,7.576791
16.096482,45.696208,9.843060
13.701604,46.316666,11.821755
13.104590,47.546677,15.127815
12.856693,48.182651,17.968939
11.759876,50.110699,21.677903
12.082794,51.131217,28.174315
12.664352,54.185698,34.977142
12.771287,55.492928,40.748312
14.082765,58.007193,49.129938
16.186611,61.681057,60.804799
18.260024,63.144086,71.776611
22.776642,66.934080,81.601690
22.814773,68.313524,93.334789
24.937840,70.443651,103.051044
26.599131,74.026719,111.551431
28.390136,79.599420,124.456142
29.632077,83.501044,132.001840
29.394002,90.148364,143.892121
31.517763,99.577728,155.192719
32.900903,111.258223,170.746273
29.904968,110.561742,181.031597
30.201890,117.668192,193.079789
32.509270,123.743970,206.401257
37.403990,128.975609,218.179471
37.264121,131.756996,222.656802
38.301507,133.208203,229.051881
40.213622,134.863088,234.326219
41.014961,136.216125,235.648171
112.663192,79.520324,9.516134
108.461051,77.433923,9.316862
101.301894,70.930019,7.536850
88.980144,63.998785,6.943600
78.654280,57.352978,5.589291
72.539215,55.020804,5.193659
65.638469,53.230326,5.324626
55.864584,50.406587,5.292787
44.027309,44.857858,5.307943
34.539638,42.132252,4.928459
28.095292,42.171879,5.798220
20.700523,39.745959,8.744232
16.542694,38.766906,11.064381
14.963283,40.315455,12.935349
14.043367,40.230331,16.508110
13.370362,41.026456,20.129600
12.565719,40.325535,23.602216
12.837317,43.527010,28.677254
13.593233,44.479522,35.881963
14.386572,43.945800,43.610728
15.791371,47.497867,53.384336
16.815109,50.499449,66.278542
20.827069,50.195877,76.991851
24.493626,53.194386,86.636963
24.731213,58.817993,96.179469
24.861013,60.725258,105.434082
26.304001,64.489782,111.978470
28.466475,73.857890,125.328927
28.983835,76.922238,135.218490
29.782959,82.098323,142.892120
31.546065,87.079552,157.118803
28.967476,95.202916,173.094872
27.840646,102.252456,184.602696
28.288117,104.788897,192.931497
29.240621,112.033597,206.096726
32.638851,119.506072,218.059960
32.847930,120.262727,223.093061
36.258452,122.347311,229.769308
36.581683,125.939264,233.083579
37.447359,130.172709,237.081837
111.615380,67.728072,5.048114
110.201011,65.097495,4.728295
99.089242,58.834245,5.139791
92.573148,53.056860,5.118403
82.117457,47.940533,4.930244
75.652119,46.980784,4.927482
66.579302,44.711498,5.785443
55.060196,39.210477,4.559626
45.392487,36.718421,5.575316
37.546234,34.631178,6.121434
29.419966,33.123491,7.840189
22.375915,31.350461,10.151005
18.198188,30.545685,12.106262
16.241226,32.004893,14.599978
15.379816,32.050950,18.393157
13.785559,33.001629,22.129125
15.211398,32.321931,26.942394
15.104085,31.969727,34.047157
15.549855,33.836374,40.966236
17.049551,35.770541,48.061599
18.096246,36.618126,58.205447
19.987538,39.339630,70.493538
21.971513,41.390494,79.420599
23.873313,42.047638,91.489468
23.372446,45.386235,101.492094
24.704147,48.025410,109.832583
24.914318,51.478969,117.122089
27.630004,56.794807,126.455611
27.562952,64.884206,137.240958
26.606187,65.136725,145.256084
27.318587,75.008629,161.165419
25.399197,82.947278,172.293239
24.388925,90.662941,187.822195
23.968838,91.434554,196.137095
25.770588,98.417615,203.448969
26.940275,107.348331,216.863990
28.715133,107.899685,222.392333
29.237661,111.057051,228.115383
31.141385,116.306075,232.378538
30.074839,117.405264,235.798697
116.809588,58.954428,4.440101
111.195562,54.646763,4.208017
102.700300,48.241913,4.694020
96.224535,45.243459,4.676385
89.345311,42.345752,4.306423
78.511410,37.292200,4.409213
70.526717,35.058493,5.112882
59.257807,30.687932,5.726285
46.888579,26.675753,6.394197
42.406376,24.630680,7.860914
34.474460,25.815658,9.286469
25.555577,22.286447,12.135265
18.853404,21.963589,13.706621
17.841460,23.401483,17.943020
17.175683,24.332706,21.884658
16.962031,25.550686,26.037722
16.241537,26.350373,30.096882
16.746132,26.347558,37.179118
18.150573,26.104166,44.424497
19.291911,26.974313,52.300598
19.264605,28.444989,60.275187
22.341755,29.969473,69.842310
22.907191,33.397493,85.107573
23.574431,33.764645,95.709369
23.757100,36.502610,103.282765
26.758187,41.032050,111.482350
24.458510,43.545074,119.320919
24.566100,46.282722,128.278629
24.257836,50.292405,139.471140
25.211863,55.440743,148.448984
23.958529,63.180241,162.389203
23.172491,66.785320,171.087451
20.619248,79.189815,189.678735
21.937627,84.559700,197.334432
25.449064,88.043779,206.305165
27.066999,95.453860,215.289080
28.343050,102.950125,222.822972
27.184139,104.265352,228.796157
26.492454,104.718065,231.629969
27.283432,108.266109,234.508865
123.941344,50.537130,4.699509
121.126768,49.704024,4.540258
108.092423,42.419188,5.033204
100.246653,38.138105,4.937020
89.975540,32.927048,4.788266
82.998236,32.230185,4.886666
75.489360,27.957547,6.712370
67.778232,24.265253,7.710724
57.190839,21.033423,7.753165
46.865233,19.631665,10.031933
41.059563,19.259083,11.332585
31.508631,17.685301,15.559488
26.889964,16.460558,17.122051
23.118247,17.934432,22.983781
23.200403,18.425341,26.035519
22.473777,19.742638,30.341004
21.120558,20.667432,34.719135
22.506039,21.114205,44.190184
22.037358,21.286033,49.649702
23.128301,20.855553,56.937759
23.511094,22.260493,67.013064
25.797929,23.098338,77.276461
24.346078,25.984826,90.774991
25.239764,28.885154,99.111405
25.544809,32.604111,104.804572
27.138772,34.666571,116.902697
26.059051,35.555059,122.533341
25.311113,37.034534,132.356979
23.831653,42.383937,142.270595
21.606372,48.433691,154.090137
21.864246,53.011045,163.484731
20.001738,58.110229,173.809866
21.181770,71.682194,189.818600
21.601267,77.883699,197.849236
24.856983,83.300984,207.863609
25.323262,83.293558,214.746924
25.752938,91.857620,222.049620
23.985729,95.225043,228.481602
25.219206,96.794027,230.563176
25.873574,98.463306,233.675553
129.096996,42.860667,4.975797
126.449310,40.265204,5.664604
118.372920,36.736416,5.670523
107.815311,33.222478,5.085891
98.526472,29.240751,4.747067
92.278800,25.504777,6.697409
82.972070,22.237992,7.264982
75.815705,19.466242,9.434853
66.394173,17.401651,9.797280
58.774636,15.233059,11.959429
50.641266,15.282543,14.545527
42.720363,12.874518,19.429773
35.407269,13.435423,22.011200
31.659962,13.808169,26.483653
27.699582,15.128333,29.470651
27.036664,16.400637,34.339831
26.707480,17.102160,40.020814
27.576425,17.815971,50.570656
26.990974,18.424618,54.352104
27.289899,17.955979,62.202640
28.135249,18.513973,72.128899
29.366210,20.138908,83.466672
28.483449,21.420324,95.756038
28.883852,22.790831,102.496511
28.228313,25.002445,110.669262
30.924758,28.150030,120.584042
25.816646,30.504956,128.328985
24.611305,33.429491,135.830815
25.469685,36.269549,146.046308
23.233889,40.803737,159.189723
21.863691,46.181083,169.244135
19.830466,51.164669,177.240562
20.839449,56.772402,187.095592
22.644512,68.979002,199.201672
22.322439,73.496523,208.516163
23.068270,79.239933,213.851098
22.390345,85.718091,224.995812
22.440492,88.166290,228.568851
22.693441,90.591137,232.987903
22.900089,92.366621,234.461431
133.986751,38.531458,4.935361
131.921529,36.250191,5.959482
125.487953,32.714059,5.617903
116.806361,27.957099,4.895609
109.337213,23.652408,5.773467
103.771132,20.932191,7.812718
96.340248,18.742860,8.874185
85.215927,16.066213,10.567949
74.695620,14.523781,13.653740
66.047864,12.334307,14.378365
59.145198,12.437490,16.326452
51.376967,12.627074,21.977158
42.602625,13.148836,24.906545
40.389159,13.468674,29.420830
35.553718,14.343670,34.682697
36.193896,15.255729,40.640325
36.581849,15.231659,47.554084
32.473408,16.625231,54.524716
33.674062,15.806701,62.390908
33.340073,16.322920,67.691475
35.956503,17.085254,78.080443
33.722443,17.477029,90.906536
29.258866,18.171763,99.456134
31.558618,20.392811,104.697928
31.259729,22.352824,115.801901
30.644368,23.254776,127.216910
28.735946,24.457617,132.381635
26.586838,27.019189,140.494445
24.696160,30.629311,150.076441
24.323912,33.854446,159.602885
21.649259,39.373874,170.256079
20.540198,44.189291,179.408312
21.228351,51.158169,190.045684
20.495412,56.777377,198.822300
20.254004,61.907309,207.462873
20.734925,70.345409,215.962732
19.990258,74.346489,223.160306
19.948796,79.477741,229.258890
20.722602,83.084084,234.037434
20.174643,82.984058,236.886584
143.290538,32.786884,4.853884
142.031489,29.286509,5.333741
132.822539,26.897967,5.046111
125.526859,24.424849,5.348170
117.281149,20.683238,7.765879
109.903208,17.422431,9.031915
103.312289,15.697346,9.806101
94.679430,13.416015,13.064626
83.604474,12.581490,15.046342
78.754637,12.135123,18.093124
70.202660,12.724839,18.841220
58.975183,12.177400,25.191611
55.044610,11.053813,29.556538
49.903620,11.968150,34.875629
46.625636,12.842047,41.874454
45.424043,13.907594,47.476363
44.369258,14.824554,54.315801
45.408461,14.098452,61.248461
41.175757,14.623922,68.533727
40.432455,15.434341,74.546649
42.298583,15.463967,85.517871
42.410317,15.835242,96.896227
36.419884,15.729635,104.160981
37.305638,17.423915,113.869633
34.575230,18.767156,120.817746
34.683646,21.504239,131.027856
31.455728,22.077996,136.508920
29.242907,23.134104,144.593226
28.401433,25.781303,154.631224
24.609494,29.810625,160.223201
22.801499,33.803226,170.345457
20.755911,41.825754,184.137124
20.475219,44.513314,190.135568
18.887612,48.219188,198.977672
18.424199,55.734725,208.343205
17.632295,56.484229,214.965164
17.633218,61.648098,221.764547
16.077288,67.325427,226.786405
16.386580,68.458435,232.420959
16.503613,72.716499,236.478589
152.718346,26.544522,5.498406
148.979659,24.337183,5.421718
144.030809,21.018026,5.805978
137.120293,20.199538,6.528010
126.658688,15.939290,8.455941
120.366159,15.314506,8.868779
111.743934,12.563706,12.200822
102.752861,11.317072,15.196962
94.141187,11.535775,17.555619
88.241917,12.257251,20.364731
83.282992,13.062176,24.925894
76.128154,13.007015,30.580937
65.794227,11.724231,33.485403
64.064324,11.988284,42.713218
59.337636,12.065946,48.717863
57.499558,12.768424,56.319331
52.774336,13.330746,59.971635
53.880715,12.935359,68.480427
53.844062,13.188737,77.144680
55.308201,14.238405,88.426433
57.912190,13.695565,98.590450
55.615177,14.683090,106.421520
52.202124,15.723218,117.412118
48.008253,16.984777,122.807306
44.718738,18.119548,129.804914
42.261587,17.374875,134.891571
35.903777,18.987170,140.950394
32.289436,22.291015,151.872556
29.457244,22.613904,158.535908
26.128056,24.282716,164.562780
24.959886,27.983779,171.598293
22.018575,34.838947,183.881032
19.197946,40.034338,194.367235
19.248067,42.410278,200.598020
17.988441,47.445029,208.654596
16.208068,50.130417,213.905293
16.694496,53.299957,221.134280
15.925703,57.470314,228.760221
14.470080,59.823275,232.145839
13.943266,62.548058,235.960312
160.810783,23.957046,5.931237
155.969031,21.509583,5.530595
153.261017,19.662913,7.305353
146.063207,17.011109,9.207580
140.849898,14.194149,10.800743
130.989554,11.154872,11.513280
123.275676,11.229964,13.558640
112.296517,10.516778,16.066147
106.168404,10.983970,19.804567
95.810066,11.343455,24.396124
92.866603,11.812726,28.830638
87.898590,12.331245,33.246573
78.488369,12.043948,40.773879
75.112372,10.455127,53.041981
73.804669,10.550884,59.143016
68.381150,10.460785,65.109537
70.720727,11.918165,73.350590
67.876484,13.487237,80.047265
72.316555,14.862900,92.830065
69.625342,14.641367,97.151028
67.061534,14.706015,106.088612
68.119676,15.849686,113.269555
66.076372,17.658358,125.260950
59.260370,15.923871,131.221405
54.417636,16.424937,137.829721
48.036474,16.223686,140.366118
46.061422,17.539753,148.556721
40.862436,19.784668,159.287100
33.851527,19.937524,163.451244
32.697170,21.078980,168.080697
28.882696,24.290776,180.785260
26.381206,27.506390,187.834353
21.251683,31.402837,194.301539
20.650449,34.987819,200.972382
19.138816,43.197990,210.792081
16.512434,43.646780,220.335789
13.936349,41.335215,224.276922
12.599122,45.533564,230.004458
11.628754,47.996409,233.721833
10.484248,50.431158,236.759040
174.817291,21.659004,5.593401
170.521249,19.628390,5.363910
166.174297,18.141877,6.958901
161.791884,14.928485,9.229315
150.953426,13.502701,11.903484
145.131155,11.626182,15.001944
135.193993,10.182567,15.837000
129.003338,10.179570,18.734084
114.755077,10.251741,22.019620
105.960222,10.915209,27.844024
103.006942,11.694401,33.687315
101.191734,11.716270,40.445053
95.664130,11.776777,49.599823
88.164059,9.888194,61.162257
85.453489,10.654624,67.432139
87.247569,12.039549,76.998810
89.927566,13.113071,86.456699
90.490700,15.564185,99.525871
87.602031,15.409363,103.247403
88.357537,16.668025,112.025115
83.075804,14.993665,118.519577
80.368132,15.367533,127.046353
79.093666,15.638558,136.467691
74.945796,15.664208,139.877103
63.140132,14.960904,144.916287
59.127128,14.616854,149.285488
52.751273,16.034461,157.689621
47.069679,17.970428,166.929067
44.289347,17.706115,170.306050
38.023515,18.481824,178.596567
35.976480,21.914205,188.522082
28.183179,22.662506,192.022425
24.346166,26.474472,199.473002
20.707108,29.326758,207.480838
17.096302,29.503233,216.276812
15.478587,32.775175,223.369913
13.230275,35.530419,225.721836
13.191860,37.846621,230.640417
11.807361,40.108020,233.584354
11.297881,41.535420,236.474947
190.316440,20.875596,5.036129
184.346617,18.107346,5.658094
179.314581,16.752525,7.878312
174.489631,17.009591,9.972581
167.088223,14.396931,13.005343
157.450523,12.021256,16.579359
151.624408,11.365674,19.830426
141.391265,10.843037,21.109063
128.787511,9.353513,26.576062
123.431199,10.101097,30.882983
118.433177,10.641988,41.324903
115.991959,10.700546,50.900956
118.463601,12.768333,60.757200
108.667829,12.523463,72.502357
104.970213,13.633148,79.027210
105.913402,13.281656,90.430872
113.785649,15.250539,104.181770
111.383072,16.628162,109.663018
112.162900,16.661521,120.283428
106.690699,16.327518,125.788055
110.221991,17.030919,135.517884
100.409093,14.480359,144.617966
97.215111,13.045570,148.483080
88.322246,13.128853,151.665922
81.500472,13.778586,159.246775
74.095132,15.627462,163.414390
67.417347,14.638537,170.594575
57.495305,14.413091,175.836674
55.179744,15.607797,182.142387
51.920646,15.961813,188.888221
41.471871,17.858519,195.891145
35.953117,18.842735,197.704579
27.498764,19.717532,206.460381
19.985190,22.972155,213.457559
18.681279,26.193807,220.366855
16.552298,28.094157,223.314047
13.531574,28.801914,229.413716
11.921556,29.093995,233.169419
10.432830,28.261418,236.051156
10.434751,29.517229,238.085010
202.512591,17.518633,5.055487
196.212781,15.416673,6.893542
191.499233,14.580625,8.343772
184.117546,14.795894,10.414566
178.625455,13.716521,13.267855
173.723080,12.294428,18.058976
167.288064,11.188406,22.398067
159.412093,10.328198,26.057720
154.766718,10.608218,33.426358
148.651414,11.164400,41.528971
143.901175,12.047512,55.878911
136.458541,12.149083,62.250516
137.297848,15.709331,74.959087
141.648008,16.913758,89.621294
138.325095,16.956493,101.380774
130.191373,17.159133,106.722216
133.525472,17.627639,116.535703
136.358173,20.785400,130.466355
135.038780,22.637422,136.851751
133.753207,22.502943,141.083962
130.939936,23.937519,154.186110
122.563890,20.154799,159.155707
113.241169,13.615439,158.524885
106.470720,13.053475,166.066861
97.529705,14.557783,174.677599
90.233596,13.649487,178.532619
82.737781,12.967780,181.328971
72.330353,13.508410,185.669514
61.948945,14.415287,190.849449
56.309454,15.741051,194.479711
49.815538,14.564097,199.679003
39.815767,14.971723,205.919944
33.943484,16.183564,211.299374
25.903048,19.570193,219.086881
21.356838,20.113673,223.407618
15.328362,21.551773,228.188307
12.555986,21.425390,233.217598
10.631004,22.124601,235.055471
9.488760,22.592906,238.497298
9.425335,23.367167,240.189416
213.995498,16.719147,5.156049
207.949621,14.500833,6.366978
202.241936,12.986521,7.774682
198.260789,12.150120,10.610585
190.789238,11.091988,13.537303
184.689575,11.401516,17.851975
180.923954,12.695900,24.285275
178.681687,12.673354,29.362778
174.864242,10.167900,39.016940
171.955311,12.150934,56.900859
170.746350,14.350861,69.902170
165.675517,14.524918,77.060693
166.663836,17.077528,90.274190
162.804059,18.256433,104.352878
166.324097,18.386041,117.895588
163.900617,22.471551,131.652090
159.140324,21.576256,136.062509
152.305518,23.857735,141.248942
147.602092,25.064212,145.559258
149.727697,25.152506,157.643887
143.481636,25.306063,161.603059
136.541601,24.820246,164.229119
132.593000,22.058221,171.656930
126.708534,19.711862,177.106586
109.348850,13.087588,183.752741
106.884126,13.821083,188.832035
99.428122,13.756549,193.120995
89.640047,14.447599,198.397858
77.396809,14.374987,201.550809
67.119033,13.675968,204.261069
53.784309,14.206655,209.229106
48.383095,14.589475,211.756588
37.519489,14.390852,219.839472
29.430875,14.605092,224.407658
21.284309,15.552782,227.648705
16.929803,15.422152,230.974859
11.043654,16.550487,235.462717
9.799383,17.163431,237.341545
8.342843,17.298662,240.337316
7.496791,18.061712,242.748731
227.305824,16.388970,4.472214
224.304410,13.809847,5.973513
219.931898,13.080579,7.066341
212.050976,11.433387,9.276501
203.373336,11.243508,14.523964
199.365592,10.321802,18.196979
194.031613,10.821267,26.879375
191.552333,10.938920,35.982314
192.889126,12.399226,46.288569
190.682748,14.265546,67.050308
186.648969,14.074628,74.276356
186.708126,16.552173,90.886425
185.053616,17.204651,101.466084
190.180771,22.880834,119.544292
179.753371,22.103976,128.346137
178.658689,24.077986,139.400621
175.059159,24.255141,145.156890
170.466441,25.609018,153.619785
167.267082,25.670924,161.313783
166.348498,26.106041,167.279687
160.960097,26.366683,173.270803
154.959659,25.212961,175.248658
149.658955,23.556607,180.698515
141.087663,22.877339,187.447669
130.219424,20.272431,197.446459
121.097924,19.450949,202.643499
113.124588,14.166002,205.272689
102.216683,13.230018,209.227428
84.939002,13.809653,209.089745
71.128501,13.179448,212.095900
67.465569,12.446865,217.464775
60.364012,11.747459,221.184475
39.457198,11.730832,224.672727
30.954437,13.027111,228.528474
24.386298,11.377207,231.790036
16.176644,12.314167,235.413344
10.155538,10.795538,238.292482
8.446764,12.352564,240.539803
6.281963,12.655705,243.602025
5.961705,13.312007,245.124015
234.668708,15.309823,4.906055
231.272644,12.864294,5.459650
229.711009,12.613320,6.597801
227.899974,12.373220,8.945446
222.949526,10.844960,14.976968
217.407096,10.557714,21.063190
213.335467,10.546047,29.406114
206.764042,10.925865,39.712351
207.563945,13.665230,57.235416
206.245185,13.843054,70.296564
208.625762,14.897078,82.777253
205.398771,16.785782,96.377517
206.233402,20.686771,111.367482
202.858401,23.223709,123.345981
197.671412,23.405665,134.285453
191.232114,25.357461,144.092310
191.734106,26.124270,155.187862
187.434524,28.175823,166.220204
185.139807,30.622676,175.277824
187.485908,34.066243,182.756463
183.280463,32.356316,187.757918
175.184238,31.523621,192.373800
170.297889,30.302834,197.882750
162.327234,29.179998,203.819126
148.452348,23.579251,209.310683
138.086167,19.820922,213.000431
126.328296,17.356760,217.479254
113.151249,13.212896,218.036116
99.886239,13.021601,221.735695
83.113087,12.876093,224.533738
74.533682,12.189140,224.617823
61.989846,11.472106,227.394704
54.659523,11.135522,230.272155
35.805838,10.121582,233.439260
22.774158,8.959152,237.511474
16.477010,8.421401,239.417628
11.822430,7.838751,241.453506
7.661144,8.037659,244.002337
5.468979,8.064973,245.734987
5.137748,7.946541,246.719499
242.281282,12.566599,3.757879
241.618040,11.629044,3.984194
240.411746,10.683462,5.920960
237.656738,10.731150,9.137475
234.035118,11.080048,13.774770
229.798674,11.345655,20.592733
222.670217,10.632450,28.336075
220.032821,10.862896,48.567933
219.376958,12.142272,60.343147
218.605323,15.155407,74.430645
215.669916,15.626469,87.982148
214.924374,21.212684,103.200414
217.075851,23.636299,116.809568
215.171651,25.626036,125.664117
212.680046,27.767355,136.685810
209.209991,28.411904,148.524095
202.421818,31.749293,164.294774
203.576241,36.849926,177.607281
197.616690,33.908829,183.575451
192.999467,34.648935,187.735170
189.033069,34.883900,194.532503
184.460871,33.261311,199.966110
176.939016,30.978107,203.583783
168.825332,31.112339,209.335007
160.508245,27.647792,217.721206
147.925448,26.931493,221.197804
136.061239,21.281684,222.011547
120.743599,16.793030,223.611238
103.870570,11.451715,228.163795
88.361459,11.589080,229.061793
79.549074,11.286179,231.123757
69.856881,9.117487,232.856950
58.313316,9.830315,234.852642
39.706190,8.372689,238.598032
25.625131,5.826434,240.992600
17.843911,6.092071,242.209783
13.151789,5.852844,243.924956
8.718194,5.998002,246.456079
5.969506,5.632204,247.670840
4.793037,5.365806,248.015086
246.228736,12.593392,3.501979
246.860284,11.486731,3.541397
245.202642,10.296547,5.725396
244.436043,10.897027,8.942228
240.951446,9.820761,13.801044
236.857243,10.654827,22.612598
236.189660,11.638777,35.843240
233.355547,11.836943,50.818181
230.387398,12.931421,61.874273
227.061429,15.372818,75.608251
225.935288,16.571097,88.331883
226.480777,23.102461,109.894543
223.964485,24.261442,119.211599
222.085162,25.892495,127.843728
221.713321,26.736555,141.571713
220.340172,29.053224,154.880946
215.944125,35.635637,170.419094
212.323138,41.026084,180.756433
211.364012,39.065943,189.521710
206.598857,36.044318,198.420365
202.307355,35.783098,203.600722
197.475123,36.202172,208.235146
191.932852,31.227510,211.099582
178.735050,30.532009,216.103023
162.272371,29.167095,222.555112
154.316083,26.987093,225.848037
143.284152,25.159650,229.707363
129.617570,20.817059,233.178946
106.638142,11.395896,233.308118
97.501866,10.918152,234.518621
79.922523,11.045050,235.045668
71.119777,9.119616,236.441327
57.741660,7.160056,239.417640
41.625248,5.851520,242.271265
29.372752,5.002477,243.040634
22.549844,4.534876,246.039239
16.122580,4.737724,246.981810
10.412429,4.741601,247.604623
6.750779,4.366473,248.586592
5.130977,3.829583,249.731982
248.566335,12.089052,3.404174
249.555853,9.515754,3.652041
248.724070,10.814527,6.059918
247.074340,11.380050,9.126320
246.410347,11.429663,13.673576
245.198271,10.807922,25.768758
242.909391,12.550391,38.480848
240.513027,12.588467,49.253609
237.143969,12.835620,61.017147
234.669875,14.903740,78.684130
235.256631,23.720013,99.227779
233.625346,23.274394,110.326737
230.748111,24.416625,121.104242
227.795239,24.740358,129.540147
227.607693,25.931739,147.513183
225.368364,33.567353,161.830123
224.015768,36.742682,171.578400
221.197281,38.171172,184.872944
218.525740,40.007267,195.959334
217.852890,39.753886,204.919966
210.779930,38.318701,211.252506
207.460830,36.174824,214.639969
200.578333,35.553267,218.779704
191.175194,33.874939,225.238706
174.861049,30.235130,230.638508
161.399814,29.483025,233.000817
148.457761,27.207310,233.226390
132.036047,23.271282,237.241291
119.232217,17.204072,238.212472
99.061191,10.628039,238.304155
83.745313,10.239394,238.138578
70.901610,9.335682,240.875982
59.890385,6.912763,242.237459
44.634634,4.861121,245.333283
34.687062,4.683680,246.506875
25.201970,3.815292,246.685695
20.031503,3.794090,247.386740
14.014617,3.842023,248.726553
9.429104,3.772915,249.193354
7.480852,3.807802,249.591879
250.357623,13.883419,3.869786
250.475133,12.413779,4.707726
250.033086,12.094821,7.168540
249.722751,12.935294,10.637461
249.434919,12.809615,16.113529
248.246582,13.438251,26.925195
246.381737,12.973712,39.958678
245.519945,13.700348,50.305824
242.336567,14.391624,65.193378
239.726652,16.479747,79.952810
238.029442,21.887744,99.472236
237.413988,21.866361,108.994114
235.760759,23.106083,119.855622
233.728602,25.062533,135.620149
233.509198,29.013855,146.592935
231.968336,35.494630,163.294110
230.176034,38.735210,177.904396
228.941872,42.256160,190.723157
224.283083,42.556763,201.435793
221.973315,41.317412,209.625822
216.721925,40.014682,215.327341
212.440436,39.218027,218.730565
206.917454,35.911376,224.714504
195.439710,32.925343,230.256663
180.607258,30.505611,235.824019
171.699930,29.051776,237.328904
150.352523,27.890674,238.433559
137.361947,24.007338,240.288127
124.132922,18.925670,240.121367
104.025201,11.523811,241.297615
86.935357,9.412605,242.040898
70.845119,8.637660,242.909493
58.537924,6.889294,244.585354
45.547504,4.668345,247.145241
40.132829,4.013570,247.571082
28.490215,4.048108,247.896338
23.657562,3.446871,248.306805
18.705071,3.229957,248.997875
12.642737,3.163861,248.968035
10.193181,3.524586,249.523816
250.961132,18.410801,4.346781
251.280258,17.513542,6.032094
251.346765,16.006317,8.494482
251.154810,14.719172,12.040051
251.071497,13.156470,18.428725
250.317848,14.145492,27.535745
248.033572,14.836256,41.273489
247.274398,14.666159,51.600172
245.959573,16.045197,66.280741
244.954828,19.401290,83.029921
243.050951,21.654924,98.329761
239.335668,21.778130,111.328494
239.186923,23.040668,122.095233
236.576138,24.630091,138.097613
237.067995,32.949601,151.099745
234.002212,36.022910,166.511176
234.221143,41.274657,181.101219
233.423744,43.568366,194.795415
230.502257,44.364102,203.638384
227.322785,46.058066,211.799608
222.900327,43.705777,218.838024
217.423928,42.281013,225.741001
211.098007,38.257387,229.579508
198.724945,34.042293,234.458295
186.620074,33.090713,238.746063
177.908275,30.223515,241.373337
156.661547,25.940802,242.612301
142.496245,24.541029,242.869715
131.423847,22.670291,245.664403
112.665144,15.616050,244.749987
92.087184,9.446082,244.537562
70.793687,7.675656,245.225547
60.363907,7.050329,246.727813
49.907138,4.958571,247.635956
42.179355,3.889098,248.388873
34.585321,4.073416,248.601233
26.483475,3.382803,248.510936
21.984883,3.431730,249.014747
16.419198,3.391909,249.458218
12.566184,3.390896,249.270582
251.893267,22.665091,5.212239
252.184894,20.823021,6.853955
252.301753,19.744248,9.688301
252.418647,16.656040,13.536160
252.345698,15.353571,20.919952
251.649442,16.987838,30.179744
250.943146,17.015441,41.380251
248.776396,18.623747,57.742519
247.907991,16.847391,67.571747
246.902481,21.773039,83.908317
244.411982,21.435907,98.754055
243.872147,22.391700,112.643025
242.397548,22.392459,127.600281
241.174123,22.977322,139.418862
239.734863,31.891311,153.041743
237.321076,36.324445,167.803410
235.509759,40.245619,181.720688
234.409267,43.396103,194.654580
233.286070,46.114846,205.127855
230.896617,48.895807,216.319493
228.388298,46.787844,222.902488
220.921630,41.997607,229.166290
213.082381,38.772484,232.301187
201.681957,33.983575,236.412156
189.972815,32.139405,239.375083
176.905527,29.538886,242.641569
159.612877,26.549808,244.505017
147.552510,24.414266,245.004911
132.474420,22.452085,247.302690
116.167554,15.524508,247.229857
94.510454,10.782432,247.732744
72.379770,7.912740,248.767959
61.860390,6.748226,248.524451
55.068787,5.343962,249.020554
46.638501,4.027625,249.502313
39.051823,4.023682,249.582332
31.081036,3.432924,249.731806
26.382653,3.345337,249.797061
18.931013,3.180627,249.272597
14.551175,3.051582,249.327177
252.639143,27.654671,4.735644
252.545299,22.848292,6.929312
252.540642,20.072777,10.348509
252.370939,18.349283,14.927580
252.118481,17.868577,22.978979
251.895858,18.991996,32.213588
251.101331,19.396577,43.741917
250.534878,21.792929,57.902943
249.360568,20.094178,67.965843
249.277463,23.515418,85.548220
247.153181,23.015376,101.497655
246.318110,22.680297,114.881646
244.430295,22.232659,127.160340
243.095019,22.491190,139.609224
242.556633,30.280897,153.668410
238.797468,35.087640,167.959333
236.952464,38.949692,182.987540
236.957103,45.274603,197.732625
235.672235,46.070420,206.449100
233.043853,53.826080,219.419293
230.228007,46.839421,224.640502
225.787331,42.453153,232.447894
214.901211,39.136934,233.596878
203.577598,34.929769,236.918253
192.700079,32.502483,240.084358
178.309838,31.051701,243.632032
159.713276,27.470183,245.530951
146.804316,25.730139,245.672945
132.857456,23.694292,248.391778
117.473083,16.318459,249.065045
97.215441,11.190956,249.518270
74.220663,7.870495,249.801091
62.403628,6.594678,249.741114
56.935666,5.430287,249.509768
49.488646,4.386681,249.789543
41.951986,4.190722,250.022517
34.196191,3.527189,249.785280
28.629099,3.445526,249.765908
21.759387,3.265367,249.458856
17.128364,3.159550,249.694765
