1600
3
245.641876,99.274512,1.131178
243.389235,106.973778,1.096837
241.101174,113.184126,1.710079
237.431664,122.080441,1.669889
234.997236,131.154975,2.613909
236.157027,139.341338,3.396225
237.788255,149.441116,3.397302
237.997950,160.299796,3.557346
238.108970,170.724127,4.058128
238.542723,183.113270,3.991117
238.030802,194.360410,4.540330
237.946908,203.436217,5.460877
238.204074,211.940041,6.554404
236.404294,220.131268,7.000285
233.056308,226.299973,7.683301
229.263040,230.577729,7.412885
223.085357,234.316593,7.696501
212.541839,235.421553,6.783208
202.568255,235.214426,6.892244
192.531645,234.427410,6.037593
178.875797,231.478357,5.758566
161.392369,228.983058,5.061483
146.751324,224.782677,4.909307
137.914275,222.634025,4.628865
126.916446,215.858951,4.322763
112.260604,209.382806,4.971202
100.852040,204.163742,5.485538
84.546147,198.628810,5.460724
63.758767,191.009633,4.178786
45.676818,187.885019,3.585263
35.500163,186.595640,3.309362
27.468332,184.388863,4.081684
19.583587,185.712388,3.927462
14.969169,190.995886,3.666402
9.109260,203.710626,2.724161
6.386797,217.203833,2.087138
5.483349,232.441303,1.326907
5.136058,239.862604,1.451120
3.933814,245.106747,0.969070
3.021713,248.910118,0.980030
246.125396,92.227780,1.130712
244.912372,98.274191,1.385097
241.839747,105.283605,1.577563
238.805530,115.266145,1.968536
237.202426,126.101292,2.949042
237.313199,135.515835,3.370232
238.963037,146.373974,3.742611
241.242405,156.983566,3.937670
240.036269,168.565114,4.954979
240.622902,179.885519,4.926915
239.703675,192.832761,5.747575
239.195289,201.380501,6.352602
239.780720,210.953653,7.751724
237.495748,218.773868,7.885356
235.406315,226.620476,9.312800
233.535202,233.172947,10.161768
225.968122,234.415279,11.027935
215.756680,235.008750,10.493190
205.776167,235.435239,9.796275
192.185333,233.932859,8.667189
180.920370,231.250939,7.793397
162.083597,229.153799,7.726256
147.660331,225.827899,7.226169
137.952811,224.199314,6.364106
125.030555,219.267833,6.812048
112.784512,212.298155,7.096913
101.109213,208.380829,8.006950
85.033761,202.229424,7.117633
65.331429,195.908935,6.074048
46.853255,190.090433,5.705907
33.876503,185.652849,5.685694
26.551057,182.318683,5.862202
15.600196,178.204515,6.565721
13.783888,189.582325,5.487509
8.527695,201.536838,4.576567
6.146104,217.583188,3.304505
5.355919,233.715002,2.200888
5.329255,241.234968,1.744822
4.152574,246.890264,1.378748
2.433478,251.367193,1.074378
246.576966,86.823841,1.531595
246.044402,92.213648,1.841616
243.115792,98.043857,2.001372
240.910158,106.940773,2.206411
240.618170,119.026830,3.120906
239.408900,129.955897,4.578130
240.740775,141.378825,4.782967
242.264657,153.119739,5.045739
241.853192,163.181703,5.448389
241.647768,177.732476,6.368305
239.773019,189.254036,7.511998
239.820388,198.588530,9.228335
240.559884,208.514904,9.703786
240.509565,217.706406,12.102877
237.384979,226.402626,13.976770
234.168978,229.292454,14.088142
228.734322,232.559726,13.828582
217.990267,234.968748,12.797852
207.389398,235.650075,12.691231
193.875668,233.840900,11.996429
179.442043,230.360421,12.440348
166.165310,230.124669,12.582469
149.248617,226.784470,11.349542
137.421461,225.922410,10.199195
125.583460,221.905775,10.716199
113.707371,218.350186,11.668169
101.909458,214.000263,10.572049
83.622822,207.842834,11.377607
70.502290,202.994048,10.267435
48.845397,193.279228,9.205954
36.734522,188.359243,8.116272
28.922211,185.476209,8.438761
19.956070,186.790194,7.752413
14.151008,192.900185,7.832381
9.051046,204.682738,6.353418
6.693408,218.365533,5.325127
5.455704,233.770979,3.911762
5.526007,241.909832,3.427467
5.846503,248.843436,3.247182
3.461468,250.173709,3.365595
247.443806,78.173809,1.874421
246.725146,83.032578,1.783926
245.557055,89.032488,2.362162
243.611407,98.873822,2.414257
241.516979,110.716331,3.628926
242.513532,122.861787,5.090704
242.424029,133.956939,5.458714
242.594031,148.570512,6.561823
242.699927,158.179207,7.227511
241.150089,173.588045,9.231527
240.120048,184.240737,10.861432
241.031928,195.924555,11.821327
240.805137,205.333316,13.663530
240.492631,215.895304,16.567124
237.576633,222.334266,17.554768
234.197712,226.159079,18.056587
230.098812,229.625836,17.724013
221.234059,232.646138,18.595954
211.390470,234.075299,18.006887
198.259844,234.208660,17.320878
180.671903,230.513068,17.415671
167.389658,228.384914,17.101064
150.745182,227.721877,17.151983
138.774440,226.351905,17.133468
126.012366,223.825450,16.007627
112.832392,220.926973,15.369060
100.385079,219.368082,16.222716
86.413571,211.781381,16.307856
72.523226,208.726826,15.198896
54.394981,198.344165,13.736340
42.251096,194.296552,12.791480
33.049812,190.377317,11.357800
23.311183,194.613311,9.901470
16.677998,198.595769,10.440730
10.260789,208.344971,9.754465
7.913559,218.776002,10.161666
5.517148,234.160186,8.516019
4.876454,242.306469,7.219190
4.871140,248.477070,7.650811
3.793639,249.276871,7.408457
248.055039,67.647246,1.934589
248.225942,71.063754,2.291415
246.104148,79.261106,2.630047
244.528356,86.470225,3.856769
243.320709,100.524484,4.688257
242.862969,113.175712,5.767721
242.725524,127.641183,7.334420
243.090923,138.530766,8.028019
241.851403,156.359245,10.508840
240.801581,168.217768,12.058852
240.642035,179.554347,13.793359
240.919129,192.518516,17.543422
241.532934,201.610253,20.638988
240.214578,208.779604,22.810683
238.119206,216.443187,23.172488
235.151926,221.718301,23.589140
230.376798,225.933651,25.227754
224.866803,229.644515,24.809992
213.529153,232.378978,24.635258
200.134720,231.402996,26.944145
186.552164,231.802707,25.331888
172.061654,228.678504,26.038768
155.460035,227.271360,24.566289
140.945158,226.291149,22.687853
129.942526,226.388523,23.654308
112.901735,222.837128,24.161381
102.614670,219.488694,25.343945
87.360320,217.820855,25.293820
76.573528,215.231208,23.350073
67.103032,210.479951,22.049562
50.222831,201.809819,19.985267
37.442376,201.279593,17.109132
26.941072,202.479686,16.590331
18.864607,206.307025,16.561825
11.899885,213.390474,15.689219
7.873943,222.047121,15.169030
6.256638,232.014804,16.054592
4.537525,244.770236,14.690867
3.647214,247.134623,14.044901
3.008299,247.934426,14.550878
249.334574,53.398677,1.664893
248.922517,59.151804,2.024137
247.785882,65.155244,2.401595
245.784809,74.667786,3.418303
245.123211,86.697507,4.739882
244.164384,98.961145,7.177373
243.916447,114.009179,9.497226
243.293240,129.216948,11.589125
242.209588,146.803078,14.466757
241.229458,159.462013,16.440335
240.635945,170.289255,20.474797
242.146509,185.001316,23.664488
240.062115,198.325677,25.631907
239.125018,204.233733,27.351309
237.127583,211.503844,28.103138
233.937046,218.333035,29.373614
232.742443,220.759119,32.414895
226.047459,224.056255,35.167631
218.385056,229.118432,37.330497
206.385319,233.087948,37.854760
191.831177,231.037388,39.440659
176.244626,228.392597,41.071093
162.035819,226.924144,40.071761
147.773183,225.728800,40.571315
130.086143,224.150526,37.712814
120.037560,222.163017,37.848411
104.875395,220.379931,36.055299
94.306650,220.793494,36.048231
83.664508,218.625461,34.111262
73.130761,216.383909,32.526856
61.599890,211.815004,30.339227
48.436372,208.821223,28.943709
31.058705,208.317835,23.458602
21.441144,213.748283,23.943120
15.653111,220.635959,25.233255
9.875249,230.742235,25.413216
6.558363,236.274839,25.802687
4.763106,242.157718,26.334220
3.061892,244.763312,23.541237
2.338125,246.476332,23.538376
250.261538,42.843930,1.932763
250.386109,46.283015,2.229689
249.777039,51.782113,2.463059
247.761200,58.831135,3.799158
247.151246,67.334597,5.422718
246.731613,81.536416,7.584585
244.110195,96.505424,10.616317
243.248344,114.667777,15.399299
243.011293,136.068688,19.574891
240.442406,148.646097,23.105413
241.172733,166.136913,28.428855
240.451519,177.043038,31.342163
239.399568,182.287602,32.160197
238.613211,196.355728,33.663528
235.814838,204.952549,37.434155
234.914393,209.502206,39.414120
232.533891,215.514862,43.323079
227.366389,220.697187,45.932671
220.064377,223.462586,50.430973
209.926462,228.828054,53.034555
197.112888,229.349636,54.653127
181.741296,229.021176,53.434350
167.226780,227.270364,54.524656
152.992665,221.430531,56.031438
139.694551,221.123911,56.281080
123.551574,222.201826,53.057352
112.076253,223.264751,50.086339
101.657238,221.372946,50.191158
90.405852,221.855576,46.655934
80.238820,222.028498,44.288982
68.343455,220.208844,41.839602
53.105225,216.234562,40.095093
39.234750,219.030692,39.227295
24.852444,221.537126,38.081823
19.131138,227.977201,37.725691
12.813578,230.161498,37.958844
6.899431,234.679756,38.229242
4.128631,240.044051,37.777932
2.831675,242.683924,36.521237
2.080547,245.395561,36.075349
251.277001,30.105982,2.000160
250.823120,36.472884,2.058399
250.568083,38.135258,2.868655
249.896356,47.143217,4.618434
249.533925,52.429852,6.011849
248.702631,62.780326,9.189799
247.358598,76.435417,12.088896
246.060483,93.016328,17.241236
243.473015,117.594819,25.147569
244.651923,136.446416,32.152281
241.968878,153.353469,36.501739
241.677515,167.030630,38.129302
239.901711,174.320799,41.789640
239.148939,181.750809,43.577552
235.769342,193.797725,46.594668
233.214521,200.254103,48.575401
232.404267,207.505527,53.892299
226.842515,215.761341,59.955982
222.130014,216.696360,64.213102
211.884251,221.123791,66.968939
199.067786,225.172757,68.625834
185.963515,227.277968,71.443028
170.034723,222.810258,72.364449
158.093998,222.948229,73.186953
147.187974,221.542808,74.223630
135.432186,219.692643,71.357853
120.501302,221.518796,67.443687
105.525322,221.726531,63.437274
97.947251,222.761083,63.652576
86.288046,223.847500,63.074222
74.902254,225.796948,60.321787
60.259709,226.199049,58.073530
44.744212,228.215050,57.457326
29.804547,225.380133,53.235614
21.306793,228.794114,49.939602
13.277401,231.258634,54.279072
8.564688,235.107860,55.976852
5.802906,237.611292,53.348702
3.681797,239.537299,54.451063
2.915807,241.416717,54.349658
251.805915,22.651238,1.735160
251.842670,24.264126,2.188317
251.809551,26.556883,3.420530
251.247201,34.042981,4.822645
251.332909,42.309955,6.861164
250.097615,50.299165,9.019081
248.220379,62.549521,13.296272
248.102307,77.329200,20.479363
247.389105,99.213987,27.891467
244.822873,121.858428,38.425189
243.538570,138.608091,45.203689
240.581608,150.519350,49.750895
239.846314,162.773215,50.632502
238.289947,170.024958,53.332096
236.567265,178.486042,57.272157
233.554380,193.164246,60.659782
231.080674,196.328280,68.028911
228.365474,202.531044,74.864191
219.966249,209.023833,79.886448
214.371019,210.113294,81.739026
204.902555,217.262821,85.853765
188.654613,220.280691,87.894687
176.224997,222.021044,91.135713
161.404316,223.159555,85.736089
151.805869,222.757377,89.891490
142.277979,221.041333,86.150682
131.031928,222.843924,85.460794
113.026096,221.409294,82.413180
103.604200,221.790894,81.275013
92.159664,225.379999,78.649407
78.319320,227.034960,78.439081
66.461790,227.788103,78.383395
48.709873,229.393797,76.667270
34.230181,229.412602,71.708772
24.047480,231.525361,72.863741
15.215813,232.877025,69.510212
10.002247,234.841542,68.132472
6.263199,238.651125,66.578356
3.854756,240.225431,66.540706
3.246272,241.154621,67.154943
253.140156,14.571208,1.547037
253.192963,15.797701,2.282670
252.761484,17.517309,3.118000
252.440911,22.411777,5.018597
252.034082,26.618146,7.899799
251.630273,31.827380,11.454123
251.309679,39.108702,17.903432
249.945856,50.193644,25.672358
248.734055,68.038370,35.767279
247.016221,95.201086,46.386830
243.157269,118.526485,52.495079
241.717953,135.791068,56.776856
239.845736,144.894547,60.668546
238.967731,155.821744,63.553815
236.486345,164.686877,69.920066
234.359343,177.255484,76.920194
230.288402,185.264799,83.619752
226.657411,192.021935,88.957565
221.623359,196.711871,92.364113
214.118171,201.828174,94.329408
206.021341,208.883388,100.601575
192.094756,215.419936,101.508799
182.520614,218.684692,102.522312
167.630662,222.226844,103.362217
158.414264,223.403446,101.792161
149.984286,223.727499,100.513983
137.353304,223.338432,104.623937
123.459423,224.150676,101.534582
109.411264,223.487091,98.098248
95.704195,225.244506,94.242331
81.749390,227.929006,95.720805
69.009967,229.735895,90.687488
50.887242,230.641936,91.152492
38.137160,230.499724,89.480691
25.024411,230.585710,84.851458
18.562179,229.972382,80.129429
10.320209,232.396874,81.051055
7.096214,236.034819,81.565038
4.027555,238.036217,79.245189
3.636178,240.287148,79.450572
254.057244,8.056968,1.733688
253.735862,10.030433,2.410907
253.611862,10.470976,3.336755
253.385344,12.074769,4.794283
252.919377,17.974479,9.255699
252.504828,21.572794,14.371541
252.620232,28.001344,21.822033
250.916764,38.447667,28.479195
249.147331,53.701764,36.048586
246.840261,75.359529,49.518868
243.304819,96.758064,58.113186
242.472098,112.776597,64.370037
240.278159,123.279032,71.694494
238.904651,135.785760,81.655450
236.941053,148.257377,86.532246
234.371229,158.139531,93.869857
230.875347,169.605691,99.017668
226.685997,179.824892,101.879667
220.331573,184.307376,104.606351
216.229899,188.653780,110.816727
207.739310,200.293220,114.276275
200.362686,205.054801,118.312817
187.456787,212.416471,117.264113
179.233212,217.163438,121.320926
165.259344,220.964016,119.036653
156.290400,221.780784,118.138974
140.913030,223.282228,113.096569
128.664791,222.835849,113.151456
116.787467,222.318485,111.262120
97.682125,224.345318,110.752160
86.199627,228.367538,108.340410
69.659800,230.981564,106.867971
54.615165,231.047286,102.677001
39.554796,229.715242,99.729547
28.381495,229.118765,97.309043
18.483131,228.390441,94.582291
10.954431,230.915895,92.556288
6.906433,233.811904,89.777511
4.613090,237.858166,88.266025
2.901059,238.934299,87.428382
254.173355,4.977879,1.655250
254.183917,5.287847,2.372012
254.109161,6.843510,3.876300
254.196415,7.686097,6.381066
253.939887,9.040842,9.487104
253.114258,14.076401,16.277604
252.804378,22.646117,22.278974
251.090369,32.846069,29.896884
249.452107,44.460002,39.731521
248.109080,63.597572,50.730151
245.957761,78.380492,62.833399
243.948707,95.961313,73.782332
240.843852,108.550998,81.762221
240.742769,118.486837,88.333323
239.533100,137.012746,97.202173
236.497106,147.973420,103.184219
232.779351,159.317195,107.555064
229.689127,165.863294,114.901301
223.546133,175.103489,120.265597
217.107918,182.021929,124.641979
213.002451,188.375268,130.998719
206.827171,195.905323,136.470109
194.782129,204.839936,139.682258
186.146426,210.099591,137.207378
174.767147,215.145996,133.746701
162.924287,218.143080,132.129539
147.232267,220.403504,132.081088
136.022032,222.638924,130.698870
121.195252,222.503382,127.634517
104.695731,224.157780,126.505010
86.915135,226.895990,122.729764
71.612339,229.713766,117.295830
56.701854,231.720774,116.837335
40.645442,228.645509,110.141660
28.980647,228.124379,108.836409
19.177251,226.894312,108.122158
12.125189,230.075597,104.296389
8.076685,234.526671,104.579759
6.247157,238.137204,103.959760
3.162521,238.895595,103.238280
254.364876,2.443800,1.587581
254.376926,2.851439,2.735362
254.369909,3.567643,4.589551
254.313508,4.897705,6.937638
254.073419,6.637241,11.568199
253.314433,10.220237,18.165769
252.611546,15.526169,26.090178
251.633660,23.045652,35.064522
250.725974,33.001729,44.550337
249.073216,45.028444,56.309395
247.453342,63.769653,69.426521
244.557047,77.589598,83.689986
243.816936,92.386519,89.838615
242.963304,104.934824,99.059282
241.027647,122.256053,102.199461
237.071292,139.979949,109.429154
234.442085,150.563321,119.488696
230.689022,153.848460,127.676563
225.061254,164.381008,132.198367
220.021829,173.803415,138.679508
215.758298,182.817883,147.048418
208.879376,189.255841,152.541403
203.888016,196.103286,155.238885
194.274526,200.958586,153.524329
182.452738,209.789667,150.102870
167.911361,214.040359,148.599977
152.614682,220.053811,147.490479
141.136412,222.559370,145.897468
124.909794,223.104718,146.496284
107.124168,223.350511,142.310820
89.045113,227.375578,139.874438
75.895634,229.474632,134.821304
59.886965,230.324012,131.374989
45.091367,228.554088,126.013651
30.683406,227.907081,121.565395
20.819807,228.513389,116.790810
14.410376,231.662250,119.170880
8.888133,234.394397,116.320842
6.247182,237.236220,117.176064
3.728805,237.796375,116.833544
254.353812,1.076792,1.559222
254.260597,1.634166,3.140528
254.133998,2.432754,5.078014
254.074249,3.053267,8.323386
253.992942,4.281794,13.803757
253.450302,7.200653,23.840868
252.843226,9.530822,30.764182
251.675254,14.028073,39.711050
251.260954,24.339399,54.496253
250.830701,32.927456,62.581315
248.429005,51.443770,77.643737
246.761424,64.627020,91.167416
246.155466,79.342289,97.300234
245.241591,89.044205,103.404390
243.531137,103.985577,113.005814
241.021477,115.602188,123.712160
236.623646,135.202985,132.806706
231.625171,145.518595,138.105170
227.606694,151.882631,143.069263
223.207955,164.891365,152.068816
217.337700,176.415222,158.873032
211.848258,182.811137,161.120167
206.270829,187.978172,163.683478
197.126539,195.149145,165.346619
187.895117,200.814983,166.193393
171.919784,208.202975,166.550115
160.383127,213.519751,163.157332
144.754089,219.542948,166.260724
126.543924,221.033944,163.656669
111.814890,223.076082,160.705281
95.341790,225.999082,156.494036
79.466444,229.511674,157.209721
61.359154,231.563701,148.199798
49.729230,231.282733,145.583321
32.680757,229.531253,133.482467
23.198636,231.198531,133.705345
14.354930,232.790818,129.565215
9.100914,235.998388,130.045860
5.823512,237.626385,131.626012
3.801161,238.369893,130.733358
253.518605,1.092204,2.473668
253.503262,1.230746,4.050220
253.652994,1.558002,6.373573
253.727488,2.227559,11.053562
253.853368,3.269446,18.066749
253.379446,5.257336,27.542508
252.689509,8.012228,35.725655
252.782547,10.386029,45.607864
251.492542,18.670637,59.892449
251.205214,26.477524,70.401183
249.851602,37.642744,84.101884
248.661161,51.855386,94.929407
247.462909,61.804510,102.843095
246.663234,74.521984,111.962841
244.946522,85.507552,122.034164
242.875102,103.427347,132.015812
237.892460,119.875547,143.156374
233.239868,130.116638,149.223496
228.745524,145.767977,153.635106
226.244116,155.974791,160.993942
220.206474,168.355505,165.940933
214.074120,175.911211,170.408795
205.776376,185.145415,172.321629
200.092572,189.626039,176.986984
189.901905,195.825124,180.718498
179.139180,203.057605,181.188825
164.448568,209.203534,180.932558
146.418137,216.039954,179.135157
131.842249,221.483261,174.605725
112.124374,225.298540,174.928754
97.450331,227.616278,172.994377
81.294606,229.714844,170.336503
68.057111,230.263012,166.507769
53.000479,230.743409,161.115622
35.946121,231.997650,152.132706
22.597997,233.405495,149.601166
14.734475,234.395409,148.447308
8.853161,237.233065,145.847074
6.511233,238.775191,146.452148
4.188036,238.753893,143.755370
251.771887,1.427594,3.358295
251.945972,1.325868,5.248080
252.114585,1.502926,7.841489
252.023869,1.581338,14.213147
252.821121,1.969113,20.799122
252.851923,3.939131,29.821136
252.923387,5.445997,42.646561
252.442088,8.866796,52.895737
251.804135,14.557575,63.429238
251.017119,23.436257,74.004625
249.797917,32.049339,87.802638
248.299413,42.106274,101.568464
247.289608,48.861134,111.576951
246.517669,59.644459,119.865314
245.975362,70.972790,130.413631
244.303883,86.634635,137.891483
241.016367,104.250327,152.282791
237.462143,117.542210,159.072793
233.854050,134.338396,166.712851
228.553245,147.055427,172.432596
221.378606,159.667286,180.031259
216.964307,166.584968,179.633227
209.411640,175.426077,184.908220
199.849986,182.782454,188.908051
190.886633,190.288624,191.227075
181.980128,195.528901,193.768711
165.513891,204.833911,193.463395
152.645891,210.443647,193.953721
134.938915,220.038044,194.132715
114.415069,225.563074,187.976892
96.702900,227.425781,185.501480
79.539758,231.141471,184.220711
70.012094,232.244397,184.592463
53.711440,231.108679,172.720156
39.135373,233.163247,172.455644
24.780964,236.258580,168.537619
15.356725,235.883488,164.380235
9.896613,237.284676,161.255821
6.561185,238.542100,157.805077
4.871307,238.875947,157.004098
248.954515,1.684479,4.194037
249.080418,1.611687,6.414446
249.282047,1.799200,10.351468
250.298015,1.824498,17.031032
250.327671,1.937421,24.798258
251.638140,3.588932,37.913611
251.475435,4.010732,48.458026
251.962963,6.147402,57.546476
251.141188,10.006305,66.771855
251.206628,17.025293,81.647059
249.681913,25.597227,92.834961
249.133969,35.368856,106.874655
247.381761,42.699806,116.313624
247.374738,48.553404,124.290920
246.027550,61.876493,138.720779
245.525985,68.595191,151.512574
242.553005,86.055475,165.753278
241.844020,93.472047,175.967891
238.718505,108.962409,181.064188
232.417648,128.514176,186.781902
225.302502,144.569712,191.620308
218.625422,151.139963,196.151778
211.540624,160.519869,200.197876
203.319872,171.848387,202.206591
192.665877,184.932701,204.747564
179.940926,189.289329,205.115023
168.227596,196.665134,208.013625
151.738623,205.813636,208.367679
133.514489,214.753132,211.018812
119.020101,222.255540,208.918558
98.138364,226.319380,202.591121
81.069914,229.302417,197.475510
71.538353,231.338969,194.344232
56.520728,232.664518,194.968051
39.425638,236.207555,189.512009
25.856173,236.168310,182.761862
15.540915,235.832363,176.482619
11.062271,237.457739,172.101361
6.911792,239.357472,167.764927
5.104983,239.044789,166.328214
244.846496,2.487430,5.358208
245.730449,2.296027,7.467866
246.293054,2.004526,11.997269
247.074675,2.508744,21.550196
247.225744,2.706191,29.842540
248.445320,3.020742,41.730133
249.895915,3.291033,52.295521
250.818939,4.978870,63.126054
250.947115,7.582556,72.035492
250.349873,13.118484,85.013885
249.121159,18.998218,98.766906
248.998610,28.123489,112.648122
248.581698,34.363433,124.022642
248.088278,39.230344,135.103210
247.091039,46.380832,148.890932
246.536106,53.610982,162.367240
244.699449,64.973521,176.320535
243.253251,77.059148,186.660595
240.332693,87.998578,196.741836
237.327441,106.403628,205.039723
229.410167,121.612024,210.126192
222.412152,134.333489,209.694024
213.795063,149.808635,208.043599
205.095446,161.736677,210.783476
192.791098,172.364752,213.484847
179.987951,183.866537,212.832036
165.852374,192.159079,214.545814
152.117791,201.224107,216.778269
132.350213,213.184104,219.344317
120.220289,218.437829,217.443674
102.123730,223.346097,214.357802
83.206077,226.903037,209.952382
68.066117,231.183369,209.682736
54.316172,231.919230,208.046158
42.064934,233.732531,204.375956
24.778605,237.501615,197.818882
17.494191,237.406360,194.098791
12.375829,239.712642,187.711327
7.408895,239.576470,183.582781
4.810255,239.525695,179.719917
236.422976,3.838056,6.281631
238.312757,3.367141,10.138891
239.552110,3.328078,15.570395
241.714272,3.579007,24.948260
243.846661,2.792330,35.222293
245.312555,3.158481,44.747751
246.934635,4.302044,56.245785
248.197904,4.778640,66.061028
249.360812,6.637833,78.560941
249.220128,9.768402,91.126843
248.665676,16.620289,106.402343
248.765004,20.971194,119.553885
248.722693,23.764290,132.792022
248.350110,31.304656,146.593530
247.974398,37.361356,159.853569
246.983055,44.846914,171.879482
245.936685,54.420164,183.370256
243.377220,66.186634,198.050894
241.383630,70.787140,205.980771
238.814343,89.485922,213.507344
234.419501,101.940365,221.945536
228.683974,117.351918,221.943349
218.811380,130.236351,225.115055
209.142517,145.687116,224.347343
193.377774,162.911424,223.105946
181.731596,171.922922,223.228033
162.182119,184.562283,224.320657
149.663004,196.144795,227.120764
134.075051,204.725120,226.800515
116.877825,215.399656,225.104293
100.498901,221.458419,222.712588
83.435663,226.305512,220.465483
68.799559,230.109800,219.841601
54.538747,232.726121,217.653836
37.720157,235.737153,215.300697
26.291387,235.634874,212.466973
18.919903,236.359542,207.166781
12.819456,237.557733,201.193103
9.282778,237.180952,197.203679
5.969157,236.481374,192.806480
227.072198,6.275057,6.906742
228.147735,6.336347,10.774490
230.862042,5.312194,17.326286
233.537943,4.933144,25.871416
239.161847,3.840416,40.044944
239.229571,4.177014,48.444820
243.439822,4.414043,60.343874
243.942069,5.959835,70.005029
246.052862,5.989665,83.253764
246.295454,7.453067,97.886248
246.873135,12.290768,112.892703
247.373225,15.899407,129.850608
248.168413,17.555856,143.135126
247.972562,22.568592,155.894906
247.627054,30.752732,165.534007
246.628621,36.799070,176.046154
244.834522,47.491779,193.527407
243.794969,56.203578,205.461572
242.329058,61.953199,211.571362
239.804174,75.274151,221.700579
234.475527,88.827523,228.397296
227.484166,104.168886,232.359286
220.392389,116.839550,231.386601
212.479894,126.776317,231.963031
197.599435,143.482807,232.625779
180.618482,160.811088,231.322880
165.112623,174.061694,231.114996
145.556593,188.863829,231.628711
133.485616,197.032963,232.877591
117.277653,208.372789,229.974759
99.762383,214.791702,228.354627
83.711203,222.697143,229.624444
68.371695,228.557253,227.617314
48.749514,233.338415,225.799118
36.539300,233.481912,224.370848
26.023203,235.607647,220.731041
19.089362,235.027156,219.424953
13.759295,234.416959,216.678732
9.886617,234.793350,214.049616
6.808933,233.634453,209.653435
215.797265,8.238635,7.352289
216.872450,8.507493,11.049743
220.851523,7.723496,16.612336
224.539287,6.920448,26.438785
228.997878,6.824780,39.546270
233.093055,4.868318,51.601109
235.699530,4.918023,62.705436
238.187646,5.632880,75.412690
240.001718,6.794090,89.482374
241.601245,6.862881,103.568278
243.092034,8.331263,122.486008
244.272780,11.171910,133.768437
246.467076,14.393206,147.770314
246.903307,19.661725,161.058179
247.221033,22.993720,174.522937
246.449429,29.155686,187.209244
244.572481,35.826070,201.678065
242.200544,45.040794,213.455575
241.147557,52.451471,220.673205
237.906557,61.482533,227.931223
234.281112,73.937603,233.318285
229.302844,86.162682,236.117264
221.317906,100.774900,238.164729
212.862956,112.869943,239.693418
200.768097,126.700018,239.772308
183.047502,147.979938,237.559060
162.487375,165.153181,237.960104
145.114951,180.919095,236.585437
129.559332,188.770889,236.508383
114.997084,198.297374,234.883498
96.747896,209.470342,233.649085
82.884833,216.023389,234.196564
64.924737,221.087533,233.821636
46.480177,227.824061,233.226960
35.566079,231.858762,230.744977
24.884841,231.329812,231.588840
17.860569,233.468489,228.356517
12.536639,233.758242,225.742596
9.727684,232.769728,224.506984
7.253518,230.841507,219.850755
203.063744,10.851173,8.157698
204.163645,10.627857,11.392293
207.218020,10.686551,16.628116
213.457525,9.121839,26.152647
218.235637,7.329658,39.874091
223.248860,7.046366,52.654387
228.555950,5.460667,64.885642
229.812168,6.488043,81.044659
232.558606,7.315463,94.698803
234.796743,8.134699,109.039879
239.790312,7.763478,127.542192
242.207655,8.254769,140.559733
242.292285,12.014055,152.529648
243.216478,14.647824,164.125566
245.409585,19.253877,179.026543
244.803478,23.740549,193.679987
242.566856,29.885108,207.256710
240.624319,37.529720,216.738687
240.148770,46.062734,221.324107
235.919321,55.029563,229.492566
233.572946,64.794028,234.322991
228.354412,75.168128,239.155566
221.443118,85.982597,241.840023
210.880263,99.864034,242.891325
201.102742,111.360862,243.667917
182.790648,128.183832,242.083734
161.235029,150.069229,242.042481
143.280854,164.135051,242.411555
127.313658,177.748463,241.472990
112.312933,186.998228,239.827625
96.377793,196.883754,238.629384
79.867614,205.283724,238.810315
61.498056,212.553808,237.901324
46.194487,218.701555,237.956427
32.313397,223.630781,236.679110
23.725223,225.554282,235.978074
17.136445,227.908787,235.363466
11.050252,229.928977,234.802490
8.633796,228.396455,229.454282
7.752804,226.411113,226.414174
193.207588,12.539255,8.528494
194.006515,11.983735,11.898666
195.157757,11.405712,15.633991
198.207479,11.522884,24.379896
207.991480,9.470914,35.651288
216.281729,7.575331,53.871182
218.779743,7.071569,69.215930
221.059369,7.004822,83.709278
225.010962,7.425095,95.229116
228.817805,7.191500,113.750033
232.563975,6.486721,128.861817
235.994238,7.612149,144.199886
237.496531,10.217390,155.231706
240.068899,11.573588,169.119408
241.680598,14.912760,182.673727
240.826970,20.847847,200.463141
241.260193,26.578224,212.062841
240.204557,29.377651,219.050692
237.967071,37.721771,227.140216
235.366329,43.733122,233.937763
231.239440,54.178399,238.061009
226.227745,64.109079,240.625455
219.124774,73.050860,243.604159
207.346678,84.759838,246.177587
195.753990,99.290919,245.939619
180.660698,112.708747,246.767689
159.626026,132.982371,245.140403
141.483021,152.082408,244.254102
124.933120,166.719583,243.171202
109.476824,176.974063,243.411661
92.876721,184.087889,242.646656
75.347196,194.152813,242.289013
60.091166,201.524646,240.593128
43.130557,210.976602,240.142378
31.288098,215.076403,239.200610
23.029323,217.440506,238.584829
16.102785,219.105331,238.243882
11.208169,221.198444,238.232829
8.548037,219.554185,236.075030
7.682682,218.010479,233.606955
178.814243,15.342202,6.629957
181.277546,15.290194,10.479100
184.581678,13.331540,15.512345
187.935606,12.541296,22.259718
192.958303,11.666680,35.075891
198.169702,11.304100,50.661850
210.035817,8.524011,71.106063
213.681364,7.328078,84.765474
215.815149,8.632681,96.892665
222.024600,8.241135,116.011784
226.689607,7.116265,130.463811
229.946775,7.859268,146.123584
233.690549,9.441794,158.097559
236.103535,10.338896,173.056222
235.629413,12.662703,190.034026
237.432756,15.901024,202.730359
238.022049,19.330379,216.436246
238.055035,23.364942,225.161705
236.408189,26.057333,231.449628
233.838349,36.221054,238.847598
229.677300,43.086464,240.481150
222.398090,53.098275,243.410128
214.735869,62.276585,246.626482
204.927596,73.343606,247.014387
191.784330,84.485487,247.754550
179.839612,94.550421,248.240223
157.810060,120.441413,246.539289
146.145079,135.666289,246.244085
124.128944,153.446124,246.509310
106.029301,161.066160,245.587745
90.421441,171.335083,244.593964
73.826839,184.147863,244.592318
58.467635,191.821436,243.121432
42.120396,199.381668,243.493827
31.144875,202.192770,242.107968
22.842017,208.466960,241.193622
15.050504,210.596929,240.186859
10.288551,209.147084,239.805976
7.703950,206.877138,238.991091
6.340087,204.662664,235.867881
169.325682,18.587488,6.809082
170.712028,18.271350,10.030076
172.095377,18.112703,15.627162
171.541943,15.890426,21.977662
175.888830,13.744826,34.735253
185.620226,12.816671,50.070849
191.555751,12.322351,64.284705
202.060458,10.052981,86.911311
206.963494,9.986959,97.113105
213.411016,8.489190,116.411932
219.061628,6.984118,131.861343
224.089846,8.261293,147.783802
228.072240,9.154411,162.740920
229.653886,10.647403,181.128829
230.171993,12.455223,193.602159
229.993706,13.243484,205.792862
232.273134,16.322695,217.397313
234.772315,18.882643,227.961829
234.381671,20.283019,234.461127
229.468710,27.881455,239.576724
224.562775,35.457061,241.787155
220.570608,42.866119,243.104495
212.290867,55.248968,246.358311
201.161764,64.299490,246.930227
186.622263,79.465197,248.497510
174.343483,87.471842,248.481880
157.736030,103.896222,248.406169
143.636030,114.787926,248.472479
118.867725,137.671371,248.623180
103.711842,148.848856,247.627086
90.995589,159.802899,247.512766
70.294578,173.276523,246.310400
55.937962,178.677698,245.343074
43.022433,185.596788,242.775373
31.046309,192.919008,243.631218
21.639002,195.899704,243.370041
15.147839,193.620400,242.012482
10.373865,194.088946,239.821095
7.563780,194.987513,238.421260
6.028341,193.278569,236.748554
158.831805,20.783940,7.552884
159.260136,20.800942,10.672290
159.554418,19.445864,16.455288
161.487367,19.324739,23.570019
161.114810,18.684495,30.733012
170.123085,16.652372,45.537279
177.148014,15.773829,63.691415
187.158014,15.372211,85.447574
191.797453,13.331877,95.265880
199.267307,12.546843,114.712313
205.825091,10.928696,133.552597
211.460959,9.906815,150.002903
213.750602,11.674850,163.384681
220.220483,11.046484,182.160671
223.034148,11.657190,196.388891
225.104569,12.946299,206.022724
227.741208,15.051411,217.376591
229.142012,16.486901,226.370213
226.844054,20.128832,236.203182
222.435174,22.657237,240.878319
218.865240,26.725985,242.025515
212.267572,31.386868,243.079241
204.650126,39.738787,246.132976
194.054355,50.646460,247.408518
182.948844,64.473123,248.215815
166.457645,78.786899,249.067858
151.098310,90.985721,249.202303
139.852741,102.703753,249.861133
117.665706,121.001167,249.555051
102.601596,135.887838,249.029005
87.887455,144.220913,247.767842
67.430611,156.390215,247.127877
51.647169,169.025182,245.088783
41.615276,171.637646,244.831209
31.564986,172.363659,244.244691
19.715602,182.648994,243.372135
15.477461,180.107454,241.821819
9.968499,179.001043,241.346988
7.025183,178.754348,240.686711
5.400376,175.546603,239.050569
147.381969,21.393334,7.014529
147.294974,21.523945,9.376267
148.475192,21.889423,16.785122
153.249843,21.415561,25.316060
154.403350,22.339772,30.943601
158.215225,21.814339,42.813647
166.113461,20.405162,62.958996
173.315961,18.904421,80.381637
177.441949,17.691049,95.536009
184.032050,14.587220,113.490546
189.750088,11.891814,133.699676
197.153802,11.374063,147.478663
201.366977,11.289039,162.279448
209.113326,11.308291,181.413010
213.412860,11.140637,193.620207
216.003873,12.527744,204.579779
218.289623,13.262582,211.983002
218.990055,14.793952,224.923871
218.726906,17.951966,236.541020
216.052242,18.937731,240.778548
212.059687,20.705895,242.661026
204.338645,24.323986,244.882087
195.955964,30.990203,246.813969
187.800636,40.018564,248.136664
175.226974,53.208416,248.204880
160.312130,65.303119,248.145714
145.212898,77.467134,248.825080
134.236131,86.856577,249.430682
117.916423,106.057411,249.585551
98.858813,118.985309,248.914041
83.402293,134.600555,248.210207
65.640015,142.527939,246.071902
52.567872,151.726623,244.401708
38.208333,158.192689,245.460804
30.644244,156.910696,244.759576
21.741957,158.691295,242.803431
13.685485,159.578579,240.216967
10.068896,159.256600,239.918671
8.012797,157.817541,240.220992
5.402570,155.884623,238.073056
135.869088,21.222032,7.754074
136.766930,23.828920,9.444544
137.684238,23.621640,15.514440
141.047331,24.338560,22.330595
145.568484,23.479795,29.542154
148.695326,23.422383,40.510099
154.161883,24.592497,59.810995
160.918508,21.445006,77.477006
167.791892,20.789806,91.708707
174.350923,15.711919,112.046362
181.666615,12.387958,131.499909
187.226333,12.769934,146.484236
191.549242,13.234768,161.014970
196.033776,11.825399,178.780307
199.854459,11.517875,189.708139
204.249105,11.474963,199.009526
206.440459,12.528003,211.065481
204.558096,13.164905,222.520515
206.009305,14.969027,232.827015
204.253049,15.201122,237.723618
201.604177,17.263396,243.066349
195.924723,21.224260,245.839522
188.536485,25.698998,246.808278
179.384954,31.171607,247.639009
168.884514,41.045402,248.199330
156.742166,49.940898,247.994564
142.378826,63.260535,248.134907
127.562217,76.481174,248.609944
113.335532,86.948023,248.990021
95.424133,103.998615,248.681800
83.718347,112.129329,248.369464
64.243311,125.146434,247.496631
50.344909,132.741841,245.438978
37.393425,140.527458,245.175884
28.649200,142.610815,244.251303
19.894981,143.565755,242.055144
12.997321,141.708949,240.766162
9.075083,143.715716,240.622440
6.161014,139.222941,240.057070
4.033808,138.986905,238.035321
127.503470,24.282432,8.083908
127.234105,25.404746,10.031934
128.664702,23.830024,15.234609
132.339030,25.632696,21.234510
134.591624,28.287003,28.343693
137.798541,29.911330,41.883066
141.488596,27.231581,56.045236
146.409776,23.592568,72.976766
151.785606,22.732498,89.308944
159.252821,19.984686,105.457805
166.849560,17.069306,125.535008
171.371396,15.271421,140.067914
177.387699,14.085221,156.213582
185.761755,12.068016,173.721795
189.630787,11.893468,186.257573
191.974223,11.961942,196.409851
195.033603,10.665273,209.345973
197.886159,12.075105,220.244577
197.486579,13.218584,230.299112
196.018828,13.379414,237.230569
191.814379,14.624308,242.689540
186.776968,17.087886,244.620608
179.873365,22.449146,247.038653
169.093640,25.844899,248.216371
159.208222,33.215862,248.679061
146.103539,42.294589,249.167566
139.332926,51.540326,248.873627
124.442228,65.956746,248.964073
111.537237,73.592190,248.952048
94.506873,88.302890,248.834164
79.191337,102.741166,249.533306
63.453939,112.156831,248.017468
50.283411,119.853884,245.564125
36.232524,125.754073,244.928995
25.037523,126.796749,243.830261
17.966964,127.043146,242.165022
12.746605,124.665250,240.671100
7.018324,125.064214,239.696382
4.464043,125.082486,239.965516
2.591903,124.788344,239.086614
116.973821,26.006438,7.518340
117.810332,27.008820,9.140130
117.797483,27.619163,14.209635
119.349632,30.399527,20.163964
123.667050,31.119229,27.085720
128.209069,30.895053,40.469751
131.234403,27.461166,57.521201
134.157285,26.854314,72.724331
139.263733,24.097145,85.443815
144.913455,20.637699,101.184297
147.584525,19.955718,121.381235
153.193333,18.202867,137.690228
159.200054,16.293097,149.802088
167.480957,15.278201,167.761857
174.227608,12.826698,180.046408
175.448667,11.051951,190.545591
179.107784,10.463430,200.534817
183.418493,10.167160,215.708927
183.503946,10.754938,226.346000
180.621421,11.592412,232.770020
178.833280,12.271271,239.380012
175.451502,13.883775,242.805962
167.855466,18.736931,245.035961
161.720651,23.126945,247.265774
150.233770,29.645495,247.819428
142.613328,34.860550,248.267818
135.619926,40.870064,248.522892
121.132773,55.207007,248.452227
104.045523,69.793571,248.709375
94.916960,76.826856,248.871347
78.512119,86.826930,248.434532
63.125435,98.370108,247.756973
49.195721,104.644757,244.735256
32.094839,110.570522,244.134518
23.007405,113.312867,243.966253
15.259095,113.967739,241.085709
10.944223,113.768483,240.995965
6.442370,113.943180,239.807237
3.657900,114.179149,238.802149
1.928938,114.489151,239.635951
107.236902,29.036416,7.582717
107.546131,28.232524,10.265514
109.902623,30.488861,13.771259
110.728715,33.379694,20.193073
111.185015,36.170541,26.690517
114.156155,34.715163,39.943743
117.759977,30.946870,54.752083
122.110256,27.421910,69.256794
123.324523,24.832014,82.556350
128.189077,21.485540,100.296157
133.402048,21.037395,116.888876
137.651724,19.572270,131.938450
144.270531,17.505534,146.279852
150.419985,16.201498,160.192051
156.277415,14.268563,174.101318
163.117283,11.246770,186.208922
162.471541,10.608413,192.271997
166.993180,10.023046,209.946482
166.831763,9.752318,220.751438
166.497577,10.584439,229.664260
166.397813,11.707190,233.489415
166.470544,12.357679,241.362572
158.287723,16.294809,244.069607
148.682888,20.326990,244.772981
140.952658,24.053801,246.619598
135.325858,28.936826,247.137552
126.061001,35.048980,247.646510
115.308918,41.398742,247.823975
101.396439,55.658402,248.727307
89.677725,63.769467,249.469522
76.376211,75.095654,247.861440
63.223968,83.602237,247.634410
44.885164,93.721072,244.532407
27.178002,96.515940,244.379164
18.903981,95.812878,243.400570
14.374292,97.193149,242.195500
9.286846,98.208413,241.004410
5.751563,96.791273,239.945163
2.535080,99.942577,240.108587
1.661081,101.028477,240.172663
96.350906,28.771802,7.663949
95.545452,30.674318,8.823398
98.020135,35.011769,13.622137
101.826789,38.944298,18.690660
99.289579,38.801100,26.491784
100.688741,38.731919,40.422861
101.099348,34.773710,53.006397
105.360680,28.602417,66.488480
107.655478,25.531622,82.003133
108.252575,23.969465,95.357684
111.872346,23.369412,110.701896
118.042174,19.100198,123.295014
122.142691,18.479717,136.791317
130.062438,15.804488,150.518066
136.232803,12.334497,164.804732
142.770246,11.131118,176.398173
148.427026,10.148811,188.774266
154.709633,8.864929,206.383785
153.973662,8.710041,216.113725
156.575382,8.390104,224.453121
154.653714,9.527279,230.726040
153.295655,11.326040,236.680091
145.186571,14.049549,241.168894
135.908862,16.800689,244.101654
132.337965,19.921552,245.143611
128.459799,22.802373,245.887537
115.527569,29.738421,245.501591
105.342485,34.875335,246.453451
97.184709,39.700940,247.399354
88.367172,45.722562,248.752764
74.178288,60.073516,248.267266
58.223606,64.839907,247.247510
40.796141,71.931545,246.695747
23.537459,79.639865,244.097754
15.380007,80.268108,242.323465
11.150049,76.415736,242.942711
6.812689,74.030272,241.485710
4.356533,76.649631,240.447272
1.810981,77.247281,238.870763
1.256529,77.678738,238.602718
79.289030,32.088695,6.184381
80.774711,34.054187,8.037944
81.942632,38.059095,11.990407
83.923139,41.459941,19.051970
84.474498,39.675184,27.988287
85.848379,39.489326,40.216482
86.384096,35.461343,51.211949
85.887981,32.731501,63.595333
89.888222,26.035064,76.906615
91.359493,24.325366,91.145855
94.077996,23.037730,102.571971
98.813641,19.534889,118.488271
105.254444,18.899449,129.749992
111.048771,16.570647,140.814361
117.686068,12.820449,153.789304
124.530436,11.115644,167.581511
131.731833,9.415378,182.435857
135.565165,7.360878,199.801025
135.035153,7.442291,209.425381
133.236649,7.657013,216.747268
134.624203,7.426569,224.417794
133.684100,8.445764,230.028384
131.810894,10.873348,239.649331
128.254215,14.423354,243.751903
124.422680,16.638827,244.653736
115.424647,18.980784,245.643087
106.003744,21.983912,245.231967
97.349473,26.905856,246.414777
91.587138,30.354412,246.883644
80.992259,33.828023,247.373666
68.406910,36.993845,248.601402
55.129668,43.895276,246.919523
36.240564,54.819005,246.514564
18.366183,61.044926,244.473508
12.792040,59.577032,243.458584
9.236879,61.694792,241.792505
4.981274,62.858902,241.845644
3.316942,60.903961,241.139297
1.520451,61.815245,239.160727
1.006256,62.228626,238.515616
62.811004,33.447256,6.039822
62.953798,37.858836,7.648329
63.135882,40.430062,10.879767
61.709115,44.392788,14.794284
65.423114,41.347453,25.863679
71.159772,40.984018,38.503185
71.164647,36.351177,51.226372
70.507397,35.462135,62.153968
73.165624,29.372873,76.014095
75.303859,27.973051,89.407807
75.758773,24.592328,97.561069
80.511215,22.892444,109.255919
85.202791,21.093999,119.866583
95.160836,17.154032,135.519387
98.359288,14.584048,146.409858
101.619767,12.688344,158.811167
105.609964,12.966740,173.142753
108.371532,7.111008,189.599961
114.579574,6.870324,201.406284
118.726163,6.452796,210.421843
118.414260,6.756970,217.277281
121.124142,7.289530,226.414839
121.282923,9.122944,234.668698
120.434991,11.008980,241.998687
112.532408,13.723877,244.430072
104.474837,17.629089,245.042929
97.016136,19.235805,245.717063
91.022389,20.764766,246.608806
83.629861,24.392839,246.464812
75.844811,24.062658,247.448709
62.424778,27.623350,247.900631
47.701805,32.430883,248.076377
29.547950,38.555059,247.969429
16.447997,42.111220,246.231269
10.273393,44.331329,244.497502
6.275897,42.175175,242.934284
3.602187,42.916857,243.001095
2.533926,45.533884,242.021765
1.349196,46.965847,240.694114
0.883203,48.205378,238.701788
50.003626,31.820211,5.175800
49.763163,37.429291,6.219943
49.180530,40.554376,9.299009
49.951963,41.747892,15.391201
48.259552,45.630562,22.689664
45.894570,47.811422,34.060940
53.372217,45.154887,50.431481
55.207733,37.500833,61.795703
57.920115,32.587643,74.210720
58.963352,29.356102,85.128962
62.733619,26.205569,94.815534
63.927707,23.859502,103.913381
64.432309,21.676475,112.734500
65.431427,18.257360,125.865397
71.610007,14.638706,138.751106
72.808848,14.270464,148.738042
79.440268,12.816926,164.467932
87.259906,9.108692,181.948418
92.877442,6.922270,192.839041
100.132769,5.085500,202.418560
106.343988,5.729683,210.881279
108.789558,5.743704,219.204480
107.621356,7.453322,229.905581
104.828708,9.707533,237.616982
99.617529,11.719574,243.366879
93.381395,12.968700,245.442032
89.907913,13.726719,247.251576
82.680484,16.003996,247.107424
76.747476,17.407531,246.980955
66.238114,17.103308,247.730715
55.200880,18.030427,248.315423
42.372262,19.923195,248.739751
26.031164,25.833349,248.742461
14.846298,28.489811,248.078061
7.365632,27.833936,247.172899
5.331117,30.293188,246.030949
3.309368,32.520901,243.681233
1.850502,33.043003,242.389903
1.134926,35.505593,240.994819
0.762387,36.066116,238.523234
38.420399,30.924398,4.000028
38.997950,34.897991,5.685203
36.482722,38.454227,9.455974
34.727671,44.944285,14.528584
31.748682,50.891901,24.604007
33.197329,51.161379,32.601931
34.260622,47.423127,46.139346
39.979366,40.367847,60.377099
42.616447,36.256739,70.376439
43.160804,29.836972,81.662053
44.352622,26.919346,90.709471
45.791523,23.830601,100.621696
45.803091,21.751134,109.175278
49.473210,19.151683,121.461291
50.078095,18.250448,132.238995
57.648115,14.858484,143.612773
61.988018,13.343960,159.653380
68.881998,9.212024,172.848862
77.036852,8.213718,186.680095
79.555692,6.086778,192.953125
83.682753,5.280338,202.846831
91.858557,5.641113,213.356406
89.300645,6.499467,222.859000
90.931844,7.196652,234.180406
90.057808,9.140503,241.288612
88.225421,10.268196,245.347389
82.925179,11.195898,247.474359
77.162856,13.040579,247.681698
67.669402,11.910582,248.444205
59.581377,12.140434,248.743138
50.898702,12.061649,248.727989
37.339675,12.831076,250.548558
25.499328,14.945963,250.387816
12.165925,17.617389,248.760597
7.079364,19.217151,248.951942
4.445991,20.129908,248.387465
2.923698,21.269473,245.548331
1.475972,22.430769,243.036715
0.958172,24.313818,240.039931
0.614586,23.871088,238.110577
29.916826,30.803379,4.374835
26.937106,32.563974,6.108908
25.101867,37.503036,9.707447
22.512425,43.018266,15.762244
23.452325,48.200116,23.081314
22.356570,50.185444,31.894090
22.951502,46.744913,44.058987
27.909126,40.271339,57.720255
30.447904,34.098883,68.948132
31.363976,30.214828,79.007537
32.452825,25.406816,88.420678
32.645964,23.215119,98.911697
33.660994,21.237953,107.732904
34.651461,20.712011,118.354777
38.068065,20.392774,129.701523
40.415189,17.364189,140.983818
44.219654,13.590747,154.187608
51.509638,10.897068,164.452831
61.325644,7.790590,178.994832
65.570029,6.901460,188.354780
71.080218,5.297422,196.232122
76.986737,5.258445,208.492738
82.781521,5.595461,220.225456
82.988098,6.091284,231.415815
83.826130,6.772727,239.095876
83.563555,8.709186,245.467242
77.784555,10.105612,246.612985
71.080051,10.107903,248.076886
63.235811,9.614780,249.032308
54.497963,10.153323,248.834315
44.247402,9.670411,250.161866
34.946981,10.204303,250.098892
24.029148,8.527826,250.609430
10.940810,9.373189,250.976197
5.350622,10.189948,250.962389
3.390288,11.093746,249.992266
2.071795,12.818355,247.844322
1.282532,14.589098,243.289807
0.684138,14.368146,241.205442
0.477299,16.115273,238.550048
20.438898,25.631217,4.825971
18.306439,29.506565,6.933988
16.450796,35.143584,11.240221
16.332286,41.966332,15.717001
14.744494,45.435740,22.069516
15.263580,45.570896,31.873620
16.442248,45.002705,42.762522
20.125839,37.892268,55.006759
21.883009,31.952520,67.423543
23.247795,27.245180,76.717790
23.098574,24.283669,86.893717
24.694992,23.592942,97.873844
23.353441,24.331222,106.696144
25.354257,23.481487,116.095812
26.948695,21.826321,128.162216
30.796178,18.614398,139.919544
34.522478,13.691424,148.990883
41.091137,10.933882,161.434377
47.223441,9.042604,173.068640
57.468634,7.189620,184.653115
59.097504,6.977922,192.004195
67.178742,5.080643,203.527569
73.425583,5.274990,215.986066
77.435643,4.505563,229.535772
77.312204,5.887269,237.485514
75.639734,6.619267,244.542863
70.681620,6.900764,246.628848
67.064959,7.560879,248.650127
58.954336,8.068187,249.534172
52.265269,7.568861,249.418564
42.495774,7.758544,250.501243
32.736970,7.903122,250.164839
19.632592,5.183194,250.774289
8.318197,4.406754,252.108670
5.036580,4.775227,251.615763
2.691410,5.762016,250.427225
1.813106,6.737954,249.208478
1.079711,7.370529,245.427855
0.576348,10.004547,241.147643
0.388763,9.977492,239.304176
14.086966,22.102548,4.768421
13.090742,24.530948,7.242991
12.251436,31.530551,10.959174
11.786182,38.249213,15.723366
11.082435,41.785527,21.615202
11.242842,42.814401,32.095617
13.183618,42.836422,41.341548
14.627534,33.302235,54.262339
17.466583,29.041948,67.069659
18.404914,25.545273,76.399804
17.801868,23.194328,86.964328
18.284663,23.229213,96.652114
17.937662,24.436500,107.494719
17.972637,26.328368,115.583416
20.869844,22.251686,126.660815
23.332038,18.881265,137.826519
27.769503,13.929591,147.424078
32.614369,10.883440,159.075513
37.770295,9.652476,167.863415
45.167206,7.538760,177.406474
53.749604,6.924142,189.256079
60.540437,4.917885,199.602636
65.075960,4.610484,213.170269
70.864937,3.904507,227.999228
71.798727,4.974928,234.797462
72.585911,4.851029,243.619697
69.379394,5.131228,246.060945
63.460883,6.012374,248.100698
55.817521,5.743096,249.040366
49.074241,5.526379,249.310531
38.747580,6.082611,250.361652
30.220521,5.681992,250.421050
14.659843,3.558549,251.293499
7.404228,2.541318,252.203494
4.188357,2.496039,251.478256
2.364393,2.658150,251.145296
1.735979,3.296983,249.505549
0.949344,3.598034,246.510478
0.611477,4.199091,243.300719
0.417882,4.801710,241.602957
10.377616,18.981597,4.664874
10.499395,22.895161,7.436923
10.191293,27.907245,11.645271
10.062673,36.926374,17.403507
9.891694,38.684504,22.727498
9.293071,38.622276,31.790872
10.746994,37.719204,40.510859
11.913894,30.190486,53.782913
13.244337,27.000541,65.700388
12.733822,24.844355,74.171880
13.710346,23.848104,86.861646
14.484997,22.429920,96.522125
14.823229,24.059711,106.702838
15.031369,24.327588,113.574417
17.013575,21.228875,126.323828
19.518083,18.038983,135.778215
24.701770,12.981103,146.616872
27.956380,10.275769,157.028577
32.113918,9.424212,167.124034
39.947254,7.623250,174.554962
46.669826,7.166648,184.785159
53.711661,5.230609,196.263256
60.273686,4.633141,209.778323
66.544335,3.637944,226.560115
69.088090,3.554112,232.798032
69.366867,4.142059,243.023469
65.175614,4.891786,244.943573
60.289760,5.041521,247.005847
53.270406,4.828161,248.479126
44.646375,4.651655,249.242970
38.055335,4.370565,250.145176
28.417900,4.091050,250.143418
12.543112,2.530230,251.413596
6.886254,2.045379,252.033135
3.835775,1.802158,251.606121
1.807660,1.344334,251.844179
1.529906,1.756331,250.048495
0.909144,2.072795,247.773162
0.553058,2.598221,244.261421
0.420077,3.344220,241.372338
