1600
3
246.696318,90.359747,234.801849
245.916704,90.573853,227.161840
245.890424,86.977073,216.480425
247.110772,76.425419,201.717385
249.391636,68.027223,187.787651
250.471094,49.156808,166.868744
251.375681,39.806057,155.816803
251.856548,30.980486,141.207850
252.541579,24.197048,127.623420
252.533435,18.224826,111.017319
252.684843,12.920897,94.140719
252.422929,8.645303,78.403678
252.599184,5.595262,63.268672
253.077235,3.940275,48.061597
253.857376,2.546603,35.347822
254.079220,1.339255,24.238398
254.194064,0.736275,12.288291
254.355367,0.388218,5.062986
254.363029,0.301465,1.774090
254.627921,0.428975,0.428000
254.284352,1.609502,0.438147
254.133764,5.219796,0.531553
253.787805,12.311264,0.670847
253.569431,22.197523,1.543484
253.116197,33.554400,2.328091
252.755153,48.065033,4.319939
252.739662,63.290790,6.928026
253.089976,74.934603,8.844899
253.084138,87.258241,9.354246
253.570358,103.134352,11.207702
253.503032,114.049428,11.139829
253.239322,124.215322,13.719697
253.208365,139.354498,17.205822
253.316441,150.538573,18.540863
253.123584,165.600854,27.046481
253.220651,184.072148,28.579328
253.122857,196.688004,34.337496
252.631117,208.287354,40.902565
251.451929,220.547635,43.896932
250.704566,227.371219,47.178560
243.518252,99.005361,239.961612
242.516766,94.852800,230.629021
244.711219,87.693969,220.633908
245.342084,77.288493,207.536898
249.062344,64.277151,192.187273
249.819398,47.248717,171.298717
251.277666,36.203499,158.917096
251.332055,28.043035,144.534437
251.414564,20.610933,130.161858
251.098975,15.262426,113.224900
250.933214,11.170508,96.771725
250.964146,7.868573,81.363308
251.333390,5.828586,65.733754
251.523778,3.668785,49.666950
252.128352,2.594628,37.788782
252.701415,1.581395,24.942799
253.102207,0.737347,12.824541
253.215169,0.382976,5.764864
253.465665,0.332067,2.004581
253.452158,0.661614,0.753597
253.318200,1.732809,0.439758
252.606734,5.071042,0.587504
252.416536,11.976613,0.685446
252.085526,21.799044,1.472509
251.658126,33.206031,2.378222
251.147011,48.879936,4.090822
251.011601,63.887719,7.819888
251.137386,75.094607,9.778079
251.196553,87.696778,10.135876
251.879319,104.070136,9.556575
252.194198,115.548999,10.284310
252.250752,128.071270,11.557196
252.330978,141.648486,14.093788
252.197070,152.335795,16.767871
252.736395,172.665292,22.100256
252.463629,188.341623,24.591600
252.307517,203.110530,32.451563
251.298500,215.945836,38.566962
250.396389,228.123582,43.785789
248.753205,235.600790,49.251344
241.407097,89.985193,242.288273
242.784950,87.876484,235.116138
242.565043,83.623096,227.188945
244.853264,69.692644,212.528208
248.332438,57.979583,198.856445
249.772973,41.010436,178.030753
249.534647,29.123237,163.836663
249.422188,22.383088,148.842333
248.745776,15.854909,134.872024
249.162322,12.408215,118.413496
248.796892,9.801777,101.736511
249.121957,7.686714,85.298883
248.613278,5.159877,68.879925
248.819035,3.239942,49.814680
248.905176,2.421070,37.192206
249.974941,1.699325,27.143451
250.266637,0.956995,14.264559
250.496796,0.481843,6.336241
250.538081,0.477823,2.488054
250.915313,0.634454,1.231664
250.533710,2.022793,0.704118
249.676999,4.983610,0.587595
248.530691,12.183709,0.821736
248.187162,21.104671,0.968074
247.144775,32.300172,2.477319
248.061847,47.398865,3.075374
249.508741,63.196594,7.326369
249.358928,78.842169,10.634637
248.677531,90.263798,10.114957
248.522791,104.619024,9.223818
249.414812,116.917926,9.846930
249.171254,130.769788,9.506281
249.701091,143.854074,11.930151
250.804026,156.675170,13.343389
250.607852,176.835877,18.477111
251.108281,194.014915,21.289842
250.865027,211.616514,26.753968
250.081980,224.279306,31.388366
249.060799,233.964388,35.760732
247.995016,238.372425,39.190296
241.976163,79.695843,244.613090
243.033506,76.493147,241.388737
245.236469,66.953926,233.882499
245.465211,55.258591,221.134154
247.782381,40.923733,210.010324
248.502566,28.988773,190.797197
248.142753,20.764322,170.137271
247.382960,15.851225,156.431566
245.767515,13.942267,140.843748
245.355571,11.432312,124.746253
245.065768,9.654065,107.149654
244.707742,7.228099,88.530956
244.219902,5.432931,71.812025
244.357963,3.529163,53.273857
245.894845,2.613816,38.248414
245.689202,1.808207,27.279706
245.574435,0.807342,14.459774
245.795447,0.543006,6.098185
246.484225,0.539848,3.072731
245.277275,0.734571,1.730409
244.158391,2.126403,0.970628
242.455093,4.996310,0.781583
242.957772,10.468987,0.975155
241.390086,20.411644,1.241577
240.619690,32.159472,2.635493
240.605591,44.462506,3.883971
241.263585,61.391444,5.968605
242.956913,76.072295,8.522676
243.077505,91.552929,10.027777
243.172512,105.264359,9.900972
244.576598,119.572204,9.962823
246.003424,131.623147,9.934731
246.786289,142.665397,11.402790
247.320202,160.689811,14.481435
248.683978,182.772003,15.706914
249.157820,201.412698,17.945453
248.971073,218.857730,21.786380
249.038434,231.897778,23.754347
248.065356,238.735683,26.006480
246.506039,242.821817,31.186010
241.690565,64.932155,245.257625
243.416237,56.807972,243.231051
244.766777,51.405356,238.591334
246.742891,39.536490,230.673243
246.966943,26.930070,216.388862
246.197409,19.473686,200.518596
244.603731,14.063453,180.626416
243.587763,12.930079,162.514948
240.949798,12.722742,144.506775
238.931081,10.984290,128.211299
237.956707,8.890557,112.471753
235.476975,7.319890,93.155686
234.478925,6.362506,76.477944
236.124572,4.946256,58.471405
237.329770,3.238607,40.452552
237.262505,1.762421,27.504300
238.025155,1.157190,15.387602
238.927416,0.864393,7.205951
237.307609,0.779593,4.247408
236.591299,1.075809,2.863041
235.137336,2.434973,1.589522
234.917014,4.925458,0.955007
232.581939,10.295160,1.280422
232.431280,18.506184,1.723115
231.259619,30.061769,2.643916
229.798786,43.225234,4.154720
230.649480,57.509645,5.733916
232.750989,76.404296,7.371132
234.013015,93.013123,9.373043
233.647194,105.392664,9.986557
234.994785,116.727503,10.418662
237.833472,129.641085,11.665842
238.900687,143.478201,12.838439
241.888106,163.343685,14.271932
244.936901,188.612955,16.154807
246.129100,209.081294,18.253435
246.295577,223.975204,19.230032
245.375449,236.431613,20.016660
246.250407,244.821310,17.519220
242.927799,245.506359,25.349312
240.519870,49.083697,246.659247
241.265263,44.428125,245.162356
243.234359,34.787938,242.556512
245.316125,24.655202,235.009955
244.593113,20.392954,223.186509
243.036121,15.602024,207.128485
242.482933,12.150508,190.240346
238.785182,12.677816,169.331314
233.491734,11.890760,147.024414
230.109226,11.515978,132.138493
227.188729,11.368497,117.492339
225.022041,10.005331,98.293490
223.390941,9.017440,81.832258
222.072486,6.731408,62.972794
223.686498,4.769506,48.396605
226.441300,2.513785,27.099873
226.021101,1.862678,18.590564
226.369545,1.226805,10.196472
226.196641,1.203614,5.649336
224.598196,1.971148,3.809787
222.402307,2.743577,2.687160
221.820905,4.931243,1.402363
218.571304,11.013920,1.749430
217.353849,18.125573,2.529292
216.501318,28.067349,3.375702
214.379846,41.554860,4.562016
214.939695,56.638632,5.988645
215.560935,72.877875,7.453682
219.534752,91.516449,9.173503
221.865553,105.057094,10.213479
223.990189,114.065190,14.011769
226.279189,127.766333,15.352059
227.823346,144.350998,17.488633
229.532672,163.079145,19.068739
234.851324,191.587264,20.258655
239.103851,214.388632,19.605908
239.024609,229.916692,19.769918
239.344592,238.887618,19.906655
239.915557,244.738221,21.442710
237.730539,246.077243,25.261337
235.511184,33.350256,247.262899
236.777806,29.489812,246.191618
239.717780,23.214596,243.459345
242.168106,16.638853,240.416072
239.658885,15.166638,228.833829
237.626420,14.768397,211.613999
235.015739,13.238063,196.543184
227.967083,13.383601,171.057413
224.283598,11.444237,150.349638
218.526948,12.032034,135.566233
215.083509,11.908842,118.151484
212.672305,11.311054,99.264061
209.773084,9.730502,83.390097
208.657511,7.279087,68.696753
209.874913,5.912805,54.051502
211.326075,4.078227,34.276613
212.446404,2.224239,20.499093
213.807348,1.890532,12.391444
211.084990,1.773688,7.832145
209.874022,2.040583,4.998284
208.097972,3.368824,3.640357
206.701578,5.098635,1.950602
202.742896,10.852448,2.603123
200.333603,17.504827,2.511183
199.603585,27.938233,3.216734
201.675841,38.807872,5.199965
203.328464,56.985667,6.772063
202.377764,72.027335,7.706191
204.906654,88.417454,8.912877
207.630911,102.212456,11.876625
210.515867,113.392193,15.948735
212.417466,125.681877,17.807177
212.250886,145.604631,20.592978
214.771280,165.411607,22.385865
216.021409,185.064537,23.216787
223.810143,217.574147,20.921557
227.620489,232.011307,21.088546
229.756329,240.691104,22.380879
229.753279,244.909358,24.683828
229.515830,247.021862,27.092895
227.776267,28.686272,249.346107
229.255463,24.700043,247.665438
232.499970,18.856521,244.729220
232.715836,15.535950,238.645916
231.681196,14.784404,230.490190
228.961270,15.959259,215.412605
224.808684,15.565535,195.949201
217.275457,15.487666,173.826642
210.667524,14.343327,151.519586
204.720583,14.695631,135.497988
200.235842,14.107282,119.244864
197.285124,12.242137,103.267459
195.871952,10.453179,87.842182
195.659085,8.435795,72.417465
194.322580,6.308504,55.829134
193.466241,4.334255,38.249274
191.570129,2.815564,26.477593
193.614603,2.081384,15.825790
195.488365,2.213480,10.208343
195.276401,2.085623,6.260206
192.519291,3.380264,4.086728
190.356678,5.419611,2.860334
187.265112,10.411843,2.743799
185.330397,16.042374,2.926604
182.617066,25.887246,3.193389
184.050710,37.124580,4.960527
184.569235,57.091167,6.536846
187.452956,72.222075,8.794937
189.280198,87.008043,9.456629
193.168064,99.521400,12.817604
196.307437,110.578807,17.116548
196.080474,128.153032,20.245498
197.074407,148.902413,23.057162
198.514959,169.598727,24.546860
200.388371,190.248328,25.316896
208.124835,213.143622,23.117222
215.082852,229.937208,23.436304
217.942278,239.700863,24.732060
218.313511,245.812217,25.298135
218.423128,247.887032,30.219731
216.669792,25.991355,249.600013
219.593969,21.348882,247.849430
219.787334,18.761779,245.425232
222.062386,16.512389,238.916564
222.027027,15.080168,231.177740
218.000996,17.576258,215.490869
210.657198,18.786645,194.645733
203.754971,18.232627,170.169702
195.846102,16.445158,150.309933
190.090688,15.216276,136.777870
187.578833,14.118173,118.838903
183.975044,13.477451,103.414826
182.971264,11.075878,92.139074
185.646599,9.228295,74.763280
180.679605,6.970562,56.941568
176.403363,4.602205,42.302431
176.156667,2.709040,29.322021
178.544621,2.345081,21.045975
180.311942,2.241706,12.929161
181.460086,2.442133,7.973277
177.010297,3.215303,4.599743
175.915274,5.166301,3.443347
172.995354,9.648536,3.112757
172.283622,17.462920,3.262014
169.436392,24.546120,3.673476
168.914749,37.223230,4.956615
168.931656,55.912729,6.468203
174.380027,70.528371,7.974104
177.018343,86.030668,10.185979
179.229659,97.174370,12.901329
180.366249,113.767571,20.134049
181.405399,130.828289,22.380034
181.771670,149.289796,25.215269
186.792927,171.578692,25.718185
188.142627,191.799468,23.883042
191.720631,210.611552,24.557529
195.556802,225.531197,27.756753
201.961190,237.713761,27.856487
204.681613,243.826372,27.164730
206.574142,247.792862,30.283672
203.413815,23.795553,249.763828
206.080636,20.799991,249.104809
209.588739,17.072052,245.788950
211.080535,16.842163,239.396345
208.974568,17.454621,229.548038
204.498143,19.673701,212.827783
196.133032,20.122139,191.455663
189.157780,18.789584,169.753361
184.106950,16.468659,150.873358
178.968927,15.800428,136.338818
175.360682,14.393688,121.213765
173.792214,13.803349,106.028671
172.357502,12.098587,95.349864
168.508459,9.180444,78.111552
168.169801,7.898825,59.879561
167.366744,4.975373,42.627666
167.236337,3.160850,32.305170
167.822751,2.395065,23.000330
166.791814,2.192363,15.320097
164.755351,2.379506,9.532049
163.534682,2.796443,5.537870
159.231147,4.851677,3.744748
158.687839,9.066990,3.171195
155.653932,16.154687,3.426817
156.659184,23.308984,3.918579
156.405705,35.810112,4.389150
158.992538,52.258938,5.970963
162.928880,68.904922,7.744562
164.993841,84.968200,9.366401
167.868691,99.704915,13.309599
168.221609,116.447442,17.969841
169.902436,132.682254,21.996858
171.948892,151.490449,22.722032
175.368327,170.825847,24.824381
179.288675,190.234864,23.352053
182.987455,211.732930,24.818174
185.608571,224.277971,26.148649
188.341831,234.383267,28.160180
189.898657,241.630559,31.935624
191.857128,246.331951,35.716027
190.571592,23.717793,250.297559
192.206679,20.771550,248.419475
194.583095,18.317948,245.458569
194.261361,19.235087,238.213699
194.021535,18.558565,228.003097
188.734472,20.834029,209.999393
182.920898,20.522897,188.142178
175.047683,18.812734,167.525733
169.172816,16.053278,151.498492
165.442317,15.074086,135.541464
163.423886,13.870329,121.846197
162.317806,14.679682,110.873415
161.037063,12.811793,95.044810
159.608542,10.066108,79.370999
157.733198,7.147958,62.523093
156.766537,5.260038,45.786017
157.672967,3.763859,34.306293
156.100048,2.883297,25.163270
155.638278,2.214222,16.883158
152.775358,2.326528,10.436359
150.173507,2.756748,6.459754
145.573513,4.943033,4.221880
145.837597,8.158351,3.537272
142.416363,15.033294,3.350775
143.163059,23.866964,3.652699
143.340053,34.854609,3.849664
146.230155,48.972042,5.772255
149.662171,67.461704,7.235902
152.243682,83.585137,8.952424
155.178628,100.420809,11.060004
157.638782,117.810689,16.835354
158.629972,133.275159,19.281963
161.349262,152.391371,19.093806
165.108955,169.410704,21.072769
168.801489,189.927426,23.765175
172.836848,211.310496,22.087669
176.066938,222.072278,25.148671
176.736913,232.479324,29.171292
178.861583,239.834182,32.438975
180.233364,243.758010,35.058208
177.248761,25.390188,250.868082
177.688079,22.132252,249.112287
178.718116,19.647304,244.879587
177.951919,19.551076,237.349050
177.339464,20.163220,224.520110
170.389689,22.882018,207.118107
164.960441,22.390331,186.283533
158.810665,19.244937,168.355433
155.589878,16.351446,151.351538
153.068621,14.526789,138.530050
152.512890,14.564364,125.351215
149.548188,13.512072,113.970505
150.232362,12.084398,97.017278
146.631483,9.013356,81.227533
144.377614,8.433776,66.267472
144.249682,5.986769,49.417759
146.151662,3.661010,36.350592
141.680841,2.674742,26.747124
139.283803,2.373005,18.731338
137.499328,2.015523,11.777135
135.037436,2.999726,7.170032
134.517639,4.272037,4.604762
130.445447,7.696315,4.146576
129.978944,14.607152,3.434810
130.292559,21.399701,3.131102
134.011793,35.178979,4.072281
133.845925,48.707908,4.500690
136.729852,66.496400,6.291778
140.272173,83.358654,8.691942
140.983112,97.007711,11.910923
144.521225,118.322372,14.786860
148.125979,135.488594,17.359437
151.030770,153.851105,17.192526
155.669670,168.940708,16.889970
159.306686,190.923979,19.975406
164.778860,207.510907,23.549923
166.680581,221.561824,25.285455
169.057155,231.304127,30.117848
169.139796,239.627784,32.859606
169.900566,244.450223,33.144826
161.362476,21.282676,250.307171
161.469037,18.952918,249.381698
162.391721,19.087614,245.012148
164.773464,19.686354,237.113744
160.133106,20.672628,225.490667
157.088316,19.099406,209.668276
152.233729,18.518405,184.984671
147.568130,17.230971,168.785801
143.514624,14.629807,153.719857
140.587967,13.853400,141.013673
137.790538,13.239275,126.791979
136.037117,12.761646,115.871229
134.469086,12.019964,102.910079
131.198270,8.513608,85.172380
131.324356,7.858561,70.313753
131.019024,5.284607,54.325052
129.665526,3.663452,38.767697
128.789102,2.455778,28.769159
129.604894,2.345485,19.050680
125.437295,1.899571,12.001200
121.775649,2.471464,7.323682
118.004440,3.972144,4.295625
117.503535,7.228819,3.646026
116.915460,12.287623,3.240496
118.530465,19.381005,2.888081
119.693527,34.419300,4.005449
122.331134,46.412446,3.787293
124.338256,64.521449,5.465365
126.799562,80.674003,8.347269
131.091067,97.602869,11.647464
134.613249,116.767061,15.100131
138.256920,132.780938,15.184747
145.063804,151.980690,15.434607
146.853342,169.728881,16.069459
151.607697,189.000487,17.660005
155.112547,205.513471,21.867975
156.758023,221.397327,25.474140
158.849417,231.092490,27.033275
161.869839,239.695092,27.749820
163.480509,244.789168,27.223458
149.861354,19.408028,250.782237
151.558398,18.044229,249.600172
150.825331,17.079377,245.027241
147.758355,16.930566,238.008439
144.763673,17.872511,224.304385
141.203811,15.686012,210.648359
138.704822,15.113819,185.273369
132.178836,15.294031,169.239990
129.941936,12.704800,154.596882
128.550100,12.399658,142.138815
125.894112,12.600350,129.748011
122.391552,11.655541,116.032002
119.114737,10.570386,104.752308
117.824070,8.113505,89.624578
114.726464,7.348248,75.138023
116.219273,4.565625,58.131953
117.563257,3.413073,41.351003
116.477768,1.911931,31.281773
114.606052,2.144549,21.504986
110.346624,1.581363,11.951963
108.481540,2.264696,8.125689
105.657951,3.357298,4.245541
101.903023,6.149941,3.582669
101.560085,10.569501,3.018875
101.346962,18.085836,2.540696
101.710301,30.184413,3.136159
106.947106,44.623390,3.821940
108.266049,62.474987,4.935375
113.515224,77.775135,8.010732
119.733051,96.352785,11.287184
123.667629,111.931439,13.429575
127.474833,131.642402,14.481639
133.743960,150.439606,16.644189
138.075014,168.847455,17.749890
140.447664,188.644176,18.045738
142.919696,205.452049,21.981009
148.740549,220.634856,24.071955
149.896874,230.538580,23.968342
153.036906,238.306334,24.392192
153.539901,244.201939,23.835080
136.680199,17.614258,250.438933
137.316111,15.423028,249.403335
137.861559,14.350187,244.009821
135.499977,13.100868,237.208844
131.519722,12.090180,225.973362
126.130283,14.077729,207.664941
125.352191,13.343574,190.461854
121.300183,14.044775,167.132097
118.973449,12.462838,156.163960
115.588761,12.145327,144.883182
113.294189,11.769854,130.471145
110.546263,11.049683,117.669126
107.712517,8.993179,107.671301
101.882372,7.056071,91.421655
100.141642,4.821408,75.239052
100.268253,4.163228,63.792531
101.732349,2.737498,45.904655
101.385684,2.163306,33.218024
98.911161,1.548996,24.093925
96.712133,1.731824,13.673266
91.839844,2.220085,8.015882
89.896374,2.840766,4.616738
86.945001,4.485120,3.058076
84.605728,8.872845,2.745019
81.432536,16.453729,2.381276
85.124759,27.626062,2.664115
85.855520,40.851444,3.798033
91.953242,56.998420,4.232319
97.910764,72.884282,7.295310
103.812093,91.235528,9.066727
112.045398,109.862736,12.668221
118.388696,128.946847,13.853346
123.477944,145.811963,15.416067
128.054960,169.756801,15.429296
132.959187,189.943240,17.289292
135.780453,203.335589,18.337992
138.763420,217.939949,21.137455
142.500624,230.882622,23.157749
142.453807,238.521006,22.276553
142.521397,242.979483,22.985995
124.563012,12.770618,250.604961
125.818798,11.742083,249.479854
123.694264,11.069371,244.132424
121.060237,11.757712,235.612671
119.488481,12.143611,225.628539
114.244125,10.227694,210.380370
109.748428,11.880079,190.365374
109.296054,12.309731,171.357933
107.564223,11.291780,158.157849
104.219417,10.127115,146.471097
100.003122,9.438747,132.934082
95.205631,8.454471,119.483833
91.428845,7.398105,108.174947
87.668695,5.737198,95.059669
84.810543,4.552978,79.107732
85.569207,3.344321,66.134730
83.893245,2.954689,52.188459
82.769950,1.767357,37.228713
82.686901,1.656155,25.495656
79.783361,1.435432,14.550736
76.045933,1.853327,8.680981
70.277044,2.487938,4.744379
66.088021,3.789199,3.153715
64.210716,7.423334,2.517358
64.622807,13.650502,2.082947
67.497006,26.039502,2.359198
70.801826,38.393621,3.787898
76.702899,52.645455,3.473761
82.451167,67.578416,4.940023
89.867467,86.445674,8.367503
97.422531,102.281727,10.358326
105.980635,127.298487,12.161418
111.915876,147.360872,12.865285
117.368504,164.724769,12.830939
123.855983,188.028333,16.086592
126.594940,204.055146,17.476016
128.848906,218.306522,18.755967
130.374527,228.377204,20.440895
131.729341,238.097814,20.541113
132.520711,241.734698,22.418092
114.294268,10.946081,250.883095
113.455296,10.382047,248.190548
111.590797,10.010029,244.330834
108.862748,10.166946,236.242744
106.724573,9.524241,226.116820
101.685751,8.917427,210.918686
98.071494,8.571003,193.662672
96.608411,8.444244,176.564842
94.279407,7.773551,159.766181
91.419161,8.007420,146.584458
86.963101,7.537151,132.819817
81.715072,6.702490,121.154768
78.112907,6.460316,108.064879
71.396225,4.918804,96.297018
70.611972,3.819866,83.691183
69.021163,3.335285,70.349165
64.935068,2.166832,54.167451
63.323304,2.257276,43.851175
63.562021,1.486996,29.028026
58.362384,1.590006,15.622905
54.938797,1.769976,9.809212
51.786116,2.704771,5.610271
49.163875,3.435576,3.649635
46.631425,7.065706,2.756017
47.307167,11.655827,1.874664
50.405966,22.448967,1.492569
54.860391,34.345601,3.222011
59.101193,46.860583,3.568827
66.438604,62.333864,3.462579
74.008673,77.856321,5.215504
82.479959,97.734584,7.743740
91.900776,122.635639,9.103462
102.542618,146.367913,9.999217
105.711621,162.451691,11.831594
113.786783,185.394160,14.880173
118.867873,206.324744,15.422010
120.599862,218.274173,17.239260
120.454428,227.271086,18.635241
122.242493,237.529241,20.095180
121.766102,241.280150,21.308120
102.792016,10.576957,251.043428
100.983206,9.222493,248.027642
99.845269,8.287506,244.889760
98.164489,8.723318,236.777424
94.516666,7.062211,225.118170
89.325296,6.774330,212.214079
86.966293,7.050025,195.688431
85.714152,6.554273,179.298539
82.030754,6.518720,163.071433
76.645998,6.324193,149.278849
71.075227,5.832886,135.995688
66.406110,4.798260,120.886051
61.363186,4.752577,109.448873
61.970223,4.563941,100.806037
56.002141,3.301239,87.516968
51.471923,2.916911,72.353557
50.206561,2.337461,57.895184
47.059530,1.654276,46.009279
42.203401,1.803851,34.141027
41.461784,1.687485,19.276542
39.571416,1.861398,10.963365
36.757137,2.185671,6.692678
34.274904,3.344397,3.710052
33.421299,6.267959,2.409069
33.533817,9.917544,1.829505
34.877497,19.214099,1.649331
40.495473,31.269085,2.071840
46.536081,45.703338,3.472587
52.201483,58.609276,3.504645
59.794142,73.803736,3.585320
68.235096,92.424620,4.993670
77.234620,114.197236,6.666324
89.307673,140.775265,8.122724
94.518382,159.403774,10.277217
101.487118,183.268760,12.322424
106.461042,204.038045,14.303577
108.534446,216.547155,16.217811
111.103237,226.475068,17.043710
114.078399,235.417775,18.705964
114.831553,239.825971,20.118758
90.956192,8.553820,251.032894
90.790332,8.162130,248.711113
90.899839,7.908121,244.131727
87.699120,7.597479,236.867697
82.089914,5.207720,225.128982
78.858096,4.992819,212.167917
73.132084,4.946159,198.320354
69.748782,4.731065,182.680877
63.536403,4.992650,166.333366
58.599502,4.322955,151.261070
55.346079,4.370467,138.710970
51.932637,4.252250,123.897338
48.662395,4.147958,112.860128
45.516565,4.023921,101.597108
43.204972,3.200453,88.970771
39.054925,3.030930,74.955363
37.495495,2.525434,64.751590
34.246435,2.231191,50.627584
29.607274,2.308397,35.847170
27.502314,2.012615,23.336389
26.141779,1.972214,13.596496
24.486139,2.334609,8.246527
22.234972,3.128367,4.220990
21.481518,5.284111,2.650273
22.556657,8.911883,1.572863
25.447725,17.716984,1.844283
29.440227,29.359047,1.665218
36.161700,41.334860,2.349973
42.179545,54.139251,3.542008
52.335486,76.048820,3.664552
58.114926,92.802461,4.258604
64.930226,112.478711,5.014576
73.078543,134.784046,6.285299
82.773435,158.495627,7.778463
89.266364,182.440720,8.586331
94.838297,198.040451,12.201815
98.394635,212.717028,14.516481
102.149395,223.128101,15.658079
104.597329,232.147887,16.129964
105.200809,237.302455,15.626935
79.112708,6.589270,251.826509
79.468988,6.477874,249.669153
78.748776,6.668341,245.355069
76.362475,5.937597,237.226590
74.145176,4.563753,225.605799
66.467962,4.010605,213.158519
59.413661,4.278051,197.463215
54.580167,4.089564,182.932911
50.272896,4.258803,166.919678
44.128313,4.255401,151.943480
39.744389,4.113117,140.824263
34.994915,4.028153,128.512059
33.833706,4.337612,116.712761
33.077418,4.351171,105.037902
32.108920,3.864193,92.148375
27.793053,2.927132,78.170278
23.082851,2.722205,65.378511
19.697863,2.573588,52.340957
16.834807,3.018108,39.591590
16.938047,2.389179,26.088588
15.691061,2.519292,17.618642
15.095508,2.458832,10.181019
14.740428,3.137513,5.504458
12.989882,4.741740,3.195947
13.684495,9.845741,2.275180
16.359205,15.810631,2.020119
20.397424,27.789027,2.013838
25.777176,40.462173,1.722944
32.039805,52.417786,2.518353
40.535438,74.009843,2.833057
47.425389,93.314113,3.038498
52.691612,111.323897,3.877682
61.439805,133.801207,4.643733
68.103365,156.694159,6.037309
76.946928,177.700270,8.251515
82.416597,195.457458,10.738102
86.877743,207.570549,11.071256
92.829190,220.608175,13.195646
94.569543,228.999226,12.817168
96.149283,234.529939,13.909080
71.320122,6.772048,252.031641
71.192242,6.617313,249.976092
68.535143,5.051759,244.485240
63.559838,4.018608,236.654000
58.966557,3.378360,224.857771
53.772798,3.378862,210.985802
48.070514,3.858471,197.260296
43.387174,3.486810,185.077686
36.845749,3.454830,169.062905
30.388006,2.760635,152.831807
28.281450,2.961750,144.662126
27.868396,4.426684,132.477276
25.994808,4.326653,122.861248
22.598628,4.157933,111.450296
21.101875,3.951503,97.150760
19.020605,3.662338,81.472607
15.781492,3.659387,68.144667
12.501480,3.677672,55.992966
10.249152,3.718325,43.936799
9.355346,3.028950,32.012727
9.636387,3.487813,20.300726
8.521819,3.657407,13.147264
7.544026,4.840075,6.880971
6.071255,5.076116,3.605083
7.969426,10.395190,2.814985
10.633965,17.865790,2.537864
13.521572,27.994024,2.330743
18.556776,42.335120,2.054104
22.419797,53.464440,1.938357
30.208334,80.031496,1.678038
34.421217,97.647317,1.615460
40.263959,112.236820,1.938636
46.590747,131.287648,3.308534
56.937071,155.610240,4.785261
62.471297,170.445048,6.248244
70.468697,186.924130,6.929493
78.570233,203.666060,10.252621
82.853763,216.094734,10.835400
85.073117,224.905934,11.230193
86.146517,231.127093,11.298795
61.618080,4.174655,252.357279
61.181687,4.141826,250.691095
59.617628,3.762215,244.328510
53.495566,3.287540,235.503083
46.838489,3.418538,222.660539
41.369419,2.861167,211.414543
37.947802,2.657230,198.723851
30.498320,2.691743,183.231418
24.525427,2.673269,168.205731
21.806228,2.853832,157.788688
20.130530,3.150463,146.620432
19.358379,3.626098,137.030365
17.809098,4.023853,124.154474
14.945605,4.088853,113.312673
13.527874,4.316646,102.628977
10.423808,5.049656,85.519992
9.486438,4.620039,70.755866
8.061519,4.860745,59.395835
7.572410,5.377707,48.163874
6.693465,5.528283,37.302802
5.886568,6.107670,25.416260
5.425205,5.827846,16.720601
5.171385,7.454666,10.538379
4.875590,9.694595,6.211623
5.676318,14.496628,4.300056
6.809041,21.837353,3.692857
9.096969,31.999647,3.386158
12.361357,47.952695,2.247576
15.504739,62.265712,1.911564
21.194233,84.305894,1.181153
26.274187,101.159657,1.218399
30.091655,113.512350,1.372361
34.907850,131.323339,1.819926
42.248535,149.115944,3.022478
50.354668,164.939506,4.166050
59.186878,182.236205,5.534695
66.236945,198.841692,6.818803
70.889814,210.438185,8.226316
73.656296,218.747190,9.800769
76.824368,224.986251,10.304539
50.395458,3.674338,252.233225
51.465402,3.621679,249.895047
48.134716,3.530562,243.368919
42.759029,3.149381,233.990104
36.227773,3.126149,223.521407
32.529347,2.807939,212.577974
26.286091,2.638626,199.529770
21.261789,2.713522,185.719829
18.493223,2.773537,172.620105
16.020753,3.334800,160.465791
13.679774,3.629392,151.310251
12.789040,4.344564,140.410299
10.714463,5.483275,129.427418
9.613967,5.389812,117.540278
7.953749,5.880308,105.738997
7.256358,6.058391,90.808581
5.985236,7.310614,77.245601
6.429435,8.184437,64.101346
5.828436,8.936544,53.387167
5.848349,10.768559,42.316076
5.397883,11.232220,32.107926
4.781695,12.211703,23.333308
3.645610,13.263468,15.648102
3.986598,15.250134,10.572607
4.098267,21.013534,6.988638
5.146613,29.395553,6.045144
5.623986,41.409059,4.102487
7.396671,55.649704,3.207779
10.517298,69.293905,2.720606
14.190329,89.886888,1.869561
18.570183,108.028554,1.493117
23.269675,118.238545,1.323650
26.702509,131.115126,1.545915
31.905071,146.767473,2.175150
40.002927,162.062363,3.268276
46.458257,177.626503,4.265544
52.175012,190.816817,4.419833
58.386272,205.194695,5.848523
62.101144,212.814165,6.970399
65.844657,218.186882,7.686042
33.499201,2.589486,252.941469
32.453711,2.507494,250.682686
31.264233,2.440859,245.396658
28.663222,2.609959,234.078530
27.671350,2.953502,223.755732
21.715701,2.371402,211.780687
16.657609,3.186365,199.432403
14.167422,3.357351,188.387807
11.676336,3.741726,176.121137
9.472594,4.050092,165.138243
9.118788,5.432927,154.896273
7.824030,5.671174,145.638900
6.598387,6.083149,131.282576
6.449967,6.667139,122.463920
5.624316,8.087762,112.673708
5.119216,9.439205,96.901724
5.443476,11.731241,83.466640
5.779740,12.758747,70.026130
6.128553,14.122392,59.463160
6.539733,15.747270,46.827741
5.624530,16.881392,37.254868
5.213238,18.831452,29.003340
5.086933,21.601560,22.069517
4.965624,25.868124,16.357853
5.129730,31.860950,12.355108
4.545893,39.353993,9.428184
4.422683,52.358856,6.734476
5.619432,64.716786,5.149790
5.823673,80.273982,3.961017
8.043478,94.755552,2.835807
11.849226,109.879146,1.543291
15.728676,120.819334,1.394853
19.847543,133.127072,1.589876
23.115876,144.820002,1.934784
27.169644,157.293825,2.413983
34.131611,172.742682,3.418386
40.696905,186.762995,4.150711
44.276806,196.068491,4.406036
50.759463,205.645750,5.500359
55.169652,211.947513,6.425407
20.996642,1.903827,253.204214
20.367698,1.759549,250.673409
19.975821,1.887627,246.874440
15.899265,1.511077,237.947722
13.467218,2.160464,226.403996
12.049026,2.517201,214.119901
9.490834,2.912778,203.273752
7.761340,3.882593,191.937547
6.486388,4.390255,180.543978
5.404916,5.968365,169.097333
5.393687,7.273431,160.265964
5.378290,8.309631,150.308008
5.025754,10.115693,139.742125
5.221964,11.524642,127.071165
6.009546,13.394082,117.110051
6.873951,17.657792,106.698311
8.149494,20.135829,90.847076
8.275824,23.381625,81.517211
8.169501,23.992208,67.961213
8.270965,25.903485,56.797016
7.274867,29.129492,45.428809
6.929215,30.674866,37.195792
6.592778,34.513239,30.255547
6.177815,39.190780,25.628463
4.818163,43.992746,19.216902
4.442071,54.309903,15.783817
4.494152,65.796075,12.329597
3.937378,78.619653,9.697780
4.813939,91.283119,6.386204
5.421109,103.562531,4.279789
7.082417,113.935571,2.435044
10.285588,125.985840,1.821907
12.885745,134.112186,1.763178
15.920827,147.406838,1.739697
18.936620,155.097915,1.939501
23.556603,166.623363,2.516379
31.616091,179.660703,3.976607
37.489764,191.190135,4.204361
41.657210,198.928724,4.632463
44.954647,204.357228,5.178431
10.573211,1.058191,253.427636
9.373450,0.903885,251.586317
8.942258,1.130654,247.951132
8.077816,1.625285,239.020469
5.514243,1.750183,230.203564
5.928802,2.623900,220.067576
4.998320,4.326768,205.926017
4.104657,5.221352,197.039575
3.758038,7.128879,185.149975
3.954802,9.672810,174.381770
3.961665,11.910132,165.247881
4.368679,13.788906,156.158940
4.787080,16.386835,145.830098
6.557251,19.810078,134.045141
7.845824,23.559813,123.830691
8.600533,28.119681,113.666718
10.357757,31.382143,98.888875
9.882507,35.150001,87.908981
10.730316,39.428323,80.204702
11.271332,42.843704,68.099173
9.820244,45.136844,58.467974
8.764140,44.154110,48.766366
7.321778,46.445591,39.246270
7.765759,52.812242,34.271369
6.251882,60.362539,28.440462
4.611442,67.762853,22.689610
4.560462,79.518574,18.996844
4.620756,91.643139,14.934224
3.825227,100.692743,10.592327
4.307711,111.909793,6.497837
4.267655,119.986414,4.514701
6.022933,129.356545,2.721121
8.309651,139.922895,2.067267
11.556742,148.741703,2.132958
13.438675,156.341083,1.899970
16.068348,163.759963,1.838743
21.024571,174.400466,2.556625
28.123113,186.775309,3.244249
31.270826,192.923859,3.671534
34.554047,198.802647,4.063075
4.267081,0.617402,253.822690
3.538812,0.650825,252.371049
3.448314,0.665262,249.747814
3.165481,1.247678,242.009817
3.255160,1.634465,233.268230
2.628789,3.909808,223.326697
2.703199,6.018911,210.857688
3.405681,8.164451,201.632463
3.393495,12.087594,189.898176
3.897796,13.862443,179.859949
5.107939,16.967491,171.290417
5.302885,19.980547,161.973536
6.980911,25.046226,150.805622
8.481965,30.065571,141.743469
9.216608,35.781615,131.718975
11.149287,42.460147,122.883034
13.769356,50.752555,115.228083
14.196365,51.601293,100.182290
15.070227,57.588011,90.204692
13.823794,61.750766,82.561187
12.171139,61.684303,72.495064
11.943449,63.439939,61.776993
11.376828,67.095023,54.254982
9.990064,68.885586,43.687763
8.599271,73.542188,35.207401
7.353157,82.916637,31.205485
5.290065,92.254254,24.334041
5.312754,101.888441,20.250534
4.363420,110.030065,15.271469
4.240722,119.748970,11.151129
4.324384,127.486186,7.790333
3.935912,136.679538,4.217741
5.478481,144.175774,3.228323
6.625216,151.772340,2.270529
8.672181,158.565670,2.219082
10.889813,165.755876,1.873618
15.122252,172.795174,2.115184
18.474914,180.016905,2.450757
22.276597,187.837201,2.726974
23.870366,192.557508,3.330825
1.498892,0.404100,254.169808
1.578299,0.427905,253.156567
1.462530,0.797080,250.586673
1.561614,1.210841,244.877007
1.670233,3.038884,236.660123
2.365831,5.357660,226.898112
3.376065,8.753336,217.330013
3.915826,12.803373,205.361268
4.548972,16.920869,195.614141
6.436688,20.759307,186.724763
8.776318,26.194332,179.807784
9.527572,32.153084,169.528533
12.083451,40.021244,160.898036
12.302156,45.062956,151.458127
12.975714,49.658002,139.914499
15.891695,56.362944,130.152609
18.446912,62.870420,119.618678
18.091710,65.474542,111.104079
18.844910,70.430458,98.290801
18.584006,76.144273,90.181537
17.704487,79.627503,83.948641
15.617072,80.994215,76.839467
15.082516,83.669897,65.878473
12.369894,85.308997,56.198997
10.690029,89.446065,47.803757
8.749490,96.271616,37.998317
7.078715,104.687449,31.649858
5.461658,112.712340,25.676203
5.125579,121.316561,21.352171
4.095493,128.456933,15.855709
3.586225,134.707957,12.727840
3.843212,143.098850,7.883388
4.271900,150.473457,4.085675
4.826974,156.313464,2.872956
6.092413,162.842751,2.874053
7.922001,168.784469,1.892382
10.836315,176.531095,2.127308
13.294639,182.425575,1.875062
15.545700,187.970255,2.212438
17.289445,191.246476,2.084873
0.410015,0.335602,254.640416
0.585726,0.664971,253.684466
0.612612,1.258597,251.460368
0.956692,2.324648,247.456320
1.650539,4.202544,239.783219
2.623276,7.444774,231.673420
4.342253,13.156903,221.529617
7.243066,21.298351,211.325194
12.390478,29.101267,203.539160
13.318528,33.497168,194.921639
13.662678,38.086692,187.236092
17.872060,46.048405,179.557759
20.665532,54.856821,170.692128
21.559914,60.949816,159.994313
23.048216,67.438633,150.294061
23.946545,70.724448,137.183606
23.245127,74.709372,127.558098
25.121596,83.111250,118.829930
23.994469,86.629007,109.738846
22.238373,88.429797,99.455535
19.714868,89.069420,89.336391
19.757649,95.216009,83.421082
16.468362,95.624289,75.040793
15.688920,100.430299,69.821614
12.156972,106.020460,58.720324
10.330306,113.833932,50.789064
8.878347,119.857328,39.691568
6.785829,128.055170,33.246918
5.264686,134.837692,29.370740
4.762650,140.761722,23.511330
3.588515,145.897383,18.659959
2.686542,151.752472,11.556293
2.924291,156.141490,6.915355
3.512817,162.280271,4.682593
3.963453,166.213325,3.266155
5.143813,171.295012,2.751665
7.165237,179.009188,2.203832
8.404855,184.476198,2.096859
11.010729,190.397685,1.923544
12.707119,193.676688,2.085474
0.372521,1.265187,254.473370
0.451121,1.710276,253.895263
0.832084,2.919287,252.421859
1.632592,4.456872,249.395687
3.428781,8.728622,242.879260
4.644397,13.520645,235.154228
9.519407,24.163454,224.929197
14.619630,32.989156,217.700127
17.346914,38.657228,210.643323
18.813707,44.290762,204.010406
21.610070,52.242786,194.659136
27.748230,60.449395,187.320703
30.456855,68.992945,180.350185
33.756075,78.569337,171.695910
33.571182,84.357874,160.609259
36.484453,90.522522,152.409919
33.053754,94.567809,138.806333
33.110013,97.562045,128.595507
28.467511,98.179647,116.855749
27.435902,101.817659,109.094688
25.041301,106.000151,102.065180
22.413606,109.114305,94.093771
19.889845,110.117443,85.084884
16.022842,114.289125,77.413389
12.954137,119.658404,70.261787
11.390989,127.952604,57.571920
8.925262,134.787899,50.143298
6.868656,139.963055,41.518510
5.184412,144.710951,34.156878
4.363882,150.925220,29.628948
3.144800,154.900459,24.229247
2.710765,158.823192,17.282542
2.191935,164.673222,11.065200
2.293673,168.808859,7.402418
3.038290,172.482435,5.258256
3.478024,178.666742,3.646342
4.874597,183.471361,2.470724
6.259567,188.611619,1.868099
7.920192,194.317996,1.872891
9.211852,198.311873,1.893191
0.474861,3.508944,254.445806
0.732137,4.481033,254.157861
1.141688,6.219753,252.986117
2.781107,9.670615,250.203011
5.006248,14.545349,245.424467
8.259655,22.514214,238.869147
15.251320,33.742368,229.976270
18.925059,43.283383,222.727334
22.740696,51.156223,217.430685
25.358088,57.937193,210.640712
32.621574,70.316500,205.784138
37.227185,80.261225,199.984009
39.749437,87.860690,190.871406
45.574150,97.102355,182.541470
46.373704,106.146213,173.477476
47.862959,110.181631,164.597888
49.901842,115.947595,152.808574
48.085346,117.996506,141.347648
42.552071,119.892999,130.707225
35.016237,120.109493,120.253644
27.295489,120.591115,110.995377
23.124767,123.392283,102.058865
21.822103,127.664608,95.849307
18.400300,129.877938,87.145672
14.997424,136.754527,79.986821
12.990237,141.769724,67.294572
10.481342,146.809595,58.782014
7.213035,152.151801,50.638357
5.829444,157.803752,43.054356
4.116942,160.637603,35.936128
2.944943,163.325908,30.680632
2.588715,167.889236,22.440997
1.915415,171.885195,16.237365
2.058962,175.660785,10.358022
2.545769,180.251429,8.212455
2.909582,185.783629,5.685364
3.347193,189.301175,3.431045
4.175660,194.263803,2.451289
5.421813,199.403142,1.671930
6.387823,204.894426,1.405659
0.861548,9.369033,254.290839
0.997406,10.401274,254.126880
2.077115,13.474832,253.436175
4.043485,18.067850,251.261944
6.377469,21.507115,248.229993
11.922678,31.755462,242.216238
19.685066,43.993548,235.293322
24.640026,55.625697,229.007554
30.238489,69.934544,223.944263
35.476069,81.260955,219.969061
41.251124,92.642401,216.064743
49.098995,101.105115,210.126213
56.474329,119.351817,206.203481
62.779905,126.660600,198.115286
63.927544,131.328367,190.973888
64.868570,133.684611,179.769422
62.991584,139.257217,165.557475
59.194065,140.215089,154.433981
52.634691,139.708627,142.102002
46.777094,142.940604,134.485964
33.075432,141.806084,124.139775
24.973049,142.199677,113.822545
23.140954,146.294077,107.221136
20.175015,145.196549,96.917978
16.757462,150.948511,87.902799
14.749056,157.017855,78.845521
11.245874,161.328897,66.583674
8.112937,164.315768,55.704643
7.043640,167.843643,50.948332
5.130505,170.548184,43.226575
3.712893,173.458083,38.033978
3.186200,177.849789,30.628131
1.998794,182.772560,22.278025
2.085307,184.979388,15.646102
2.055338,188.723596,11.223997
2.898771,192.061850,7.234529
3.070111,199.532013,5.137483
3.655516,204.472507,2.510768
4.112681,210.044074,1.915987
4.639184,215.158043,0.997116
1.240047,19.405263,253.972200
1.554293,21.108770,253.687399
3.482414,23.473805,253.292130
5.603624,27.281882,252.135352
8.657661,34.101516,250.482153
16.170162,47.853138,246.209584
24.293014,61.406943,240.794219
31.279829,78.906120,236.057995
35.810509,91.784830,232.032181
44.366400,103.096697,229.406542
53.579723,117.808286,226.161126
61.106399,129.230280,222.818140
69.553493,141.456831,219.230632
77.525449,151.150465,214.865696
83.034133,157.813447,205.219272
87.409999,163.165610,197.534013
80.736802,161.238053,182.101064
75.887405,158.824012,168.731139
63.483670,158.219629,154.472045
52.865919,158.625408,143.349414
42.449282,160.419938,134.554203
28.074031,158.907871,122.521891
23.506978,162.836856,116.793416
20.418856,165.402417,110.670686
16.637132,168.071069,98.143643
15.774685,172.311662,86.411388
12.225608,175.772927,76.757812
8.734145,176.703476,64.307092
7.494266,180.157213,58.636698
7.103776,183.168106,50.037488
5.367106,186.751149,45.051358
3.981954,188.970048,37.438210
2.593028,192.795598,28.946327
2.072172,194.929601,20.846438
2.414124,199.079331,14.953759
2.673667,203.203711,10.094728
2.840645,209.048559,6.863117
3.193796,215.674116,3.950090
3.081540,220.947650,1.800919
3.270474,226.015893,0.964673
1.845557,28.172962,253.879930
2.269012,31.546684,253.709717
4.513171,35.997236,253.235290
6.038753,41.152168,252.096174
10.497846,49.270311,250.863716
17.249171,63.039757,248.200773
26.721070,84.951983,243.897145
35.176176,101.342561,242.048312
40.445424,114.881509,238.939814
51.840622,127.462619,237.220841
65.003400,137.523295,236.032041
70.706658,149.522717,233.060837
78.170228,161.771620,229.238948
92.475944,172.459421,226.951670
101.861237,182.665852,222.753702
107.236356,186.146957,211.073206
103.892558,185.521181,196.899289
93.489722,184.250672,183.120815
77.196473,181.610847,169.598884
64.159353,177.576516,155.707942
47.891979,176.933445,145.573459
34.465896,181.155592,136.869237
26.365973,177.439926,125.190876
20.504016,178.791848,117.510437
17.830822,184.147349,108.121279
14.402195,187.867394,96.235443
11.762387,189.341166,84.320070
9.369756,193.428155,73.367405
9.759612,196.876646,67.121319
7.120846,200.165154,59.292849
5.860503,203.376549,51.810738
5.227374,207.255775,45.799115
3.779249,209.624246,38.060771
3.565395,210.731425,29.553987
4.447024,213.895427,17.695457
4.437342,218.845003,11.465815
4.398901,223.050504,6.884490
3.100051,227.839745,4.324708
3.092905,231.622566,2.026475
2.845611,235.547492,0.835708
2.280680,42.266695,253.632964
2.709573,45.368833,253.243918
4.787811,49.897504,252.854705
6.902233,55.396609,252.560184
10.403620,63.568958,251.535675
19.786989,83.781054,249.076699
26.276182,107.298284,246.991598
33.570647,123.392771,245.149285
40.753142,134.995098,244.100498
52.086403,148.354926,242.048327
64.275834,160.844785,243.131177
69.935729,172.540414,241.155792
87.131652,184.139948,238.135541
100.648051,193.247781,235.167464
113.371077,199.058061,230.588400
121.093430,205.202396,221.314613
120.012161,206.727603,209.077931
109.328064,208.054378,194.221332
92.102141,204.758277,186.268471
66.816441,201.866537,174.183728
47.282353,199.418859,162.360778
34.377704,197.495920,148.052824
26.049356,198.134045,140.271123
24.502085,198.454419,129.579497
21.311386,202.164213,115.509018
15.198016,202.642504,102.317225
13.961379,208.355035,92.900630
9.929693,210.988259,82.424502
9.713313,214.444993,73.045104
8.473451,215.842795,66.208711
7.034729,216.623604,59.177263
5.366572,219.581720,51.227773
5.808681,223.849828,43.598921
7.832946,226.477393,32.810463
8.786623,231.781351,21.986825
8.914321,233.960126,11.922531
8.529233,238.057536,6.146383
7.298495,240.453327,3.445682
3.882508,241.934316,1.760188
3.210529,243.358749,0.725297
2.577786,50.347753,253.706025
2.651624,54.754502,253.422828
4.398472,62.766748,253.070855
7.282903,72.826691,252.923980
10.460672,87.529007,251.533989
15.842984,105.579018,250.954653
23.686450,125.284426,249.427445
30.257453,142.494924,247.962365
39.850398,152.623824,246.209771
46.970270,171.090308,247.150877
52.651931,183.352567,246.675723
67.888110,192.918052,246.282484
90.159325,199.440744,242.176979
105.807136,205.351346,239.623675
118.221379,211.597424,235.494459
132.148150,218.591982,229.217780
125.575624,222.368902,216.230919
114.927398,223.910741,206.539720
96.608667,220.732402,193.779998
69.125961,220.027333,187.396242
47.100721,215.716084,176.371900
31.823990,214.082378,159.882428
27.010262,215.162738,149.041563
24.400583,217.437857,139.473681
20.735090,220.246968,127.484644
15.785052,223.413106,111.420967
13.102132,223.531634,99.395010
10.755061,227.267063,88.690080
8.790370,227.392106,80.890386
8.935406,227.032110,70.891135
8.078625,229.444012,63.762829
6.979930,231.336194,55.723100
10.604206,235.751077,42.512870
11.606961,239.625215,33.444591
12.000835,242.937555,22.061336
12.042726,245.051865,11.472818
10.441725,246.471120,5.222934
8.380186,248.061830,2.566168
6.140459,249.354148,1.307572
3.075869,250.036832,0.545260
3.765278,63.547154,253.502785
3.491350,70.427800,253.202749
4.802882,79.162127,252.776523
7.668972,87.657144,252.548577
8.892023,99.417286,251.960723
12.944516,119.599530,250.770632
19.733750,138.115024,250.019342
26.210940,156.301486,249.323916
31.397676,176.290760,248.617796
34.473013,193.615037,249.424483
43.204865,201.320830,249.958886
54.523774,209.165916,249.278923
79.344149,215.289614,247.176150
102.459256,218.206082,242.359413
115.609305,221.405731,239.069149
124.664673,227.241016,232.081465
121.970504,229.045101,223.427908
110.240805,232.035636,214.495028
93.002705,233.715368,204.484495
69.799143,231.780208,194.092683
42.714933,230.305742,185.912720
28.566243,230.388667,173.337451
25.471116,228.013970,155.928792
22.293125,230.194014,145.183235
20.093681,234.560290,133.295506
16.685954,235.314501,118.941915
13.110042,237.233336,104.026871
11.560339,237.649625,94.266079
10.401793,237.631857,85.715297
8.904255,238.210013,76.749797
8.319832,238.894269,66.572886
9.232900,240.555953,56.058961
11.961187,243.268924,42.759850
13.583808,246.568707,31.003560
15.649741,249.508666,20.863949
13.935376,251.344678,10.084452
12.266009,252.578272,5.195859
8.923395,252.051974,2.580542
5.240961,252.786085,0.973381
2.854774,252.830942,0.479833
4.175644,73.915210,253.756177
3.813848,78.800178,253.204898
4.843885,85.909475,253.035494
6.553568,97.014605,252.457605
7.455935,108.655192,252.256690
10.633571,128.852753,251.625545
14.367124,146.839038,250.190990
19.359872,169.201145,249.841776
23.896614,189.825802,249.931268
25.041546,206.997904,250.472825
31.953355,215.551917,250.399251
44.899819,223.553237,250.081099
64.824131,226.581487,248.702144
88.517960,229.209375,245.720034
108.230110,229.779432,241.237728
115.087429,233.399968,236.680337
111.238993,237.575451,229.572635
100.305750,239.712674,220.169012
86.386949,239.202324,211.448510
63.064464,239.623312,200.434511
40.893632,239.751687,192.400843
26.683075,239.507911,180.090378
19.519411,239.602811,164.819758
19.324568,239.647816,150.760665
17.692906,241.998042,135.957515
15.699029,243.674282,125.175474
12.004722,243.309442,107.364374
11.921412,243.423132,96.733198
10.562236,244.299543,88.467624
9.786087,245.387439,80.255081
8.801121,245.380685,69.697323
10.075076,246.744360,58.110425
11.574699,248.402135,44.162260
13.674734,250.092119,30.735570
15.166692,251.827008,19.833063
16.004460,253.404646,9.573332
11.454774,253.708173,5.160234
7.441286,254.128376,2.151467
3.748805,254.180400,0.791193
2.015758,254.279858,0.339380
4.679098,79.353146,253.789872
4.782142,85.600548,253.465955
5.873676,93.595714,253.112280
5.824663,103.995084,252.596934
6.229883,119.332194,252.787591
9.331273,136.098109,251.825964
11.019272,153.366917,250.344073
15.461664,176.892058,250.479594
18.753756,200.285348,250.752725
19.721620,218.232092,251.048090
23.547355,226.363401,251.261654
35.803351,232.140066,250.978690
51.133164,234.832808,250.327427
74.861963,236.404513,247.824575
96.619895,237.376793,244.484132
106.047012,239.302087,238.673114
101.348456,240.575288,232.404747
90.537814,242.368148,222.173095
73.064699,243.567009,215.229405
54.439720,244.211298,204.091821
35.509938,245.323504,194.353019
23.915705,245.848259,185.667233
17.432489,245.851158,171.028855
16.019167,246.339562,153.181701
15.289731,247.455121,139.195441
13.727388,248.208037,127.397391
11.385131,247.997920,112.603242
11.682469,247.728568,99.911943
11.690936,247.995025,89.224709
10.968078,248.960241,80.632394
9.908067,249.293775,69.466197
9.912053,250.410529,59.142894
11.353455,251.346550,44.971623
12.236854,252.158886,32.757277
12.887490,253.361970,19.747245
12.230963,254.046234,10.391373
9.029561,254.551068,4.765529
4.913533,254.762583,2.380509
2.228899,254.849153,0.836421
1.084315,254.861585,0.253445
5.171204,85.197629,253.872803
5.300996,92.272142,253.588221
6.654032,98.125983,253.488119
6.421559,107.697402,252.796237
6.152955,125.855667,252.655926
9.236768,141.124427,252.294629
11.162799,159.785320,251.695820
14.618884,181.659159,251.694712
16.459015,206.810566,251.198227
16.439114,222.950887,251.899376
17.707137,233.503402,251.613167
30.661435,236.240355,251.443959
44.686805,238.715065,250.929542
62.970772,239.723890,249.638221
80.223664,241.301860,245.863606
90.975294,242.746281,240.086353
89.858098,243.934922,235.472934
76.496270,245.885945,224.928529
62.426871,246.771285,216.964829
49.901107,247.305604,205.865780
31.591344,247.482920,196.338727
20.713376,248.492889,188.030903
16.331450,248.891192,173.643218
15.903899,249.397555,153.554651
14.239793,249.772248,140.689170
12.025223,250.355632,128.340639
11.103414,250.699713,114.503243
11.598009,251.225101,101.424438
12.586342,250.802390,90.529934
11.809077,250.924975,81.306184
10.523547,251.136531,69.250540
10.865325,251.320629,60.339011
10.211664,252.282568,45.620254
10.576561,253.076264,33.573326
10.481083,253.855845,20.574793
9.678528,254.509979,10.993326
5.781499,254.787053,5.003640
3.129317,254.907189,2.453922
1.482260,254.934932,0.781616
0.408274,254.947462,0.193184
