1600
3
251.625013,153.008011,6.647702
251.962153,145.702304,5.334513
251.969255,137.264241,5.471189
252.660915,125.308730,5.605367
253.353419,113.336282,5.861206
253.512780,103.281649,6.013833
253.518998,93.833279,4.843805
253.686516,78.358856,4.472852
253.636338,64.914241,4.256969
253.984852,51.009908,2.957411
253.944835,36.049090,2.034160
254.121146,23.754623,1.115013
254.218550,13.238685,0.544234
254.367914,5.857243,0.371274
254.268447,2.179889,0.445935
254.483930,0.738996,0.412440
254.161653,0.767052,1.586003
253.744499,0.676452,3.351229
253.385619,0.709358,6.235235
252.796014,1.267669,12.766572
251.925234,1.436993,19.976766
251.564364,1.962103,29.910605
249.768313,2.835616,42.921456
249.512798,4.472877,57.124951
249.240191,6.592471,70.233350
249.621014,7.736562,80.937124
249.022950,8.586454,91.977316
249.407076,11.479494,106.685981
248.884669,16.412919,116.398118
249.357912,19.793355,126.768450
249.045363,26.507498,137.920020
248.734954,33.432270,152.645149
247.609560,38.990583,164.172873
246.140515,44.111508,175.663706
245.063933,61.399595,190.699133
242.445785,78.259968,203.215471
239.734726,89.294330,211.163077
237.282604,104.984632,223.410808
234.523970,117.527071,232.646023
233.215247,127.446890,237.896991
251.365424,158.419560,6.663237
251.672080,151.030695,6.417665
251.813910,143.029041,6.538099
252.837670,129.837044,7.128104
253.354975,118.821392,7.668182
253.347168,104.918235,7.255529
253.006846,96.485414,7.838139
253.181131,82.603898,6.658639
252.990535,67.129356,5.757146
253.381782,52.912693,4.074880
253.292412,37.554226,2.855797
253.338596,25.090444,1.863109
253.578362,14.738050,1.288662
253.525993,7.128287,0.577153
253.657904,2.541285,0.576105
253.458002,1.203868,0.629499
252.857395,0.831666,1.655387
252.123845,0.605855,3.320995
251.368729,0.694807,6.007899
250.473920,1.223629,12.670276
248.681256,1.360064,19.709412
247.004581,1.752947,29.468480
246.047829,2.775099,42.850530
246.497457,4.317937,56.205210
246.324966,6.350572,70.523624
246.048111,7.592364,81.593516
245.936260,8.154620,91.215591
246.448183,11.268781,106.011839
247.172778,14.987748,119.506048
248.072903,18.283504,129.287908
248.108142,23.208124,139.809071
246.943200,28.963131,152.741745
246.724417,33.950876,167.997344
246.190492,40.368210,177.940194
245.202503,55.455068,192.446734
242.251137,70.765720,205.649870
239.751960,83.277731,215.853154
236.831344,96.361239,226.202123
233.764114,105.455102,234.232145
232.119713,112.531233,238.844000
250.781865,168.593435,11.480584
251.237963,159.058040,11.074661
251.484205,149.663242,11.387749
251.991248,140.069434,11.998807
252.340387,124.317433,10.606807
252.564062,111.493819,10.559676
252.174340,100.604380,10.777832
252.241968,87.775719,10.291506
252.185194,70.379035,9.120769
252.309047,54.987303,7.192557
252.258507,40.092570,5.336640
252.206253,27.388001,3.009691
252.128960,16.865078,1.793822
251.848008,7.872520,1.016424
250.972349,3.630783,0.685520
249.790385,1.605139,0.717729
249.272696,1.058325,1.519386
248.529145,0.736085,2.954920
247.291522,0.694144,5.560617
245.176355,1.162143,12.893156
243.202781,1.347663,19.166412
241.715379,1.599106,29.138201
240.136336,2.512438,40.574137
239.256669,3.965902,55.062077
239.501321,6.161624,68.240955
240.792864,7.079093,80.697360
239.779484,8.204116,91.976255
239.991817,9.692781,105.710822
242.481430,14.081429,119.104199
244.923082,14.274983,129.443553
243.868039,20.116574,143.047448
244.644404,23.304318,157.440732
244.329059,30.677135,169.400742
244.327072,35.521966,181.626912
243.708298,46.635097,196.073342
242.654964,57.426044,208.441653
239.221184,68.624145,221.533838
237.918340,75.852785,231.338049
235.354782,87.725300,238.050593
233.167085,91.645976,241.432495
250.552738,179.346886,17.031910
251.055721,171.675033,16.347972
251.154861,160.734195,16.098581
251.435504,147.963888,15.958824
251.758201,133.786461,16.333667
251.399732,118.730025,15.419756
251.051281,108.112277,15.282316
250.997451,91.504188,13.576211
250.840125,75.430766,13.111057
249.690119,60.077336,11.899155
249.533587,45.419229,8.608536
249.509698,31.317492,5.914294
248.989115,18.903833,3.550106
248.213498,9.547214,1.841336
246.699984,4.525126,1.246699
245.656846,2.293552,1.142638
243.289383,1.374837,1.400408
241.311315,0.960405,2.750611
237.705187,0.711883,5.577702
236.342202,0.729980,10.563579
234.625386,1.284157,18.695692
232.066262,1.787985,27.942418
230.103760,2.962670,39.982522
230.584915,3.978311,52.008361
231.266627,5.496875,65.419572
231.865963,7.064148,80.140667
231.950074,7.815083,92.499680
231.740247,10.627242,105.820068
234.571427,13.469631,118.340176
236.923555,15.049406,130.772322
237.794250,17.891011,143.844919
238.878222,22.910557,160.020236
239.934834,27.650230,172.456277
240.686049,32.290422,184.608559
240.033425,38.532608,196.998457
240.974783,47.751861,212.083855
241.290881,53.330034,226.431537
239.272582,56.624567,235.325185
237.178505,64.917533,240.584499
235.904191,68.471284,243.059814
250.251103,189.709810,20.364743
250.853275,181.740774,19.919006
251.237278,170.013125,20.768789
251.062424,157.575744,22.412043
250.997790,145.291258,24.847445
250.386962,130.061384,23.345280
249.548889,114.415416,22.659852
248.151799,101.567305,22.121329
247.108737,81.149648,20.813412
245.798233,65.437685,16.628570
245.602198,51.953568,12.538594
243.076037,36.034806,8.760841
240.771563,24.062589,6.460147
240.209115,13.170319,3.285706
239.374199,7.006687,2.119253
237.983937,4.066858,1.848112
235.874712,1.939801,1.683156
231.479676,1.326857,3.031809
226.891210,0.951461,5.729411
224.121901,0.845674,8.832396
220.853708,0.961789,15.576794
216.305089,1.443936,26.450954
216.220193,2.252330,35.680590
216.543529,3.486736,46.687407
219.966064,5.328998,62.570394
221.468308,6.901350,79.015505
221.872635,9.483191,93.455684
223.539004,9.911069,104.536848
225.172583,11.559888,115.129037
227.930614,15.465877,132.039352
229.787556,17.662549,145.197102
232.256861,20.504907,160.791339
234.717735,22.454053,173.573663
235.813088,28.541537,187.251443
236.636545,32.665205,202.411554
239.849325,34.029557,216.649070
241.220305,36.649529,228.353544
239.854936,40.632678,237.984083
238.068276,47.281567,242.052649
236.043165,53.437702,243.634748
249.925929,203.425026,23.269016
249.850755,198.484693,23.762335
249.840615,185.761793,26.985647
250.109362,173.542425,30.338822
249.574134,156.927195,31.874634
248.801466,143.129685,32.864595
246.514693,125.288103,31.964218
243.602744,108.046679,29.333659
240.614521,90.136762,25.815134
239.290796,73.820825,21.212150
236.461002,60.134402,16.683109
234.513399,40.418089,11.389684
232.475288,29.836094,8.984295
231.002630,17.869921,4.510904
229.950025,11.476485,3.018908
227.606707,6.309776,2.357720
222.970841,3.361808,2.240350
218.743739,2.039667,3.156502
215.783403,1.831742,5.694060
211.978858,1.220523,8.708144
205.503343,1.126979,16.210570
204.026027,1.587002,23.082895
203.770045,2.155446,31.181803
204.912690,3.731006,46.781512
202.535116,5.006226,59.519238
203.807777,7.392386,72.818406
211.272200,8.940030,88.186062
213.172282,11.525514,101.453686
215.340130,13.017384,113.734772
219.284809,15.355477,132.156212
220.076018,17.983291,145.290252
224.655529,19.455365,161.361130
227.193857,21.497075,175.552070
227.684908,25.165790,189.132226
230.713748,27.422923,203.784329
237.150058,23.675641,219.510817
237.499158,26.373500,231.044230
237.605243,30.541554,238.777205
238.922997,33.780390,242.021397
235.493829,37.293768,244.090382
250.118747,216.776765,21.612943
249.849875,212.573787,25.133636
249.466376,200.981618,30.290967
248.847444,185.820547,35.844019
247.535936,174.004137,37.721987
244.614993,159.359176,42.709650
239.740089,135.428647,38.283836
237.263343,118.245751,34.418193
233.400809,99.901071,28.818313
230.521862,80.152876,23.747126
227.070614,65.634133,19.198079
224.235389,50.848137,14.490348
222.030948,37.600651,10.857651
221.718269,23.358546,6.105842
217.758396,16.065030,4.068248
212.877235,9.281487,3.270484
210.308947,6.010764,2.438442
205.813081,2.996109,3.318900
199.400896,2.422402,5.645154
192.584784,1.994574,8.458644
189.230235,1.971060,13.189075
190.291032,1.579058,19.752204
189.407589,2.601394,28.726516
186.468899,3.980499,44.112504
188.568751,5.469761,55.746550
191.686138,7.096878,67.427303
195.167156,10.034562,79.554549
200.833791,12.501052,98.636932
202.313055,15.612630,113.905122
204.406622,16.093393,127.633623
208.867506,19.134235,141.387337
213.693302,20.541306,158.764459
217.519735,22.465759,175.930795
219.274689,22.022222,190.054619
223.962891,23.407016,204.348370
230.014780,19.772150,222.789839
230.934334,22.066786,234.133817
232.870033,22.654104,239.426589
235.002626,20.952631,244.043814
230.383339,24.481994,245.562534
249.743438,225.241613,24.586025
249.675177,221.203821,26.971621
249.075916,212.945013,32.433715
247.081998,197.215531,40.484584
244.751953,182.624925,44.913453
240.107622,165.504322,45.539814
235.752856,149.026625,45.549516
230.718520,127.760487,38.824291
224.866679,110.559077,32.214326
218.986038,91.050092,26.994842
216.041376,73.424612,20.493361
213.783609,57.460739,15.302932
211.496724,46.807614,11.711117
206.605362,33.004205,8.028079
200.754115,20.120890,5.109877
196.977373,12.666914,4.511975
190.820277,8.065609,3.110698
186.617308,4.983461,3.476968
181.612197,3.612200,5.425890
178.164511,2.628872,7.201219
174.993137,2.435653,10.621567
172.158144,2.396710,17.086116
169.647927,2.429070,26.875732
171.536860,4.360076,39.384907
174.903022,5.930039,49.933810
175.875961,8.184251,64.002032
176.881387,10.731132,75.112570
181.463888,14.188393,90.373713
185.930324,15.287870,106.547758
189.726692,17.469452,124.076158
193.302566,20.348334,137.396715
198.521705,21.504720,156.631085
206.223583,19.048684,175.057660
209.256507,20.358176,190.780425
211.627381,19.283578,206.289353
220.197727,18.459961,224.673248
225.064416,19.701435,234.436598
226.409428,18.642054,239.519202
226.084153,19.403303,243.277371
224.502922,22.239616,246.245971
248.532930,234.661305,25.583433
247.221061,227.385739,33.641216
245.286789,219.984281,39.003200
243.947273,207.245301,44.861782
240.482517,189.081307,50.399570
236.604106,176.232784,49.613897
229.487656,154.685035,47.098403
223.353689,138.097780,44.568256
218.285471,121.326624,35.264162
211.708562,99.952028,28.431736
206.686483,81.765202,21.709185
200.996279,65.732700,16.537920
197.945615,53.097133,12.082442
190.417673,37.858440,8.565460
184.531746,27.265196,5.122805
181.807871,16.750303,4.307451
177.324956,10.572784,3.756189
173.987439,6.767906,3.235426
168.820225,4.472826,5.307254
162.988422,3.495811,6.531410
159.443993,3.095654,8.811500
156.820455,2.641051,14.141282
157.817719,3.119468,23.524543
158.879607,4.557542,36.349053
161.237174,5.886500,46.995276
164.450907,8.578503,61.424595
165.050254,9.879608,72.213136
166.601643,13.194032,88.015737
171.043635,15.636297,101.798580
176.177247,18.026413,119.021029
177.160772,21.722482,133.876649
181.828189,20.188076,154.624328
186.914625,20.645192,172.292678
197.441079,17.751665,190.858303
200.680784,17.590971,206.373259
209.615256,16.967489,220.370289
215.480594,15.857122,233.694588
215.389563,16.582858,239.148686
214.711856,17.262233,243.591677
213.121752,19.562477,246.639813
244.261115,236.377628,35.613988
243.181708,231.701210,41.097265
241.701397,226.005762,46.392072
239.430856,215.414451,53.902813
235.493990,199.275301,56.204323
228.850003,182.513153,55.145160
222.443976,165.288402,50.202929
213.685827,144.580664,43.389284
207.078295,128.615772,35.601648
200.478886,109.167701,26.825248
192.743374,88.397170,20.293735
184.342290,70.459870,13.947048
180.426319,58.855830,11.450811
176.440898,46.946901,9.296214
170.565171,32.158274,5.405695
164.536615,22.771117,4.215126
163.995495,14.625333,4.639591
158.390377,9.590723,3.538107
154.138762,5.377711,4.770761
150.091408,4.015158,6.050734
146.806202,3.424522,7.845210
145.234421,3.399744,12.779422
144.297046,3.454188,20.539651
144.128409,4.675100,33.028431
145.354768,6.182792,46.057066
146.541587,8.013201,55.721488
148.704466,8.960027,67.785291
153.332792,13.313304,86.209391
158.684625,15.230031,98.564690
160.818088,17.565660,115.215543
161.959336,21.835787,133.336429
166.550194,21.651646,152.299934
174.489079,19.247898,169.298467
183.022281,18.988392,186.151872
190.262105,16.779953,203.492787
193.994970,18.337547,214.620133
202.828055,15.718584,231.850534
204.014311,15.298556,239.184321
202.060397,15.783794,242.835286
199.308006,16.670966,247.126663
239.214841,239.129999,40.614812
238.079748,235.736963,46.520989
236.467271,229.020425,53.659873
230.532318,219.567962,60.219370
227.349291,206.599746,59.882611
219.156626,187.513038,55.120289
212.806812,173.635783,53.476007
206.302841,151.411378,44.849729
196.201128,132.148856,35.102141
188.350287,116.969769,26.055734
179.429349,96.328370,19.137438
174.744346,76.905390,13.653801
171.920330,62.731297,10.905792
167.064341,52.067114,8.746861
159.589300,34.838331,4.973970
154.453401,26.509382,4.752625
149.920156,19.886009,4.107196
145.170311,11.932655,4.171492
140.913627,7.062918,4.072157
137.217889,4.455121,5.638013
134.096915,3.669156,6.827332
131.983297,3.647054,10.860280
131.442857,4.054193,18.372971
131.277028,4.421779,30.104850
134.531310,5.577053,41.779171
134.421741,6.582578,54.200045
137.041419,8.130093,64.080535
139.762569,11.949828,81.465340
141.477787,14.519845,94.829089
143.772579,15.554490,111.982026
147.565300,20.249947,133.105557
152.937901,19.357652,146.326943
158.817574,21.008009,164.844170
165.948328,19.239198,183.831547
174.513276,18.066974,201.975862
178.150702,16.225701,212.789519
180.576432,17.748963,227.533487
185.213229,16.632339,238.266327
184.831398,16.067705,242.780819
183.485227,16.104469,246.973822
229.605775,240.876227,44.779979
227.810861,238.440195,51.269910
225.075503,232.454136,58.370039
223.615771,226.800116,65.966508
216.900890,210.959625,60.889859
210.441254,193.508349,57.309839
202.592894,176.877901,51.807220
191.589413,154.518916,44.684785
183.533053,139.419580,34.971954
176.680382,120.916440,25.629738
169.086045,104.355973,19.515679
161.847817,86.805463,13.254281
158.943387,72.223512,10.713573
152.272762,56.224304,6.980827
145.391004,39.285461,5.297750
143.639216,30.625894,4.927362
139.876586,21.885327,3.775147
134.112945,13.752199,3.836868
129.829366,8.439288,4.060355
125.194874,5.412716,4.361895
122.993284,3.552999,6.192799
121.828166,3.470225,9.549228
120.257206,3.817284,17.520847
119.586585,4.331672,25.806850
123.697092,5.017145,38.132629
126.660572,6.422418,54.228567
127.303734,7.987217,63.338620
128.912962,11.019822,80.086142
130.089052,12.703184,91.420733
133.308249,15.764438,109.904356
137.459309,18.571959,130.336399
142.905161,18.377626,146.012328
146.633319,17.880828,161.259791
152.123085,17.228594,179.273043
158.078227,15.194178,198.880806
159.858335,16.055732,212.957495
160.744882,16.665262,226.509164
165.075128,16.639302,235.759787
166.500502,17.063595,241.883008
166.989821,17.450937,246.052260
221.600522,242.226072,44.905038
219.723927,240.107657,50.098276
217.878606,235.383516,55.896385
213.941924,229.216912,57.898783
208.704147,216.082607,59.614244
201.006625,197.509128,54.413711
189.006811,176.605224,48.073271
181.140208,159.017225,41.306798
174.641064,141.638570,32.328558
166.358998,125.029523,23.555176
157.594275,108.071345,17.901296
152.316774,93.127155,12.199683
145.600264,77.674238,9.231949
138.995932,63.724143,7.721981
136.616002,44.842957,5.121543
133.774854,34.243087,4.526522
126.370255,23.113262,3.353921
119.458763,14.345380,2.534068
116.927390,9.930803,3.161891
111.998774,5.681791,3.618512
110.383309,4.084920,4.823591
109.645044,3.349828,8.929230
110.477877,3.676304,16.063702
109.704123,4.092332,24.841059
110.497097,4.824761,34.809555
112.616891,6.265320,49.249387
117.958063,6.686743,65.098754
117.412999,8.817429,77.578230
118.380063,11.599288,91.130342
120.613700,13.154045,108.284091
126.046677,14.604408,126.925114
130.688181,15.338831,144.347649
134.219853,15.017856,158.594722
139.412852,14.894740,176.899069
146.740054,14.918005,195.915886
148.630527,15.848603,213.596270
150.086682,14.969123,225.275647
151.378480,16.111149,235.117433
152.957597,15.964716,241.733102
153.603297,16.046849,246.087119
214.691537,242.991714,40.079234
212.299840,241.081803,44.431937
210.427793,237.354949,48.643978
206.109022,228.135448,53.803100
198.491196,216.834758,51.833866
188.252764,199.131268,47.979760
178.801306,178.112795,41.989900
169.247873,162.406271,33.016326
159.523945,145.850058,26.626725
151.509672,130.159853,19.895074
147.079110,113.334773,15.563793
142.816037,96.351191,11.768628
135.908336,84.454210,9.332180
131.208736,69.443098,7.852611
126.180179,51.969086,5.598967
119.116699,38.175534,3.770628
111.440450,26.032525,2.603732
104.436353,16.829631,1.815154
102.265410,10.960403,2.394455
101.170336,6.749499,3.694435
96.428045,4.710050,4.695574
94.382035,4.078154,7.355452
92.893631,3.721710,14.256844
94.648965,4.792486,23.396329
97.914984,4.943108,32.594325
100.983872,5.879789,46.170552
105.732375,7.226130,63.147123
107.393758,8.891069,75.885250
106.041989,9.611005,88.175467
106.464910,9.621131,102.897151
112.952860,11.669948,120.634171
120.655679,12.465532,141.806289
127.063653,12.707893,157.677356
129.570660,13.239300,175.188918
136.688749,13.846403,197.667038
139.642230,14.567654,216.958694
140.828430,13.686736,228.045430
138.478270,14.533900,234.807106
139.315968,14.996935,242.187996
138.314873,13.542218,245.624786
207.023806,243.880308,34.514814
204.890166,241.765167,38.003893
200.946674,236.626144,45.426765
195.591078,228.275765,45.932130
190.328102,216.341734,45.640967
179.743392,199.899916,42.491423
166.331299,178.718205,32.911360
160.585556,164.441895,29.634499
150.992287,146.051565,23.382065
144.045798,132.812346,18.441350
138.573266,121.574360,16.634603
129.656475,103.014422,13.272322
126.072541,88.416368,10.244139
118.492876,71.692454,7.282616
113.587844,58.347583,5.773212
103.221626,39.717278,4.144699
99.961567,27.369959,1.962833
92.618969,16.815319,2.053867
88.574191,11.880783,2.022897
84.759657,8.405582,2.875026
82.351104,4.990145,3.667337
79.688933,4.343976,6.646735
79.709490,3.893811,10.723119
84.267056,4.338166,20.626430
83.235385,4.625320,32.196738
87.796670,5.038891,44.256314
87.253980,6.806748,60.747523
89.764110,7.421567,72.116921
91.281753,8.897443,87.075996
95.741120,9.451896,101.327398
99.721280,9.097159,117.341009
105.965271,8.636531,133.268805
115.322924,12.107739,156.891705
119.553276,10.422509,173.763443
122.525845,12.682416,196.639863
126.856615,13.357287,214.825819
129.512053,13.332202,228.187213
130.474856,12.587375,235.516712
130.336040,12.840785,241.590170
131.087702,12.203141,245.734037
196.090629,244.531243,33.386501
193.634284,241.915742,35.295003
191.150298,236.863276,36.828515
185.275172,226.507061,38.806964
176.323966,214.326486,39.839515
167.638207,197.691358,31.636285
159.148382,181.606866,29.137939
150.090610,166.300356,25.218670
142.219990,148.111294,21.750039
133.119205,133.530472,17.983455
126.724007,122.545736,17.151888
119.111473,108.727377,13.947793
111.594058,91.778545,9.126443
105.584873,78.424193,6.924310
97.147906,61.807528,5.572729
90.591611,44.291468,3.828036
84.016720,29.034468,2.927049
78.397643,20.601605,1.914720
73.523004,13.288825,2.101926
66.038136,8.509572,2.868380
62.179218,5.839101,3.857315
59.837512,4.435735,5.624613
61.200866,3.532604,8.854006
60.966234,3.799906,15.485880
68.462451,4.470499,28.289662
67.184845,5.416499,44.660077
68.837360,5.455681,56.170052
73.581631,7.103132,69.711086
77.946415,7.743532,84.323157
82.263044,7.965019,99.149648
88.111120,7.634180,112.978182
91.575168,7.886928,129.178091
98.142909,9.259640,152.696914
104.653962,9.955150,172.872052
109.615098,9.538352,196.811104
114.918005,12.146251,214.556202
115.966889,12.692441,226.044138
116.614166,12.281170,236.457366
117.716511,11.653110,241.757822
118.852429,11.693906,245.785950
185.060201,244.112251,25.846750
181.416367,241.370630,28.116912
177.587650,237.225839,31.621473
172.727049,224.888849,32.753641
165.079915,212.164883,32.006259
158.136907,199.368178,29.366659
148.276274,180.863264,27.275617
136.842661,166.043121,21.637187
126.461637,150.549375,21.102538
118.821305,136.956640,19.971349
111.398921,124.374063,17.841954
105.239956,111.629612,13.824877
100.343614,96.150858,9.305049
91.592831,81.796466,7.045052
84.898215,64.029253,4.701807
77.108198,48.759039,3.766209
68.897657,31.649759,3.091917
65.578288,23.108237,3.035215
56.802474,12.672053,2.100165
51.865464,8.176575,2.495213
48.804891,5.745127,3.689024
46.780006,4.374376,4.793917
45.755600,3.856352,8.820707
44.141230,3.533302,14.309336
43.790959,3.798398,25.693715
49.165765,3.880482,42.020451
54.216839,5.100806,55.102236
58.444765,5.191552,68.748305
61.601755,6.372575,81.473727
66.475646,6.187884,95.464385
73.765576,6.838106,111.246946
78.238122,7.416074,128.332200
83.212769,8.124112,148.032587
89.505448,7.450457,171.127341
96.503809,9.104881,192.947487
102.184292,10.935585,211.123080
105.774748,11.599433,225.819906
106.464862,11.755856,236.122521
107.854111,12.808655,241.693102
108.063437,11.578561,245.039854
172.707811,242.525681,22.941437
172.053098,240.753015,24.665175
168.161118,235.803489,27.746394
158.402785,225.475513,25.645218
153.861015,212.107508,26.386254
144.659558,199.025232,24.687155
136.642412,182.869948,24.401108
125.955506,166.624366,21.468981
118.369023,152.476215,19.467433
110.302795,137.164254,18.689386
103.324492,126.636145,15.964786
94.599006,113.910183,13.942068
89.916499,100.797130,11.089322
79.149562,82.384428,6.843629
69.220658,67.092058,5.778627
61.014121,50.810027,3.288031
56.728317,37.298047,3.080065
47.892014,24.544426,3.296414
41.710492,16.182693,2.517562
38.802131,10.319637,3.017301
35.345297,6.667480,3.753262
33.488387,5.125556,5.005329
31.580649,3.845082,9.907926
30.249837,4.352872,15.506480
30.558883,4.273803,23.951791
34.668428,3.941826,35.214445
41.467105,4.763402,53.376084
44.198125,4.909667,66.705910
48.927210,4.642821,81.148971
52.075062,4.542624,94.013828
55.508377,5.173709,107.940781
62.346582,5.412509,126.507106
68.295594,6.952965,143.864655
73.339518,6.909516,166.110010
85.125879,8.064557,191.584312
89.017368,8.698381,211.345488
94.743419,9.312419,225.404390
97.339544,10.612745,235.651452
100.666124,10.896507,242.727030
100.857792,10.657366,244.871180
162.008723,242.057924,20.093513
160.217919,239.202352,21.176218
155.482314,234.287458,22.881420
149.545031,224.872291,23.464796
141.027955,213.236600,19.950764
131.729671,197.416661,18.910856
122.861282,181.953303,18.952328
114.035884,168.253524,17.659701
106.080608,155.516290,16.649492
100.227281,143.391615,17.564822
92.923571,128.796162,15.654774
86.147306,116.264453,13.075328
75.813457,104.498044,10.903180
66.099277,85.672116,7.974006
58.938628,71.985088,4.977791
49.859194,56.653812,3.763325
42.271990,40.023187,3.873156
35.415004,25.409975,3.993172
31.869156,18.094728,3.064946
26.925852,10.943655,3.569065
23.969142,7.795351,4.292620
21.101206,5.431444,5.979254
19.467752,4.489485,10.029012
20.456306,4.365321,15.402465
22.337437,3.812226,23.794000
25.151454,3.825364,36.342810
27.505722,3.956879,51.633034
31.423798,4.684033,66.243599
37.577208,4.535662,82.036744
40.588993,4.308041,93.064302
43.971215,4.221877,106.415961
47.523400,4.883372,119.936662
54.802293,5.625588,140.935863
64.665922,6.274756,163.535484
70.712299,6.830113,186.978178
78.900478,8.180039,208.096832
84.235256,8.401766,222.948781
89.941044,8.494251,233.844764
90.881420,8.360530,240.285130
91.835789,8.104644,243.813148
149.096587,241.776243,19.535874
147.089634,238.399348,19.290452
144.941491,232.528628,18.561787
138.335108,222.629098,18.465125
130.031122,211.276977,16.955891
121.809087,198.979705,17.495247
110.248693,184.724010,17.438923
103.968698,170.552919,16.377400
96.362151,158.692902,15.798956
87.510066,143.582691,15.529746
82.055642,132.887831,14.405791
74.578509,117.692125,11.972731
67.145079,104.817386,10.595302
56.781241,89.512413,6.618729
47.663004,72.806755,4.697032
41.324116,60.626775,4.959882
31.667067,44.217288,4.139890
27.037476,31.823690,4.349025
23.115422,20.048210,3.472932
18.549494,12.840439,4.370171
15.288732,8.517047,5.464620
12.975167,6.017616,7.222919
12.723143,5.274722,10.601447
13.637425,4.602916,16.866364
14.106946,4.113660,25.777966
15.356536,4.020658,38.339908
18.698305,4.056018,51.140293
21.864180,4.434017,67.766703
25.654651,4.412188,81.520104
29.124277,4.227503,92.028555
34.487901,4.364056,105.658615
38.622789,4.463058,121.076219
44.641696,5.346369,138.202434
54.654926,5.158841,162.979560
60.640875,6.115171,184.581257
67.239167,6.640467,203.622613
74.624217,7.827466,217.038901
80.139772,7.796474,230.756468
81.094405,7.866176,238.652913
82.134665,7.870612,242.634395
135.369196,242.062647,18.516370
131.723651,237.653854,18.259720
130.069686,232.937377,17.528160
123.980482,221.149723,16.046124
117.084129,211.527706,14.306421
109.648456,197.471020,15.078877
99.795606,184.492005,16.419707
91.438168,174.028270,16.108100
83.571488,160.078901,14.458477
77.016119,148.872084,13.876863
71.117356,137.122835,12.529338
60.785208,121.879489,10.700877
51.128326,107.841691,7.300335
45.595947,93.850226,5.944654
37.341582,75.003991,5.354633
31.517394,64.752297,5.474360
23.419824,46.445825,4.755356
18.296962,36.163017,5.116118
14.676918,25.299764,4.562978
12.734910,16.756227,4.655562
10.786380,9.258340,6.326325
8.164624,5.852403,6.735884
8.836524,5.468938,12.391847
8.749328,5.299995,19.722409
9.256856,5.296276,28.693679
9.719007,4.783056,41.590146
11.611470,4.373218,52.090906
16.500278,5.013414,69.516514
19.985494,4.886512,81.664142
23.441543,4.334937,94.332522
27.152344,4.490781,107.612096
29.670944,5.139940,120.789695
34.386381,4.816008,135.737175
43.674941,4.385165,161.837538
51.307810,4.416017,181.943138
57.882487,5.749464,198.696633
64.216605,7.256301,214.115275
69.755866,6.905684,228.785535
73.692606,7.264705,237.808386
74.367613,7.576443,241.479211
124.815849,242.046425,19.981998
121.874181,237.579009,17.780350
118.067288,232.901265,16.530166
111.748996,223.138290,14.762957
108.561883,214.303834,13.221918
98.632024,198.483713,13.925974
90.387665,185.176121,14.626985
81.049499,174.580759,13.694666
75.154363,164.221875,12.466756
64.548778,151.411076,10.396187
58.412557,139.193118,9.868899
49.817260,126.525120,7.796472
40.734315,111.334732,6.210175
34.836978,99.308031,6.371370
26.728973,81.262633,5.443531
24.350876,72.323979,6.047442
18.229146,51.765478,6.470296
12.970955,39.507597,5.612842
10.613508,31.018040,5.891980
7.820907,23.491191,6.719622
7.296363,14.045981,8.466199
6.714230,9.424870,10.529884
6.366443,6.955951,16.623610
5.695657,7.099207,23.448564
6.192856,6.115562,33.559968
6.933290,6.009350,45.005353
8.357514,4.835293,54.334832
11.351797,5.250089,70.634050
13.528500,4.811456,84.875243
15.078134,4.916786,98.031291
16.729884,4.643734,108.552753
20.979115,4.219960,124.447699
24.382397,3.735418,136.662422
31.538365,3.990534,157.695926
42.344942,4.067558,181.345800
48.340362,4.280282,197.315114
54.541883,5.419150,212.155864
61.149131,6.004325,226.267685
64.050478,6.518330,232.947022
68.455525,6.678747,239.980652
113.654973,241.524462,17.593089
111.701146,237.886621,17.500504
110.032508,234.273657,17.128971
105.166554,224.701951,15.637189
96.908572,214.546610,14.649363
89.489138,201.834539,13.633910
76.385421,185.552201,13.125559
69.089022,174.537063,12.245378
60.937823,163.914057,10.895624
51.610210,152.726595,9.035658
46.777543,143.664193,7.351300
37.399428,129.973332,7.325177
30.593224,118.857113,6.591124
24.472931,104.117383,6.594889
20.314942,91.176019,6.977911
17.819151,80.402619,6.383867
12.528786,61.915322,5.787873
9.615739,45.224636,7.719588
8.005037,36.804511,8.784363
6.679022,28.459355,9.209849
5.503963,20.677424,11.990567
5.117432,14.534926,15.348411
4.572660,11.180266,21.764079
4.726450,9.848622,27.963815
4.761825,8.239664,39.067556
4.792030,7.039639,47.768595
6.210518,6.337437,60.270779
8.299464,5.945565,75.526727
8.725151,5.115754,90.542026
9.974207,4.816723,103.538053
11.115419,4.248419,112.978424
14.050604,3.862809,124.199658
18.053503,3.589322,137.654649
22.572438,3.251517,156.982466
31.563611,3.627687,177.970166
39.552388,3.834623,194.755489
44.121102,3.331656,207.761388
48.995073,4.151275,219.893099
55.054250,5.121881,229.509773
57.941111,5.576581,235.990651
104.075535,242.443135,18.585944
102.385731,239.026948,17.511617
99.614729,233.857908,17.364627
95.035251,225.461640,15.291020
87.870161,215.413808,14.162028
79.087940,201.559205,11.452152
68.525211,186.779274,11.863437
59.491823,175.310875,11.734838
49.297342,163.834398,9.176985
42.931563,153.263224,7.835126
35.889017,144.983928,6.425237
27.284459,132.050709,5.694495
22.327595,123.264587,5.270018
17.731377,110.473257,5.357662
14.019857,99.724030,5.908280
11.490502,88.283377,6.744814
10.807137,76.182922,7.660140
8.435851,54.721235,9.428870
6.999504,43.476902,11.169325
5.265616,35.930079,13.369760
4.683867,27.972544,14.661233
4.093549,20.981191,19.792306
3.965916,14.849659,27.867495
4.021167,14.161831,34.220024
3.624820,11.932342,45.687801
3.598992,10.273965,52.971376
4.434310,9.314827,71.127883
5.221179,9.892067,83.868444
5.943334,7.626101,98.041186
6.844763,7.055884,108.528776
7.909036,5.455325,118.877073
9.137716,4.509180,128.147408
12.139200,4.618187,142.352943
16.362233,3.615927,157.016133
22.095273,3.151484,174.429531
29.938685,3.266029,193.890449
34.562579,3.354219,204.184151
42.400086,3.490597,217.533678
45.518138,3.760466,224.284230
48.686101,3.772895,230.428356
97.669894,242.170722,16.206394
96.041302,238.619581,17.059614
91.721639,234.168562,16.076841
83.952089,224.806177,14.276377
77.267494,216.189157,11.968029
65.140941,200.720143,10.985043
53.252760,188.573446,8.638171
47.861889,178.948487,9.523182
38.045844,166.653586,8.860307
31.140948,157.015726,6.940844
25.761043,148.961366,6.569516
20.075392,136.644106,5.547399
15.107158,128.383833,5.161237
12.716516,118.825761,6.692726
10.497084,106.246007,7.228289
9.871351,97.378358,8.601831
7.600868,84.224992,10.969579
6.756526,68.880389,15.253753
5.643731,54.681083,17.029706
5.533461,43.424749,18.617401
4.999311,37.505030,21.135735
4.697607,29.703260,27.497823
2.999078,23.806405,36.780034
3.561555,20.640735,42.863036
3.666678,18.439195,53.818731
3.940781,18.075045,67.556352
4.231466,15.697492,81.113809
4.101382,12.852086,94.112407
4.439145,9.928589,103.509363
4.658816,8.713544,114.072752
5.715373,6.819205,124.973274
6.521626,6.024932,133.840042
7.842209,4.882269,147.965499
10.475581,4.548548,161.113207
13.298295,3.511913,172.470133
18.754079,3.731529,185.638339
25.545599,3.108011,199.088513
32.878806,3.289045,213.140029
35.891791,3.560388,219.351585
41.060742,3.736420,226.279993
86.583090,242.697060,15.644573
84.106534,238.439529,14.906004
78.907808,232.334139,13.833922
73.717702,224.990758,13.408224
65.889538,214.949846,12.296663
54.635999,200.326252,8.607849
44.863527,189.739700,8.519800
34.823640,178.392263,7.035319
28.878941,169.762937,6.906373
22.852467,160.267846,5.253103
18.491885,151.468393,5.126587
14.820032,141.354631,5.509828
11.093172,132.420903,6.538157
8.716805,126.245370,7.509137
7.484868,115.355743,8.971893
5.961524,105.253056,13.093315
5.304960,93.258543,16.267107
5.924952,84.130822,22.129812
5.773809,71.848283,27.365422
6.087470,59.708390,27.732357
5.337128,52.209321,32.034367
5.055848,43.623463,38.270553
5.191587,35.833733,47.333243
4.108487,31.032664,56.572957
3.428101,27.816458,70.130152
3.712425,24.136096,78.988680
3.142984,20.014359,87.266706
3.060409,17.683224,99.409297
3.525145,14.415564,109.951513
3.588212,11.612369,119.174921
3.636145,9.374536,129.648379
4.387408,7.766900,141.546252
5.025096,6.249126,153.494472
6.293887,5.110324,163.186309
9.309725,4.123424,174.799345
11.850307,3.362593,186.184802
17.176280,3.395458,197.539898
23.391023,2.841813,208.963389
26.699083,2.631591,215.685766
30.245567,2.721063,222.240294
77.271384,242.809477,12.635453
74.307066,238.755965,13.105338
69.477579,232.590321,11.847335
62.969187,226.016074,10.948592
53.938136,215.260048,10.642560
43.905656,202.438355,8.855836
35.815853,190.801748,7.182409
26.573463,179.094736,5.646675
21.613936,171.574637,5.277751
17.282935,163.031895,5.594717
14.243440,156.174007,5.655836
10.144338,146.035083,6.863773
7.807015,138.004822,7.839145
6.634153,131.642639,10.678274
5.025479,122.629943,13.860095
4.826200,114.027627,19.738103
5.293186,103.511554,26.063689
6.340633,95.546496,30.808658
5.869864,85.557823,35.990078
6.100911,78.728585,41.012976
5.788346,70.535255,47.038115
6.663792,62.153186,56.762568
6.169709,54.459974,63.889622
6.115501,47.396877,72.338409
4.872585,38.463352,82.895908
4.242753,33.320116,87.649032
3.124774,27.073594,97.380384
2.784651,21.469509,107.029381
3.116084,18.105383,114.769043
3.130186,14.558744,124.864807
3.355902,12.518599,137.444715
3.756632,10.231320,149.319647
3.863783,8.618167,159.792867
4.587359,6.220566,168.481865
4.852975,4.528296,177.947691
7.012621,4.168122,188.679984
9.874566,3.737924,197.385707
12.839744,2.357224,206.002236
16.179372,1.932732,214.889750
18.243527,1.796274,223.128478
67.016474,243.277225,11.893681
62.845075,238.873862,10.743388
58.389517,233.866665,10.078964
51.042077,223.551821,9.103719
40.444673,214.079673,8.878222
34.095847,203.792452,7.933577
25.021154,191.382663,6.086928
19.961558,183.464758,5.657874
15.973351,174.937523,4.796298
12.907149,167.468853,5.371787
10.013665,160.598750,6.554211
8.116744,151.231629,9.424826
6.641472,142.597099,11.506546
4.904346,135.755436,14.553017
4.472654,130.264787,21.405656
5.015709,124.897029,29.010080
6.706831,116.295011,35.913768
6.539889,104.811201,41.689910
8.498776,99.586710,48.856007
8.597452,93.058935,53.770286
8.628649,85.081028,62.242904
8.994089,77.517838,69.678819
9.502499,71.083686,78.545638
7.397248,63.038900,85.270196
6.808375,51.571654,92.541820
5.721409,43.773701,95.990953
4.103967,36.477099,107.961893
3.498998,30.061654,113.459409
2.759148,25.266966,124.857045
3.164008,21.077886,133.603657
3.310429,16.994336,143.449269
3.050513,12.388142,157.012180
3.592589,10.273558,164.956334
3.734378,8.377269,176.206583
3.993404,6.340582,186.320247
3.910602,4.347018,193.634911
4.571828,3.510283,202.775476
5.974666,2.193834,213.473701
5.954584,1.488545,223.943937
6.943568,0.889120,230.837542
53.893644,243.875301,9.752283
50.278949,238.274163,9.453442
45.402869,232.733119,8.615426
38.408630,224.502580,7.925131
32.725962,214.961564,8.432665
27.947405,206.937854,6.573318
20.896342,195.113777,6.440045
16.460898,185.944532,6.332014
12.107237,178.892763,6.811083
9.321492,173.171496,7.201375
7.955618,165.186544,9.891991
6.904083,158.026093,13.421773
5.537093,150.463882,17.778667
4.887993,143.728939,24.262704
5.823820,137.464463,30.742626
6.519839,131.423448,36.369466
7.624639,123.545494,43.222715
10.257757,116.901260,52.463690
9.870346,109.848609,56.742475
8.981301,104.281609,63.236642
10.245258,97.582321,73.010776
12.040921,90.778849,82.452966
12.079521,83.875347,90.131273
12.725524,76.171199,96.144805
11.097437,67.228557,103.237273
10.027812,58.737961,112.250566
7.888136,47.891611,120.105100
5.369859,43.811156,129.634017
4.416464,34.929146,135.468306
3.243209,29.078783,142.758899
3.273138,22.731936,151.180825
2.837314,15.903467,163.746372
3.248619,12.984048,174.469221
3.243565,10.009605,184.570143
2.761023,7.819072,193.555843
2.242154,4.451376,205.185347
1.975919,2.648975,215.590280
1.929057,1.611320,226.898749
2.040645,1.059343,231.511513
2.396595,0.646917,236.417416
42.546107,245.274959,8.607892
40.363559,239.523444,8.514067
36.751652,234.016401,8.397116
31.568702,226.357304,7.807585
26.531385,217.664199,7.249912
21.668113,208.084642,7.656082
16.701398,199.994760,7.792381
13.260106,189.923586,7.519697
9.160315,182.232750,8.125416
7.665652,177.689190,10.614578
6.196127,172.411921,14.760504
6.244733,165.377666,19.508103
5.053601,158.280167,25.861543
5.626369,151.293924,31.261942
7.136964,145.270444,36.917205
7.132569,137.593219,42.988124
9.956647,133.298134,54.776555
11.040950,126.186004,60.597086
12.002680,121.963406,68.147904
12.208393,112.630136,74.445390
13.837479,106.469351,85.477353
15.434953,101.386990,93.122484
15.100566,95.672956,101.864941
14.994141,90.134024,112.981205
14.980616,83.983175,120.108058
12.417296,72.612273,126.762370
10.890358,63.100033,136.418102
7.148566,55.722995,142.416285
6.061369,48.686000,149.537138
5.600016,41.419432,153.233921
3.888793,31.643415,159.339076
2.803856,24.174184,173.800424
2.685436,17.403314,183.330828
2.639467,11.907994,195.977571
2.194044,8.300376,205.567793
1.210941,4.309941,217.347304
0.990371,2.439381,224.479082
1.257532,1.937137,232.353555
1.732458,1.086777,237.584117
2.095756,0.695164,240.690325
34.119126,245.937592,6.105757
32.276886,242.806165,6.608485
29.901736,235.512623,6.992840
25.285581,227.756103,7.086562
20.395669,219.505154,6.776233
17.951488,213.051848,7.460063
13.939469,204.024525,9.388431
11.288227,196.912713,10.969992
8.617051,188.470649,13.155681
6.783940,182.903882,16.939653
6.196580,180.641503,21.172142
4.480248,174.541506,29.418860
4.267166,168.234013,34.092656
6.177091,162.238226,41.899822
7.777897,155.040559,49.744603
9.229224,150.139005,55.631219
11.667666,144.008168,65.847995
12.710877,136.813799,72.085421
13.853955,132.689114,79.692844
19.479169,128.991478,93.685760
20.490228,124.263488,102.939875
20.210691,119.818893,112.478452
19.340718,111.313332,117.961455
19.111192,104.998026,127.181011
18.677087,97.772269,131.474008
16.278224,90.226276,139.635800
14.958837,75.963309,149.286292
11.985784,68.696522,153.454489
9.378680,59.996127,158.054184
7.290503,52.520752,166.220616
5.178179,42.328583,174.489337
3.551060,33.918508,185.676121
2.597037,23.445099,195.427961
2.136719,15.715863,207.619654
1.326761,9.632086,218.289700
1.386999,6.470703,225.534040
1.390995,3.075401,232.408837
1.362914,1.821756,239.291778
1.558410,1.060486,243.102152
1.709557,0.766824,245.993905
24.163698,247.901612,4.820278
23.640780,245.854240,4.789264
21.456696,239.957956,5.002911
19.182107,231.625612,5.457506
16.645671,224.702189,7.311833
13.879164,216.676973,8.317037
10.690891,208.203414,11.026626
9.663111,203.162726,16.140482
8.087991,198.606744,22.327007
6.030180,193.310750,28.534419
4.463162,191.259876,33.644626
4.363391,185.054434,41.383983
4.865698,181.779981,48.584752
6.040492,174.082403,54.716985
8.196497,168.506893,63.139911
9.411726,161.813254,70.782628
11.720304,160.322447,83.385077
13.241086,156.615523,93.533349
18.022143,153.804781,105.078982
24.425717,147.147665,114.762344
27.478713,141.523744,121.050188
27.753591,137.989069,129.613554
25.429457,133.709282,138.010563
22.580003,125.130570,144.478136
22.516698,117.425207,153.040171
22.209630,110.767191,157.959649
18.999514,93.448423,164.476981
15.746081,83.670109,168.089811
12.012131,75.418699,174.278844
10.055310,69.396461,179.821163
8.747471,57.917680,187.448492
5.246145,42.238892,196.767495
3.008792,29.085595,207.316922
2.101180,18.426131,216.916401
1.493438,12.558776,225.350664
1.602620,8.108096,232.162072
1.504945,3.786386,240.610461
1.598045,1.854162,245.183572
1.488534,1.427291,247.423393
1.544752,0.841738,249.202983
16.256877,249.271896,3.405346
16.184199,247.194091,3.926822
15.170606,243.964813,4.248703
14.056644,238.814407,5.114869
12.042218,230.294310,6.866705
10.650037,223.783579,10.426581
9.663126,215.119919,15.616665
6.798256,210.987032,23.800430
4.987866,206.895217,30.105606
4.648324,205.599894,38.449735
3.295456,201.215785,44.260838
4.034688,197.775114,51.442447
4.539658,191.457747,56.757518
7.045386,187.724836,68.902056
7.974097,183.003233,78.288494
9.883141,178.851635,91.115381
12.057579,175.066894,103.767350
17.681428,174.576075,117.582121
24.098962,174.391196,128.663341
31.909955,170.189576,136.210118
35.059247,164.377178,141.711215
38.133377,159.888949,150.832074
33.578538,154.091679,158.912557
32.890911,147.132425,163.042494
31.067892,135.474252,168.593524
29.062806,130.333916,176.445547
24.867762,115.964588,181.837758
22.491208,103.225678,188.962401
18.785961,95.805067,194.959629
14.450827,86.255444,196.583145
11.351995,74.141426,204.532750
8.312939,60.865202,212.169106
4.565069,42.676608,218.874047
2.928641,25.271705,228.514377
2.205631,17.305861,234.464902
1.977292,10.656359,239.021719
1.681162,5.090113,245.197762
1.727345,2.384710,248.435298
1.427457,1.607796,250.821632
1.329224,0.868631,252.181421
10.676061,250.689469,2.148128
10.065481,249.580307,2.572744
9.474452,246.656844,3.349297
8.686712,242.034718,5.517676
8.032228,237.723077,7.963900
6.250741,232.296320,13.223532
5.443307,226.020407,20.797497
4.099319,219.943981,31.111493
2.915617,215.267089,37.659456
3.243748,213.205171,47.701591
3.641895,212.274191,54.313429
4.434088,210.990927,63.050852
4.919619,207.581332,76.163922
6.485131,203.461512,86.760151
7.863283,199.887284,94.883871
10.201912,193.636376,109.053781
16.300288,190.939903,120.363717
22.251273,189.751381,134.094537
31.314685,191.547082,147.186676
35.463056,186.949280,152.997944
40.983615,184.656786,162.794331
42.196844,178.878333,169.101721
45.288648,175.227089,177.888891
44.511090,167.167562,182.294695
44.531558,156.920823,188.439362
39.510262,144.603692,191.708564
34.641824,131.355673,197.965086
27.394046,119.492743,205.501774
20.399512,107.741149,207.038048
16.841947,102.136472,212.229110
13.678094,91.001678,219.711800
9.819459,74.351003,225.173376
7.531449,62.670736,232.753196
3.830564,42.982008,240.500693
2.907701,28.722832,243.084328
2.797889,17.227785,245.297445
2.179049,9.166928,249.740863
1.865961,4.155908,251.302514
1.549610,2.181154,252.723469
1.057090,0.918332,254.054631
5.887180,251.923923,1.602615
5.510372,251.170818,1.994844
5.401781,249.371331,3.063715
4.771835,246.380284,5.773300
4.722769,243.236690,10.667226
3.944672,239.277985,15.970895
2.431681,234.127690,24.423805
2.774803,228.513719,36.081778
2.390205,224.188519,47.394967
3.613060,222.705015,56.572470
4.060158,220.580965,64.552097
5.278032,221.748711,77.211401
6.600404,220.244747,87.225519
7.413390,216.403856,98.667591
9.354266,213.987640,110.099226
13.222934,210.268599,123.950083
16.364362,206.028084,138.943670
26.169716,207.493650,152.307751
29.993781,206.394192,164.290770
39.283524,203.690380,171.846435
48.640564,203.144973,180.632138
55.078193,199.463181,187.518336
60.494018,195.147176,196.202192
59.047290,189.310398,201.881730
57.571985,177.444370,205.947035
50.188093,161.565391,208.576259
43.837471,146.242431,213.726788
33.514088,131.329977,217.346401
24.420743,124.290975,222.418271
19.251599,110.718807,225.284141
14.155371,99.578382,231.249462
9.917985,85.275090,237.137922
8.393961,71.180105,241.368686
5.006606,54.518211,245.616698
2.805027,42.273954,247.861600
2.791434,27.312603,249.618566
2.469562,14.813347,251.933385
2.429942,8.139105,252.647696
1.964355,3.558005,253.765444
1.866806,2.130446,254.118747
2.738542,253.176979,1.395175
2.482832,252.482879,1.734322
2.761089,251.733278,3.254877
2.436037,249.942482,6.378847
2.562731,247.216519,11.205612
2.272653,243.417298,18.222941
1.931064,240.960346,30.324864
2.890185,238.396927,41.153744
4.286288,235.737459,56.659629
4.476223,231.750160,66.672254
5.688782,230.551837,76.868647
6.008315,229.259456,87.288309
7.857891,229.814890,98.223237
9.087113,229.358325,113.786095
12.687734,229.116959,126.042118
15.074821,226.487976,141.865157
20.706605,223.229710,156.711778
24.960714,221.558154,167.410418
31.654240,220.152689,180.005078
43.490884,220.739007,191.639689
54.763728,221.655293,199.343721
63.658950,216.762516,204.415286
71.015158,213.026055,211.691089
74.577104,204.320382,215.864325
71.912446,192.969704,221.136120
63.218297,179.834032,224.313002
52.815171,162.806396,227.134728
38.724362,144.141298,229.923016
26.662865,130.900123,232.280415
21.354333,121.875912,236.652156
18.067377,108.937780,239.902998
13.489147,95.661138,243.682707
7.801038,78.762214,246.310186
6.222182,64.181215,248.120795
4.260477,48.014805,250.393660
2.888242,36.727917,252.216622
2.654635,21.863971,252.643426
3.060815,12.459924,253.617283
2.967426,7.028117,253.884040
3.621458,3.965675,254.145271
1.257606,253.916436,1.037339
1.230672,253.567059,1.588609
1.249987,252.908899,3.168224
1.350714,251.973122,6.251473
1.573349,250.139485,11.674277
1.915655,247.947909,21.286337
3.332964,246.626204,34.576687
4.669125,244.957986,46.458201
5.552531,242.960164,60.984137
6.823989,240.162484,73.144276
7.460679,238.660610,84.645302
7.690177,237.494390,96.454325
8.177605,236.980053,106.606403
10.439697,237.762581,124.146247
13.301500,237.387110,136.350287
17.218951,237.681610,156.247975
20.363219,236.748332,171.287690
25.161970,235.292649,185.484114
33.053235,233.783270,199.399046
41.589177,235.516643,212.905600
49.332340,234.346365,220.053892
58.988714,231.049785,224.279933
71.252453,226.583113,226.820467
84.135378,219.018934,229.971309
80.729407,204.707511,233.832925
69.593494,192.368389,234.844981
59.444224,174.852238,237.739742
44.734929,157.048882,239.805910
33.213529,142.863117,241.766856
24.933212,130.940989,244.100508
19.537808,111.968200,245.607761
16.602669,101.861644,247.711485
10.991933,87.669738,249.540568
7.782988,70.935024,251.157947
5.010630,55.848772,252.727249
4.271144,44.113139,253.056048
3.574798,30.607798,253.287701
4.028635,17.556569,254.014544
3.469763,11.084293,254.186076
3.346517,6.879118,254.146418
0.470257,254.517008,0.849613
0.480580,254.241526,1.545265
0.597091,253.885624,3.117369
0.749791,253.120122,6.290232
1.357372,252.139166,13.468163
2.747960,251.216537,25.712099
4.685534,249.767757,38.624037
5.470199,248.760448,50.503310
6.645227,248.211320,64.980235
7.530098,247.144142,79.000846
8.975168,245.974592,90.249419
9.030352,244.493003,100.957004
9.749482,242.931862,115.069911
10.942180,243.560929,127.743975
13.738454,243.796766,146.700877
16.455745,243.010427,161.550131
18.689020,242.531820,178.467416
22.691588,241.968997,197.008607
31.823330,241.981502,212.002070
36.783812,239.702637,221.369276
42.298262,237.714282,227.312607
55.272520,235.132017,231.840718
64.683448,232.258251,235.274465
74.774282,225.188457,240.313271
74.496350,214.308625,241.326722
69.874908,200.614394,242.837963
61.461606,185.609518,244.318741
47.409394,167.524280,246.124859
34.285173,147.338235,248.407603
27.606485,137.315198,248.684223
19.606615,121.295835,250.110919
18.017865,105.746987,250.945176
12.636572,93.169987,251.612208
9.992777,76.854335,252.533622
8.199434,63.744744,253.205432
5.894340,48.742874,253.724939
4.804295,37.945466,253.935656
4.533251,23.866352,254.296582
4.031682,17.372524,254.400208
3.646538,12.184903,254.358112
0.172603,254.811880,0.545681
0.259532,254.627495,1.589707
0.327553,254.368070,3.594643
0.505609,253.751745,7.452614
1.648645,253.397363,15.975886
3.066662,253.012091,27.190082
4.791487,252.194172,41.161986
5.848333,251.941165,51.970477
7.036372,250.861213,68.024937
8.113096,250.652391,81.362735
9.355319,249.902349,91.523525
10.283053,248.399726,103.696000
10.006740,248.055439,117.348875
12.449763,247.038723,133.030804
13.735279,246.733641,151.003822
15.476304,246.846122,166.664067
17.914955,246.616397,185.855047
22.583811,245.642826,204.625807
27.851275,244.206990,217.569864
31.284102,242.811939,228.340641
33.251673,240.713661,235.254329
43.415664,238.465685,239.067626
57.971909,233.218721,242.024727
64.265967,226.586035,243.802870
67.130478,216.057588,244.572110
64.813226,202.605385,245.274865
57.443004,187.495504,247.871159
46.284135,173.613561,249.244940
34.535593,154.651383,250.429225
28.722769,141.841179,250.805073
22.390984,126.589103,251.709920
19.551300,108.826911,252.068515
17.144737,98.825936,252.790394
12.523795,82.709954,253.256587
9.867815,65.271729,253.913422
8.326735,56.520521,253.771555
6.037812,41.109806,254.472552
5.394782,27.940195,254.538767
4.672529,22.279440,254.446965
3.429801,15.466336,254.404791
0.259118,254.751303,1.063417
0.244945,254.682325,1.983978
0.241095,254.536428,4.456682
0.593384,254.422482,8.891480
2.215920,254.206347,17.975292
3.379623,253.938515,28.643475
5.421310,253.789320,42.416548
6.269703,253.396092,52.579999
7.356038,252.686749,69.242189
8.528959,252.268281,81.885063
9.874646,252.140938,92.555362
11.456125,250.548316,103.802769
12.473796,249.872205,118.864634
12.995776,249.543889,135.635820
14.839748,249.191682,151.828665
17.553070,248.338301,168.957205
18.490745,248.184759,189.251017
22.067656,247.828453,207.555886
27.158739,245.560414,220.388739
27.602283,244.370765,232.608599
25.786542,241.982663,241.817392
36.650986,239.069410,243.992735
51.522200,234.617578,243.675567
55.816115,228.679620,245.963929
60.137549,217.786166,246.506731
60.212604,201.838808,247.460381
55.542943,189.341239,248.761357
44.812233,173.897150,250.621423
36.532327,157.786733,251.554756
31.654176,144.307244,251.996888
26.576538,131.171870,252.789706
22.849029,111.263693,253.370835
19.797468,102.735546,253.456867
16.035684,89.713214,253.690359
12.893624,69.503344,254.265821
10.412415,58.917238,254.460753
7.742972,50.140062,254.559911
6.314236,33.083188,254.398374
5.233395,26.032047,254.419481
3.558878,18.500457,254.315317
