1600
3
0.243355,1.894192,254.481939
0.271220,3.725023,254.389390
0.841650,7.594145,254.240204
1.238015,14.949231,254.136628
2.398312,25.527746,254.053158
2.853206,39.121828,253.578293
3.853170,52.648315,253.617608
5.563498,69.071889,253.352508
7.018142,82.996946,252.899413
8.227061,97.837635,252.671994
10.403787,112.639582,252.750704
12.451264,126.252386,252.632825
16.393039,136.632199,252.769073
20.730957,153.323479,252.662622
28.692525,169.384001,252.546876
34.011967,184.401591,251.430918
46.935677,203.203538,250.211568
53.210994,219.092839,249.556474
51.654120,227.040415,249.501784
52.941635,235.353383,248.006042
48.219232,241.791618,245.982522
38.371479,246.092286,242.720667
30.143746,247.942993,240.700521
19.502205,248.783148,237.402802
17.950468,250.033923,225.699707
15.315060,250.978027,207.598425
15.427486,251.746578,186.075315
14.650000,252.096883,162.994590
14.456440,252.536283,147.332172
13.825279,252.808806,134.866190
14.325268,253.136170,114.969305
13.565603,253.193162,104.606269
15.005161,253.533971,86.846053
14.774786,253.999738,78.268213
14.088259,254.166582,68.276476
15.126321,254.480226,53.367449
14.517921,254.633538,40.014445
15.681756,254.649938,25.006353
15.469200,254.715335,16.447997
15.101497,254.699885,10.040603
0.366503,1.135918,254.443269
0.380116,2.381570,254.262823
0.838665,5.991225,254.042824
1.107245,12.374394,253.690142
2.175835,23.502742,253.255206
2.664545,37.015560,253.201474
4.327725,50.714130,252.641419
5.251824,67.339642,252.058347
7.150687,81.344067,251.654286
8.942236,95.142996,251.545112
11.756561,110.863282,251.529703
15.476059,124.533536,251.636256
18.443294,135.527309,251.739631
24.702533,151.885635,251.706201
32.066591,167.241231,250.765496
38.343372,182.195291,249.283953
55.073252,200.383918,248.064674
63.007669,218.447493,247.756046
62.709468,228.069627,247.359246
61.584776,235.159695,245.898519
56.246321,240.970790,244.754045
43.637641,244.332308,241.572912
33.443091,246.757280,238.678658
25.437404,248.287785,232.962186
20.649023,249.413657,221.468760
18.262984,250.610043,204.312130
17.326957,250.777301,182.550141
14.438273,251.551013,159.647351
13.558761,251.949010,142.382306
12.033188,252.466388,130.188598
11.969716,252.478961,113.557146
11.840871,253.006320,100.452379
12.677236,252.996900,84.003674
13.206800,253.431317,74.807061
11.427049,254.061796,63.078140
11.589059,254.567174,47.648733
11.899644,254.734186,33.407114
12.889941,254.768053,19.315440
13.458299,254.773244,9.795365
12.962350,254.806495,6.029509
0.305674,0.517671,254.610759
0.526451,1.635317,254.186673
0.649963,4.256326,253.797484
1.210078,9.709931,253.322648
2.237527,19.855689,252.718471
2.797849,35.902708,251.511228
4.222487,49.532062,250.911810
5.500806,63.752280,249.901805
6.913529,77.801769,249.219767
10.539364,91.733973,248.640122
14.647822,106.050702,248.646742
17.552049,121.003974,249.266580
23.050511,132.578514,249.528223
29.439045,149.424146,249.050282
37.600086,165.089514,248.877014
47.329632,180.911792,247.788908
65.791029,196.445621,246.234828
72.808484,213.198496,245.408518
73.756573,225.537345,245.493308
70.500412,233.362933,243.346166
66.600722,237.357700,240.595844
53.258267,241.506378,237.681283
40.811115,244.285358,235.380982
31.986494,246.754726,228.169369
26.403826,247.914229,214.059024
22.944618,248.644972,195.640978
19.775122,249.163760,170.560852
16.536920,249.902501,154.234853
14.011892,251.028092,137.481145
11.735506,251.047819,124.390120
10.359007,251.227086,110.668281
9.591777,251.747405,95.005719
9.142123,252.166891,80.345430
8.646408,252.826189,67.989376
7.537065,253.725328,56.341146
8.078939,254.421345,40.502456
8.715598,254.806423,26.654092
9.912008,254.852083,15.614681
9.930535,254.841523,6.486454
9.721981,254.830683,3.537048
0.969425,0.659068,254.138855
0.968978,1.279211,253.954589
0.999098,3.220547,253.069516
1.205277,7.462465,251.262607
2.053429,16.745706,249.902885
3.435904,32.515150,248.665277
5.508289,49.541508,247.937945
6.002401,60.050101,245.589068
8.190508,74.662392,244.696149
13.023191,87.043507,244.744111
16.003001,100.204774,244.742722
20.790757,113.899803,245.232974
27.441000,125.621151,244.912843
36.844722,143.254745,244.362288
41.235398,158.027960,245.200698
55.859141,175.206223,244.315149
66.193253,191.278351,242.837477
82.014257,206.105384,241.955063
88.974530,223.911623,241.086920
82.047751,229.315458,237.922312
72.220024,234.503193,235.042956
62.921667,236.189434,231.489814
51.467725,240.187783,226.999488
41.313569,242.696088,219.315833
30.570408,244.210676,203.840678
29.130736,243.732653,180.983377
23.090721,243.958163,163.798913
19.084228,245.951064,145.955546
15.682094,248.041207,132.632328
11.160984,248.961732,117.873390
8.652506,249.676612,105.727299
8.204507,250.047586,89.869909
7.239368,251.182424,74.705146
6.260683,251.950284,63.262882
5.284158,253.046710,50.586999
5.038941,254.076841,35.771793
5.293314,254.690690,20.314520
5.822958,254.853178,10.387208
5.827279,254.911974,4.297126
5.633801,254.945099,2.332965
2.934619,0.843228,253.702877
2.489772,1.300478,253.094543
1.723351,2.346566,251.086382
1.824777,5.419078,249.695642
3.570874,16.698723,247.195179
4.495265,28.901484,243.122604
5.587423,42.109498,239.667544
6.252497,54.162522,237.627292
8.148793,64.024092,237.261421
12.490292,77.083247,237.761633
17.645355,91.748476,238.977909
22.998905,106.502016,238.682129
30.626923,119.576609,238.446815
41.053813,133.942923,239.307594
47.208164,149.468799,240.666165
56.644405,169.323276,239.006083
70.366523,183.510631,237.295319
81.804042,193.977252,236.031870
95.780311,212.777123,233.981474
89.772762,222.314805,229.743073
76.604807,226.488446,226.251331
65.120474,228.198088,220.290258
55.524605,229.418013,214.532682
43.864281,231.585769,201.399650
39.443611,232.768241,186.897911
32.032753,236.511446,172.445112
26.007635,237.445351,153.639930
21.105932,240.187384,139.309013
16.540888,242.611285,125.568178
12.926968,245.320737,112.475200
9.287483,245.862119,95.238864
7.358080,246.834904,83.345687
6.520602,248.553880,70.474547
4.638880,251.124974,56.836316
3.594934,253.129545,41.328404
3.580684,253.708316,29.171766
2.714328,254.495904,16.098781
2.595962,254.798378,7.264852
2.717295,254.905712,3.309965
2.489049,254.943090,1.344125
6.925859,0.726117,253.151679
6.546751,1.110712,251.363739
5.465463,2.344031,249.701233
6.689633,7.352107,244.900152
5.845220,13.932331,240.153169
6.326356,23.905460,235.513737
5.971321,32.899284,232.538087
7.084862,42.252569,230.285903
8.311978,54.586174,229.711031
12.065159,63.467382,229.299102
17.796444,78.428650,229.164652
23.666771,93.443867,229.368686
32.282386,107.658443,229.970486
41.510392,124.117019,232.299814
49.007667,138.057106,231.625459
58.114049,156.354660,229.798271
68.254705,173.519194,228.302969
79.501195,184.902490,227.074871
84.616054,196.932320,221.159158
83.221355,204.252582,212.527095
72.862083,207.451426,207.618488
61.736663,209.325156,201.827536
50.801253,211.754433,192.610668
44.349445,211.690248,181.618946
38.548852,218.142065,172.719956
36.202045,222.590458,157.991384
29.674302,225.208514,141.934610
21.048735,229.388949,130.540846
17.465443,232.221679,117.009534
13.343178,236.468819,102.884334
9.684526,239.460911,89.893721
7.713322,241.703915,77.763889
5.135676,243.780973,63.577888
3.276032,247.982061,51.762195
2.399306,251.670262,35.186865
2.175520,253.573158,21.502407
1.457932,254.315216,12.028635
1.239968,254.728189,4.906178
1.013337,254.880281,1.803913
0.832413,254.936619,0.662987
17.611360,1.906587,251.762479
17.246523,2.440382,249.156292
16.522335,3.735715,245.608824
14.041494,6.053814,239.839266
10.532805,10.489544,233.324550
8.191680,17.345160,227.442256
7.417349,24.305631,224.679006
7.310422,31.937138,221.379481
9.860819,41.898068,219.449305
12.386273,51.443750,218.909473
17.261695,66.162739,218.195987
22.505290,77.777503,218.059028
32.193934,91.697941,217.908896
37.200487,104.685123,216.883054
44.474120,119.041637,215.934276
54.136826,138.849159,215.491820
62.600711,157.275210,212.970427
65.354804,168.832310,208.022940
65.717014,176.259600,204.338382
67.938841,184.878419,197.491520
64.114145,189.389221,193.234110
53.342907,193.149817,184.879621
41.910554,192.894882,175.411163
37.190223,197.493936,168.372063
36.616771,201.240039,155.570566
30.035008,206.223724,141.187671
25.176454,211.815412,130.638953
19.724352,214.681404,120.612525
17.706036,221.187137,107.638101
12.742040,223.921909,96.558034
8.754125,227.656179,82.097508
6.213302,233.234129,69.489080
3.767873,237.544008,57.777710
2.841603,242.505262,43.814397
1.806055,248.428660,27.467103
1.811390,252.395161,15.510546
1.198881,253.859747,8.159704
0.890719,254.514122,3.245134
0.554208,254.730723,1.108558
0.308263,254.897139,0.245398
31.727924,3.148816,250.382539
29.266891,3.378330,247.982145
26.348533,4.509318,242.367916
21.723280,5.741735,234.580258
17.765280,7.281101,228.425251
12.848506,11.321054,222.062032
9.916984,16.642161,216.596519
7.519251,22.623429,213.350997
8.453784,29.609989,209.377987
10.805927,36.594471,206.214362
14.596809,48.194803,203.462331
20.389577,61.283215,204.573509
26.161892,74.633155,204.821246
29.289583,90.054949,202.848617
36.238944,101.068354,199.282917
41.888443,114.720121,194.538676
48.288653,130.202988,191.056474
57.329720,148.489869,188.418923
54.300240,157.750523,183.844658
51.960603,165.392559,179.175808
48.689137,170.189445,174.473176
39.780219,171.057377,164.126456
38.562441,174.545165,154.919708
39.250603,175.855842,146.929393
32.777876,184.221908,136.086570
26.474375,186.635546,126.551755
21.482698,194.792734,114.779425
19.538382,199.288025,105.690606
15.749507,205.160114,96.213440
11.143013,208.613199,82.843998
8.391582,215.916697,73.665651
5.483675,222.404041,63.445225
4.180342,228.196606,48.724093
2.347743,234.818431,35.102005
1.581939,241.412465,23.482941
1.236293,248.829629,12.855452
1.177086,252.800308,5.909964
0.879948,253.613120,2.346632
0.647911,254.142554,0.836654
0.566953,254.460929,0.350475
43.659038,3.715612,250.161163
41.354260,4.026034,247.331691
36.001830,4.325392,240.629388
30.138327,5.634284,233.621133
22.850632,6.901372,225.633595
17.174671,9.087309,217.574001
12.386824,9.943911,210.440234
9.980577,15.069021,204.254756
7.472500,19.888952,199.896624
7.093467,26.278494,194.249712
9.092362,33.997934,190.649283
11.859012,40.346916,188.254226
19.176335,54.742647,186.867982
22.947319,67.675882,185.017593
26.659759,79.338065,178.227994
31.845229,92.214449,174.383807
32.985549,103.326732,168.694133
40.580926,118.046153,164.366987
41.209303,130.065135,161.300505
37.800041,141.067807,157.367913
33.984681,147.165842,149.254892
34.035916,154.443143,146.164718
32.164888,156.437593,137.258731
34.780784,161.833797,129.898352
30.664539,169.398749,120.401069
25.237647,175.217255,114.019080
21.497408,180.235602,103.625302
15.768976,186.887427,92.596373
11.732190,190.494869,83.687411
8.933330,194.876458,73.616461
6.394661,203.277761,66.160595
4.604008,210.544859,56.635602
3.390578,218.340848,45.571521
1.638107,227.484332,32.417584
1.245218,234.654256,19.815090
1.268407,242.728717,12.097918
0.799071,248.796142,4.426751
0.661054,251.506497,1.744629
0.705121,252.311922,0.851124
0.843853,253.239961,0.360939
54.294356,4.904204,250.508138
50.952350,4.608652,246.402209
46.480089,4.496527,240.355003
37.089646,4.709738,231.783142
30.068718,5.653637,224.869528
21.844801,7.225795,215.937259
16.799717,8.202993,207.878014
11.618061,9.133539,199.467524
9.303603,13.801562,193.465693
7.451242,17.786558,186.738023
7.560480,22.895365,180.552814
9.604350,30.231435,177.920740
13.351287,39.740804,172.954730
14.841695,47.848057,169.457186
18.045951,62.925512,165.719127
21.538140,76.287712,159.391697
25.109348,88.782630,153.995914
30.423980,99.986773,149.007761
29.462382,109.250774,140.642304
29.643921,121.345841,137.176392
27.756993,128.001872,130.872407
29.002314,134.408592,124.759314
30.267153,139.215477,119.294327
28.987329,146.412472,114.005863
26.912501,154.557399,106.967610
23.637914,158.936419,100.010872
16.377682,167.838776,90.434894
12.009619,172.716599,80.448499
9.416422,178.222027,71.843147
7.283893,183.734756,63.520560
6.045990,189.895620,57.331375
5.369005,195.969377,50.756561
2.806724,205.804549,38.223896
2.043646,214.722323,30.175813
1.349272,222.607099,19.287123
1.156755,231.536512,10.496314
1.174939,239.385160,4.041428
0.970618,245.595080,1.208060
0.862930,247.989499,0.801678
0.858762,250.494049,0.402710
64.403975,6.770202,249.951552
61.442416,6.357277,245.783133
54.984244,5.262353,240.166824
49.006810,4.752044,233.459155
40.436500,5.350243,225.342721
28.600093,5.842629,213.280520
22.177373,6.296451,203.383208
15.829331,7.429608,195.167351
10.601138,8.690916,187.130946
8.106738,11.617402,178.710018
8.865788,15.703486,174.167855
9.141639,21.802243,171.217552
11.479630,31.219350,166.361104
12.806272,39.580744,160.174951
12.743946,49.352500,153.711050
14.958001,61.553756,144.538060
16.312155,71.451419,139.720851
20.831255,82.508382,132.462155
21.700346,93.109878,128.359484
21.371449,103.904324,121.581207
22.729742,113.146823,116.473320
25.031669,119.118853,112.932508
24.984012,125.678273,106.955944
23.298046,130.829025,100.605222
19.812017,138.979364,92.657616
18.273312,144.222340,85.886393
13.514079,156.270332,78.690814
10.457646,164.449637,71.000784
7.386600,168.234161,61.641930
6.446666,173.875675,55.644215
5.117812,178.155396,49.002171
4.144730,185.905326,42.317775
3.356957,193.616858,34.386058
2.261737,204.003482,25.040547
1.494274,212.380556,16.619177
1.220420,221.436607,9.758805
1.283879,228.569123,4.983828
1.322642,235.896449,1.560751
1.225139,239.403842,0.958893
1.234225,243.415729,0.364080
73.778060,6.144333,250.409569
70.054078,6.058524,246.544488
64.279267,6.388658,240.414953
56.765605,5.548727,234.217825
48.483654,5.626915,224.525728
36.783932,4.776255,212.668265
26.835515,5.367002,200.667935
20.266570,6.134251,192.249574
14.784297,7.392974,181.461673
11.967532,8.874401,174.368502
10.132414,10.886800,168.476729
9.826168,14.007842,161.613736
9.478812,19.292469,154.441404
10.216772,26.530910,149.752514
10.188176,39.042375,143.473891
12.331966,49.130638,134.753530
12.982905,57.714847,129.282670
15.876715,70.012112,121.772907
16.249605,79.107060,116.403196
17.810227,88.162553,109.383130
18.773360,99.133574,106.046446
20.576789,104.582671,100.154228
21.267814,112.442481,95.817871
18.947140,119.977505,89.201546
15.918265,128.257169,82.386441
15.595274,134.685896,78.096861
10.290591,142.775633,68.519616
8.485647,152.191191,59.962852
6.645292,160.655952,52.832094
4.987464,165.509598,46.657985
4.112709,170.520180,40.378317
3.245206,174.839215,32.898445
2.827690,179.815308,26.860669
1.781356,188.392596,20.070541
1.505683,199.318221,13.661760
1.588754,208.717557,7.942931
1.481290,215.269350,4.312744
1.626714,225.606194,1.940768
1.525115,231.387292,1.181767
1.921449,234.790434,0.419576
82.286319,6.487297,250.421855
79.382176,6.343867,247.153500
74.396609,6.606726,241.793377
67.863294,6.883533,235.074640
55.497428,5.782500,223.859538
45.858817,5.106582,210.648845
34.833391,5.731239,198.490369
26.986105,5.751308,187.894092
19.333357,6.093224,177.935592
15.248089,7.172890,171.392690
12.436128,8.367080,163.661451
10.546850,10.262843,156.319749
9.477739,14.618619,148.509143
9.236741,21.338162,140.949958
8.466839,28.982203,131.589971
9.619518,35.979590,126.758567
10.396472,45.605629,120.192596
12.019226,56.446240,113.108935
15.919833,67.015347,105.562636
16.654166,75.678528,98.354125
17.070381,83.849961,94.015124
18.174417,92.700316,89.947788
18.421058,99.545366,85.842740
15.884212,106.834595,77.750567
15.101759,115.951494,73.399388
11.878922,122.628660,67.519268
8.912336,132.660600,59.297017
7.518586,143.180808,52.777999
5.440716,150.738589,44.825351
3.726392,157.168360,39.409736
3.536738,163.270712,32.796132
2.713438,169.272625,26.975165
2.463735,174.225085,19.495996
2.294537,178.237093,14.615543
2.031609,186.949445,9.520709
1.803111,197.788296,6.190456
2.065913,203.783548,3.999894
2.367943,212.240142,2.047280
2.512721,220.354546,1.091615
2.812435,226.142255,0.613640
90.781165,8.245161,250.202583
88.583324,8.025589,247.088367
82.064834,7.241165,241.777547
77.434020,7.544743,233.712094
67.380895,7.301795,224.241099
54.631853,5.499588,210.720146
44.676119,5.127966,198.760218
32.758480,5.700306,186.370534
25.059445,6.072075,176.864527
19.415553,6.163535,167.584993
14.834622,7.052751,158.411093
12.464847,8.563172,152.175812
10.298480,11.677700,142.709666
9.475959,15.813159,132.339383
8.189787,21.891619,126.012003
8.560686,28.444549,118.568729
8.999647,36.044662,111.456230
9.893982,42.627355,102.979603
13.570673,54.111025,94.226557
14.807403,62.573424,89.145747
15.729115,71.757100,84.335944
15.118488,77.146753,77.113974
15.207248,81.126538,68.608024
14.723596,91.944793,65.143700
12.339861,99.067178,60.372177
9.169852,108.603039,53.687220
8.079538,117.629771,48.533573
5.943435,130.485035,41.220130
4.502353,141.046709,35.697093
3.555972,148.166862,31.112247
3.076537,156.799170,24.315069
2.923597,163.797371,20.182297
2.978271,169.827686,14.739690
2.550925,174.867266,10.907741
2.862347,179.023797,7.441161
3.090194,185.110287,5.025851
3.193258,194.737960,3.707457
4.008216,202.867512,1.886764
4.498656,209.579342,1.113884
5.042794,214.459668,1.024551
100.504657,10.512649,249.987159
98.389162,10.221756,247.282604
94.172393,8.140052,241.165631
88.711773,8.339376,234.540055
78.127888,7.550003,223.814982
63.877957,6.249009,210.537511
54.697316,5.797172,198.948889
41.631964,5.516206,185.152741
33.066755,6.302451,173.309454
25.256520,6.537932,164.260166
21.057162,6.100794,155.273000
16.857006,6.491458,146.508546
12.679882,8.790103,134.122776
10.329343,10.984607,126.487078
9.922079,14.476892,115.742393
7.889406,18.993378,108.460400
6.751936,24.160907,99.952464
7.495973,32.236432,90.659480
8.423723,38.112259,81.645412
8.219790,45.335109,75.330142
10.618929,53.206127,69.425309
11.110371,61.394438,63.533806
11.114962,66.303094,55.128700
10.297726,73.451981,51.255089
8.826124,83.598316,45.021842
7.611027,92.319533,39.929034
6.914911,103.081068,34.557623
4.616183,118.310479,28.872823
4.541768,128.679167,25.486534
3.260960,136.172456,20.924297
2.859684,144.744105,16.274819
3.022411,155.596484,12.359579
2.812858,164.364085,9.989524
3.020944,169.749648,6.958722
3.732260,175.451639,5.031331
4.447158,180.098468,3.485071
5.616679,184.852266,2.502714
7.493964,191.366844,1.917712
8.734079,196.512925,1.909018
10.121828,202.177142,1.732548
111.103801,9.412239,249.828171
109.401686,9.517336,247.528181
106.064366,9.181028,242.328714
98.077287,9.274743,234.031760
90.779060,8.659907,224.513029
74.673950,7.659138,208.892853
64.475682,6.987036,197.179388
53.935262,6.470216,184.888268
42.803037,6.521391,170.203204
36.207872,6.157327,158.890670
30.458589,6.097607,150.841448
22.350710,5.684976,139.217717
18.050795,6.464586,127.757911
14.039495,8.732224,117.975282
11.937157,10.531126,109.215762
8.749460,12.256438,99.950001
7.474974,16.279636,89.738081
6.784153,20.364661,76.892792
6.695690,25.706180,69.957637
6.589957,30.261517,61.371207
6.647705,37.374821,53.165481
7.213830,42.882879,47.472308
8.169013,50.199437,40.656085
8.382479,55.357154,37.051081
7.421770,67.529639,32.502222
6.481770,80.079624,29.622124
4.730059,92.689069,25.407765
4.242888,104.608586,20.783899
3.741837,116.758258,17.150991
3.092723,128.966430,14.685164
3.484989,138.242397,10.814481
3.229388,147.691716,8.102652
3.536705,156.469970,5.898040
4.485683,163.575546,4.633329
5.269701,171.448507,3.142913
6.976966,176.033584,2.619352
8.863253,181.728571,1.749341
11.463598,189.576317,1.804760
14.175244,195.976459,1.757763
16.605563,201.172788,1.976861
125.795521,10.719603,250.135355
123.535330,10.209320,247.770546
119.656369,9.907733,242.718072
111.393826,9.317603,234.194455
105.875225,9.018834,225.011860
91.043311,9.317868,210.518169
76.980098,7.244794,194.303883
67.179511,7.083984,183.776717
54.246400,7.355667,168.004127
45.739906,6.765745,155.631923
42.166273,7.211188,145.863072
31.178340,5.788081,131.366943
25.565010,5.645236,121.700537
19.452086,6.520006,109.475188
15.569409,6.936655,102.368507
12.153936,8.191429,90.556447
8.786957,10.442723,77.098480
7.736489,13.655969,66.780298
6.356698,16.308727,58.294648
5.681900,19.410977,50.850227
4.631565,25.439607,42.122220
4.968760,29.945262,34.850265
5.118423,36.940864,30.535513
5.470031,43.507592,27.780093
4.911777,54.194761,23.255065
4.166402,64.933780,19.014661
3.567008,81.730890,16.789951
3.671087,95.430442,13.902903
3.730433,105.668725,11.531044
3.993466,120.334349,9.741931
3.952097,132.710652,6.804973
4.199475,140.211000,5.102008
5.092118,151.186735,3.313040
6.059781,159.176094,2.750659
8.465350,168.459746,1.940103
10.828302,176.161227,1.778532
13.654332,182.106572,1.844934
18.090559,191.232757,2.333093
21.680199,197.963939,2.756783
25.616802,203.821979,3.147317
137.506675,12.001522,249.914074
135.902300,11.826454,247.947155
133.754249,12.580772,243.987522
126.398383,10.554472,233.283556
119.914602,9.565287,224.678996
104.246788,10.569524,209.279887
89.076519,9.592704,193.552884
80.111020,7.816026,179.060742
69.701728,9.088336,165.497709
55.656605,8.028742,147.866305
50.333676,7.466191,139.528611
44.487161,7.373348,129.223242
34.766919,5.538808,117.241838
27.709648,5.285005,105.991295
22.118830,5.663961,93.638664
16.472814,5.937989,80.873871
12.215169,6.981412,68.081182
8.642914,8.351722,59.382355
6.519033,10.273743,50.482199
5.568851,11.406133,39.226229
4.661050,15.038458,31.145698
4.318289,18.773743,25.084343
4.676623,23.965461,20.349866
4.087149,31.039022,17.554704
4.142783,44.195482,14.620300
3.588168,54.397520,13.167382
3.842537,69.914848,11.459455
3.969759,87.875034,9.516772
3.989999,99.904094,6.570090
4.118238,110.230436,5.570322
5.170420,127.818559,3.850454
6.163969,137.346543,2.904109
7.824794,146.336516,2.184818
9.845830,156.313534,1.914559
12.952968,167.314710,2.099068
15.690621,177.013620,1.969855
18.752851,184.097779,2.227780
25.383519,195.222195,2.861364
31.042201,203.064463,3.283551
34.501475,209.324162,3.809242
151.062874,14.497358,249.975341
150.452999,13.229269,247.372091
146.006779,13.622395,241.808397
140.241952,12.585326,233.761863
132.301033,11.554511,225.307056
119.148984,11.308534,210.677566
104.418529,11.539089,193.969478
92.111312,10.514687,173.906975
83.729563,10.476528,162.175856
70.550856,9.049712,145.814018
62.601655,7.926768,131.786731
57.015460,6.633481,123.316162
46.887001,6.671953,112.855250
38.751318,6.243217,100.040108
30.285872,5.005754,88.100449
23.671505,4.583200,74.412577
17.368584,5.603675,64.390383
12.279764,7.290905,54.481085
8.773949,7.640819,43.294741
6.316677,8.894089,32.943948
5.324503,9.939529,22.595767
5.639449,11.450777,16.365536
5.125606,14.478627,12.297675
4.195446,21.197753,10.227012
3.861235,31.912286,7.929145
4.343056,45.833235,7.545140
4.723050,60.722864,6.021656
5.528372,78.248285,4.894950
6.803163,94.275761,4.088743
8.427152,106.825669,3.533379
11.229705,122.473554,2.902909
11.809284,134.968209,1.792176
14.039635,144.962258,1.526891
17.368428,156.523305,1.818117
20.274482,167.729408,2.023388
23.971335,178.080988,2.403961
28.533726,189.909916,2.901584
34.577227,200.588248,4.180047
39.770509,209.572522,4.853591
43.340966,214.793820,5.638349
170.243983,13.127837,250.686077
167.808996,13.210237,247.976989
161.677430,13.698889,242.377874
152.284235,14.831239,234.829909
143.734786,14.294327,223.854019
134.896487,12.429346,209.961261
119.689488,13.864440,189.962986
106.824578,12.509654,171.735402
95.528560,11.921809,158.555780
83.772345,9.888315,139.472337
77.416090,8.285520,128.773526
68.229501,7.089950,118.649253
59.580668,6.382656,109.189142
51.070145,5.826574,95.770427
42.546846,5.519123,84.967205
29.913052,4.382663,70.030422
22.900262,4.686311,60.359246
16.808948,4.963345,47.930546
12.289273,5.003250,34.996699
9.303715,5.782313,25.430787
7.045723,6.815482,15.983692
6.018089,8.551739,11.432437
5.788107,10.300944,7.693391
5.922246,14.757800,6.516343
6.222029,25.103489,4.717083
6.306186,39.019177,4.155226
7.078076,53.908856,3.613482
8.590620,69.777246,3.376032
10.054599,89.762613,2.531351
13.545365,104.385375,1.938075
16.925700,119.089851,1.403522
19.618640,131.104731,1.395576
21.393888,145.552108,1.429069
25.386259,156.991295,2.179053
29.091269,170.663775,2.617139
33.972615,182.978335,3.097698
39.305079,194.100498,4.369642
47.224968,208.147149,6.261024
49.485540,214.908153,6.558717
53.651453,219.678327,7.018837
187.765691,15.975871,251.275604
185.657213,15.964108,248.173777
181.139727,16.012598,244.726405
174.642289,18.020561,236.795647
158.177514,17.863311,222.612653
147.032386,16.693511,205.994007
132.846485,17.497730,190.082924
119.586194,14.319882,172.558927
105.801786,13.167692,154.401243
94.766396,11.001309,135.577307
87.055025,9.409790,127.767969
79.950571,8.789859,116.151759
71.703689,7.644228,104.016252
63.519463,5.795081,93.833102
52.457259,5.267064,82.483012
41.281815,4.470785,67.292222
31.314966,3.509509,53.536637
23.641234,3.177178,40.460957
18.617101,3.386260,27.677446
15.022894,3.817937,17.952034
10.688844,4.375550,10.993748
8.752894,5.464041,6.859248
6.874050,5.729716,3.664586
7.233346,12.445899,3.539923
9.287320,20.775994,2.664174
10.691298,32.558267,2.747937
12.268140,48.162577,2.573051
14.489538,65.506254,2.159144
18.741273,84.823622,1.535047
20.118763,101.293452,1.187277
23.421809,117.780830,1.118872
26.189118,130.566627,1.303979
30.332277,145.987818,1.589089
34.005552,156.616703,1.956152
38.774508,172.906419,2.996345
45.864459,188.324377,4.686688
51.155634,200.882945,5.490337
58.564039,215.106330,6.913550
61.941309,221.433639,8.005188
65.715424,228.206461,8.458270
205.746350,17.451359,251.114991
202.084656,17.783940,248.712222
196.404988,19.473625,244.968613
186.813019,22.975602,236.283894
173.970768,24.459740,225.814635
155.343659,22.840543,207.032365
143.862680,18.584276,188.758891
134.500244,17.521425,170.869341
121.098640,14.207684,151.002350
109.140648,11.174543,135.187832
98.456032,11.286947,121.899691
91.051104,10.298979,113.138341
81.056014,8.735375,100.833588
73.424402,7.169262,89.090682
67.083478,5.480019,76.073811
55.957642,4.007030,62.856215
44.855606,3.349517,48.256084
37.514755,2.633145,32.887921
27.285128,2.815477,22.910941
21.412861,3.051805,13.830749
17.183728,3.662877,7.874593
14.012471,4.755040,4.979699
12.170690,6.432677,3.190577
13.722287,11.536598,2.127512
13.754571,19.519102,1.940807
17.160986,31.272799,1.964009
19.472291,45.847834,2.401359
22.904361,63.556617,1.940098
27.642032,83.975012,1.770828
31.384125,98.114390,1.630956
33.185495,116.030857,1.916454
37.106855,129.760398,1.855225
40.346545,145.764542,2.469178
44.094988,159.585237,3.079462
49.710883,176.853280,5.484025
57.754681,193.701952,6.164313
64.826564,208.907830,7.818550
70.707764,220.951862,9.726740
73.141228,228.559901,10.169603
76.620164,234.715029,10.947981
221.142526,23.499845,251.744050
218.373957,25.547233,248.921862
210.102535,29.077290,245.258858
197.809245,28.880321,237.731242
187.482681,28.792013,228.289977
171.362666,29.330429,210.577025
155.064087,24.981840,187.461422
144.357954,21.182780,167.075798
134.647445,16.781326,149.309426
124.068927,13.917505,133.277355
112.567299,12.731346,119.258604
105.198157,11.846861,109.970558
94.174357,9.954187,96.137258
85.419985,8.156180,82.204397
77.073618,5.597794,70.241713
70.237393,4.309400,59.742605
59.684610,3.348629,43.455032
49.114607,2.819475,29.409357
40.427124,2.326602,18.457321
33.572897,2.710851,10.116098
27.358401,2.983839,5.430389
22.179448,4.617105,3.588697
20.648601,7.494969,2.203563
20.255873,12.121931,1.747219
21.739101,19.291683,1.985047
25.094563,32.446383,2.149037
28.266066,47.263503,2.248155
32.923492,64.115537,2.909100
37.341418,84.446342,2.501505
41.734789,99.807483,3.146516
42.810859,114.087050,2.626722
48.166816,130.575901,3.450772
51.163244,145.254315,4.628357
54.853036,163.510452,4.748521
65.251660,184.951381,6.322032
74.682128,203.248519,9.390974
78.358397,215.739774,11.531514
81.740578,224.047210,11.257805
85.376151,234.441750,11.776021
86.313019,239.018217,12.223672
231.508359,24.256336,251.658144
225.621255,28.568069,249.453846
218.721515,33.358938,246.299312
209.508214,38.291573,239.031871
198.373102,36.383807,229.439998
181.634010,35.737294,210.113984
168.439251,30.958534,188.991064
156.353617,25.296768,168.086884
143.559054,18.493812,143.896857
135.660243,16.176175,129.104491
125.404126,12.817622,116.918544
117.699886,12.165409,105.809247
108.343370,10.970309,91.795055
100.147067,8.816790,77.992712
94.862421,6.266030,65.635107
85.427274,4.421667,53.642924
74.184146,4.069493,36.949135
64.453916,2.885509,25.385522
56.598937,2.510296,15.922441
47.553069,2.700830,7.165270
41.371380,3.577347,4.302419
35.928672,4.970702,2.532220
32.076161,7.839487,1.985205
31.391409,15.108915,1.801100
33.328617,23.374636,2.052682
37.304375,34.621040,2.425942
39.737722,49.032105,2.886526
45.341633,66.380080,2.794072
51.783085,85.387412,3.188349
55.731821,100.100155,3.092272
60.550299,118.015035,4.847735
65.697137,134.372170,5.892764
69.001686,147.168655,5.966917
77.730849,170.962168,7.293197
83.820340,192.254687,9.991140
88.268265,206.982478,11.086748
93.229589,220.881946,12.312667
94.357248,229.494156,12.846002
96.621609,237.154603,14.413617
98.798544,242.421800,14.208684
233.866441,38.186626,250.567541
229.767689,39.884501,248.740436
223.939239,46.668628,245.521921
215.705303,47.420266,240.421121
208.067052,52.666186,230.970617
191.093945,48.226577,208.635662
177.899056,38.856094,187.027273
166.123595,27.780007,161.666981
156.029184,21.904913,139.698528
147.853023,17.377562,127.186163
139.848224,13.930977,113.662641
132.007481,11.646839,101.431533
123.103230,10.730531,85.342303
115.928848,8.662973,72.293729
107.389532,5.982677,59.506236
101.429847,4.894648,47.656822
91.916057,3.828395,32.334626
82.518095,2.330390,21.015057
73.089134,2.702815,10.663091
65.442468,2.785983,5.843417
58.134063,4.239836,3.730691
50.472372,6.184539,2.691300
47.983749,9.830626,2.116020
46.832208,18.445772,2.144445
47.212765,27.841285,2.572416
51.058450,40.259121,2.701713
56.052206,54.240140,3.341372
62.432004,68.109626,4.559152
67.540226,88.981558,4.831112
74.189768,104.756935,5.919931
78.919253,122.563867,6.332327
83.974717,138.043720,8.096381
88.795690,154.437476,10.348183
96.127868,178.386427,12.945267
101.339605,194.779879,14.930578
103.605983,210.017294,14.060996
107.066499,223.793735,14.905155
110.189981,233.306412,16.541600
110.011286,238.946856,17.839279
110.805341,243.455848,19.924055
237.892571,60.782787,250.395332
234.276754,66.623683,249.204955
228.238283,70.499765,245.304636
221.616887,74.186689,238.249640
213.069205,73.887943,228.860971
200.162808,63.431881,205.772360
187.095469,43.820635,181.412817
174.940151,36.981727,157.538084
166.584909,25.505806,139.598203
157.247820,18.580965,123.937522
148.357200,13.353747,105.819316
144.770444,10.768901,93.357566
136.879938,9.482143,79.521198
126.442889,7.827569,65.588670
120.866080,5.985079,52.316505
115.402279,5.128642,42.444471
107.949708,3.798108,29.388304
94.397741,2.676663,17.382959
86.988399,2.870928,8.775564
79.104925,2.949862,5.302730
73.982481,4.462909,4.020809
67.146590,7.815559,2.719853
62.472992,12.817222,2.213755
60.568689,21.105719,2.401428
64.271593,34.281364,3.109939
70.145064,48.650844,3.431609
72.126883,61.136507,3.828636
76.473087,75.718676,5.474231
84.696471,94.305094,6.586859
88.509041,107.674734,7.555006
94.098952,125.684367,9.394745
100.627795,142.959471,10.419489
105.776670,160.456199,14.906121
110.533341,180.547751,16.384043
114.030925,195.928420,18.647917
116.013474,210.620784,16.597864
117.462982,225.187044,18.219779
119.337955,234.432603,16.285562
120.314231,239.963017,17.810601
122.352120,244.897729,17.840669
239.907183,75.395527,249.979441
235.521393,84.169103,247.327620
231.185847,89.021167,244.034873
225.189137,92.906135,235.956807
216.331915,89.020829,221.519956
209.643429,79.269756,206.458071
194.122582,53.667519,179.897297
183.661377,40.057697,155.783118
175.541807,29.482680,134.753393
166.870707,21.824184,118.050164
156.946345,16.005770,100.838153
151.414463,12.033325,88.103456
145.823622,10.086137,74.229770
139.114385,6.503597,59.627473
132.510591,6.052081,47.255747
125.272559,5.238957,36.020599
120.678246,3.428786,24.035429
113.661673,3.130917,14.173753
101.994510,2.875586,7.856300
95.150667,3.701693,5.560922
90.148432,5.633631,3.748693
86.783753,9.741424,2.914594
81.273674,15.300550,2.561332
81.941715,28.146736,3.614972
83.253417,43.233065,3.841037
83.806495,51.942856,4.075400
88.017589,66.316010,5.522697
92.918924,83.979692,8.359717
96.418904,96.810536,8.639556
100.743225,111.943973,11.113711
107.394553,130.067404,11.536721
113.543246,148.163409,15.172899
118.054964,163.812400,16.077043
123.871912,182.773416,18.379255
125.369598,199.511622,19.673714
127.994259,211.997345,19.803480
128.537099,225.961629,19.131956
128.381899,234.379873,18.379140
131.167014,241.793497,17.672522
131.869296,245.754027,19.185922
241.329705,89.738359,248.011215
237.294627,99.028642,244.422161
233.204901,106.144149,238.776636
227.239488,106.719152,230.971403
223.190738,99.818877,218.886321
216.569574,90.384945,203.636747
203.688180,59.704994,174.657251
190.838527,43.709302,151.355187
183.680379,32.233793,129.610447
175.773445,26.885048,114.168529
165.982942,16.383739,95.238928
158.991567,12.607130,82.857554
154.146967,9.177430,66.779291
148.345733,6.894807,54.230919
143.059091,6.245257,40.334434
138.699032,5.167895,30.417283
132.458239,3.553415,20.070707
125.050673,2.937244,12.523137
118.699206,2.879510,7.465090
111.136622,4.245381,4.766618
108.481107,7.342456,4.062420
102.934492,11.975760,3.557083
100.639126,18.932368,2.969816
98.733975,31.714983,4.047272
99.893388,45.124087,4.471932
99.310463,58.941227,4.876134
104.995506,73.121385,7.729498
107.048347,87.896584,8.926277
110.800447,101.705580,12.117414
114.731519,116.810008,13.952976
121.494358,135.421921,14.902920
123.987215,152.577017,15.872273
128.392885,167.107533,15.742281
132.653839,185.601080,18.847272
135.861932,200.070045,20.033947
137.922436,212.705819,21.101500
137.977258,225.169068,20.324514
138.346360,234.321320,21.294346
141.380561,243.460486,19.654365
142.440467,246.798251,19.675137
241.345626,98.650072,243.787410
238.939840,107.818663,239.143654
237.622337,121.407181,235.411957
232.698790,111.946785,225.480894
228.920029,103.398413,210.764048
223.176159,94.765302,197.207280
211.949917,67.207280,168.816445
199.870427,45.956487,143.947993
189.645376,34.909152,126.376918
182.398754,27.715582,110.884238
173.236856,19.059953,91.033239
166.770436,11.977421,75.430354
162.101751,8.749288,60.643342
159.341479,6.410691,47.029541
155.324289,4.848800,33.676083
151.722029,4.118338,25.440493
144.407013,3.061495,17.129591
137.030361,2.995445,11.494982
132.499230,3.159563,6.539597
126.350068,5.658845,4.479392
121.470857,8.189456,4.367904
117.760760,13.206508,3.797511
116.183431,23.259188,3.402051
116.960552,37.512712,4.922836
118.147653,49.478221,5.205507
115.208113,63.160209,6.092696
118.034609,80.606917,8.720828
120.316597,92.237462,11.630761
121.937546,105.721340,15.255397
128.639636,121.354321,17.405812
132.114857,137.667946,17.590669
135.588215,155.072506,20.274784
136.822875,169.804604,18.801358
138.645918,187.152020,19.368691
142.796529,202.942669,21.040745
146.520774,212.088969,22.193534
147.620382,225.713495,21.461686
149.719060,235.442392,22.015618
151.100478,243.760208,22.533541
151.795929,246.946231,22.324180
245.116843,97.943912,237.203372
243.057953,105.492037,232.422877
241.346698,109.756793,227.072447
238.235695,111.483234,217.004852
235.278749,102.619788,205.715199
229.851343,93.649693,189.396033
221.411802,64.898070,163.765809
209.904100,47.687968,141.159566
198.970120,36.625036,122.506561
188.752877,29.400181,107.007082
180.747395,19.708996,86.638562
175.725118,11.443182,67.417683
171.474793,7.243284,50.727940
168.904775,6.128061,41.186724
165.930553,3.965110,28.929894
160.472374,3.361677,20.557179
156.267663,3.091417,13.712749
147.859811,2.687190,9.303051
142.942815,3.515887,5.546219
136.606030,6.299207,4.227916
134.992373,10.014234,4.127994
132.246494,17.684578,3.771210
131.809497,26.883984,3.846341
130.480892,39.603139,4.464101
132.010318,55.086113,5.951387
133.543389,67.560394,7.880748
133.601927,84.075075,10.358019
135.579543,97.724466,13.256478
138.359672,113.840981,18.633236
141.715425,125.391558,19.758213
143.564595,140.146785,20.300021
146.117608,155.611986,21.775062
148.265846,171.890641,21.192848
151.734614,191.671950,20.265882
152.959606,204.776691,21.426036
156.156924,216.616519,22.441513
158.340853,225.917693,25.579943
160.442875,236.186135,25.246827
160.313171,243.382693,26.143833
160.262701,247.356740,25.251303
247.541888,89.348337,229.951447
246.820701,96.265398,225.044384
245.234331,101.968311,217.163009
243.605890,100.331012,208.239173
240.857769,96.034471,196.383836
235.419285,84.941324,177.674592
227.049558,65.946144,157.315330
219.097156,47.399571,138.653089
207.949345,39.627549,119.173795
198.457093,27.351500,97.556152
190.557887,19.293587,74.986114
186.448859,9.185688,57.108754
183.561991,6.777620,43.801329
181.498368,5.531409,34.021768
177.222857,3.359524,24.133753
170.976278,3.063444,17.949131
165.655499,2.737444,11.141688
162.465274,2.880169,7.823918
155.844838,4.327854,4.781006
150.096143,7.170031,4.267421
146.728969,11.945146,4.108791
143.730958,19.838345,4.006944
142.183547,30.747882,4.043318
145.291946,46.869846,4.998862
145.650532,60.247575,7.031308
148.958843,73.861058,7.525099
150.725372,87.640973,10.457423
151.437423,104.079989,17.376131
152.520383,116.867686,20.006301
152.200054,126.862916,21.674135
152.744167,141.396151,21.053153
155.915525,157.448385,21.103826
157.110476,172.187497,20.949137
159.355761,189.411574,21.888618
161.145933,205.958914,22.166519
163.390335,218.833106,23.043655
166.338014,228.128181,25.649852
167.567240,236.179880,28.090041
167.177511,242.568962,31.401587
167.277951,246.059818,33.120203
249.605222,76.223246,221.946184
247.761283,84.803160,217.694155
246.947546,87.029620,208.366883
244.800403,90.174149,197.363867
243.911943,85.680997,187.614340
237.660539,66.466091,161.531607
232.763835,53.963798,146.873069
224.067688,44.182834,126.598420
217.057659,36.758318,111.545972
209.659554,24.957294,82.883528
204.194443,15.292007,62.125288
199.599559,8.878119,46.798094
195.022795,5.914412,36.458182
191.474928,4.260544,27.383495
187.154956,2.900912,20.196062
183.354747,2.379651,13.423164
177.607684,2.678121,8.972885
174.630357,3.067888,6.549849
167.361883,5.456875,4.397711
165.503900,9.525984,4.494506
160.771937,14.307379,4.026165
159.731247,23.146035,4.653790
157.779226,35.600674,4.366854
158.932995,49.359068,5.979792
160.424876,62.997855,6.897365
161.895453,76.900767,7.904467
166.004428,90.602834,10.955168
164.821452,104.922169,16.829359
163.569725,118.359200,21.103822
164.403518,129.487329,22.993437
166.595170,141.746787,23.752054
168.180537,157.393786,22.223583
169.103963,173.178670,21.658081
169.268176,190.464783,21.926903
173.080716,210.842764,21.234646
175.078307,223.593274,22.145351
176.782566,231.154974,26.825782
176.259361,238.226043,31.809014
175.586189,242.779060,35.657697
173.458659,245.362172,40.085575
249.974492,56.823181,209.566313
249.702528,60.734483,202.934829
248.875732,66.431099,195.186655
247.225840,66.411723,183.700414
245.277006,63.164021,169.240123
242.202864,55.168862,150.679093
238.252911,48.595111,136.029973
232.586379,41.656305,117.619385
224.866033,30.915102,92.823640
220.787824,21.506536,68.399348
218.487730,13.825945,51.951516
212.911367,7.930349,38.427904
209.868864,5.933536,28.111328
204.119853,3.568486,21.636257
201.438215,2.041430,14.096830
197.149869,1.841599,10.315457
191.399394,2.650201,6.816903
186.399454,3.614002,4.727709
181.856413,6.824134,3.563017
178.661678,12.058328,3.581082
177.220523,17.560754,3.497811
178.273945,26.261320,4.426193
175.884048,39.365739,4.451705
176.408259,54.297079,6.438114
178.867494,68.303537,8.402756
178.814823,81.013448,8.436981
180.903067,93.763758,11.215047
179.244938,107.397403,18.314989
179.900849,119.920671,21.703923
182.066006,132.401526,25.436287
183.033365,145.788816,23.685896
183.704126,158.996706,25.229029
184.196383,174.335264,23.231358
185.392895,195.788236,23.381757
187.804814,213.695688,22.215643
188.357763,226.071310,23.674124
186.240789,234.632024,24.416354
185.992368,239.745021,33.885383
184.810654,243.663164,44.131403
183.573685,245.509898,53.182034
249.730303,34.187548,194.332148
249.763600,35.963424,188.973406
249.710795,42.143302,179.712789
248.754886,45.090104,170.114619
247.744327,46.526745,154.308903
245.831859,44.072767,140.103708
242.818307,40.521508,121.092989
239.534257,34.329983,101.494944
236.656561,26.102990,75.847215
230.860338,17.113678,57.631129
228.550903,11.682518,40.788655
224.428475,7.424639,31.170113
222.380270,5.082037,21.333697
219.076925,1.979836,13.430364
215.834515,1.709633,9.902624
211.493644,1.592361,7.679377
207.106392,2.626956,4.092891
200.268504,4.614842,3.387075
197.090470,9.224470,3.046253
192.326507,13.915645,3.111873
191.030484,21.185845,3.409257
193.477334,31.672644,3.943354
193.093864,43.389922,4.243440
190.467934,59.271533,6.255720
192.714860,71.243471,7.420248
193.087575,84.991919,8.167135
194.062364,97.326189,11.411492
197.535004,110.820752,16.782447
196.252191,124.748462,22.359642
195.928159,136.831642,24.639535
196.758058,148.976500,24.360217
198.833685,161.098014,23.304480
197.980032,175.143195,23.926434
199.075357,196.159664,22.753184
200.475160,218.568324,20.323848
201.354212,227.266212,22.690594
200.286827,236.532582,29.859466
199.838050,243.326264,35.966722
197.588003,245.070411,42.362830
196.910484,247.621600,48.208803
249.729091,22.226122,186.638772
250.031609,26.212735,181.619852
250.533500,28.859751,168.215228
250.084434,29.641273,157.225331
249.227654,32.453380,138.834705
247.741664,32.113846,121.032097
246.940314,28.332480,104.128507
244.676970,22.431286,78.199677
243.263224,18.370715,60.436921
241.131946,14.332295,47.246212
238.690218,9.933092,34.397858
236.255530,4.734767,21.806669
233.370935,3.198924,14.891136
231.553948,1.268311,8.256530
229.505174,0.980579,4.874758
226.595288,1.571295,3.289961
221.333360,3.211298,2.749675
216.474568,6.867475,2.751457
213.387168,12.487661,2.584854
210.227677,19.045920,2.774217
207.823999,25.947199,3.199347
208.967083,38.274501,4.465521
208.612474,47.474137,4.665369
207.771725,63.503040,6.461620
207.229808,76.166322,7.978310
209.745392,89.646640,8.532798
211.810712,104.080823,10.776166
213.504624,115.341926,16.155630
212.615253,125.085992,18.884646
208.915965,137.343502,22.985747
210.035610,150.624958,23.411348
210.870952,162.955389,23.030129
210.641946,176.988298,22.664209
216.451057,202.486447,18.650283
213.999086,221.967955,18.094428
216.179832,231.632559,22.197963
219.502891,241.698998,25.523855
216.431224,243.907876,35.440278
211.826693,246.781360,43.421292
210.185517,248.433886,49.856542
250.034366,14.704515,175.434886
250.651472,15.586407,167.409782
250.528973,18.720422,158.654049
250.784396,20.682846,140.475002
250.262682,20.404424,122.133675
249.815062,18.961525,105.265431
249.351848,17.619830,86.287874
248.975063,14.010565,68.239309
247.254433,11.503337,51.739271
247.199985,8.921327,37.920211
245.928439,5.894553,26.023867
245.214741,3.182830,15.418217
243.120363,1.365219,8.829111
241.480039,0.755997,3.858346
238.573688,0.798228,2.601774
235.221940,2.154522,1.869658
231.993816,4.327763,1.402599
228.475002,8.399686,1.514614
225.231445,14.627265,2.260665
222.255497,22.799603,2.414477
221.180345,31.169794,3.309880
221.286054,40.671132,4.215087
220.616975,51.950508,4.822057
222.894184,66.484158,6.387649
223.842175,80.454069,8.371596
224.058930,94.322059,9.711594
226.728517,108.086680,10.900681
227.005090,116.928445,12.288240
227.066971,125.647327,16.497750
226.330883,138.807633,20.491000
226.323581,153.034267,20.758864
224.340517,163.677318,22.503165
228.861076,186.642823,19.909431
230.448345,207.066613,17.887798
234.387913,227.384927,18.541437
233.275576,237.398092,18.352986
231.650816,242.069228,24.737816
227.270284,245.149590,35.775499
223.902270,247.804500,45.273053
220.794635,249.138449,52.789144
250.871478,13.789124,161.304079
250.973395,12.388719,155.827413
251.591100,12.811987,145.239153
251.444998,11.665403,125.927425
251.261104,12.739358,106.777009
250.755567,12.976841,92.188868
251.696849,11.229327,72.059979
251.379406,9.338611,55.872132
251.366202,7.675814,44.573338
251.413204,5.499924,29.884439
251.138650,2.893910,18.557925
250.370258,1.612745,10.347826
249.388744,0.754617,4.883333
247.792264,0.566863,2.515104
245.721082,0.988614,1.363700
242.796767,2.233147,1.080621
240.409886,4.798996,1.068733
237.562408,10.468925,1.066313
236.500739,17.332389,1.258990
233.728741,25.592743,2.127567
233.025046,36.177092,3.188429
232.952325,45.086026,3.896417
234.056434,58.326949,5.943185
235.451865,69.121531,6.998748
235.057861,84.257976,9.563112
237.146260,99.416202,9.304451
237.969754,110.228294,11.194782
237.952044,118.078861,11.826638
238.217851,129.421114,13.625624
239.509315,141.199505,17.779844
239.783356,152.248293,20.431446
238.586440,167.048375,21.048166
242.370818,187.817151,20.228674
243.971478,210.267925,14.767903
244.052289,228.694560,14.382783
242.189079,238.854879,17.896066
239.960553,242.223984,24.430494
236.312058,245.830487,33.730216
231.948140,246.072133,51.367572
227.842164,248.129419,62.016103
251.233512,10.027232,149.532839
251.558034,9.095247,142.019993
251.484857,8.595270,131.966437
252.311963,7.631502,113.868510
252.157564,8.459913,98.717121
252.339186,8.452079,79.922018
252.721243,7.087379,64.828672
252.871671,6.327483,51.452227
252.783457,5.102450,38.027945
252.725521,3.033625,26.425601
252.790644,1.063221,14.239348
252.723151,0.662026,7.401992
252.723440,0.427102,2.764730
252.128689,0.348142,1.513736
251.002010,0.967417,0.863568
249.268457,2.626446,0.658400
247.241315,5.773229,0.762770
245.701360,12.808392,0.618930
245.226793,19.611669,1.308056
244.344983,27.868136,2.102490
242.669248,39.618274,2.785034
241.652065,50.482504,4.381824
242.690463,63.280476,6.129194
243.505392,74.041886,7.285416
244.920969,87.699639,8.798691
245.264124,100.290061,9.258793
244.160057,110.856975,10.282120
243.859378,119.389512,11.326792
245.187116,131.176043,12.456737
244.965827,142.057649,14.696962
245.252539,151.898582,16.490679
246.916597,168.926914,18.286436
247.430180,189.149122,19.405575
249.377267,209.980354,16.537878
248.626760,226.960162,14.678615
248.405536,240.587719,14.153278
246.137157,241.754567,23.867051
242.555033,244.068592,38.928467
239.284032,243.700925,55.108662
236.419087,245.321006,66.205598
251.770231,7.947313,140.625856
252.233604,7.617399,130.839725
252.569740,6.980948,119.645030
252.802069,6.292816,102.385288
252.738568,6.228776,90.334891
253.650081,5.327240,73.586407
253.881182,4.172345,58.544874
253.794912,3.376358,46.322691
253.788225,1.969171,33.496605
253.888269,0.954081,22.848408
254.015861,0.726905,10.986996
254.168175,0.367061,5.645431
254.017455,0.331368,2.277993
253.859509,0.335701,0.793016
253.353070,1.019303,0.558430
252.635511,2.338518,0.460581
251.504715,7.165604,0.516596
250.191104,12.529482,0.580069
248.556702,20.228226,1.147937
248.741304,31.293423,1.957461
248.055726,40.019620,2.819031
247.157291,53.241143,5.073361
247.678328,64.678519,6.359851
248.646342,76.659150,7.848850
249.874075,87.602266,8.223977
249.753262,101.207883,9.500697
249.126852,110.730030,10.116347
249.239156,119.632793,11.172615
249.361610,132.339818,11.889192
249.459485,141.716272,12.585688
249.176717,151.394587,14.017036
250.268387,168.837170,17.819746
250.321256,187.321820,19.268616
251.746537,206.366956,17.308223
251.356776,221.083109,17.688543
250.536489,233.029960,20.261526
248.082931,239.446173,28.783934
246.336151,241.619785,42.978025
243.498833,241.999185,54.563774
241.337358,242.908052,63.462948
252.350059,7.594421,130.669605
252.521884,6.468233,120.189060
252.727777,5.807214,111.032659
252.950950,5.285295,99.488944
253.514168,4.365193,84.769469
254.095987,3.680347,68.993878
254.158753,2.913735,55.483346
254.187904,2.160742,42.859200
254.188766,1.226254,32.053817
254.404063,0.723950,20.591679
254.448808,0.487676,9.990370
254.490504,0.345048,4.527532
254.518190,0.192171,1.649165
254.674616,0.227138,0.351099
254.303514,0.922654,0.460780
253.821120,2.248201,0.428490
253.337102,7.162862,0.481789
252.728629,13.036187,0.565607
252.175501,22.112186,1.377854
251.109723,31.690947,2.007331
250.968851,41.783379,3.002168
251.128553,55.333477,5.276693
251.055723,66.218481,6.127775
251.340204,78.045462,8.062273
251.649957,87.782115,8.331307
251.624996,101.285117,8.746925
251.562774,111.044123,9.432253
251.399040,119.025239,10.256265
251.080440,131.593347,10.377530
251.156349,141.878867,11.565922
251.067978,151.702024,13.504494
251.845637,169.078207,16.265938
251.473823,185.001903,20.416602
252.194143,201.253728,20.298496
252.120243,216.368663,20.925529
251.464104,227.814986,25.693580
250.617138,235.437446,32.560786
248.106888,238.376144,44.361706
246.384677,240.527130,52.944971
244.869494,243.008904,58.910596
