1600
3
6.653737,87.807929,253.509267
4.810754,81.041820,253.148578
3.818464,74.459325,253.325651
3.443373,66.273203,253.168633
2.897679,55.356103,253.539797
2.178997,44.772375,253.649433
1.161167,28.640673,253.915020
0.913875,19.706287,254.081584
0.595223,10.338697,254.301597
0.480680,4.058565,254.512234
0.277629,1.746275,254.501714
0.298563,0.357108,254.636565
1.262925,0.407123,254.247148
3.363541,0.555251,253.671153
8.625555,0.727162,253.138998
19.215449,1.666869,252.526063
31.106779,2.595002,252.528427
44.053102,3.334738,252.590783
58.019591,4.108927,251.862660
67.701713,5.280212,251.732961
76.964331,6.622766,251.651382
87.313671,8.155248,250.940617
99.156981,10.076832,250.832552
110.355756,10.639111,250.585882
122.814774,11.922920,250.404954
139.531915,13.182659,250.776803
148.995373,12.875061,250.651476
163.722889,11.820441,250.773801
176.154895,11.868329,250.005860
191.704917,11.092383,249.899473
208.067832,10.915527,249.081931
221.796701,14.546928,248.668481
230.542894,20.131143,247.762059
233.307429,29.127579,247.483536
236.424155,42.002197,246.752677
237.161515,67.958980,246.675663
239.204477,88.621413,245.351594
239.365325,105.182159,244.203845
238.348462,120.283489,241.665884
240.103117,134.755975,239.684835
6.499573,93.741313,253.328185
5.214808,86.218750,253.071939
4.213017,79.545052,252.939309
4.010547,72.531624,253.148445
3.691790,60.473209,253.591664
2.693469,46.681279,253.254113
2.314371,32.723927,253.584592
1.502142,22.481510,253.696225
0.715137,10.982323,254.064828
0.538871,4.763575,254.110457
0.430394,2.495595,254.009859
0.451167,0.854657,253.636370
1.240008,0.451187,252.999439
3.012488,0.574731,252.130428
7.682088,0.765227,251.147483
18.910673,1.564007,249.770173
29.827109,2.374874,249.730533
42.944580,3.033168,249.182701
57.375747,3.976307,249.528438
67.144902,5.059993,249.342572
76.799156,6.463007,248.948990
86.824467,7.759594,248.822579
98.693854,9.307634,247.636185
109.242067,10.721561,248.053499
122.190855,11.592954,248.316337
137.121876,12.564459,248.697011
149.641108,11.764401,248.733587
163.544357,11.031906,248.446130
179.705339,11.012973,247.382544
195.028167,10.457989,247.323957
210.681521,9.548919,247.125825
225.883580,11.994575,246.922567
233.565140,16.801658,247.040360
236.452645,26.411667,247.048601
237.761367,38.890831,245.630340
239.903641,60.950549,244.782625
240.402811,82.923805,242.074929
239.570528,102.917128,238.362815
239.027054,118.226098,233.672578
239.492048,124.956566,230.900586
7.039623,100.958362,253.280258
6.503221,95.423274,253.126082
5.657122,87.201068,253.151338
6.048717,77.345683,253.029882
5.334660,66.118476,253.325113
4.497748,50.434492,253.041643
4.730462,37.137289,253.163888
2.979996,24.330301,253.164742
1.954809,14.018605,253.262208
1.041653,6.714094,253.072877
0.523964,3.349310,252.331348
0.513753,1.497198,251.457799
1.059562,0.818152,250.340938
2.750551,0.529278,248.874460
7.085883,0.968853,246.561574
17.563775,1.586557,244.913993
27.730372,2.291527,243.545339
40.260952,2.865481,241.915834
54.686828,3.562792,242.831965
64.484555,4.389377,242.826410
75.295378,6.560328,244.510751
86.783286,7.626694,243.664053
97.993541,9.261076,243.745456
106.053408,9.814812,243.105025
119.543712,11.114874,242.652641
134.671285,12.807057,243.464176
150.700107,12.191444,243.893585
166.014922,11.560723,243.514609
180.708155,12.431382,243.169879
198.673523,10.354579,242.291269
212.051600,9.408551,242.608348
227.639153,10.205224,244.374169
237.736173,12.561204,244.916483
238.999246,20.867599,243.788329
240.641509,32.728463,242.297665
241.701126,53.105711,240.109394
240.739502,75.429280,232.821188
240.640175,97.419563,227.796480
240.082497,110.074982,221.948493
241.945257,116.571240,219.849537
9.634227,110.355463,253.104610
8.208766,103.743057,252.756647
8.080161,95.093322,253.060987
8.622181,85.411722,252.760915
9.996373,73.567473,252.880460
9.256914,58.100906,252.687506
7.003129,42.772973,251.931016
5.646738,29.557796,252.313112
4.648291,18.752270,251.176816
2.544454,10.839971,251.066078
1.235879,4.932671,249.666151
0.665140,2.292524,247.197517
1.196527,1.321406,244.503320
2.506664,1.194453,241.260939
7.044913,1.382780,237.860226
13.092418,1.281628,235.506053
24.647129,2.105938,233.454253
37.389172,2.577693,231.249758
48.125214,3.323560,230.610918
59.422699,3.797182,232.757151
70.540600,5.965336,235.864063
85.220564,6.823586,235.001443
94.243509,8.595379,234.603764
105.280854,10.084313,234.621787
115.553253,11.224857,234.673050
131.549171,11.766948,234.161304
149.527557,12.549174,236.915378
166.999196,12.249603,235.087361
182.312262,12.604347,235.500289
199.908502,10.913218,235.375327
211.981579,9.723195,235.756499
227.464130,9.476164,235.604320
236.322062,11.820417,236.980803
240.310412,17.311278,235.623354
243.105184,27.903349,234.008482
243.350188,38.038237,229.069380
242.327646,64.778912,219.928617
240.805022,81.627947,213.110430
241.662311,98.501259,208.560478
243.577471,102.515495,207.014348
8.857994,122.882162,252.960830
9.051364,116.805619,253.003581
10.042467,103.138256,252.663208
11.625018,96.156687,252.393452
13.323280,82.946166,252.336764
14.028629,68.653760,251.292797
12.387950,52.290106,250.848884
8.181390,35.855124,249.190129
6.437713,23.454781,248.992614
4.464040,15.927243,245.082396
3.266623,10.069366,242.407182
1.556104,4.643582,239.105468
1.402868,3.018315,236.511445
2.448752,1.876889,232.333980
4.591791,1.482339,229.396213
11.152857,1.572729,224.563415
21.875003,2.283559,223.205677
33.618370,2.902580,219.356292
42.574880,3.210156,220.258442
52.487665,3.069080,221.527833
66.816464,4.950807,223.132558
79.985822,5.935862,223.384994
92.266913,7.415772,223.430006
101.138056,9.223710,224.013524
113.999024,11.937669,222.635963
124.598084,12.304810,223.562362
145.419806,13.220466,220.892633
166.148662,12.574282,223.404262
179.197343,12.788952,223.921751
197.560205,12.312087,224.585152
211.040878,10.771215,224.992086
225.036067,9.179677,227.451454
234.470321,10.234898,225.933296
240.202317,14.127156,224.628234
243.060758,18.672432,219.449561
245.126918,31.161797,213.239386
242.955887,49.021738,203.974860
244.624181,67.021425,199.571469
246.059628,80.300848,192.651749
246.609974,86.833660,191.523924
11.299963,136.166447,252.309672
11.856968,129.389844,252.403991
14.541477,123.460339,252.272797
16.675927,108.087605,252.287612
20.356530,96.212162,251.686874
23.027226,81.578832,249.612643
21.583825,66.831999,247.214433
19.152559,51.391810,245.604756
12.398039,35.188299,242.752599
7.584559,23.615984,238.694355
5.083387,15.259467,233.825345
2.615784,8.289098,230.966298
1.464921,5.693025,226.132067
2.206174,3.752436,222.800862
4.667760,2.128107,218.706258
9.169434,2.030951,215.269097
18.759986,1.998225,209.516129
29.547225,2.492635,210.404040
38.264217,2.489513,208.770748
47.445985,3.022821,208.440404
59.929718,4.827655,208.066884
74.146564,5.454630,209.505638
89.113972,6.835801,210.844064
98.449287,8.239159,208.329357
107.859950,8.971639,207.510576
123.366690,12.283527,205.818783
138.307990,14.511035,202.715874
158.142234,13.331316,205.926249
176.361652,14.689218,206.212295
193.034068,13.881176,206.748753
205.559771,13.401511,211.186711
221.837713,11.086896,212.154414
233.018930,10.049575,210.372371
238.850802,9.738465,207.748875
242.975483,15.464084,202.636796
245.074604,21.884484,194.088360
245.653077,40.242734,187.790793
246.904043,51.034049,178.745754
246.703624,58.882226,175.439598
247.265666,62.751379,173.198816
15.413558,150.065331,252.346173
17.815984,144.971108,252.114523
23.247580,140.709024,251.933020
29.510386,132.016782,251.204449
31.166116,115.398279,250.686070
34.136928,98.279010,247.023334
29.640662,81.203512,242.894010
25.385329,65.932383,239.421427
19.766767,48.134790,233.997743
15.272166,36.525636,228.870899
8.309934,23.626310,224.100047
4.489435,14.186208,219.062066
2.508189,8.606256,216.023810
2.352446,5.776560,211.787683
3.851206,3.754326,205.920598
8.459715,2.804285,201.879041
14.988289,2.719554,198.335885
23.279838,2.224128,196.802892
33.435339,2.085787,197.001850
43.360437,3.105682,196.142676
54.287940,4.228877,194.333725
70.150999,5.711333,194.476990
84.359135,6.415682,194.072336
95.742912,8.586136,192.052105
107.944553,10.417596,190.103672
121.240732,13.043754,187.665211
137.098332,14.725845,188.342726
149.388106,16.492297,182.560084
169.620422,16.974953,183.551991
185.546292,17.939499,186.726335
195.976861,14.566126,188.631733
215.195075,12.084583,191.415565
225.772204,12.288844,190.609193
233.924685,11.059027,189.407876
240.076662,13.414770,180.318244
243.166805,18.056490,174.804416
246.792465,27.611651,167.928010
248.001805,35.430330,164.131787
249.309422,45.274670,163.557989
249.448776,49.612910,160.591759
23.327613,162.579909,252.094304
28.072969,158.920105,251.793223
31.726650,154.002066,251.190908
38.225804,148.019605,250.325115
45.788674,134.724162,249.010055
45.406655,117.373934,245.708046
44.074979,96.483570,241.571267
37.970234,82.747912,237.022271
26.232087,59.811023,227.716342
19.441600,43.905701,221.144652
14.213448,33.541422,216.263008
7.464736,21.768044,209.743724
4.155468,14.016855,205.228820
2.430277,7.732998,199.752725
3.880674,5.538253,194.280596
6.137082,3.512949,188.824691
12.655586,2.948380,185.746387
19.076196,2.223156,182.686839
26.387450,1.958457,180.870748
38.266266,2.381414,181.789240
50.188926,3.499981,180.331231
66.885576,5.324021,180.246650
81.131203,6.719342,178.702278
94.830435,9.047765,177.283569
106.925477,11.461323,170.578829
118.484747,11.546825,167.193084
131.739554,15.279385,167.713929
148.816231,17.101919,166.621554
159.567940,20.229314,165.132734
174.086317,19.192559,166.119521
190.631277,16.414567,169.451232
206.837147,12.848281,170.121102
220.803175,11.571143,170.258192
228.199266,10.421401,168.956596
238.059957,11.926727,165.849531
243.366463,13.966592,159.174064
246.301073,17.878400,154.249656
249.077966,25.221509,150.772623
249.910076,34.159782,147.096167
250.290985,38.988811,146.341483
31.622762,179.373714,251.128168
36.091517,171.111444,251.103340
45.328630,165.955065,250.418147
48.835017,160.543235,249.420659
56.224426,149.218603,248.306065
56.246561,131.442224,244.644004
51.675811,110.653802,239.052373
43.575829,89.977668,231.294221
36.730628,73.791670,225.025999
21.980587,48.645187,214.790498
16.938202,38.571417,209.235170
11.012872,28.095868,201.506834
4.697824,17.774847,191.735791
3.123132,11.683387,187.375078
4.059132,7.353795,182.599321
5.591963,4.694858,178.195414
10.020383,3.700872,174.268865
16.705065,2.554194,171.575847
22.597209,2.180450,168.345148
32.798958,2.103260,163.939125
45.066142,3.258543,161.870713
59.606520,4.440652,162.027686
76.802218,6.868598,161.651572
93.034484,8.814362,158.466609
105.610570,11.315478,155.692784
115.743937,12.073359,156.969105
128.325726,14.535223,154.119273
143.372739,15.906249,152.678775
156.610285,17.873361,151.902483
172.154859,16.935074,151.499057
183.219578,16.304811,150.043245
198.177633,14.461631,150.619250
212.522986,13.184028,151.734736
224.725868,10.465254,149.344530
233.984189,12.167635,147.475619
241.217617,13.266214,143.788125
245.871392,14.478819,140.943924
248.551796,17.472970,136.512717
250.907248,23.881695,132.258575
251.906341,27.372412,130.268734
40.912285,189.558005,251.079624
49.513116,183.829613,250.288893
52.661036,177.253813,250.607963
60.176157,171.212611,249.614563
65.435582,163.109510,248.134627
67.431515,145.620443,242.671720
64.210078,126.824997,236.284536
54.190529,104.450269,229.450071
40.380843,83.054377,219.623134
30.053180,60.606595,209.535182
18.948000,44.684647,201.440381
12.854449,32.369713,192.957945
5.382145,20.197458,185.427049
4.184585,13.867604,177.546422
3.694284,9.077502,172.257152
5.065089,6.272346,169.530820
9.162627,4.081101,165.413115
14.849012,3.113647,161.419363
21.256144,2.656435,156.163095
29.203756,2.179678,152.726009
42.188160,3.920380,149.867312
54.553524,4.006552,146.126884
73.696077,5.254933,146.708738
89.194397,8.488776,145.838508
102.248882,10.253338,145.221283
113.776902,11.562250,142.525560
125.384216,13.746764,140.669943
139.180669,14.770402,140.415223
156.515819,15.533713,138.310083
166.760169,15.170034,136.486793
180.451778,15.455646,137.048951
193.075377,13.617638,137.308796
205.315429,12.715772,139.564027
222.021093,11.027398,138.138096
231.978411,10.185159,134.737527
240.260885,11.057984,131.244418
245.844542,11.863402,126.148350
248.777008,14.100611,119.186186
250.445357,17.316477,115.673580
252.043534,19.889635,113.508592
49.443519,203.682811,250.869225
59.119399,198.229350,250.680938
66.499362,194.432103,249.309804
75.910624,189.430748,248.720486
78.389698,175.870587,246.491595
78.054815,159.563659,241.918743
77.303978,139.139447,234.456491
65.419122,121.750186,225.493544
46.151203,91.309566,212.146203
36.610137,71.994300,203.978165
20.872125,49.393838,191.376321
14.942167,38.457306,185.517204
8.596565,25.890725,174.822945
5.029218,16.323172,168.311569
4.087325,11.723241,163.101120
5.046539,7.483550,159.921182
7.178429,5.184417,153.275031
12.971381,3.314732,149.425632
20.138509,3.235414,143.937782
27.927676,2.423349,140.730173
38.124876,3.785984,136.622041
50.584229,4.237528,136.952500
65.943033,5.396548,129.967215
84.210605,7.303551,130.447611
99.193874,9.116413,129.165684
111.337201,10.354387,128.504649
124.064308,11.516224,126.329241
135.938906,13.778374,125.884684
152.491816,15.197724,123.367332
164.786275,15.150563,122.046623
175.969727,13.289400,119.953574
188.656434,13.685735,120.838298
202.100028,12.415313,123.194351
218.038015,9.942012,121.672904
229.814249,10.232804,120.776163
238.983863,9.293825,112.220913
245.578730,9.305131,109.962286
249.150517,10.487689,104.498352
250.929236,11.982734,99.613822
252.667803,14.152213,95.716078
55.576029,217.610552,250.129228
69.038224,213.561591,249.431651
77.462568,209.522439,248.668009
86.584781,203.760643,248.066495
93.671964,192.307021,243.965927
92.744618,176.473210,239.391660
83.699760,153.681902,231.271028
73.207049,133.947111,221.330703
56.271662,108.152485,208.777779
43.104215,83.380169,197.419234
24.704410,58.550927,183.459710
16.734210,43.913014,172.804474
10.003098,31.328140,165.394766
5.036569,19.687963,156.834031
4.508034,14.643203,152.789625
4.864687,8.403647,146.773660
6.675281,5.826780,142.022675
10.654345,4.304135,136.549537
18.469862,3.544197,131.953905
26.636596,3.805331,127.734695
34.690539,3.916361,124.553488
48.775711,4.156413,118.560075
64.217860,4.607083,115.118502
77.170830,6.306645,114.557746
94.921301,8.020853,116.148922
109.167284,9.559202,114.433201
119.776500,10.049646,113.770718
133.433929,11.810222,113.655593
150.480713,13.771785,110.885067
162.997658,13.957238,109.352434
173.427323,12.641362,107.200530
185.483555,12.349578,103.598829
198.494490,10.568691,104.431541
214.268934,9.585443,101.796989
227.359862,9.260109,98.872379
237.096282,7.382709,94.841009
244.843961,7.318637,90.838249
249.428315,7.775300,85.310231
250.753199,7.971370,81.484917
252.007518,8.778850,79.816256
56.616043,227.536860,250.180603
71.282388,222.292948,249.089065
81.216547,218.793945,247.574136
90.388960,212.901648,244.884452
98.876714,203.595838,242.715350
95.435166,189.305786,236.012440
85.281229,166.837640,227.632483
73.445645,143.898726,214.828215
59.624209,119.967247,204.181492
45.034329,90.276724,187.569930
28.462690,68.145101,173.705826
19.940479,54.198666,165.788326
11.508615,37.070416,153.102097
7.693257,25.796142,147.228138
5.065174,17.742637,142.925693
4.602347,11.049039,134.654040
5.965480,6.163427,126.876270
9.536582,4.784352,123.886391
15.948592,4.034829,117.328937
24.751142,4.106605,115.762972
31.780548,3.929961,111.916735
45.466998,3.691371,105.457718
61.671549,4.319865,103.548019
72.191813,5.319742,101.927245
90.925622,7.604754,103.421175
105.062937,7.649804,101.637905
117.717137,10.060993,100.698227
132.243908,10.395159,95.275629
148.600749,11.938374,93.943137
163.026494,12.131445,92.681633
171.149663,11.026491,92.248758
183.316019,10.431331,90.463999
194.260433,9.871089,85.203190
211.084364,9.472605,84.513493
224.959067,8.976470,84.163466
235.688823,6.392824,79.887023
244.538817,5.976445,75.573988
248.761681,5.414493,71.200495
251.258841,6.070568,67.655222
252.487430,6.413359,64.315750
49.837921,235.007952,250.334883
62.084213,232.172405,249.523170
75.102322,227.693536,247.189604
91.943376,221.499369,242.334052
92.226487,212.449344,237.950337
93.659422,201.042740,233.046502
83.385416,175.886687,222.540304
74.914134,153.163751,208.004688
60.455409,127.796686,192.935227
42.769294,97.594214,176.092893
27.740837,75.696341,162.910839
20.176276,60.434677,154.430719
10.903969,42.793044,145.229542
7.985359,30.282643,139.564088
6.012513,19.595950,128.617236
5.280550,12.393016,121.833808
5.765265,7.192931,116.611685
8.504698,5.646798,111.084947
14.235800,4.082379,109.491582
22.438219,3.953376,105.597860
32.541638,3.767227,99.674713
44.924465,3.359016,96.522250
57.510208,3.957792,94.566782
71.325307,4.626096,92.407312
84.593856,4.716375,88.527543
102.026700,6.942714,88.363429
116.647308,7.819856,86.269620
130.373224,8.134199,81.994391
144.364844,8.461659,79.476074
159.742037,9.558327,78.244493
169.687088,9.118584,77.298972
181.812773,9.106299,77.364047
195.449225,8.510040,74.069220
206.612980,8.289859,71.768117
225.469430,7.069484,68.025200
236.128493,5.147814,63.032907
244.870308,3.991864,57.130414
249.284940,3.336480,51.816450
251.601830,3.861135,50.503419
253.259897,4.263598,48.052344
41.752615,240.088509,250.042612
51.603535,239.629858,247.961088
67.346800,234.753363,244.959856
80.659657,227.782632,238.638028
89.562933,217.303512,231.504356
89.657539,207.822933,226.265679
81.700627,182.566823,211.957636
70.754514,155.396962,195.663010
59.097081,132.835473,183.600931
37.127441,104.407247,165.393917
27.272446,84.027499,152.031313
20.187926,68.566930,144.598933
13.855301,53.864458,134.639993
9.269524,37.498613,126.142353
7.247656,23.462397,118.646311
5.879637,14.180767,111.932892
4.752598,8.212162,104.173667
7.149062,5.104826,97.366899
10.675089,4.675924,93.621797
19.350700,3.789436,90.252263
28.808615,3.310499,84.110664
39.965937,3.436791,81.924787
52.517880,2.755418,79.244262
69.219692,3.622385,78.262160
84.028537,4.355855,76.258865
99.112663,4.806691,72.821994
115.063958,6.157320,71.324732
130.226524,7.330991,67.274579
142.454519,7.439670,63.254122
157.495914,6.764810,62.141967
169.527656,7.699940,61.774502
178.042879,7.576233,58.580196
194.656871,6.079074,56.576835
210.595176,5.801837,54.491590
224.491866,5.104123,48.938127
238.078021,3.339936,44.168548
246.323079,2.628372,40.999632
249.683937,2.633191,39.383283
252.176873,2.649456,38.491410
253.688247,2.611029,36.021149
35.187853,242.596432,248.194276
43.791376,240.785078,246.671138
52.791870,237.527853,243.161097
69.648228,229.684247,234.181264
82.629750,218.967329,225.602515
81.714687,207.376668,217.001141
73.021742,178.470534,202.974527
66.735353,157.178684,188.885079
52.814201,134.119632,173.393133
37.362804,107.541698,154.962097
28.608638,89.817079,143.915764
21.728372,72.837565,132.984946
14.529186,61.368026,127.970460
10.977479,45.363597,117.735077
9.034182,27.837206,106.037105
6.296060,16.709561,96.683460
5.065340,9.762224,90.114446
5.874107,6.683130,84.427640
9.487056,4.756040,78.941144
16.980866,3.848103,73.867541
26.121742,2.889582,71.880388
37.441061,2.575481,68.472457
50.583036,2.581901,63.271348
62.287793,3.043721,62.108179
80.963672,3.361012,59.859689
99.796981,4.205789,57.458385
112.944976,4.373497,54.943118
129.634877,4.678995,52.368360
142.432272,5.768115,49.838982
156.475164,5.300665,46.116019
165.515075,5.232193,44.755950
177.161690,4.605619,42.534580
193.249682,4.282544,38.493460
210.918302,3.856888,35.798182
227.148713,2.546975,28.477052
237.890496,1.824846,27.128635
246.363716,1.974960,27.748102
250.133828,1.733375,28.477738
253.067811,1.872721,26.597104
254.022729,1.687746,25.038290
24.977828,244.580749,245.384460
30.690239,243.652806,242.572846
42.385469,238.696635,239.053695
57.892028,229.297700,230.959725
68.510083,219.737122,220.542453
69.989956,206.916641,209.745580
64.993426,182.034529,192.397679
57.732082,154.232743,174.501343
48.678407,134.759817,161.317900
38.308879,110.982915,146.975640
29.495741,93.112214,134.740402
22.567140,79.135904,127.111213
16.389537,63.387372,117.543838
10.832509,49.703336,105.769034
9.125140,31.581026,91.731802
7.030258,20.410325,84.750344
5.403320,11.729387,75.667875
5.817776,6.403773,69.930059
8.226916,4.698846,63.798146
13.877404,3.362944,60.109373
21.328839,2.473641,57.205051
36.006892,2.415222,55.521081
46.610730,2.185684,50.431936
59.522996,2.147041,49.197467
79.364251,2.189770,46.620368
95.797888,2.635271,42.801603
115.235647,3.228428,41.660276
128.859175,3.539085,39.362221
144.709213,3.589499,35.454049
154.419552,3.905020,33.671532
166.013177,3.159690,32.667459
176.948123,2.779180,30.098834
191.520714,2.990140,28.288281
211.405339,2.441728,23.320799
226.323111,1.864160,19.459581
238.860837,1.180902,17.269112
246.201453,0.830153,15.704167
250.522344,0.992845,15.376930
253.097217,0.761007,13.200654
254.301822,0.759617,12.630930
19.282543,247.739621,240.586280
24.434397,245.740290,236.922081
32.296779,241.627794,233.137920
45.853218,233.309498,225.676376
58.510596,216.348718,210.651469
58.526249,200.229398,196.723148
55.135413,179.331905,180.614898
57.618988,158.013795,165.919067
41.132939,134.431190,152.247786
32.974903,112.881249,138.077193
29.986432,98.330568,127.753924
24.234162,81.747212,116.448945
18.307655,68.142740,106.886894
12.205762,51.562543,93.282176
8.976490,35.765716,81.070885
6.605282,20.747828,71.118258
5.098981,12.835077,63.501285
5.208258,7.679896,57.125163
7.566536,4.716886,51.308622
10.530559,3.527944,47.152506
18.027050,2.583763,43.160803
30.284088,2.188942,41.619207
44.122691,1.330354,39.962711
60.316562,2.052389,36.270066
76.987197,1.795752,32.386765
96.156416,2.021051,30.190908
111.484332,1.691772,28.087602
125.870777,2.239849,26.032933
142.413696,2.694772,25.355482
154.322363,2.837125,25.199877
166.287431,2.389386,22.581593
178.502461,2.431951,20.495537
192.292627,2.133692,16.458478
213.137083,1.912983,13.724702
226.969305,1.352035,11.566874
239.275435,0.883023,8.432414
246.634056,0.535689,7.521143
250.833628,0.455046,7.297388
253.413850,0.386722,6.250791
254.309964,0.334863,5.303729
20.486779,247.679599,232.116003
23.061051,245.626834,229.960057
30.286407,242.019046,223.682847
39.095378,232.479572,215.600122
46.331915,215.517781,200.404286
47.048568,196.873301,185.845979
48.880183,176.357731,170.087924
47.153279,155.746085,152.427586
39.613186,138.389942,141.297778
33.426951,118.299230,129.146337
29.585712,101.911420,118.869025
23.898448,86.855746,106.524899
18.914164,69.162912,92.891416
13.305723,57.836445,86.594537
9.630907,37.899035,72.223548
6.853866,23.339465,59.576224
5.666841,14.395923,51.551571
5.348898,9.605463,45.985523
6.624010,4.881955,41.444785
9.434222,2.949335,35.957436
16.826868,2.538825,29.873600
26.262229,2.239137,27.939105
39.523688,1.771627,25.594213
59.297363,1.506641,21.291663
77.674272,1.671851,20.065622
95.323332,1.619381,18.633798
108.610215,1.785510,16.878818
125.321753,1.772928,17.176365
138.568932,2.165748,17.327496
154.066565,2.024210,16.162671
165.550789,1.998074,14.998959
179.576698,1.966197,11.869372
194.279901,1.954369,10.433923
210.636502,1.623840,8.428582
226.056525,1.257119,6.127718
237.295868,0.833059,4.883567
246.004874,0.556905,3.663665
250.762440,0.432133,2.971418
253.591398,0.316218,2.069970
254.344418,0.300024,1.802154
19.791938,248.262036,218.396933
23.390866,244.802801,215.695675
26.326188,241.504384,210.309630
34.218986,231.385055,200.194813
35.667231,217.484251,193.019863
42.579586,196.611295,176.989120
43.418719,175.046982,158.080903
44.512977,156.865241,143.150066
39.109695,140.064458,131.660567
34.990542,121.422018,120.335156
28.137297,104.142894,107.433205
23.208307,88.844371,95.301160
17.863537,77.154997,85.618890
13.228686,62.185073,76.371765
7.843581,41.060409,60.688322
6.654834,24.399311,49.076765
5.938002,16.258896,40.837805
4.866974,10.138940,35.628418
5.549472,5.649328,28.484450
8.551790,2.913757,23.486400
14.921809,2.268677,19.950227
24.236463,1.870546,16.893398
37.970039,1.635918,13.524165
53.202367,1.644703,12.633739
74.862568,1.640497,11.757572
90.755521,1.831056,11.311039
106.379267,1.550165,11.084335
122.173662,1.910410,10.716268
135.299491,2.127329,11.204551
150.753861,2.242166,10.128552
165.140280,2.474555,9.285227
180.727052,2.389683,8.327993
194.888533,2.093790,6.464244
208.970914,1.983103,4.995832
224.551828,1.545397,3.841029
236.279913,1.056959,2.895046
245.322324,0.697068,1.909853
251.050160,0.623352,1.279140
253.578718,0.619840,0.863766
254.618953,0.423285,0.465118
22.664274,248.014240,204.072179
23.864253,245.109380,199.588219
25.921278,239.882061,196.574855
26.108197,231.134377,189.899879
30.708701,217.512443,180.460113
35.187223,197.032481,164.914400
40.040491,177.549209,146.111214
37.529458,158.319084,134.381901
31.469141,141.629756,121.893441
27.500797,121.950758,109.275739
23.649969,106.082530,96.335513
20.712024,95.045230,88.088162
17.042777,81.217807,80.530181
12.517541,62.800411,65.863340
8.075179,43.154470,50.174098
6.630831,29.498335,39.274285
5.237627,17.624505,31.231118
4.308865,11.103745,24.998819
4.814176,5.546110,18.601269
8.360587,3.336589,14.007303
13.826555,2.252638,12.139593
23.229910,2.217088,10.040007
36.733748,1.918100,8.626815
52.626392,2.126192,7.657508
70.357964,1.967957,7.076903
88.899349,2.270082,6.225716
105.636874,2.615865,6.667858
118.229324,2.724939,6.449873
132.769787,2.790790,6.398951
149.002097,2.955736,6.302167
162.067896,2.895496,5.276318
177.210755,2.831910,4.745002
191.510816,2.609088,4.116488
207.471281,3.232921,3.569453
222.215764,2.243850,2.804299
235.113885,1.907977,1.567131
244.362955,1.857382,0.938918
250.589720,1.899768,0.760361
253.307977,1.651968,0.533090
254.252845,1.617875,0.496811
19.532107,248.399817,188.242230
20.664399,245.854137,186.771342
22.455516,239.774231,182.002604
24.598809,230.333583,174.672025
25.940162,218.136023,164.653337
30.737238,195.871084,147.356236
30.766402,177.840675,135.920455
29.114986,160.587883,123.789171
27.332235,145.874127,114.687325
23.072381,125.235082,99.385345
21.521213,110.678736,90.751676
20.939794,97.346001,80.833939
17.403319,84.869119,71.069273
11.070786,63.726208,55.360002
7.710020,45.446283,42.445050
6.568716,33.614198,31.785106
4.893504,20.906589,23.172329
3.768363,12.305389,16.539259
4.409002,7.285104,11.614196
7.192553,4.556892,8.522281
14.081482,2.927781,6.214266
21.444978,2.797440,5.535998
34.159061,2.553023,5.002911
49.879664,2.689117,4.171374
69.716183,2.648261,3.690219
86.708095,2.919388,3.760776
103.830829,3.505045,3.764058
116.370414,4.169747,3.601714
132.191726,4.164476,3.915791
145.399094,4.867222,3.724714
158.884914,4.985181,3.363919
174.895725,4.884053,3.248414
189.995927,5.016349,2.525673
204.583683,4.515994,2.095616
220.893801,4.361926,1.373316
235.057029,4.558450,1.066819
242.728778,4.597940,0.698868
249.913436,4.719200,0.626665
252.625001,4.695692,0.619140
254.007949,4.916704,0.522238
20.550909,249.242339,171.845873
19.901272,246.271129,168.600032
22.317429,240.057803,161.835339
23.549683,229.847184,157.193451
25.218107,217.334838,148.465279
27.946677,201.101652,139.273218
27.209065,179.406243,125.362387
24.332646,162.521806,115.796448
24.224473,145.869027,105.040898
22.738174,128.416980,94.888990
22.310986,115.426929,85.958713
17.237303,98.380088,72.295289
14.843796,86.253562,60.657126
10.756898,69.544496,48.864618
7.406977,53.158028,35.720025
6.420154,37.865211,26.388747
4.626068,24.438066,17.365638
3.720953,15.557759,11.185876
4.713248,9.182476,6.784940
5.835758,4.873230,4.158864
13.154009,4.564553,3.753437
20.850756,4.541747,3.156292
33.101849,4.636415,2.958546
48.328004,4.846410,3.048429
67.746285,4.767414,2.616336
85.996752,5.308275,2.956880
102.480071,6.104071,3.059650
116.334723,6.743051,3.425651
129.209245,7.538641,3.020992
145.075596,8.096007,3.153271
158.352534,8.983032,3.012280
172.157993,9.118428,2.751648
186.524988,10.262010,2.878819
201.590522,10.641208,2.573816
217.999255,10.855252,1.775740
232.941366,10.001109,1.326024
242.773913,10.266269,1.013048
248.762357,11.667836,0.866595
252.298244,11.325484,0.693102
253.943510,11.704351,0.622320
21.424058,248.520860,152.710584
20.474346,245.944644,150.952006
22.907836,239.833413,149.095883
23.425259,231.625257,145.451074
23.342118,218.630201,137.747603
25.697010,200.416417,127.509069
23.273719,187.851293,118.052754
22.032741,168.348578,106.876719
21.323491,147.703905,95.580709
19.538680,133.489543,84.921398
18.294850,119.815917,76.685293
15.219875,103.945393,64.527166
12.614129,88.607487,51.602590
9.678112,73.741632,40.036560
6.965854,58.210303,30.283106
5.528237,44.351779,21.426498
5.107224,30.662371,13.633335
4.138689,20.865522,7.957187
5.074251,13.428895,4.734226
7.673575,9.954132,3.370531
13.425631,8.341269,2.547218
21.050847,7.285380,2.031424
33.218458,8.123133,1.715651
48.013633,8.337200,1.981121
65.593445,9.173698,2.263347
84.398169,9.980577,2.480117
103.248507,12.442182,2.714933
117.742623,13.246389,2.768750
130.580526,15.531450,3.056076
142.230583,15.136932,3.139769
157.086068,16.176179,3.203679
172.096049,16.514117,3.486157
185.771032,16.421468,3.144458
199.708046,17.540270,2.680984
217.140144,17.500216,2.529403
232.444804,18.131610,1.785690
241.704283,20.248730,1.272404
247.789070,19.362926,0.992341
251.874597,20.604158,1.525661
253.653461,20.809764,1.611754
17.202904,249.864622,139.701182
19.320817,247.565804,138.669507
20.854291,241.693606,136.065263
20.321464,233.009615,132.327128
20.323513,221.001741,126.635634
22.175715,202.883105,115.217251
20.342561,188.921002,107.280827
18.218465,171.302560,95.011388
18.923936,154.559600,84.927235
16.770570,140.679080,75.968021
14.444866,124.300317,67.437495
13.113019,111.041157,57.753296
10.817058,95.459047,44.317751
8.097978,82.228150,34.149557
5.382854,67.293270,26.047165
5.040749,55.219953,18.088907
5.048765,38.836049,10.517343
4.910191,28.846327,6.231871
6.418406,21.331810,3.972924
9.325529,16.622280,2.904866
14.874554,14.181384,2.345192
24.570071,13.698160,1.714356
33.840175,14.464888,1.803434
51.386602,16.429719,1.736048
64.322024,16.571622,1.792117
87.190861,18.741987,2.069446
104.454128,19.909117,2.344579
118.933080,21.105613,2.807878
130.887098,22.055182,2.899263
143.660551,23.895871,3.467454
157.936278,23.205792,3.790445
168.517675,24.314848,3.521695
183.509582,25.082494,3.257034
198.906298,26.726360,3.188286
215.438239,27.657581,3.498100
231.061874,29.192890,2.764911
240.596103,30.017855,2.661373
246.300575,30.766406,2.132914
251.383935,31.734752,2.116784
253.215962,32.735047,2.138499
14.260776,250.565853,128.022307
15.960466,248.455819,125.643988
18.165213,243.155359,124.372988
17.917680,235.866962,120.869271
19.066177,224.513235,115.223822
17.864879,205.492859,104.497663
16.369767,190.556176,97.172695
16.309821,173.230673,85.220603
15.373222,160.197999,77.888640
14.256719,146.194359,68.544588
11.966859,133.370363,58.379847
11.490043,118.552107,46.987679
7.587768,103.206133,36.275402
6.208883,91.954870,27.727742
5.217434,79.552796,21.801887
4.546551,66.241910,13.972514
4.890276,50.893181,7.740666
5.149967,41.748017,4.734493
8.145025,32.395279,4.016823
12.712039,26.367486,2.786217
19.887381,24.918496,1.916610
27.858825,26.028499,1.541541
38.344179,25.967511,1.417339
54.101829,26.118552,2.454681
71.416498,29.790643,3.817619
89.262160,33.919919,3.866041
105.099817,34.276370,4.468741
120.597316,34.285401,4.264607
135.927336,35.320699,3.923087
144.610562,36.043508,3.926651
157.477926,35.968446,4.555115
169.485018,36.967981,5.048200
184.070073,37.110503,4.746837
201.514152,38.288332,4.933781
215.036208,41.963505,4.751613
228.883060,40.752207,4.411274
240.335075,43.405372,4.494506
247.569376,46.124014,3.730006
250.896758,47.506172,3.636264
252.989292,46.614316,3.347199
12.917797,250.970848,114.183642
13.855707,248.559631,113.737650
14.694862,244.733117,109.171303
14.803886,238.112160,106.323805
14.660579,224.698734,100.856025
14.078393,207.348419,93.631942
12.231101,192.518202,86.089832
11.978304,177.135769,75.551521
10.735829,165.641096,66.947550
9.855629,151.073347,59.529971
8.937782,138.204355,49.019743
7.666428,125.999432,38.915890
6.369651,111.519284,29.223612
5.829615,100.843501,23.594006
4.571668,91.370259,17.774360
4.707446,79.116230,12.844340
5.110371,64.305737,6.261780
6.651050,55.886514,4.221096
11.378172,48.285123,2.864748
17.016376,41.220428,2.241104
24.443596,39.517487,1.643506
34.222681,39.179128,1.567047
43.698614,40.328615,2.389391
57.610343,42.555208,3.994483
76.031034,45.302635,3.998932
89.459001,43.960292,4.033144
108.354568,48.991167,4.357835
122.364858,50.230840,4.599356
136.604153,49.951855,5.131428
147.623936,50.905652,5.794621
160.314546,53.739511,5.999134
170.568303,55.773808,6.392081
184.889311,55.892130,6.489363
203.291185,56.073448,7.117337
215.320297,55.701032,6.764194
230.786483,57.942193,7.268236
241.526315,60.814314,7.619501
249.522075,61.310201,7.998705
250.774607,62.039033,6.397143
252.575586,61.038816,5.342868
12.152196,250.891173,102.800479
11.482774,248.346854,101.363210
12.439211,244.094039,98.635096
12.984592,238.992716,95.353822
10.927545,227.754476,90.944003
11.716036,211.429008,83.903199
9.936696,195.000754,75.826629
8.551438,179.663198,66.621494
8.478931,169.074768,60.136654
7.278047,156.921566,50.661495
5.467575,143.036452,38.854008
6.422129,133.117436,32.253486
6.174955,120.350695,26.032747
5.177320,108.869963,19.468421
4.582005,100.169255,14.588647
4.647345,91.281308,9.801905
5.361756,80.673758,5.337988
9.288535,67.722434,3.513657
14.961245,61.420638,2.175725
21.479718,53.985420,1.999223
27.676882,49.269223,1.961827
38.180663,48.004377,2.562508
50.834609,54.982203,3.538527
64.074252,55.094964,3.941674
78.982474,59.354704,4.268614
95.108846,61.683242,4.524277
111.522083,64.765104,4.846379
125.676844,66.293195,5.888259
138.192074,70.105111,7.418063
149.558719,67.770754,7.844903
163.691753,71.884056,7.666664
174.409273,72.305921,8.120631
188.309375,73.670783,9.151355
202.695953,73.354190,9.298457
216.616481,74.244962,10.253632
232.793477,74.877952,10.209812
243.157348,76.796943,11.289835
248.713506,75.725875,10.604161
251.050108,73.829389,8.404975
253.110357,73.041702,6.442665
11.421021,250.823881,91.913221
11.449837,248.785884,91.557372
10.362175,244.493630,89.937808
9.515742,239.005150,87.670355
9.231221,229.439862,81.087982
7.906322,215.425140,71.397312
8.384304,200.459108,64.119551
8.090995,184.203420,59.040941
6.433453,171.352856,48.400961
4.950145,161.219388,40.543180
4.547418,150.056745,33.512786
4.857249,139.158664,28.195205
4.460120,127.709558,20.780386
4.416948,118.737384,14.619086
4.274622,112.313796,9.933401
5.374140,104.003574,6.458860
7.047501,94.531172,4.741319
12.930183,86.565614,2.526849
17.651440,77.924625,1.718901
24.053004,69.956641,1.577932
33.669765,63.541053,1.985717
48.858086,66.550218,4.024885
55.486976,67.142943,3.597414
71.091810,69.562012,4.190919
84.603500,72.214259,5.303900
99.551161,77.108783,6.296253
116.021543,80.478704,8.277138
127.948735,82.187138,8.496332
139.929243,81.912575,8.958975
151.625894,84.560019,9.391433
166.947592,84.116001,9.544948
177.560638,84.876365,9.956892
190.797312,86.109961,10.939428
205.613530,91.651853,13.563204
219.319134,90.155517,14.388303
234.676372,91.222924,14.963402
243.248356,90.205393,14.816936
247.751024,88.664187,12.203873
250.783369,85.385488,8.768217
252.984306,85.610163,7.378844
10.781482,250.849747,83.431674
9.679519,249.014264,82.620075
8.436817,245.526493,81.574267
8.774939,239.181770,77.628963
7.949806,228.961615,71.419388
7.846735,216.522611,65.147160
6.818052,201.800006,59.142887
6.388048,189.945135,52.714388
4.574556,174.514892,43.133273
3.433856,164.239883,34.642632
3.467106,153.794622,28.082562
3.759890,146.945840,22.657053
3.951575,137.312772,16.445180
4.080652,127.207691,10.898652
4.537117,120.008432,6.664757
6.356413,113.066451,4.167402
9.650187,107.837921,2.737285
16.624956,105.114595,1.832436
24.165774,98.875620,1.406692
32.094116,93.577924,1.293992
44.555660,90.645916,2.101053
55.340187,86.267158,3.713373
64.067504,84.487918,3.874257
77.499039,85.735389,5.262146
91.867777,90.080832,6.665318
106.305612,95.534471,9.281878
118.998859,98.067435,10.481234
133.268909,99.757307,11.492698
142.646143,99.568209,11.424130
154.080879,101.911167,13.369720
169.140361,99.362173,13.098305
179.649058,98.916399,14.317589
195.727369,101.470416,18.410411
207.412385,102.959173,18.088304
221.393009,103.996946,16.601861
233.253405,102.843798,14.869095
242.900010,99.910851,14.758283
247.633173,100.778047,12.101845
250.789413,102.489749,9.761629
253.179962,103.014858,7.071887
10.187411,251.071632,72.121561
8.902644,250.093763,71.391395
7.859363,246.758467,71.259970
7.111215,239.168616,66.974442
7.390971,229.643561,63.655050
6.590881,219.553007,59.028486
5.717216,207.374425,53.805639
5.351677,190.453070,45.290651
3.984694,177.286900,36.626514
3.203174,167.822684,28.791073
3.036520,157.826531,22.272550
2.894099,151.313417,17.180413
3.852566,141.893013,12.269358
4.280001,136.152200,6.717785
5.680604,128.355710,4.709601
8.503891,124.484085,3.166133
12.873118,118.507978,1.858062
20.937628,114.766240,1.601270
28.364123,110.765416,1.298650
37.208196,110.181737,1.707757
48.698882,105.862190,2.056751
61.293219,102.486944,3.946446
71.231080,102.037002,4.091902
86.154447,104.991427,6.592452
99.739071,108.429678,8.612809
111.268012,111.218649,11.020611
124.884405,116.592521,11.919331
134.904812,119.272122,12.645028
144.542374,120.653034,14.076424
157.421836,117.647885,16.604010
170.277730,115.999485,18.259471
184.264190,115.857102,22.358438
197.770054,113.002477,22.155865
210.601864,114.383102,24.140347
220.601328,113.075588,22.728929
234.080088,112.676255,17.484566
243.745844,115.456748,14.559810
248.649235,114.103529,11.954833
251.476034,115.629327,9.469442
252.706030,115.440284,8.951268
10.322446,251.513394,60.737743
8.969090,250.707924,60.220389
7.695553,247.768395,60.480832
7.148736,241.183689,57.563448
6.106151,231.837414,55.100719
6.184631,221.219368,52.870039
5.244994,209.567879,44.962233
4.566549,194.642576,37.915791
3.187440,181.012781,29.845925
2.727797,171.372352,22.109277
2.795996,162.715636,16.688427
2.879763,155.928733,12.622282
4.157072,148.479686,7.344228
5.574971,143.973065,5.090416
7.655868,139.387930,2.578950
11.171856,133.304713,2.261602
17.516780,131.793292,1.804967
26.615893,128.966775,1.687271
33.552452,127.092204,1.710571
42.775783,124.185556,1.927462
53.295957,124.620666,2.450523
68.448406,122.121034,4.458762
79.976187,126.131741,6.518411
95.776087,129.504022,8.833922
108.269048,133.841741,11.582030
118.829656,133.076303,12.356456
129.623097,136.315484,13.290150
139.582430,135.577472,14.011582
147.844975,136.889894,16.138686
157.788389,136.211285,18.469839
171.973041,134.683870,21.550002
183.729247,130.681208,24.929304
200.087802,128.942632,26.415599
210.986941,126.599866,28.806216
223.533408,127.046221,28.316055
237.047272,127.278051,21.475135
245.268984,128.107132,17.171542
248.358817,127.260615,12.363089
251.109769,126.420453,10.410649
252.533405,124.768069,9.656687
9.606460,252.099751,48.312664
8.161035,251.120340,48.443598
7.882240,248.653202,47.966815
7.246067,243.732955,47.213473
7.278754,236.218940,46.767636
5.243039,226.021827,44.664207
4.332144,210.840479,38.428987
3.459717,196.887437,30.082734
2.986230,184.998126,22.697608
2.858621,175.052743,16.198295
2.764605,168.935645,12.329735
3.696395,161.255790,7.077873
5.072229,154.727504,4.163532
6.145850,149.399034,3.015805
10.741644,147.677830,2.415804
13.868146,144.905745,2.201508
21.635340,142.670308,2.062943
29.771299,140.297940,2.168169
37.164690,139.111352,2.278735
49.384370,139.483947,2.724925
61.144801,142.233036,3.597640
76.334591,143.003385,5.278575
89.317051,148.763498,7.285822
102.253173,148.913716,9.194673
112.724608,152.996055,12.317826
125.661934,151.403058,13.503848
134.197017,154.467455,15.306999
143.047937,155.475012,16.456093
153.173873,158.285707,19.644466
162.374421,156.082163,19.844124
173.880102,154.837283,26.181476
184.984965,152.027428,31.483858
198.871365,148.384436,34.841047
213.119695,139.431863,33.723803
225.783689,143.458684,33.629112
237.772917,142.074736,27.747571
245.994767,141.235738,22.072322
248.599619,140.302893,15.360119
251.613611,140.458587,11.176205
252.418726,139.042946,9.205855
9.949804,252.899974,35.572246
9.047501,252.518346,35.498774
8.617734,250.099994,34.719946
8.057685,246.628093,36.170800
7.786213,240.453494,36.871055
5.867142,227.322034,34.345578
4.018991,213.353544,28.125282
2.823899,198.388641,21.557811
2.702358,188.654428,16.363729
2.542445,179.903480,11.345752
3.062706,172.804006,7.550700
3.695145,166.185184,4.549573
5.409878,160.977958,3.012788
8.054623,157.100449,2.032351
12.381774,155.144597,2.132083
16.138560,152.775160,2.028346
24.945614,152.333040,1.830946
34.894696,153.425110,2.330965
44.824096,154.492666,2.749404
57.957407,158.031058,4.077923
70.723667,162.355839,6.944622
82.984804,164.170964,7.340502
96.541067,167.209539,7.869521
106.511677,167.868187,9.469154
119.228831,169.620898,12.420715
129.528026,173.296529,15.348801
138.335452,172.939064,17.391027
148.334794,173.401008,17.986304
155.845147,172.758612,19.677307
165.083304,171.785652,22.726073
176.889884,171.878521,28.911506
190.020337,170.666220,35.778643
200.244422,168.249641,40.478169
214.221657,164.057067,42.854937
229.622026,162.685804,41.264315
240.920705,161.303201,31.839223
245.710780,159.706458,25.429146
249.010961,155.244038,17.769406
251.679086,153.178796,12.394865
252.627037,150.755068,10.738715
10.385015,253.962636,21.274299
9.516303,253.464371,22.402843
8.820109,252.048009,23.762329
8.505842,249.144543,24.407012
6.782489,241.690226,26.370048
5.557230,231.855096,25.436510
2.956118,216.131310,20.278389
3.156266,202.947713,15.466421
2.663732,190.405118,11.588966
2.885382,182.808465,7.849769
3.661459,176.504320,5.459410
4.445671,170.481959,3.374026
7.359578,167.463071,2.489341
9.948742,164.006735,1.966766
15.094634,162.581334,1.994949
20.881761,163.021457,2.395357
30.279327,165.389901,2.684041
40.766904,168.109827,2.864713
52.840538,171.672090,4.492173
65.334710,177.369117,6.651350
75.727784,177.794665,7.795488
88.692035,183.090141,9.024611
102.631720,185.383626,10.248393
115.363361,189.328528,11.182524
124.454160,191.975849,13.898623
135.394599,194.295589,17.564314
141.329535,193.418397,18.546512
150.845829,192.478907,22.131526
159.304508,192.108451,25.035151
169.196709,192.325080,24.653903
180.763755,188.717587,31.519098
191.079541,186.710517,39.163729
201.768592,188.011028,44.779106
217.380859,184.103313,47.334492
231.660767,184.402210,44.282111
242.188337,181.867004,35.808925
247.069294,179.915698,25.350522
250.077994,176.965215,19.822939
252.044294,173.417164,13.189754
252.937035,168.822335,11.895411
10.926918,254.479750,10.132851
10.074629,253.956178,10.889838
8.476800,253.253535,11.456636
7.346568,251.854857,13.540379
5.115003,244.993589,15.105008
5.277698,235.947193,15.192976
3.432917,221.075606,12.920310
3.647559,206.731691,9.844103
3.051344,195.939989,6.658091
3.690248,189.187094,5.264306
4.314203,182.280531,3.748634
6.490767,176.464566,2.613933
9.603586,174.837265,2.105811
13.694514,173.701188,2.333767
20.983610,175.250954,2.439651
27.599673,176.449173,2.900243
36.456489,181.360087,3.314886
49.303707,184.806213,4.374987
59.632510,189.835168,6.165022
71.749351,194.174486,6.947910
85.302756,199.027772,10.972324
94.768988,201.477723,12.564858
108.444202,206.185782,13.665193
119.244372,207.308795,14.881739
127.410283,208.208729,17.496734
137.324336,206.512377,19.994036
145.774432,207.922757,21.159124
154.843382,209.470152,23.850911
162.914980,210.447594,25.924331
171.376084,210.043027,27.303484
183.534594,210.182111,34.064566
193.958888,207.540094,45.389112
209.863797,210.506245,51.806197
221.026619,209.312756,51.920482
235.120427,207.042370,47.654754
243.154563,203.358772,34.906714
247.671907,198.139531,26.700782
250.264268,192.892849,19.421882
251.907877,190.163476,14.566903
253.032772,184.992755,13.526060
11.854324,254.548289,6.070496
9.844077,254.356941,6.191470
7.014581,254.095480,5.810246
3.927189,253.461919,5.147327
3.582765,249.693057,5.015015
3.681714,240.795331,6.431778
3.269266,227.715439,6.763575
3.296166,212.942521,6.081325
3.089293,202.717639,5.377424
3.913769,192.761312,3.433861
5.866339,187.717256,2.533722
8.319851,184.118074,2.073470
12.835494,181.405180,2.148609
18.267545,182.514550,2.492847
25.776495,184.891471,2.831662
33.439518,186.770759,3.723859
42.079764,193.838875,4.134840
55.528661,200.853607,6.129033
66.885031,203.810047,7.743010
79.461490,210.029950,9.761855
89.969136,214.696102,13.605570
99.438820,217.211934,14.717403
109.900707,217.324324,15.329186
120.254240,217.838752,16.883286
131.340294,219.772583,18.324168
141.243593,222.835846,21.658516
148.893720,222.408259,24.944426
158.108069,223.118260,25.029382
164.918436,223.055812,28.412075
175.081668,224.382990,33.155073
183.699665,223.325486,38.969148
200.371761,223.762738,52.194295
213.519135,224.922868,57.025820
224.729315,224.177705,55.808820
236.177227,223.675643,49.254889
242.685437,220.416807,38.007819
246.358936,217.956402,25.897983
248.636620,212.304471,18.883367
251.903371,205.374649,14.558075
252.834415,200.471353,14.533228
9.241858,254.720953,3.387463
7.360299,254.553692,2.654055
4.272558,254.527052,2.116528
2.346750,253.871543,1.999449
1.829388,252.367757,1.909618
2.046465,246.221788,2.641670
2.541383,232.903660,4.125570
3.193902,219.649920,4.063713
3.847451,208.284246,2.480287
4.588650,198.195411,2.133192
6.867371,192.718679,2.139984
9.722495,189.365669,1.958239
16.216998,188.929961,2.385759
22.618832,191.986408,2.653403
30.439636,193.875660,3.842659
39.128880,198.695835,4.042344
47.403510,203.748418,4.666553
59.107407,211.099258,7.305166
71.629672,215.500515,8.697182
84.291487,222.614497,11.896465
93.531114,223.893218,14.740947
103.675749,226.784498,15.624196
111.163650,228.375976,17.119822
123.160416,230.639247,19.473899
133.652141,230.310571,21.112306
143.719880,231.863823,22.543900
151.688146,231.827425,25.046807
159.114282,232.268074,24.068348
168.898455,233.040176,30.190095
175.797244,235.015964,39.105756
188.767240,233.987968,49.307415
202.649365,236.596131,59.343999
216.508337,233.064298,63.304419
226.955422,234.643160,59.048083
235.758365,234.210895,49.835625
242.267066,233.210991,34.929995
245.161125,230.918663,25.655824
247.359873,227.817936,18.855093
250.000210,220.189485,15.722243
251.893300,214.553197,13.571952
6.501981,254.853414,1.504397
4.431723,254.772992,1.064320
2.231690,254.600472,0.687361
1.251623,254.400085,0.610901
0.823914,253.249879,0.677913
1.320949,249.029655,0.938485
2.020940,240.251758,1.388922
3.417902,226.745170,1.892876
4.214232,214.282053,1.762675
5.603960,204.276035,1.843559
8.144325,197.824217,2.013729
12.500982,194.546837,2.004204
19.917720,196.206707,2.741335
25.578163,197.117828,3.170042
32.966767,200.810582,4.132006
43.092700,206.961592,4.841309
52.643225,214.147433,5.997937
65.883720,219.926822,8.435757
76.307029,224.418491,9.948509
86.612500,230.113208,13.232110
95.448272,232.270052,14.401553
104.532896,234.195209,17.064686
113.885339,236.443134,19.347595
123.781707,238.271551,19.666337
135.083751,239.425032,21.916386
144.035823,239.183851,23.685042
153.516020,240.097670,25.329993
161.598479,240.062533,25.555398
171.768246,241.939027,31.009135
178.064427,241.525985,39.567990
189.980082,240.588706,54.543602
201.498332,241.207739,63.342535
216.803989,241.563645,68.698506
228.787291,242.927561,58.981537
237.141189,241.731472,48.379073
241.228741,241.040551,35.495227
244.921380,239.495673,23.488013
247.103178,237.177416,15.856209
248.798293,233.266602,14.290678
250.762299,225.128299,14.430599
3.974063,254.831543,0.522897
2.525192,254.821639,0.367374
1.331797,254.717973,0.233572
0.352517,254.666491,0.142733
0.646554,253.728764,0.223293
1.088421,250.304537,0.332097
1.769695,242.561355,0.606825
2.816721,230.857797,0.976467
4.673435,219.653845,1.009398
6.627418,211.023415,1.514319
9.973320,204.271798,1.771334
14.632720,200.944262,1.999791
22.268945,201.136115,2.735805
29.227149,203.545003,3.453805
36.377764,206.633531,4.518624
47.251508,212.823753,5.733467
58.588367,222.157720,6.490315
69.674150,226.089164,9.248736
77.754059,230.132104,10.820105
86.721820,234.970028,13.958343
96.466467,236.321332,15.117584
106.098324,238.821619,17.468755
114.667853,240.591772,20.665410
122.894119,242.611813,21.930349
135.321585,243.485165,22.076226
144.764538,243.142459,24.318833
153.927517,244.641060,24.404968
163.888107,245.174109,25.694742
173.275973,245.259940,30.697699
179.656926,245.624056,39.758861
192.065782,245.433969,51.137042
204.954107,245.844552,58.979875
217.494048,245.525374,61.179934
228.264878,245.906243,53.586559
235.153779,245.536852,43.691872
240.035948,244.989332,32.112871
244.614918,244.570056,21.451621
246.721063,244.617295,12.647385
248.324550,238.320233,14.390951
250.309685,230.901998,15.358349
