1600
3
251.290248,28.995270,4.246766
250.861709,25.925024,3.965733
250.556121,23.068792,3.966251
250.360882,16.949115,3.757291
250.401129,14.594351,3.375390
250.222602,11.467751,3.401392
250.015301,7.886712,3.611833
249.873658,4.681942,4.195485
248.626019,4.808386,6.643777
246.489742,4.437951,9.134634
245.532748,4.481096,12.839908
244.733630,3.503453,18.611227
243.013225,4.438786,28.354182
241.278618,4.686141,32.963665
240.936480,6.574403,43.846816
239.678322,7.447475,54.284410
237.554877,9.732346,62.710398
236.263117,9.981956,71.982544
234.656341,10.747248,83.119170
236.077625,12.226257,93.682193
235.316186,15.804269,105.167445
236.010002,18.053107,114.136905
234.817776,19.741804,124.472839
234.479498,22.512421,135.911583
232.258641,28.578281,154.760175
231.392976,30.986351,166.193624
231.036613,35.902696,176.148394
231.224364,43.546087,182.956119
230.314438,48.122969,193.824358
228.352896,50.165374,204.827888
226.789033,52.523554,217.936428
223.945948,46.519302,225.853496
219.828610,41.881309,231.664504
214.328414,42.033398,234.366882
205.185947,40.710562,238.010147
196.945017,37.174875,241.749861
190.407780,34.992597,243.522915
181.813317,30.682707,246.341348
175.595274,31.133312,247.198222
168.404091,32.367167,247.978412
250.890126,32.175950,4.200004
250.592007,28.580433,3.699828
250.302103,24.924970,3.761583
250.676400,19.941199,3.427114
249.933888,16.203907,3.443896
249.947577,13.328730,3.735219
249.133025,10.032521,3.304553
248.367787,6.860392,4.808582
247.187518,5.322061,6.516923
245.278866,4.859972,8.847724
244.034229,4.572314,12.196465
242.434883,4.034935,17.496120
240.420898,4.701632,26.174252
237.958481,4.638862,32.148161
236.452013,6.577704,41.575938
234.537948,7.294775,50.187321
233.431323,9.256425,62.244613
232.686599,9.358630,70.150139
232.967875,10.778184,81.479327
233.312877,12.107351,94.116626
232.785664,16.049196,102.720907
231.140335,18.679278,112.359260
228.972627,19.389082,122.849229
228.388188,22.752568,135.606555
226.677724,28.316318,151.525187
226.324487,31.065432,164.208436
226.371226,36.332180,172.899817
226.348601,41.940245,180.494683
225.925368,47.611435,192.215631
223.803726,48.207364,202.890301
221.919770,48.180277,215.555722
219.561173,45.502751,224.453124
213.669809,42.448598,230.617873
207.201323,41.937295,235.176621
200.010620,40.870065,238.700345
192.101486,37.456333,241.501831
182.729109,33.446639,244.755513
172.574711,28.584956,247.094149
168.371405,29.178003,247.689989
162.686805,30.526370,247.980609
250.578000,33.878999,4.266611
250.248327,30.106608,3.751619
249.961552,26.916545,3.415567
249.505493,21.610957,3.629910
249.784609,18.798101,3.436995
248.184039,14.593571,3.680054
247.616202,12.483442,3.792456
246.119442,9.623807,4.093815
244.952822,7.767692,6.177872
243.334436,5.404857,8.573305
240.126796,4.640139,10.706413
238.696669,3.878449,17.492783
236.093418,4.659033,23.008400
234.479463,4.666981,29.836856
233.163903,6.764479,39.730639
232.017944,7.243875,48.263612
230.253061,8.230284,58.038308
229.038982,9.362052,66.720195
228.440999,10.257318,78.295943
227.726230,12.442916,90.257618
224.920891,15.875048,101.225306
224.681954,17.731721,107.888223
224.842677,19.632317,124.428717
222.570494,22.093172,135.782408
220.282342,27.331061,150.938522
220.783734,31.013112,160.274021
218.723098,36.687050,169.650665
219.553488,42.236826,177.854282
217.257314,46.039760,188.134105
215.360167,47.873040,199.765465
214.135853,46.555634,212.837977
211.907672,44.909363,223.815445
204.488505,41.427170,230.247325
199.022657,41.979251,233.724238
190.855241,39.269107,238.988529
183.687678,35.548510,242.295184
174.297187,29.738018,245.221724
168.557321,26.916437,247.191129
162.037289,27.072750,247.900657
156.085515,28.291943,247.949079
250.090579,40.136566,4.831697
249.611843,36.878510,4.213967
249.510389,31.586434,3.467439
248.874809,28.177427,3.796094
247.625561,20.161748,3.495819
247.017945,18.091767,3.780233
245.040263,14.634457,4.071726
243.167538,13.089912,3.916027
242.306447,11.020857,6.591020
238.964652,7.916202,8.289412
237.217736,6.186038,11.279370
234.816658,5.849485,17.075469
233.086732,4.959182,21.915865
229.689363,5.406356,29.517731
227.086776,6.731171,37.100959
224.353249,7.279570,45.679546
222.184896,8.127507,56.171154
222.236943,10.039516,66.202744
219.548728,10.724806,74.356575
217.937339,10.928475,85.241264
216.963289,14.553074,96.155457
215.494487,16.309971,105.926916
213.192007,18.023614,116.249273
211.947019,19.811873,129.297106
212.501567,25.345085,146.712391
212.083192,30.007798,157.796351
210.946800,31.467430,164.808034
210.246122,37.485042,173.881408
208.829523,43.496860,184.025768
206.773649,44.101835,196.735302
204.672245,43.578561,207.742990
202.498370,42.006667,220.995799
195.209813,40.544897,229.183892
190.719275,38.690989,232.488071
180.915047,36.848474,238.426049
175.259950,32.115450,241.811328
166.698297,27.230925,244.307493
159.441395,25.003193,247.795365
153.966409,24.327745,248.962924
145.425342,23.876260,248.134863
249.621634,47.210995,5.070648
249.618015,40.526225,4.451909
248.739557,37.015554,3.810178
248.259018,31.545396,3.843471
245.769446,27.223699,3.893700
243.854573,20.669798,4.239166
242.497778,18.508586,4.331424
240.069000,15.850658,4.570120
239.201810,12.993951,5.582166
237.306855,11.501062,8.434000
230.689067,8.385131,12.126657
228.513290,6.099025,16.627796
225.224041,6.630022,21.051531
221.802674,5.750345,27.410333
217.839527,6.429104,34.143016
215.008187,7.529430,42.023171
211.685157,8.040504,52.260186
208.589869,9.561958,58.938190
206.698273,10.369053,70.160061
205.830299,10.364554,80.077297
206.418384,13.290162,90.846963
204.457435,16.133171,103.818119
200.512824,16.572232,111.573697
199.232085,18.790146,124.553294
198.066225,23.031193,140.952318
201.573379,27.178475,149.973778
203.627167,30.539693,159.263918
201.740419,36.107153,171.867214
200.416898,39.479801,181.030345
196.847662,40.566274,191.900173
193.624144,37.522039,202.729820
187.943396,35.325720,217.109432
182.719813,33.667756,225.751613
176.782401,34.135614,231.932469
167.945749,31.805312,236.728384
159.090247,28.562174,241.252053
153.318843,24.037283,243.774705
145.514083,23.340761,247.206500
139.350523,23.844825,249.385295
136.192591,23.202079,249.201633
248.930708,53.510307,5.586356
249.050106,47.160168,5.612334
248.666690,43.118356,4.864237
245.630477,38.368150,4.288889
245.078190,32.110549,4.416563
241.875821,28.359371,5.530426
239.346536,22.745550,5.191829
235.597273,19.534164,5.332568
234.960576,17.909847,5.228858
229.602605,14.314483,8.163132
225.654201,11.712001,10.033755
219.039144,9.389791,12.908708
215.631729,7.516096,18.761770
211.366723,6.564792,23.999858
208.072847,5.951455,31.113154
202.272310,6.636547,39.662173
198.422657,7.210528,47.376483
195.372686,7.782875,54.902631
191.208937,9.466557,64.243112
189.112873,10.677906,71.265802
192.264603,11.865066,84.885216
190.734887,13.092593,96.101147
185.753593,16.197734,108.331553
182.154583,17.263344,117.671492
181.927762,21.808193,127.839204
188.931338,24.001431,142.719455
189.020203,28.305376,153.501397
189.751916,32.654263,167.143074
187.310584,36.064922,177.761514
181.196303,33.268136,190.120390
178.781996,33.417759,199.727585
173.295521,32.618841,213.221976
170.518960,31.640592,222.135837
161.102682,28.490523,230.199100
153.611742,27.353413,235.441456
145.394328,23.065736,240.239965
138.586904,21.015315,243.086964
134.727891,20.239283,246.188155
126.781754,19.660380,248.238688
121.334229,18.609817,248.880025
248.798862,60.622803,8.032880
248.526680,52.399587,6.130313
245.892250,47.618570,5.374450
244.684640,41.754275,4.636444
241.514199,37.852775,4.612887
238.586087,32.734490,5.333439
235.461833,28.982990,5.597358
233.548323,23.564852,5.381737
228.084362,20.333544,5.009123
223.427451,17.582675,6.802645
216.447069,14.436562,10.057347
211.120549,11.779837,12.139589
205.945619,9.930893,16.278968
201.680932,7.620493,20.982793
193.742178,7.252921,27.074718
188.812455,6.376045,34.232966
186.744161,6.864817,43.396461
180.566585,6.936985,50.947454
180.184521,7.465168,56.527142
176.690003,9.673158,66.651589
174.367887,11.209357,74.205237
167.236184,11.579958,89.628143
165.987193,13.185570,98.888615
166.267130,15.238982,109.253886
168.208589,16.453403,118.630170
169.729896,20.431675,128.718305
172.089471,24.420271,147.537656
172.009239,27.117563,158.732845
170.432706,28.453329,172.617012
169.471140,31.494891,186.189580
162.541788,29.874643,197.908385
158.000784,29.884165,208.299514
154.618767,26.824677,220.007846
144.954052,26.271822,227.952471
138.098898,21.152675,233.791387
132.906287,20.201815,237.330364
124.110945,18.658542,243.220628
113.278281,16.517607,245.042013
112.660075,14.949554,247.942369
106.743586,16.132381,249.652640
249.158285,72.102500,8.133004
247.320255,66.462411,7.732205
245.199709,57.903143,6.797822
241.834667,49.393238,6.470071
237.911741,44.026057,5.311046
235.071010,37.240806,5.663781
232.931879,34.694426,6.459856
226.023183,29.944724,6.090123
220.880273,26.038749,5.492140
216.487187,23.559148,6.967574
206.088551,19.581052,8.088294
200.691114,16.368448,11.152290
198.042660,12.529433,13.278673
189.990493,10.669316,18.939342
181.834481,7.177290,23.683178
178.676785,6.703155,28.937343
175.083028,6.656531,37.711161
168.362398,7.355180,47.226305
166.443496,8.179458,51.864705
161.132088,8.193133,58.630025
159.093200,11.384005,71.835673
154.067917,11.629949,83.729135
151.812557,12.331369,93.176610
154.330012,12.710458,102.526967
154.061883,15.677242,112.211178
153.332734,17.692204,120.843014
152.111079,20.358424,136.834286
149.794968,22.927602,150.610783
150.513526,25.521900,165.033726
147.179924,23.397474,179.230475
138.773315,22.152675,191.379146
139.881892,25.322646,203.345045
134.054277,24.026064,217.141598
122.695941,20.232713,227.182326
117.552346,19.928093,231.433885
111.705910,19.553010,236.843574
105.339293,14.518674,241.290200
103.747417,13.540293,244.522785
98.031188,13.865962,247.542648
94.567114,14.478916,250.060956
248.261567,87.696530,9.140090
247.638075,86.158209,9.398942
244.438569,76.825979,9.182848
240.569688,68.246440,10.230954
236.000307,55.192697,8.185204
230.445172,50.317214,8.558269
227.416661,43.648742,7.067132
217.797333,36.376923,7.130934
215.369405,33.718608,6.816641
207.720811,29.185140,7.500487
200.441632,21.701518,8.454304
192.333161,18.470813,9.581463
186.084963,15.988747,11.606164
174.860854,13.955541,16.640105
172.064488,10.856290,20.793969
165.207033,7.750628,24.691697
157.045351,7.404901,32.399838
152.895919,8.229700,40.213457
149.481011,8.029169,46.959388
146.721067,8.517459,54.297403
140.839124,8.953906,67.723128
138.891140,8.476989,76.336621
137.586157,10.079308,86.707480
137.260740,11.342766,94.898003
136.398265,12.830789,103.951493
132.531363,13.552995,111.816237
126.021424,15.586788,126.288712
126.946148,17.877243,142.844689
126.444564,19.085921,154.043616
124.997105,21.178965,169.635353
122.753292,20.495798,184.205779
117.807796,17.404000,197.300345
107.686086,16.497420,214.354848
105.386010,17.002056,224.200858
97.578865,14.590612,229.963221
92.712024,13.633105,233.167582
85.839344,12.154792,237.256471
85.435468,11.782075,244.085671
82.333798,11.213345,246.916437
81.208111,12.121531,249.424844
247.789314,94.762293,9.045602
246.830544,91.797773,9.646567
242.785996,85.909261,9.621156
239.066995,81.262207,10.710668
233.535550,72.124663,10.620853
229.134679,64.895521,9.262678
222.227040,53.143452,9.199227
214.131466,42.989506,6.916719
206.366043,36.981841,7.228774
200.964648,34.349842,7.000060
192.675829,28.244180,8.779003
185.323485,23.908190,9.847572
174.570279,17.572411,11.341766
165.519779,15.998274,14.728615
158.507815,15.089378,16.475180
148.446975,10.527379,22.204557
142.783571,7.554821,28.717636
139.298843,7.316798,34.828898
133.583330,7.080985,40.237724
126.557172,6.726368,45.967598
126.781509,9.072325,59.937236
123.210481,9.396483,69.126811
119.153527,9.053091,79.705472
116.797751,8.797291,85.706664
115.440533,9.590719,95.817363
109.277286,10.965089,108.561545
106.773285,10.554374,121.011113
104.573826,12.098006,134.017769
101.299318,12.274209,142.198481
105.448374,12.373840,159.922011
98.138765,12.884011,174.352511
96.178011,13.287504,193.026767
89.483188,13.360701,207.808936
84.813066,12.768361,222.505873
78.280949,12.680386,228.788035
79.629383,11.470057,232.314483
74.727204,10.324312,235.696201
69.691585,9.464354,244.180240
66.119996,9.501831,247.209061
63.132625,9.236587,248.854126
247.273413,106.400885,11.230158
246.044557,101.559757,11.219018
240.578639,96.942616,11.363186
236.019496,92.145057,11.352450
230.694479,82.575960,12.001677
224.961583,78.335526,12.534847
219.968936,69.121497,10.886920
209.759226,58.275076,8.490853
198.151914,46.822138,8.050683
192.468907,44.037357,8.161881
186.028012,39.178243,7.454601
173.548503,29.753314,8.261470
164.258444,22.859525,11.118604
153.588943,17.847736,12.191625
147.513319,16.048224,14.733545
133.260148,12.848992,18.112137
127.803231,10.733891,22.104183
119.587728,8.454125,27.750843
116.762873,6.582878,34.980414
114.642283,5.662110,42.033243
110.057876,6.943429,49.560397
106.322641,7.108485,63.932256
104.268914,7.916085,73.199216
102.358828,8.229287,82.467033
97.485809,8.493452,91.256274
93.742876,8.421086,103.280610
91.683528,9.603839,113.891836
88.542744,9.059568,128.271353
86.986518,9.030455,138.918123
80.333245,9.046282,150.783591
79.654481,10.253753,173.170191
73.424522,8.558288,183.222186
67.743899,10.151417,205.025315
62.676371,9.801747,215.928244
63.276678,11.085243,225.851207
61.753755,9.792183,232.851126
60.120516,8.657459,238.248342
56.082378,7.898871,242.739778
54.762444,8.018346,247.012131
52.976945,7.712501,249.112781
246.286321,123.329111,13.422371
243.096385,117.598324,13.543860
239.835422,111.560972,13.676107
235.285268,108.436999,13.715319
229.102409,97.763924,13.485757
223.150332,86.309394,14.444582
215.312937,80.254554,12.067791
203.936696,68.137130,10.053631
194.479351,58.822488,8.747221
186.852577,50.874513,8.538524
178.654485,45.869454,8.532980
167.903268,38.218149,9.010388
155.154037,27.447221,9.869952
145.528934,22.747025,11.184561
131.711591,17.804306,13.594050
125.722356,14.137418,15.637137
112.798182,11.179408,18.363212
106.734014,8.120506,21.295145
104.981047,6.480443,28.369429
100.120516,6.072925,37.305942
91.440966,5.894202,43.546934
88.306635,6.138364,52.249347
86.981038,5.328960,63.868758
82.958307,5.115957,73.969023
80.980838,4.633627,84.889363
78.886857,4.981979,97.070500
77.203703,5.419391,108.042491
69.419162,6.585123,124.199093
63.783673,6.672263,133.183906
64.267831,6.850668,147.903056
57.694911,6.479610,162.622866
56.246423,6.401110,184.384364
51.274856,5.810355,201.291078
48.973203,6.628084,213.045102
50.095479,7.871066,224.053181
46.108608,7.595518,233.062975
42.988359,7.522525,239.603385
41.902327,7.466177,242.188180
41.669206,7.337109,246.607123
39.664782,7.741558,248.932515
245.404214,140.219175,16.044078
241.964509,137.570621,17.179322
236.640115,129.056282,17.192529
232.527594,122.179818,17.192813
228.482130,112.871555,16.397027
223.265831,104.006198,15.939404
213.812174,92.551557,14.235256
201.065402,75.991761,10.535939
191.375976,65.722183,9.261353
179.340492,55.948181,8.456712
171.147990,49.602604,8.709531
160.417953,43.932908,8.773844
144.947967,33.633558,10.020723
131.666110,25.655483,8.859137
124.620521,21.762746,12.855567
113.344447,14.325880,14.156812
105.129584,12.051863,16.629914
98.451832,9.382617,19.567141
88.884840,8.195256,22.950518
84.720559,6.307546,32.821853
78.307411,5.028277,39.334099
77.415654,4.586362,47.573694
72.519828,4.328422,55.747628
68.341906,4.291410,67.364501
66.694043,4.664914,78.556422
66.839483,4.613565,92.648619
61.884919,5.182846,102.035913
56.559361,6.166096,121.097318
52.857415,6.370097,134.392349
48.583632,5.697088,145.492414
44.203367,5.265591,163.346425
40.559187,4.958496,178.951765
40.959666,5.505873,195.258482
40.168346,5.837771,211.493993
37.119435,5.030457,222.367047
34.721575,5.700632,230.383518
35.091030,5.970898,238.964018
35.155380,6.456880,242.083049
33.175168,7.076065,247.621759
33.213015,6.914688,248.677645
245.076557,154.465151,19.161825
241.823791,150.735976,19.949062
236.846943,144.253745,21.206598
233.164312,139.666365,21.864171
227.375323,132.794023,21.211236
220.736205,120.808567,18.727568
209.539282,107.661967,15.693353
199.585625,92.528478,11.168819
185.841390,79.702257,9.601382
176.951404,71.047163,8.095157
163.097281,59.668848,8.668967
150.123025,49.351516,8.780396
136.769919,42.214611,8.895616
125.570155,31.581610,9.678915
114.706164,25.260087,10.304422
104.993686,17.421958,11.940764
93.954863,12.884766,15.394450
83.723204,10.701926,17.833773
76.262288,8.876554,18.887725
73.346407,7.181398,26.409996
65.189535,5.871546,33.922315
63.718311,5.385705,41.020440
61.666014,4.401461,50.148046
59.848950,4.311495,63.928961
55.811668,4.496854,72.980336
48.087692,4.813276,83.435192
43.003603,4.492348,97.432402
42.266942,5.541010,115.618142
39.480928,5.592034,131.473714
37.176721,5.561189,143.313514
34.260791,5.042063,159.291908
31.069054,4.667769,178.070395
27.874461,4.451932,192.484973
26.440688,4.354213,209.805126
25.395420,4.052488,222.634028
25.300753,4.240411,229.673259
25.136790,4.241846,237.332880
26.565074,4.983195,241.561570
27.075255,5.553946,246.784583
27.425596,5.459213,248.429411
243.804633,169.955230,23.167327
240.954535,167.579232,24.716294
237.410226,162.349653,26.037161
234.962529,157.927933,24.542699
228.990255,149.242537,23.828773
221.545582,135.089762,22.783378
212.104257,122.656427,19.717262
195.395189,106.487197,12.697578
180.392727,90.720593,10.822330
172.342816,82.377355,9.131569
157.827099,67.419366,8.664423
139.921389,56.071929,8.095453
127.425774,45.142222,8.604024
118.087420,37.129842,9.367233
106.813381,30.113481,9.762032
91.848455,22.770923,10.924407
80.898411,16.162447,13.304619
76.107666,11.266849,16.371928
69.711364,9.916086,18.998407
62.697657,8.612009,23.843787
59.355051,6.569638,30.309119
54.542623,5.827978,36.781643
49.486830,5.062376,45.598276
46.357115,4.706423,55.677220
42.173507,4.509622,71.350060
39.379844,4.747199,86.681230
35.635750,4.761753,94.023738
30.990378,5.516652,110.412684
27.545625,5.003690,130.477731
26.613575,5.933316,144.841464
24.865071,5.437477,160.228447
23.307429,5.040074,178.965893
19.880200,3.751240,190.544109
18.073380,3.372775,204.692460
18.066428,3.800555,217.604476
18.138738,4.312150,228.812809
18.605383,4.317085,233.983594
17.832537,4.556725,238.891145
19.532947,4.531216,245.312405
20.640579,4.449309,247.372630
243.198801,181.624514,22.327254
241.524122,179.113005,24.256836
237.835497,171.934722,25.272590
235.265025,168.405135,27.493120
230.712041,161.643363,26.538972
224.175309,152.923844,24.055141
208.492376,132.215096,20.900323
193.128345,120.067050,16.355846
179.308084,101.406752,12.340738
166.729007,90.044320,10.308286
156.057942,79.371423,9.617270
133.285580,61.804504,8.328863
122.897793,57.234020,8.929242
113.077056,48.072598,9.702787
101.030404,36.176552,10.446384
83.373409,23.246639,11.024804
76.942631,19.671629,11.167010
68.728414,14.811927,14.033261
62.234532,11.513972,17.576335
56.894674,9.569808,19.688368
50.554402,8.405344,26.442811
45.391753,6.858998,33.644727
42.471695,6.273294,42.725171
37.608890,5.805729,53.961639
33.889570,4.959513,67.957994
30.017779,5.354074,80.299045
27.616081,5.842502,96.102472
24.227880,4.966347,108.589137
20.690781,5.072063,132.450788
20.231139,4.935762,144.465324
17.143477,4.648346,159.343606
15.835168,4.420965,176.779810
14.197174,3.872479,193.721646
12.408406,3.675047,203.543011
12.233893,3.895014,215.326967
12.570475,4.617575,224.811836
13.261788,4.871490,231.785752
13.512498,5.096607,241.747547
13.061915,5.090009,245.411452
13.749454,5.329948,248.056528
243.927602,192.254966,25.518052
242.587321,190.189332,27.295185
239.261396,185.872271,28.362520
236.297091,179.718747,26.907786
228.900681,173.199537,26.163005
222.148558,164.471801,26.045544
210.607488,154.669908,24.912403
189.933704,128.154685,20.071710
180.095575,119.825068,16.948671
168.226165,104.033751,12.775212
146.464092,87.910318,8.642342
128.131865,73.018552,7.828631
117.465851,63.638729,8.120695
106.052037,53.871021,9.525032
93.322363,44.885336,8.306220
74.720118,29.345460,11.119691
69.596972,24.627536,10.149810
60.235395,18.290068,12.964243
53.469278,15.893273,16.124451
46.977226,13.251389,17.528559
40.882269,10.785796,22.618290
36.611865,9.334343,30.532580
29.145461,8.850945,40.934121
27.509307,7.944290,50.508428
25.557105,6.809773,65.402037
23.044364,6.998070,77.561892
19.223687,7.741445,91.756227
18.224257,6.282774,110.539325
16.912561,5.786080,126.082838
15.525843,5.246185,145.068957
12.712268,5.310007,160.947798
12.032018,4.593621,176.876845
10.018559,4.589852,194.461006
8.640854,4.619345,203.526906
8.780453,4.553074,214.793236
9.603227,4.903984,223.640541
9.878631,5.169122,232.679969
9.242059,5.106717,240.836732
9.284257,4.904456,244.577638
9.185398,4.965419,247.825558
242.378887,202.945032,28.298471
240.508375,199.741101,29.568632
238.485970,197.552386,30.871636
234.167392,191.713402,28.459526
228.574685,187.825654,25.652159
221.797996,177.492531,26.328384
203.889928,158.670893,26.809754
194.088929,151.354608,24.481479
176.784696,130.054989,17.439121
160.984984,112.248907,15.611021
142.657581,97.304291,11.406122
123.260880,80.445835,8.400754
113.879167,70.081105,8.406134
103.929060,61.107144,9.216893
84.736737,48.063744,8.722826
69.648521,36.212811,10.682519
58.109069,28.825947,12.041731
51.439637,24.190605,12.042710
44.732438,20.940237,14.324763
40.200597,15.920584,16.235370
33.441231,14.784378,19.088235
27.486043,13.603097,27.643156
25.590227,10.948863,37.445704
22.798829,9.426038,48.652870
19.858469,8.251310,62.644354
17.615868,7.795561,75.783164
16.018049,8.692377,90.228031
14.445975,8.370191,108.151520
13.292476,7.219109,123.977881
13.167068,6.429335,143.058897
11.222919,6.460437,161.108738
9.523869,5.656206,177.020662
8.325675,5.920669,194.667250
7.371129,5.902811,204.423564
6.590774,5.548451,212.299066
6.754659,5.935903,221.002875
7.277933,5.823961,232.306074
7.196596,6.089177,240.947520
6.089498,5.795223,244.323320
5.024047,5.582858,249.007620
241.294082,210.206050,30.941991
239.462956,207.930229,32.327415
237.837073,205.715099,32.471266
231.830351,201.920511,30.981651
226.690680,197.679333,31.541012
221.891118,191.067176,27.715284
203.263562,174.280833,27.438323
191.951852,158.494410,22.290107
179.251105,145.557616,17.390144
158.747059,127.978255,14.709171
141.821936,110.383607,13.824164
119.595873,90.610499,9.532763
110.084993,80.540446,8.666179
97.720044,68.981113,8.578476
75.653277,51.220226,8.680819
65.912226,42.949090,10.143617
52.185117,32.529009,12.540052
45.819685,28.411220,11.544983
39.325282,23.437362,14.156497
33.015190,19.688933,15.431303
25.657945,16.581365,20.119778
22.920638,15.061475,24.644508
20.564716,13.369845,33.084428
18.093999,11.967565,46.843389
15.280919,11.497446,61.317680
12.550108,11.334260,75.744425
13.165665,11.172607,86.381645
12.109804,10.392518,107.063092
10.472978,9.745533,123.116648
10.511186,9.781890,140.830623
9.106122,10.063684,159.568826
6.947125,8.612353,176.309125
6.864504,7.768671,192.025790
6.758813,7.310682,203.928579
6.090019,6.990512,213.066370
5.929500,8.383443,221.091215
5.311474,9.637296,232.672421
4.691885,9.180272,240.553126
4.382119,9.679447,244.756970
4.231003,9.560950,247.678408
238.629059,219.882167,32.976461
237.968280,217.048813,32.721066
232.896553,212.707905,33.089089
228.576319,210.292047,35.128566
222.125854,201.585276,33.626251
213.209864,195.871850,32.982420
201.152122,183.389547,28.305183
187.182619,169.430706,25.842588
175.354338,159.044059,21.132023
157.775979,138.921360,17.230496
136.111461,119.792892,13.414421
117.724786,100.416765,10.684635
105.704510,89.340432,10.303813
90.013807,74.982728,8.173646
70.501793,59.833103,7.993354
56.137798,47.254667,10.473577
49.991976,41.315721,12.050094
41.797176,34.271319,11.877686
34.333952,27.990783,12.547091
27.973635,24.170482,15.098549
23.134501,20.056540,17.684600
19.274735,17.246807,20.969414
17.136483,16.592641,33.680162
14.550308,16.139084,44.329181
13.047471,14.857373,61.393002
11.656788,14.284481,76.070459
11.569368,14.353362,86.813022
10.179718,13.681131,103.051667
8.037993,12.635484,121.403287
8.541268,12.947260,137.213654
8.346094,13.106110,158.124589
6.669006,12.254723,172.344424
6.681273,12.141182,190.256806
5.675741,11.541709,203.559176
5.630279,11.740036,212.430558
4.459221,13.375299,223.297690
4.889224,13.413375,232.374124
4.716800,13.654383,240.344201
4.702341,13.239303,244.670142
4.659584,14.019183,248.085213
236.759688,225.727621,34.596115
235.995857,224.428755,35.997836
231.432391,219.382022,37.583438
226.096741,214.477076,37.235344
219.504558,210.091722,35.197783
210.953726,200.083536,33.457989
199.006036,190.727476,30.192701
185.841292,177.857772,25.708572
175.487977,166.726269,22.880604
150.975388,145.467618,18.836590
137.376421,131.011092,15.490775
118.706176,111.989754,13.556681
102.358450,97.676742,10.317267
83.396558,81.564564,8.027704
62.728289,67.833971,7.678678
49.721991,55.760215,11.329627
43.168867,50.840377,11.316958
35.494593,41.713661,12.425673
28.682805,36.285092,12.447109
24.652264,29.632217,16.113901
19.715460,25.329551,18.720409
15.729816,23.581418,23.804132
13.742631,23.442337,32.130886
11.854843,22.023170,43.780567
10.652382,20.194252,62.107727
10.732587,18.831023,73.852560
9.896902,18.024757,84.506449
8.841120,18.374891,102.902746
7.436518,15.958550,118.549728
8.109293,17.411613,135.204846
7.035238,16.444427,157.530615
5.470429,16.843121,172.266669
5.448089,15.663160,188.507298
4.456311,15.515586,204.114608
4.310354,15.966797,215.240374
4.220403,17.101077,224.960125
4.549111,18.079797,232.523301
4.397623,19.092276,239.841916
4.318783,19.196153,243.640657
4.859925,19.642682,246.733696
235.925375,230.154140,34.356953
234.235704,228.191460,36.496461
227.854464,223.602730,40.084861
222.083197,219.479804,38.832942
213.984068,214.853516,35.825156
203.389021,205.903245,36.870744
195.318453,197.087584,34.287779
183.593454,184.251466,27.122789
171.010295,172.296763,26.067240
154.492558,156.838008,21.570141
137.383315,141.627685,17.289158
116.046523,121.603295,14.257032
95.949068,107.074648,9.844503
75.274977,90.651945,8.417481
59.250108,74.446755,7.932717
44.297900,64.953385,10.601969
37.759300,57.636490,11.387822
28.332496,50.955091,12.373733
24.325979,45.829030,11.959309
18.986125,40.445916,16.231341
14.657787,38.312247,19.400551
14.482083,31.512476,26.170747
13.595236,29.850982,32.868147
11.271497,29.028332,44.631887
10.018989,29.296085,56.802511
8.227105,26.042691,74.140796
8.282963,27.450217,84.955108
8.801933,27.522884,100.238080
7.834526,25.840819,114.641975
8.087410,26.924247,135.453389
7.732072,25.433227,153.638686
6.165529,23.080951,172.168111
5.390871,23.422012,187.601420
4.963976,21.770853,205.326098
4.345172,22.023969,215.415927
4.543342,22.532515,225.120836
5.528245,25.774042,236.011038
5.643045,27.301637,241.960055
5.633467,29.352040,245.706067
5.760925,28.830544,247.373950
231.375052,234.554826,38.182341
228.732726,232.875775,38.351005
221.558870,227.935232,41.924739
217.955933,224.340839,39.160278
209.508323,218.089841,37.609436
203.037657,211.312207,37.397251
194.382522,202.332440,38.658270
180.526879,189.969071,31.089614
166.251166,179.429133,26.981088
150.635328,167.421928,22.505749
130.880774,150.081106,18.291290
105.411476,125.779927,14.993508
91.465197,113.071313,10.240120
69.221124,97.531518,8.802335
55.051488,86.364858,7.653991
40.476098,73.604769,9.847419
31.810759,66.040876,11.942660
21.881801,58.688311,12.338105
19.205266,55.449262,13.691324
14.322065,50.309401,16.286702
13.878361,46.598782,19.203290
13.676005,43.443740,26.490917
11.307180,38.862747,37.102102
10.831409,37.864497,46.838329
10.641070,38.729005,59.243111
8.980914,37.763516,73.385859
8.508689,35.756672,85.361653
8.368705,34.947364,99.444256
8.070038,34.886594,111.317354
7.478306,34.680680,140.131601
6.902211,35.712175,154.772999
6.613595,35.127499,172.914217
6.662474,35.759021,187.741484
6.038060,31.576493,200.442850
5.318056,29.898722,215.347495
5.617532,32.262626,227.124139
5.627629,34.823830,237.129912
6.237407,35.762033,240.668563
7.473096,36.551774,246.803392
7.638976,37.114397,247.941859
227.830819,235.268973,38.371736
223.796310,234.079404,38.450290
219.667750,230.358101,38.973442
213.387482,225.441937,39.038998
204.312187,220.267305,37.727333
197.110335,215.093270,37.327766
186.247003,207.472637,39.145262
173.513268,194.800776,31.133903
161.038087,185.194356,24.197469
146.701751,175.032862,23.111305
129.448374,159.738372,19.977237
100.636095,139.253407,15.844908
84.421994,124.021105,9.828110
65.950729,106.214467,8.797003
49.831312,95.310165,8.775456
38.236207,81.730281,8.523913
26.462507,73.043356,11.802491
19.699693,66.361268,12.637906
15.530058,61.374849,14.260383
14.347467,59.621610,16.149990
11.954924,56.454428,21.864515
12.191004,54.552883,26.967991
12.520794,52.258238,36.628757
10.754476,47.119464,49.010460
10.035430,45.790872,57.238484
9.397592,45.421605,68.674694
9.197493,41.902080,88.060426
8.663445,40.306888,98.110827
9.172163,44.346266,114.521934
9.339172,46.470253,134.569788
8.048301,42.538774,153.528660
7.619770,43.810181,171.591586
7.427417,42.215233,186.254858
7.957765,42.339522,199.907374
8.477203,44.508254,216.569049
7.245701,42.916954,232.353256
7.735661,46.587120,237.452340
7.988564,47.197598,242.907741
7.683095,45.893538,246.989927
7.736485,46.427078,248.777070
219.837403,237.629531,38.371594
218.490263,236.611372,36.622391
215.058577,233.061229,37.984362
207.007508,227.900566,37.102501
201.842479,222.593904,37.888759
193.226072,216.326768,36.637795
184.047889,210.579682,36.388330
171.319478,202.278295,32.201008
156.784712,188.434908,24.836666
135.188189,174.186404,22.895992
119.403783,163.754882,21.703190
96.507784,148.296746,15.937897
75.072142,132.338025,9.621908
52.454494,116.433297,9.034074
43.863698,109.568362,8.136484
31.068182,96.709326,9.489400
21.133213,83.477924,9.978584
16.763791,76.126996,12.846053
14.017088,71.621815,15.419691
12.559359,67.826095,18.558222
11.973175,66.117451,23.612869
12.043078,65.067423,31.684717
10.716094,61.745951,38.776860
10.786215,55.894848,49.213146
10.966345,53.133160,58.446798
11.039547,56.159804,68.824827
10.773543,51.221693,81.414773
9.703856,49.818563,98.584128
9.367644,53.765704,122.602128
10.779204,54.391611,132.466746
10.318668,53.664697,156.922384
9.021348,53.051389,168.617713
9.671411,51.495035,185.986260
9.053154,52.166209,201.844954
9.844526,56.757157,218.902566
9.982654,56.072795,230.961282
8.719234,55.080010,238.053051
8.313293,54.058509,241.938557
8.272734,52.982371,246.248555
8.249821,52.866525,248.973042
212.808168,240.133067,36.134814
209.257774,238.940506,34.180258
201.351651,235.972823,35.837541
195.794523,231.579283,35.754671
189.584494,227.024322,36.598318
183.365612,221.312812,36.473360
173.242134,214.700043,33.088226
164.366082,203.835308,31.472929
151.309444,194.212490,25.346552
130.974947,178.854423,23.039220
107.353328,164.160690,19.514494
83.903266,151.781984,12.915769
64.353244,140.025115,10.198807
47.053785,129.971304,8.743339
36.424975,118.265460,8.580680
28.124413,112.398631,8.518909
18.130471,98.314555,10.924375
13.276806,90.655247,11.985014
11.511581,83.210571,15.548324
10.537202,79.965285,21.458022
10.513084,76.560623,28.178999
10.539613,74.701163,32.557370
10.864906,71.763033,40.485547
10.745831,67.561369,49.883218
11.617584,65.835742,61.292712
13.090267,64.958612,71.865831
12.317754,66.421193,81.817154
11.831179,66.231135,99.180508
12.023637,66.005011,120.929816
11.954349,62.867462,136.998615
12.814336,64.863242,153.615755
11.294698,61.660463,167.949935
11.144118,64.086169,186.049939
10.573751,65.629675,207.683347
10.493475,68.210389,220.230288
10.898218,67.566104,230.071590
9.596041,63.871767,237.930819
9.217948,65.393809,242.304359
9.375657,63.377069,245.394728
9.401868,61.202418,248.380060
205.431775,241.010819,36.037365
201.487073,240.119799,33.873419
197.854079,237.686886,34.320856
185.955649,234.500253,34.393323
180.725205,230.401920,36.199626
170.986152,224.048179,32.528691
164.191347,218.116972,30.181791
153.919884,211.373178,28.477573
138.088694,200.118740,23.421484
120.600115,186.546635,18.070820
95.827136,173.851108,17.403563
72.085042,159.584138,12.069469
54.979276,148.571650,9.836219
39.424178,134.234969,8.052311
31.318004,130.912209,7.753400
23.677063,120.670579,8.609968
15.527561,111.224457,11.291213
12.598409,104.465298,14.568427
11.100932,97.722587,16.840843
9.976419,92.480932,22.321974
9.443938,88.441731,28.931000
10.606895,85.599867,35.453055
10.136926,82.004359,42.244103
10.899622,83.046494,50.212941
12.513084,81.241134,64.288873
12.922860,82.048126,74.409198
13.678665,82.197771,85.532627
12.666532,82.813104,97.889467
13.616856,84.784300,121.794442
14.979348,81.775972,132.373264
14.849886,81.234315,153.732704
14.490626,83.992534,170.415290
12.720930,83.444817,189.706878
11.675890,80.233477,206.611710
12.412875,80.037403,222.188035
13.317041,83.150445,231.146659
12.419765,80.764104,237.380474
12.255945,79.217057,243.310353
12.892307,79.601569,245.558659
13.550335,78.268726,247.541150
196.435440,242.456145,37.513789
192.445267,241.321374,35.258361
186.089718,239.274854,33.277713
177.988026,236.514119,32.826379
169.844463,233.845128,31.720404
159.732023,228.706794,29.641986
147.264839,222.911050,29.642781
137.057031,216.402789,25.459440
121.102640,207.096610,23.722807
94.362931,192.178119,16.184875
79.368138,179.760254,14.855398
61.128358,169.721441,10.584752
43.628938,157.093474,8.748789
35.851051,146.409671,8.215329
23.438432,135.353000,8.873362
19.064131,130.732424,10.423077
13.155959,126.555827,12.924580
10.588810,121.502011,16.071687
10.428393,117.685393,19.234502
9.368206,109.982228,25.086634
10.094644,104.903548,33.231326
10.770620,101.846447,37.607144
10.729136,98.780697,45.918793
12.533819,100.005413,57.277946
12.667003,97.207692,67.908404
13.192003,100.202470,77.840239
14.366941,99.303115,89.871688
14.351282,99.381071,103.793848
16.748905,99.347023,122.759391
19.569491,100.744472,136.481530
18.917621,102.526306,155.101611
18.878074,103.630975,176.473476
17.351779,102.456709,186.571929
16.261859,100.887544,204.880821
15.458731,98.099887,223.264429
15.317917,98.066105,229.961910
16.207532,96.630447,235.905168
14.920940,92.540326,241.465495
16.704516,91.411410,244.925370
19.047794,91.413166,247.616480
184.921663,243.576984,37.701703
179.666895,242.691949,34.654868
171.096472,240.935764,30.862038
162.757263,239.508896,28.268244
156.256725,236.662417,26.813758
149.032726,233.545249,26.373804
135.539642,226.796397,27.207868
114.754548,219.687132,21.468730
106.790218,213.983322,16.574988
80.061579,200.518927,12.738264
62.647113,189.544599,11.608828
53.941601,178.743251,9.989743
37.127259,165.307490,8.717191
25.152662,154.192240,8.688610
19.684096,151.390806,9.398338
15.600456,143.460719,10.918491
9.901121,137.032850,13.940775
9.033319,135.239481,18.214589
10.012428,131.087480,20.476882
10.790835,126.554616,29.824673
10.868684,120.731989,36.422030
10.622881,118.140350,42.385529
12.415863,112.550978,48.752501
12.142265,113.555430,62.245929
13.049961,114.078955,74.501612
13.931015,114.198675,80.956303
16.118902,113.753075,90.050397
16.933167,110.337614,108.519708
19.748791,114.425913,128.964031
19.105948,115.073853,142.585696
19.905635,116.168002,159.618965
20.754660,114.791433,174.916169
21.774511,114.786324,188.899452
19.426184,113.715922,205.730461
18.645403,110.658647,221.133158
19.120264,110.467934,228.577751
22.644282,111.336301,236.572029
21.617891,109.748092,241.321144
22.611445,107.048074,244.481170
24.128088,106.043473,245.945528
167.503390,246.144407,31.352176
162.310980,245.949065,28.469298
156.560665,242.949798,26.573844
144.698675,241.573745,25.014844
141.605193,239.860648,23.924768
134.520097,237.347502,24.242579
116.047525,226.928431,21.760525
105.720950,223.269618,20.124207
85.720498,217.490385,18.371323
66.040284,203.523337,10.502899
52.062493,194.321704,10.453679
40.637885,188.218185,8.382613
32.046517,174.526699,8.197618
21.590034,167.994383,8.425728
18.147406,158.031928,10.490532
12.474903,153.282409,11.814276
9.358399,147.793312,14.916908
8.426778,143.271311,18.256723
8.504664,139.397193,22.451538
10.147977,136.389669,31.032447
10.777042,132.491856,35.614818
10.618707,130.158634,45.790997
11.163271,130.421604,52.245187
11.836454,130.330490,69.021402
14.540822,127.007431,78.999790
15.013789,125.850957,85.425900
16.783629,127.022058,91.322570
17.372120,126.644381,111.074483
19.956700,126.572591,132.225665
20.694606,130.589911,149.301605
20.808936,128.445741,162.860506
22.965105,129.063639,175.618367
23.260483,124.126498,187.333492
21.473373,125.785036,206.358915
23.842645,125.708010,221.176024
22.820079,125.250703,230.155499
27.863987,124.418663,237.347792
28.836583,125.163624,241.562594
28.768889,122.543648,245.501732
30.435300,123.358220,246.627124
153.200362,246.912318,30.628781
146.979104,246.681888,28.577992
142.439220,244.735558,25.796117
134.622749,242.192385,22.852723
122.655266,241.281559,21.370939
110.698713,239.021173,20.330977
101.595553,234.429318,19.454009
82.724070,226.028620,17.386360
68.729862,219.530639,12.375850
59.695966,213.170566,9.291207
45.315779,202.207383,9.608598
32.773876,194.972065,7.871046
25.623839,189.011333,7.957373
17.983474,177.130614,7.895011
16.287028,169.260878,9.445875
10.429306,162.090160,12.573070
8.850865,155.285443,15.549925
7.627033,152.594880,20.464690
8.639203,148.020609,24.797987
9.443904,143.928701,33.500232
9.275272,145.406315,41.381822
9.960851,142.254765,50.920755
10.386708,143.368446,56.459625
12.036088,141.660789,69.858653
14.020552,139.220438,81.303421
15.165092,137.092189,89.667975
16.450529,138.128478,97.451990
18.135920,140.328277,113.495281
20.882958,138.585359,138.517524
23.313991,139.720525,153.730380
24.189833,139.875305,165.097527
25.125387,140.999334,177.107129
27.616220,137.876465,192.412882
24.215261,137.775773,208.000660
29.644932,138.145797,223.086601
28.484965,135.017421,229.241397
29.060637,132.512724,236.603965
29.721824,132.777253,239.727141
31.466611,130.951415,244.607776
33.835925,132.175279,246.165368
131.306919,247.741563,28.656815
126.503696,246.931004,26.404190
118.093475,245.891036,25.581042
110.226173,243.459432,20.709846
104.750363,241.881383,18.896338
91.747016,239.608078,18.044862
82.767904,236.828407,17.600307
71.910737,229.513275,14.552238
62.647138,225.888323,9.833825
52.184463,216.419469,8.448668
37.570758,207.019529,8.061440
28.119698,200.246428,7.128349
23.622739,196.309070,8.021625
17.538375,188.899569,7.440710
9.968276,178.843053,9.682601
9.584150,173.720638,12.772528
6.662048,170.357860,17.008161
6.877463,160.459937,22.129468
7.316697,159.557819,29.217437
7.423321,156.080130,36.433659
9.345495,153.337505,44.687908
10.624264,153.123546,53.790350
10.056442,151.644342,60.637283
11.336127,152.628570,72.102050
13.450447,149.769742,83.624110
14.060484,151.732892,95.576556
16.661644,153.946558,105.941872
18.999055,154.542848,118.718101
23.182771,155.873075,138.261757
24.750653,153.929461,155.427025
25.178091,151.766332,168.357118
29.416654,151.476762,181.134920
30.932684,153.548982,189.226657
30.570640,153.446357,209.503390
31.202297,149.553619,221.970243
31.467827,146.351245,227.941789
32.618731,144.517789,235.867794
32.827472,142.508556,240.280145
34.890164,140.287519,242.862818
37.728721,141.692449,245.369543
116.778223,248.927787,27.883232
109.430700,248.302635,24.792742
100.721567,247.273585,23.010422
91.700388,245.367488,19.599712
88.058146,242.752538,18.348874
76.470447,242.148912,16.811887
69.399471,240.143878,14.799562
59.785650,236.355830,12.329852
53.756648,232.531532,9.089143
43.529858,224.281061,8.175155
30.503810,215.050043,6.677853
24.211284,208.123540,6.758810
19.209601,200.792623,6.458739
11.637129,196.958936,8.223905
8.968205,189.777598,9.948935
7.744166,185.106314,13.903664
5.920513,181.067646,19.148435
5.561569,177.246208,25.945671
6.503487,172.974572,33.758217
7.611976,171.087139,41.141921
8.905799,167.822423,50.022941
9.938511,166.322431,58.324279
11.266054,165.177368,67.148440
12.208956,164.064148,76.260822
13.431131,162.975897,85.439419
14.858446,162.692677,97.919257
16.060756,164.308220,107.912949
18.332127,163.161486,120.937501
23.164200,163.506950,144.417323
22.921179,164.616136,154.560866
29.210349,161.317408,165.484571
35.006122,164.392637,181.859113
35.201784,164.087026,193.662705
33.577513,166.321418,208.462402
31.539544,164.333794,220.333162
31.902012,159.643948,229.518490
33.185238,158.261385,236.315163
36.283696,156.088254,239.397712
38.060039,154.379586,243.222579
41.330922,153.713801,244.988328
97.126792,249.345453,25.835136
89.959125,249.370299,23.924307
86.777916,248.607969,21.275013
75.671309,247.689483,16.838404
68.882002,246.060471,16.492367
63.995695,243.486449,15.007086
58.868553,241.767908,11.996047
51.101630,240.448202,8.707374
44.046300,235.060762,8.022486
32.854595,228.470012,6.964593
25.551477,221.081396,6.428756
16.910479,214.952195,6.050941
11.224903,210.574992,6.515082
8.536112,207.877759,8.023567
7.454951,199.534774,11.025773
5.399340,195.620165,16.273211
5.118605,191.282434,21.496627
4.937917,187.669745,27.503487
5.389545,184.625656,34.978506
6.676757,184.152928,41.497393
8.023265,178.102775,54.513994
8.636291,177.830209,60.132952
10.667455,174.594589,67.691045
12.798374,175.561625,80.311007
13.130420,176.356718,90.385166
14.985477,176.703268,103.100997
16.187860,175.432037,113.530417
19.205881,176.035038,124.493223
23.185973,175.047934,146.173501
25.715423,173.575329,155.433869
30.292901,177.260794,167.886828
37.015896,176.725018,181.409844
33.991866,175.271977,197.016620
33.996116,173.606053,212.245110
33.607125,173.135587,217.855407
35.884463,172.777605,227.813914
37.458655,168.290511,236.316830
37.693914,165.820164,239.747465
42.940495,164.855054,243.889938
45.655362,164.698119,244.414274
83.184005,249.922653,22.735193
77.660211,249.393184,21.988268
68.889926,249.420246,18.451113
64.916799,248.915217,16.479461
59.329726,247.329796,14.277383
54.109217,246.061660,12.908606
44.263884,245.594691,8.185280
35.974905,244.415781,6.955561
29.434092,242.747265,6.455431
24.350648,237.321688,5.704431
16.581877,227.715145,5.349226
12.281418,221.522498,6.223986
9.727879,217.461228,7.241679
7.495487,212.717966,8.147838
6.453800,209.319991,10.902957
4.583770,202.259003,17.571448
4.270758,200.214441,22.641587
4.717315,194.994877,29.482847
5.270963,193.887441,35.831586
6.523989,192.065089,46.872670
7.645763,191.692308,56.953626
7.643563,191.220547,65.094353
9.597461,186.966772,71.016975
11.355247,191.024336,84.489927
12.633022,193.394502,97.540673
14.395352,192.255050,104.871738
16.781282,190.339717,113.455917
19.450352,187.484135,127.485551
22.345923,184.835917,145.867661
29.244024,185.754736,159.736833
36.812170,189.109970,170.874270
33.744756,189.280021,183.783327
32.323280,187.093365,203.386879
31.096433,187.560686,212.156708
33.622148,184.871972,220.982386
37.380734,181.933120,229.050004
42.094241,181.058052,236.252853
46.675558,179.941427,239.220197
50.037591,178.871732,242.414521
54.113155,177.874385,243.647075
72.359666,250.505349,21.944553
68.477997,250.518139,18.127679
62.616680,249.673200,16.691813
56.296182,249.841997,14.720777
49.110360,249.285653,11.918838
40.273798,248.741012,8.722083
30.632889,248.014875,6.268170
27.301394,247.297427,5.557904
22.353789,245.321466,5.263673
16.155031,242.460842,3.616736
11.874603,237.935407,4.117982
7.986043,230.163573,5.485775
7.348033,225.672075,7.593969
6.561377,221.713496,9.032936
4.736119,216.909061,12.482037
4.695905,211.614811,17.960796
4.208265,206.629650,24.404355
4.640932,204.806932,30.282184
5.182688,202.317569,41.181316
5.520666,200.971810,52.419679
6.848984,202.550551,58.649839
7.339078,199.553316,67.474113
8.398353,203.999812,76.433452
11.056552,202.919711,90.154361
11.040961,205.886724,96.932760
11.980061,204.141306,108.451717
16.007923,202.457814,114.332672
18.152010,202.184758,132.718388
24.345660,198.815046,143.526617
29.631383,199.550952,160.397601
34.748953,199.611791,174.046128
31.611606,204.961394,186.920914
31.310962,200.629928,202.505649
31.756327,199.667168,214.383098
33.962456,195.196695,222.889970
38.184299,193.409133,231.950291
47.266416,190.674948,236.935170
50.094088,187.605894,239.725648
53.430426,185.152476,241.459291
56.539744,182.989170,244.410862
61.022149,251.081301,16.580773
52.998055,250.804368,13.810763
47.539311,250.998473,11.033969
43.377016,250.778871,9.891377
36.978519,251.140521,8.443742
29.560941,250.621409,7.142082
22.358481,249.344234,4.182702
19.588224,249.555074,4.165971
15.144286,248.227608,4.165845
9.999669,245.833642,3.186288
7.316970,243.160984,4.200860
5.545243,240.149351,6.594565
4.966056,235.146313,7.507203
5.120627,228.739379,9.547558
4.518264,224.369406,14.240597
4.134482,224.108025,19.718034
3.887157,217.596062,26.564680
4.458069,215.583645,36.259777
4.507599,211.834490,44.527488
5.858485,211.535646,56.222131
5.299127,210.400133,61.556682
7.641076,209.981832,72.089367
8.528008,210.119233,77.886720
10.129610,209.971636,93.317638
10.559542,210.367621,99.938315
10.918607,209.470650,107.473304
15.497227,207.980560,117.468544
16.395172,210.624801,130.554019
26.917502,211.616815,146.906524
34.688387,212.605499,163.854020
32.879596,211.402511,180.202308
30.527404,210.691966,189.259165
30.836635,212.290073,200.957805
31.403151,209.304548,214.014436
36.083052,208.260890,225.280872
42.406479,205.918385,231.294313
46.974870,200.175934,236.010851
52.758286,196.021691,237.605194
58.817474,193.217825,239.594526
61.939191,190.932716,242.616684
53.397085,251.830612,14.295461
49.303661,251.821130,12.166585
43.323468,251.136401,10.663363
36.557780,251.184334,8.823439
28.310349,251.798841,6.136737
22.343829,251.616395,4.559045
17.907797,251.076196,3.551688
12.639411,250.612586,3.236667
9.417444,249.963502,3.299234
7.150394,249.100877,3.193653
5.808986,246.794831,4.094087
4.859796,244.426220,6.470275
3.942176,242.002905,7.590046
4.435984,238.678413,10.841018
4.358104,234.977893,16.540915
4.031842,232.704542,22.013656
3.951288,229.373437,27.408810
3.826735,226.473364,38.146955
4.497503,222.330897,48.040678
4.920816,222.568571,56.556599
5.361389,217.861733,64.766146
6.263851,216.915636,73.248708
8.579889,217.368007,80.385684
8.659323,218.855331,93.465674
10.089407,217.873735,101.414797
11.010130,217.259345,107.975164
15.412221,214.932631,119.832464
16.258679,219.071609,134.303057
25.616857,219.582605,147.584391
31.668048,219.810677,164.973714
31.864648,219.811307,180.608694
32.204218,220.297022,192.631269
30.180681,220.182307,202.266116
31.245904,219.374897,215.449830
37.808892,218.486530,224.145167
43.402423,213.259523,230.085094
51.440868,208.644676,232.741006
59.137007,206.174465,234.761205
67.771728,203.260869,238.491470
70.974641,201.232843,239.669949
40.649522,251.702634,12.327456
37.134061,252.094136,10.849444
32.865843,251.766732,9.401234
27.748120,252.079867,7.378578
20.709120,251.836290,5.638075
15.739513,251.945535,3.667291
12.226717,251.814892,3.391192
9.094892,251.291137,2.885208
6.777638,250.781902,2.187928
5.143960,250.050863,2.896975
4.891658,249.350800,4.324384
3.835865,248.186171,6.773329
3.730009,245.662706,8.232735
3.792059,243.141865,11.375835
3.757898,240.460184,17.955241
3.151173,238.515791,24.354892
3.793562,236.703481,30.466233
3.515559,235.460969,37.765340
4.416148,232.339393,48.420129
4.809348,227.089957,56.385043
4.994722,224.109389,66.059695
6.385346,223.156124,74.516442
7.493870,225.149206,82.708777
7.655882,225.304591,95.273473
9.472457,223.999134,103.568259
10.363696,224.378120,108.757218
16.636287,224.581421,123.241960
18.974261,225.875875,136.309383
24.655921,225.062870,147.547860
29.917054,225.906665,166.340967
30.770122,227.561520,181.650779
31.648396,225.807583,191.207384
30.240756,226.189501,201.554656
32.266241,226.114415,216.591288
39.560553,223.627624,222.371903
46.991583,221.185084,225.941819
54.829299,217.240263,230.411766
64.444629,214.669895,233.682136
72.019640,210.561008,236.801099
76.707969,210.340414,239.154982
33.172587,251.955728,9.058714
29.231771,252.318750,8.304710
26.087829,252.588125,8.102875
21.199112,252.373440,6.695579
15.740613,251.947780,4.296408
12.590057,252.089905,3.438872
10.224269,252.128047,3.095670
6.628191,251.842974,2.028743
4.015046,251.998451,1.852982
4.281945,250.792025,2.942067
3.782775,249.860147,4.410665
3.660674,249.366275,6.558956
3.620323,247.446781,8.689451
3.610387,245.865755,12.009608
3.449140,243.464867,19.085269
3.010891,241.419021,24.842986
3.520480,240.009887,30.520248
3.860134,238.199014,37.602381
4.627574,236.448988,49.258023
5.256448,233.411880,57.212666
5.154255,228.725156,66.373475
6.942595,228.515515,75.150995
7.750616,227.596234,83.367238
7.873642,229.902982,96.977894
8.576686,228.310318,103.655400
9.284378,228.088040,109.944833
14.702562,231.051551,126.602155
19.551986,231.085378,135.895082
24.413574,230.172500,147.795999
31.806773,231.881458,169.515773
32.065830,230.852881,180.156581
32.239481,230.083821,190.991524
32.535653,230.298182,201.093032
35.116972,226.877323,212.286565
44.010086,226.333382,219.751142
49.220432,226.362748,224.513266
59.001575,224.900299,227.649990
67.173221,224.373900,231.663230
78.125673,220.585679,233.788561
84.657773,217.224282,237.436061
