1600
3
250.038653,7.913675,68.842166
249.557202,9.127625,74.806424
248.417141,12.548763,80.358292
247.770041,13.090393,90.355276
248.079388,14.466528,97.464226
246.595527,17.023585,107.353967
245.896061,18.301275,114.963223
245.404627,20.962449,128.380168
243.913866,25.449432,142.176118
242.233018,28.478643,155.216097
239.397272,31.917710,166.388444
236.924887,38.233323,180.197642
234.393315,38.189744,187.359487
232.662151,40.387780,196.514135
229.787594,42.865072,207.393337
227.356148,49.326947,216.903999
223.885518,50.358469,225.343417
217.634938,43.229617,230.844253
209.639001,40.440368,233.632755
202.253479,42.799618,235.578157
190.151512,41.113163,238.701026
180.944817,37.496296,240.960617
168.925299,33.829178,241.706622
157.140533,28.371407,243.111785
143.989544,25.180057,244.402025
133.864274,19.568868,244.193465
115.837253,17.055261,243.701863
100.552531,14.848602,243.683891
88.701671,11.933266,244.212277
76.150341,9.801126,245.029859
65.503921,9.819211,246.008434
50.295702,8.171122,247.528085
41.802150,7.782821,247.916596
29.776474,7.535435,247.762281
25.730595,6.850214,247.982967
19.061346,6.403561,248.355351
13.118637,6.105247,249.104106
10.140372,5.987446,250.855883
6.929717,5.919322,251.931017
4.625640,5.371210,252.236067
249.857851,7.478357,60.183360
248.883006,8.813368,67.427333
247.989200,11.448427,72.759008
247.521162,12.448213,84.417945
246.771938,14.596359,91.462315
245.474334,16.581772,100.417484
244.707899,16.805640,106.373625
244.902151,21.204519,123.775625
243.056975,25.503981,137.182787
242.059960,28.583264,152.593761
239.534237,31.792641,161.586570
235.475083,38.881325,179.621535
232.898374,40.138994,184.792384
229.753834,41.614185,193.885869
227.414079,44.044462,202.066348
223.046134,48.090781,211.836611
219.568197,47.468808,218.453231
213.696213,42.836796,225.528665
206.531387,39.984651,229.330196
199.414215,43.356694,232.424493
188.607239,40.623504,236.598675
178.532430,38.211774,238.996656
164.544232,33.300577,239.714441
156.672604,29.719599,242.321092
139.875657,22.872347,241.757770
129.043301,19.206350,240.605381
112.693027,18.050913,241.841275
100.494352,15.035065,242.963143
86.884396,12.228765,243.369128
73.020872,10.433892,242.616880
62.990413,9.709281,243.763685
49.467316,8.138164,244.565361
40.387529,7.562428,245.322666
28.351170,8.500945,246.568116
24.045959,7.612958,246.556573
18.598143,7.414279,247.599502
12.746831,7.046065,247.737062
9.731384,7.217340,249.743540
6.636278,7.648078,251.336381
5.091034,8.004012,251.977022
249.695314,6.815692,54.031777
247.934060,8.464811,60.275376
247.759942,10.378593,65.656835
247.219890,12.549407,76.014870
246.625528,13.992079,82.016480
245.299226,16.057004,94.817547
244.637335,16.319705,101.150424
242.905187,20.295395,115.574512
241.987867,21.915069,127.882403
240.459479,29.268710,145.522606
236.555443,32.371156,156.637561
231.717639,40.093074,171.354808
227.831243,40.011437,179.572967
225.497796,40.000223,188.695306
222.727357,43.741172,194.253696
217.937793,45.270626,203.615351
213.562860,46.268668,210.810182
208.353525,43.648087,217.868781
202.533858,40.732629,224.102022
195.418728,40.604522,225.679360
184.776350,42.100360,231.978838
176.153782,38.609628,235.006905
160.080162,31.603078,236.343336
151.773201,27.007821,237.811706
134.748200,21.241077,237.654920
122.764744,20.446376,237.839587
107.550317,18.997562,236.899627
96.977355,15.876873,237.770256
81.519934,11.561414,237.392002
68.563408,10.068347,237.667120
56.724075,9.692001,239.420957
44.697725,8.290611,241.455429
36.142485,8.214533,242.262057
28.021764,9.675867,243.444271
21.972593,9.011841,245.141189
17.978289,9.376996,246.212582
12.046787,8.483696,246.455414
9.577720,8.212338,248.847685
7.010884,9.715701,249.762904
5.121546,10.589958,251.294238
249.810085,5.923819,48.471528
248.451919,7.653096,53.841022
247.526454,9.842264,58.601710
247.222693,10.917881,67.029792
245.662948,12.573007,74.031365
244.845024,15.065138,85.429373
242.987985,15.408145,93.155570
241.752838,20.056142,107.600043
240.234952,23.110122,122.456733
236.758025,28.771999,138.241591
230.487140,33.018489,148.834201
225.475080,36.124969,160.764717
223.660076,39.507053,172.068948
218.581457,39.288734,182.453293
217.070417,41.649667,190.185329
210.719398,43.407559,196.636151
208.059385,43.649792,202.745035
202.149728,43.299441,206.973675
196.879170,42.006072,214.924170
187.209153,39.548886,217.475576
181.861171,39.364106,224.336127
166.937346,35.584342,227.713615
159.821757,32.454385,233.258963
147.384929,26.319234,234.760284
129.807604,21.777647,233.486801
117.403066,20.828161,232.939873
102.453839,18.023098,232.416110
92.188504,16.057247,232.440108
76.615482,11.391820,232.553789
64.588107,9.806661,232.712899
53.425559,9.321768,234.231309
41.301784,9.471632,236.259963
33.537862,9.695466,240.051998
26.652379,9.543730,241.562522
20.057951,10.319372,244.128912
16.291147,10.627432,243.849063
12.035370,12.588438,245.432932
9.455434,13.384410,246.970581
6.759657,14.712036,248.345345
5.192765,16.006737,250.272894
249.412258,5.628445,40.686944
248.828085,6.136555,45.245062
247.683063,8.874614,51.961464
246.452555,9.600813,56.036403
245.504208,10.809936,66.875483
244.095957,12.986726,74.626191
242.007921,13.892457,83.995696
240.013127,17.627861,93.324033
236.172852,21.111209,113.209081
229.650725,28.224566,129.856880
226.998754,30.092734,142.880035
222.246206,32.794599,152.949405
217.617990,38.176598,163.953096
215.016603,38.733860,171.958547
207.465592,38.626138,179.699552
203.612023,39.880911,190.398252
198.816761,39.963684,193.141322
194.907108,38.634730,197.595085
187.084978,39.277764,202.012961
180.552017,37.247387,207.185879
172.260645,38.474674,213.541785
160.925220,29.714615,215.971438
149.086060,26.559099,219.713662
129.046649,24.886983,221.767861
120.354376,22.725293,224.783436
104.314958,19.780474,223.185649
96.057673,17.499242,224.600083
84.304379,16.123816,225.388845
67.822209,11.852434,225.661437
57.875548,11.350728,227.148646
48.162637,12.530122,227.067844
36.264234,12.151746,229.255594
28.993154,10.937169,232.137341
22.475435,12.696670,237.431088
18.342504,12.959227,240.140491
14.305990,15.033048,243.461066
11.772426,17.890385,244.238119
9.232313,19.722367,245.809997
7.325573,20.541804,248.309755
6.104888,21.372560,249.412086
249.020922,5.933721,34.001739
248.655916,5.542164,39.566344
246.206586,6.941778,42.438898
245.932422,8.108317,46.510473
244.078989,8.479964,56.523102
241.762796,10.420327,65.300335
240.655783,13.126605,70.881083
235.714149,16.041198,83.777122
228.467249,19.322905,97.199958
225.062122,22.380562,114.365402
221.625493,27.479352,132.646313
217.338730,31.181001,143.057667
211.336316,33.007615,153.648787
203.225522,33.511675,159.240186
197.929716,36.084228,169.966772
196.111901,33.388967,175.880721
191.659259,34.184912,184.754871
184.971800,34.503648,189.053687
181.519045,35.274328,193.369746
169.773387,31.980940,195.816053
159.384173,27.289442,198.759606
147.858116,25.036754,201.940326
135.229679,23.713867,203.148289
115.954742,22.466661,206.523888
104.301122,20.192302,208.853765
92.329017,17.850311,210.259162
86.374401,18.034345,213.050651
71.403889,14.851345,213.707844
58.091953,12.512309,214.433408
46.669803,12.671595,217.540246
41.025028,13.804556,221.764044
32.630204,13.765981,223.753848
26.632529,13.297918,228.211368
21.044859,15.467903,230.947697
16.777643,17.428780,237.659839
12.868668,20.438684,241.180418
10.259678,23.150459,243.927948
9.526896,26.419439,245.130207
9.133598,30.831986,247.203648
8.207430,33.428723,249.523902
249.643654,4.944005,26.294379
247.482722,5.711619,30.239933
246.275871,5.575658,34.150466
244.104649,6.780512,38.785181
243.239913,8.373715,43.535973
241.826809,8.649458,53.712222
236.187891,11.837955,62.889817
230.572327,12.398010,70.785642
223.581564,15.803447,81.244465
215.631957,21.576141,98.545730
208.720459,23.282541,112.096605
204.223582,27.097339,125.701021
198.815475,28.055185,134.981130
190.407290,30.064571,144.163644
183.773533,28.923402,151.493670
182.464393,29.163339,158.503116
179.655120,29.293478,168.015485
175.200531,29.262567,173.887413
168.547473,28.707773,179.185692
159.194329,26.164252,183.022600
146.905343,22.611945,186.654745
135.908646,22.275186,189.442018
116.336111,19.051517,189.653038
103.679866,20.614620,192.285157
89.562372,17.136317,194.825254
82.746191,17.481632,196.933461
68.444382,14.450765,201.797098
59.139239,13.294825,202.917354
50.302003,13.402635,204.873198
42.379148,14.547147,211.331903
35.880185,13.740810,212.804990
28.453848,14.423403,217.135517
23.077161,17.449606,221.578751
17.822771,18.677943,226.877184
14.305760,22.613301,231.820483
12.016539,28.994245,238.909776
11.403212,31.594450,242.405562
10.142751,33.059156,244.822751
8.413608,33.931152,246.546578
8.290549,35.285574,248.943290
248.663066,4.334324,21.249812
247.913760,5.364675,23.960526
246.099860,5.067451,27.479775
245.392916,5.159260,28.594011
242.486591,7.726658,37.821321
236.805940,8.333742,42.208594
234.145041,10.057307,50.359444
221.440066,11.218707,62.134823
212.050562,12.252090,70.962942
205.375897,14.015989,75.873160
199.549467,19.833853,96.247494
191.729089,19.570919,106.927495
186.008032,21.733556,116.524119
179.995994,22.257464,127.444897
175.684052,27.514676,140.502407
172.201429,27.165390,144.987547
168.683715,27.063085,150.020752
159.840646,24.046456,156.512126
156.745481,24.120327,162.824019
146.198016,20.374151,165.706864
130.646917,19.511932,173.472615
113.484545,16.426477,171.139660
105.642592,17.679009,175.250915
91.891638,14.990806,179.152362
81.094698,17.174936,184.517477
69.824243,14.780900,185.334513
60.054295,14.326342,189.203512
52.245778,13.803035,193.026907
44.865640,14.275186,198.925206
37.754351,14.507521,203.460835
32.434326,15.289393,208.399412
22.863984,17.541945,209.245590
19.004250,21.684061,216.337547
16.440119,26.498773,222.249868
13.738526,31.128005,229.483068
12.285237,33.085117,236.232101
10.884046,37.727922,240.587038
9.355024,40.217278,244.255919
8.830260,43.470351,246.044615
8.932042,46.646713,249.163931
248.812562,4.018655,15.577300
247.370203,4.637927,18.193624
245.980947,4.923076,21.728805
244.409498,5.138591,23.732912
241.697123,5.390605,27.636720
234.641655,7.239347,33.994947
230.288543,8.560032,38.111057
215.229480,9.843819,51.045541
207.514984,10.142088,57.459850
200.706235,13.042092,68.974510
192.275988,15.141456,78.598230
183.325660,17.844500,92.493613
173.471890,17.842476,105.707377
166.018241,18.756048,108.587302
161.171284,19.072015,118.075848
156.254780,21.553783,125.933967
152.705786,22.711337,134.348244
144.930025,20.752414,138.232288
132.176766,17.064178,138.881318
124.395587,16.744206,142.749451
112.074643,16.011130,151.358786
101.405025,15.002710,157.916171
89.167095,15.580696,161.954442
78.409156,13.179766,164.762713
65.554126,13.905914,169.772769
59.528980,12.371938,172.711879
54.852088,13.589303,179.437302
50.664986,13.808859,184.814515
40.534351,16.324961,190.291810
33.587283,15.962163,194.612497
23.805911,17.862790,198.686952
20.399410,21.892050,207.749523
17.880910,23.660015,211.131132
15.552181,30.282295,220.039604
14.800472,36.465901,226.817254
12.742866,41.362386,232.834017
10.794095,46.367912,238.493097
10.430589,49.175355,243.893731
10.581277,51.326470,246.125201
10.616615,53.439885,248.930501
248.286687,3.498540,10.099978
246.815057,3.881627,12.530425
245.741860,4.484609,16.700775
242.679759,4.860144,18.986491
237.811131,5.118961,21.465691
231.712074,5.481852,26.291767
221.289466,5.603468,30.761501
207.415122,7.770619,39.924183
198.999791,9.019334,48.376156
190.859731,11.602627,58.240736
182.710045,12.530387,64.558900
171.063284,13.794863,75.717803
160.672953,15.279784,83.875903
153.143516,16.328873,91.900538
146.860367,16.564680,100.094222
141.251923,15.769405,105.900262
136.030175,15.019735,112.042011
124.641203,13.300584,117.916640
116.418124,12.894199,118.548791
107.154037,12.784420,126.046127
92.278001,10.493856,130.731833
87.273420,10.923677,137.927439
77.392339,12.194867,149.349861
64.208774,11.210089,150.636722
56.003545,12.430890,157.911848
53.992474,11.768119,162.700948
45.665301,14.478377,168.547893
43.160004,17.369807,177.236785
36.090514,18.320540,183.827500
29.090849,17.784229,190.727243
23.044779,22.767220,196.680015
21.838811,24.213362,201.158852
17.114669,29.412829,210.027172
15.666421,35.799283,216.420044
14.343623,43.635451,225.152794
12.541518,53.689379,231.166051
12.754578,56.251668,236.471750
12.609292,60.866900,241.919670
12.734135,62.842997,245.030285
13.563005,64.899147,248.000952
248.413250,3.265699,7.131253
246.873189,3.287256,8.411935
244.243705,4.288435,11.512274
239.786670,4.488660,13.412148
234.528336,4.792257,16.870183
226.775421,5.096101,20.779436
215.086185,5.232715,25.110178
204.225474,5.153896,33.063099
196.365199,5.947262,40.333966
183.870209,8.007332,46.207641
176.698960,9.045328,55.879567
160.444703,9.516363,62.195110
149.717352,9.747572,73.481313
143.084051,9.898203,78.771338
130.023947,10.197378,82.085949
121.555257,10.941124,87.351856
116.330418,10.254913,88.850476
102.577151,9.246640,93.299913
97.539312,9.792637,97.688156
88.425245,9.466810,103.968582
80.388488,9.431297,111.824350
73.782583,10.557312,119.942435
65.268118,11.455338,133.131430
59.252858,11.628632,141.767626
46.612470,12.878136,145.935296
44.518563,13.749226,149.883992
39.891947,14.573594,156.385895
33.377050,17.649686,162.962258
30.759706,21.680232,173.781322
26.918740,22.547400,180.866160
22.944518,26.354259,190.164176
19.216984,30.492967,197.729525
18.769470,36.278153,206.846062
15.689695,44.289332,215.377381
15.120041,51.801991,221.734086
14.440833,59.965016,231.347880
13.698839,62.784002,236.417394
14.860872,69.918789,240.971261
15.645070,73.995163,244.661680
16.279051,75.381528,246.273712
248.846444,2.988655,4.208084
245.915409,3.480398,5.488376
242.923050,4.211567,7.630641
237.404207,4.303167,8.846689
229.629352,5.105689,11.927657
222.792485,4.588314,16.513319
211.258806,5.167923,22.678086
201.860551,5.235898,29.314575
189.695592,5.857828,32.862042
179.249481,7.132707,38.898089
165.749696,7.974383,45.192992
150.745199,8.146709,51.580805
141.405754,8.593264,59.887132
130.957848,9.004214,66.089583
118.426476,9.467087,70.394783
110.189314,9.138295,71.453980
101.660905,9.530369,76.131721
92.998550,9.092746,82.840024
85.160239,9.196197,86.918779
76.921961,8.637264,90.700673
67.509820,8.927080,96.971541
62.458127,9.035585,103.207487
51.631709,12.152234,112.024394
45.599331,13.089155,119.474822
41.134822,13.750736,130.864838
35.429030,14.828041,137.103939
32.238092,16.819741,142.798577
28.845798,21.065330,154.840945
26.228200,23.319057,162.367394
25.298721,26.311321,174.059374
20.981092,33.716532,184.044336
19.331223,40.348697,192.705038
18.748481,46.094352,203.485902
17.438542,54.764358,214.022914
16.361419,62.794152,222.736627
17.842450,71.494901,230.415611
17.554287,76.936015,236.162237
17.537900,83.183993,241.496861
18.814436,86.367943,244.248637
19.494892,88.459718,247.113903
247.189614,5.533951,3.663578
245.210877,5.461576,4.080399
241.126135,5.849071,4.517503
236.160710,5.935656,6.446091
227.989069,5.452060,7.705273
218.645974,5.161846,11.628454
207.733724,5.158119,15.550206
196.038665,5.603062,21.500075
183.125951,5.416315,26.410133
170.931606,5.866208,31.361993
160.126612,6.500226,37.608031
146.471408,7.749731,45.392218
131.295093,7.683744,49.213117
119.890820,8.218758,55.601531
108.147070,7.947871,61.956466
102.151387,8.227779,63.375844
91.577906,8.266872,66.048564
83.480374,8.071458,72.313351
75.170406,6.842255,74.658357
70.498014,7.796089,83.120364
58.986494,8.909948,90.435883
51.723534,10.098775,93.372889
43.909855,12.805969,98.008730
37.380757,13.663747,107.881528
32.075325,14.481170,116.541838
30.620822,16.019838,129.394269
27.509789,19.623692,135.618736
23.706862,23.801007,143.150880
21.174184,29.482957,154.089043
21.585285,34.261115,162.445615
21.215771,41.457013,175.836525
21.602101,48.511337,186.850414
20.721049,57.302955,197.982982
19.337615,67.269333,213.013087
19.908198,78.136566,223.513994
21.076954,87.932923,230.976637
21.472492,90.898817,235.378967
22.151143,97.033790,242.379025
21.821521,98.207825,244.226717
22.768292,100.034606,247.069219
246.006217,7.934629,2.699276
244.800887,7.945975,2.845404
238.778273,7.370464,3.761973
232.839726,6.930912,5.122506
226.757500,7.564004,6.954870
214.794806,7.498335,9.639389
202.815950,6.710677,13.047984
191.231403,5.901232,16.591426
178.600473,5.109012,21.878935
164.838703,5.207138,25.072649
151.726378,5.543536,27.846434
135.179566,6.671231,33.989479
120.567480,5.977730,38.159138
107.809331,5.699342,44.828618
96.881231,6.377438,47.985983
90.760515,6.592501,53.216688
83.125983,6.475180,54.869668
74.897541,6.200098,60.229213
66.750282,7.140244,66.233044
60.146354,8.038897,71.713462
47.585291,8.661637,78.642771
42.401318,11.068216,83.754688
35.935455,12.995722,86.552065
29.823949,14.795432,94.749522
26.394228,16.855296,104.671029
23.138837,18.087728,116.244522
23.406883,22.856919,129.450752
20.144573,25.692373,136.752857
19.816113,31.180696,145.665229
20.477944,36.552205,156.190648
21.468443,47.439870,167.763992
22.879757,56.663913,181.191254
22.645650,69.264679,194.975870
21.061800,81.028793,209.821642
23.330041,91.891054,222.274778
22.736152,94.995972,228.394880
23.058349,99.408070,235.611623
23.379791,107.600191,241.828270
24.221363,110.537160,244.532249
24.838941,115.025883,248.205870
244.849245,11.070511,2.563171
242.714400,10.972851,2.665569
236.102265,10.394750,3.630567
230.788097,9.543252,4.146419
224.129522,9.559111,5.188691
209.234322,10.130923,8.489420
200.230304,8.911975,9.632637
188.141720,7.934987,12.367527
174.537790,7.257389,17.249899
158.262574,7.222176,21.699308
142.252748,7.276006,23.332260
127.851795,6.310046,24.599113
111.413889,6.628780,30.914951
97.241213,7.194705,34.157806
89.738412,7.101692,37.555942
81.686640,7.128261,41.293561
74.787834,6.270657,45.289990
66.193319,6.226899,49.183383
60.704408,6.747527,55.977809
52.403544,7.240494,62.170097
38.829497,11.292180,70.382571
35.434541,11.508438,74.689253
31.075579,13.069442,80.279005
26.416583,14.764321,87.181526
24.065592,18.690430,96.821782
21.073777,21.214738,103.242668
20.132081,24.767755,119.953822
18.543553,30.499196,130.366399
19.257274,34.709831,139.501124
21.685967,43.282746,152.978197
21.237962,52.240335,164.790295
22.542622,65.318345,178.350259
23.602618,74.835244,191.864065
22.194479,91.183808,207.219393
24.959288,99.365695,217.856807
24.573077,103.706869,229.032972
26.563557,114.817632,237.780768
28.750603,121.428219,241.871839
28.656406,123.244166,243.683648
30.751550,127.894554,247.748202
244.024885,15.530980,2.817397
240.547200,15.382445,3.020302
234.333405,14.178247,2.980636
229.527671,13.401920,3.513359
219.633877,13.462377,4.831459
205.121547,12.011199,7.067964
194.704246,11.288986,8.964562
184.481025,11.402865,9.626259
167.127485,10.328938,14.807963
155.071874,8.573944,17.863872
136.583091,7.318219,20.755031
121.334289,6.627705,20.955705
105.904028,6.899048,23.738577
91.230954,6.605123,27.280116
82.705529,7.177743,30.427246
75.038590,7.090000,35.058808
68.699569,7.423835,39.024896
61.075366,6.547705,43.498694
52.607285,7.358760,47.088375
44.397213,8.077837,51.525002
35.926990,10.830049,63.940644
29.533883,11.818624,68.091970
26.169957,13.799416,72.962755
22.289123,17.779505,80.242160
20.466946,20.865039,87.845224
19.158221,24.640280,96.917543
16.682184,29.529618,104.573804
18.366023,35.806387,118.569725
19.540460,40.101587,132.844389
22.360413,50.570591,146.375049
23.035626,63.440441,162.239311
23.652268,73.721516,174.509273
25.188837,90.145983,188.664048
25.493267,103.933325,207.400820
26.808910,107.104901,213.309757
29.078324,120.358527,226.457606
32.139190,133.382250,238.972502
32.064902,133.574055,242.535870
32.134267,134.236647,243.603078
32.690619,137.332952,246.541469
242.028279,19.355408,2.767225
238.366960,19.169472,3.151247
231.473132,17.745284,2.897448
225.515404,17.963701,3.317775
218.400391,16.970291,4.618819
203.761457,13.920538,5.535920
190.604469,12.996074,7.332098
177.774545,13.430329,8.675820
166.470133,13.615025,9.818652
148.275738,11.490495,12.533860
129.575727,8.816362,15.805482
116.445141,7.913064,18.671657
99.599484,8.115748,19.687841
86.860909,7.685648,21.848775
79.058054,7.006555,26.469600
71.103823,7.648346,28.564796
62.278521,7.864182,29.912807
49.684785,8.411590,32.605721
44.206292,9.824204,37.349858
37.105292,9.621298,42.936221
29.315350,11.078198,51.467317
24.636043,13.845814,60.666476
21.237912,16.014789,68.660068
20.042099,19.615159,74.299411
19.902754,23.355291,84.093307
16.835423,28.771009,92.251015
16.761921,34.351203,97.533771
16.857945,41.865656,110.407735
20.808345,53.619519,127.086806
22.994687,64.945078,141.902575
23.470748,74.043674,155.555745
22.648979,86.561545,166.941359
25.641198,100.631205,185.081618
27.071172,110.641765,202.156139
29.882414,124.051328,216.401292
32.661959,132.841055,226.508479
34.150907,138.724840,235.036384
36.120831,144.575456,240.723774
37.254803,147.238649,243.840418
37.876844,146.510921,245.160076
240.008140,25.683954,3.100632
236.472843,24.905124,3.190622
228.304156,23.934249,3.163250
225.150669,23.593688,3.051613
217.712205,23.821540,3.867226
200.250891,20.164091,5.529275
188.350144,18.937763,6.456183
173.077548,18.292938,8.045969
166.260547,18.026978,8.934034
145.009959,14.858487,9.790054
124.877302,12.227842,10.688198
106.296701,10.625420,12.412407
89.205756,9.480634,13.897654
81.963023,8.771235,16.696827
69.652782,9.598086,17.891186
61.688041,9.297326,20.953678
52.789080,9.366501,23.194082
45.419400,10.242024,26.536115
38.269005,11.300683,29.724056
28.882064,12.105334,36.429049
25.059641,13.435244,42.587437
21.588369,15.837516,54.203964
19.378252,18.759305,60.937454
17.340412,25.372193,69.788192
15.531568,26.679650,74.600900
15.604382,32.867550,86.255151
14.720386,39.412062,94.266543
18.128001,50.524025,105.469109
22.397420,61.733519,121.774939
22.220053,72.980788,133.689111
25.372024,87.243143,151.471118
24.513317,94.921647,162.258333
28.768691,111.687211,183.293907
28.865799,122.025106,196.621341
32.146322,132.429749,214.069220
37.655380,144.107913,226.480892
38.821313,151.936335,234.840571
37.211599,154.840158,237.966688
37.270883,156.469274,241.614197
37.404026,158.612925,244.454722
240.293738,32.802179,4.413887
236.602397,33.051030,4.602607
228.133726,31.629919,4.177769
222.626380,30.623524,3.540318
216.012822,30.423529,4.038617
199.018737,27.996412,4.627231
186.922391,26.170436,5.317989
173.234230,22.371857,7.776996
160.876732,22.221441,8.687696
139.116339,19.380063,9.586841
121.133359,17.895575,9.924087
105.384435,15.326859,10.132206
84.454097,11.311106,10.747018
73.753548,11.233155,11.795399
63.397137,12.227749,12.638942
56.287126,13.309127,13.789193
48.059509,12.653024,16.787105
37.660359,13.360445,20.706236
31.101464,13.415083,23.650248
25.728889,15.880004,27.849467
20.908865,18.672274,37.663399
19.161571,22.142871,43.970409
15.562252,24.823190,53.981290
14.755456,28.873043,61.818646
13.318667,30.720285,70.227140
13.985708,39.714521,80.653907
17.298436,51.630138,94.829793
20.785195,59.429682,104.223262
23.683068,72.462528,118.281298
24.110540,82.244907,128.296002
25.015249,91.414343,143.845554
27.377757,100.777469,158.544141
28.500393,117.199461,177.069838
36.489615,133.881901,195.397068
38.037021,145.808636,209.786330
37.964949,155.499673,224.679615
37.638731,160.620839,233.037977
37.503465,165.631379,237.558009
37.288575,168.207902,240.480955
36.859698,169.338651,242.831770
237.732172,41.202693,4.947909
235.310700,40.656535,4.934507
226.911027,38.038487,4.450232
221.946125,36.167213,4.320390
212.058193,37.024410,4.636862
198.856625,34.042570,5.156738
185.141297,30.456243,5.362446
172.684955,29.390552,6.050056
157.401243,27.415738,7.714019
137.771116,24.987861,7.325293
117.608787,22.601698,8.015012
100.825946,19.698312,8.738283
87.281499,18.065872,8.622900
71.309167,15.080325,9.281303
60.331847,15.447018,10.515715
53.071234,15.028762,11.629128
44.655927,15.841873,12.524110
31.686306,17.038353,14.737009
25.434286,16.587519,16.306536
22.023094,20.416756,23.065556
19.153759,24.111696,30.557554
17.455788,26.335341,39.517131
14.664086,29.222440,47.629960
13.445722,31.790881,56.147382
13.800948,38.641125,65.929236
14.028318,49.744935,80.504878
16.292886,57.753421,91.412707
20.733393,67.870522,105.181478
22.638868,78.586614,115.881078
24.977320,89.248660,127.120983
26.542156,97.999175,140.398238
29.900842,115.856066,159.036458
36.375670,131.769632,173.939034
40.518307,143.862925,191.971954
38.984265,158.115600,208.994927
39.555513,165.005297,218.142280
40.765343,171.386237,231.651074
40.473464,177.537750,237.671075
40.313199,178.934927,240.987080
39.399970,179.886852,242.591339
236.313497,47.949591,5.240880
232.733175,46.929264,5.738003
227.197973,45.363714,5.529869
216.909251,43.685096,5.097214
211.798752,44.842888,5.221074
200.000754,43.863127,5.124804
184.328142,42.160039,5.382580
171.895786,37.848211,6.492385
154.330259,34.846810,6.394382
133.802685,33.534556,6.866444
116.112051,29.409044,8.004464
100.568654,25.232894,7.574729
84.556059,24.682605,7.755162
69.861328,22.226019,8.989282
58.349469,20.430675,9.920769
48.610795,20.862822,9.655195
40.381379,22.127413,10.872214
33.599487,22.317827,12.222916
25.085649,24.937386,15.271347
21.837915,25.538170,18.640795
17.800858,31.704912,27.280159
15.310787,34.860193,33.241038
13.208647,36.596264,40.502568
13.623488,40.848645,49.619648
14.272046,48.316891,61.801666
14.261442,59.524327,75.660588
18.827296,68.449153,86.277437
22.516694,80.063216,101.470942
24.907245,90.187023,112.080582
27.469890,101.204442,124.381729
28.713940,106.639375,132.074328
33.332528,128.156368,155.711749
37.808959,139.750310,168.900827
42.992280,156.349412,187.974155
42.225126,163.260273,202.111921
42.231464,172.702196,217.695536
43.788277,183.271335,227.889550
45.172227,186.312823,234.660788
46.105774,188.945656,239.984516
44.031921,190.200877,241.645835
235.519767,55.424971,6.099806
231.944181,53.935889,6.138539
227.733210,54.250031,6.040655
216.496243,52.710516,5.930301
208.576210,50.243361,5.611138
199.107720,51.058481,5.849903
185.584561,48.960880,6.292951
170.369514,48.340379,6.392750
152.546165,45.853018,7.736666
133.410584,40.443934,6.663124
116.987097,38.317713,8.336401
101.951058,35.152173,8.190937
81.973208,30.559182,7.301578
72.917668,28.513754,7.824590
56.575467,27.494907,8.966138
44.637884,26.035295,9.576308
37.817705,28.102355,10.124761
32.504965,29.821245,11.866344
24.027417,33.022591,13.846237
19.850692,34.751949,17.348429
16.735817,39.385705,22.888742
14.795497,40.936112,28.632023
14.690079,46.607413,35.994318
13.170872,54.511491,44.454687
13.788318,62.095674,52.307505
15.154971,72.522465,68.392969
18.232587,80.028016,81.009420
24.223344,93.638958,95.669919
26.651189,100.013800,110.900584
27.337635,106.769677,118.198218
29.668093,119.771766,130.183823
32.784620,136.243076,145.858624
41.236804,150.679431,168.559417
44.645879,163.840806,186.740658
46.602012,172.510077,198.512952
44.631109,182.421834,214.925607
45.432132,188.992121,224.691674
44.521832,193.289045,232.722265
46.932938,195.112372,238.385945
45.228440,196.500174,241.023481
235.722192,69.888981,7.417786
232.967412,68.753522,7.148368
226.944332,64.581378,7.120760
219.985984,64.011011,7.605390
208.997211,58.427569,7.419569
195.929613,56.737682,6.427205
181.931323,57.141174,6.102029
165.769908,58.455518,7.644876
151.924676,55.670668,8.145434
138.342638,52.386324,8.497762
121.558137,47.743025,7.617933
104.310127,44.897891,7.769314
85.380917,41.253396,8.216516
70.329966,36.603159,8.568033
59.020401,36.700661,9.064896
43.843818,36.679033,9.568194
35.712946,36.384260,9.755718
28.839751,40.553665,10.118685
24.431911,42.916084,12.783836
19.907492,43.706482,15.227851
15.274296,47.061220,20.109053
13.517633,54.616492,26.826523
12.988578,60.755830,31.973808
13.166450,66.164301,40.731836
14.137138,74.404137,52.401914
15.543094,83.543749,64.734886
20.621282,91.602468,78.469626
24.012123,102.773668,95.382702
26.543447,109.702912,107.025671
28.205306,114.990073,114.090928
31.930489,132.303350,129.458993
35.651508,149.860455,146.623007
40.471522,158.754261,160.329006
46.305467,170.645279,179.447512
47.932005,178.120343,194.465550
46.476120,186.559469,209.102856
47.458157,193.243937,221.177338
47.633392,199.279333,230.271640
46.473339,202.204648,234.644003
45.282399,205.039140,239.603350
236.976509,78.784196,7.817795
233.523737,77.546470,8.141475
229.080022,77.073841,8.392004
219.592341,76.516363,8.900253
208.429029,71.863094,8.150868
196.028007,68.897584,7.137109
179.129282,64.511398,7.640717
168.217032,63.564597,7.984144
153.292726,62.019427,7.931244
140.707612,58.295097,8.866730
122.446553,55.234311,7.391118
101.421436,53.014852,6.899975
87.880065,50.652202,7.394930
71.396075,46.817083,8.462757
57.491150,47.589502,8.680799
43.748167,47.333196,8.690847
35.497778,47.300862,9.775384
28.226382,47.379112,10.235629
22.181393,49.808152,12.318942
18.440505,53.121932,15.254418
13.889406,61.087271,18.650823
12.032926,67.459848,23.893886
11.888955,71.274508,28.375864
11.997238,74.998749,34.424744
13.555209,79.567641,48.334535
15.210682,88.131002,61.456296
19.721505,100.204383,74.571316
24.038992,111.765131,91.444496
25.445057,117.701243,98.686675
31.072904,128.302586,114.026531
33.795346,145.714679,128.294711
36.166132,154.790716,142.639074
40.827171,165.478148,154.309226
45.188695,177.746914,174.426518
49.504312,184.543498,189.716176
48.803061,192.870232,201.955515
52.239764,202.325924,214.972260
48.383403,207.725681,224.907912
48.183663,213.353341,230.023357
46.141185,217.888563,236.791031
237.824457,93.074357,11.482947
234.503133,92.987128,11.598075
230.214053,89.906881,11.398876
221.083660,87.131216,10.232437
207.933616,82.511364,9.182097
196.027379,81.318575,9.190867
182.691637,77.762234,8.744039
167.685749,75.594054,9.377638
157.379860,73.914160,8.449621
142.085953,72.004212,8.293323
123.215074,69.285072,6.761100
103.351775,65.417183,6.925561
90.247203,58.890773,7.459386
70.519221,58.265695,7.635680
57.733704,57.813773,8.147376
42.953380,58.151819,8.073834
34.224982,59.130266,8.256330
26.485017,64.786808,9.143353
19.714781,67.223371,10.473066
16.200694,71.612002,13.972525
13.239270,78.480674,17.943658
11.300391,79.036490,23.260025
10.192112,80.488836,26.328841
10.822009,83.767707,30.076369
11.758511,91.824818,43.912655
13.330299,96.985119,57.866404
18.745667,105.383787,72.661861
23.743739,118.209813,86.906024
26.352751,126.651424,99.293705
29.357563,137.328511,109.802208
33.153072,150.119778,126.943677
38.011065,162.633743,141.221784
40.649126,169.124788,153.267388
42.597417,179.202318,169.771222
48.590733,189.344256,184.603431
47.524686,200.042366,196.220596
47.879853,209.321034,210.918874
49.096098,214.421639,219.327407
50.567786,219.006362,224.949499
53.354452,222.098124,232.193287
237.673333,104.091773,11.349110
234.168888,103.211748,12.399409
230.664066,101.886608,12.401384
224.061871,99.296715,12.571782
209.224137,98.148489,12.279184
197.838933,93.918498,13.589861
182.954392,91.288316,10.925112
169.014429,88.591096,10.600119
156.936971,83.759800,8.962926
142.227891,83.182294,8.360502
124.610989,81.564024,8.083388
109.801228,76.535378,6.986074
91.529451,72.045850,7.190601
74.867156,69.739764,7.459898
57.537938,73.174811,7.784521
45.000198,75.612600,7.442026
32.422716,78.675103,6.969815
23.992041,78.663465,9.176655
18.296298,82.629595,9.170225
13.837939,86.485010,13.974831
12.041922,90.183761,16.015822
10.340822,93.552651,20.082766
9.706158,93.985763,23.521275
9.461126,97.633467,30.182499
11.586014,101.692514,39.878934
12.573829,105.830770,54.209957
16.835741,113.277923,65.222539
22.021579,128.216182,81.449387
26.781518,138.861414,94.405310
29.888468,147.242736,106.723274
31.438787,159.385303,122.140072
35.637605,168.193494,136.506515
39.910210,175.861503,148.668115
41.122763,185.338346,163.693934
43.545202,194.618076,176.179688
45.322865,205.970299,194.419489
46.879930,211.191563,203.667398
48.053768,217.707480,212.933716
49.761147,223.097733,221.215338
50.401651,223.988244,223.099875
239.236875,120.383381,15.148265
235.953787,119.815628,15.938784
233.009782,117.701463,15.026771
224.598099,115.919444,13.761233
214.256180,113.488228,12.633824
199.208099,109.384481,15.322980
184.812553,107.164940,14.705915
172.758959,103.114247,11.788066
156.617117,98.512273,11.244319
144.795797,98.088362,11.414629
129.892794,95.628880,8.803235
114.901649,92.873367,8.852018
96.378767,91.438102,9.097487
74.788729,87.254179,7.868092
56.352231,91.057835,6.901880
43.805896,92.687406,7.582304
34.009451,92.283629,6.532882
24.884507,93.515072,8.104431
17.532693,94.289953,8.203055
13.715265,98.280791,10.605347
11.885365,102.771386,15.436277
10.714404,105.895458,17.853933
8.336775,107.995054,21.094830
8.999621,111.519993,26.370165
11.195063,115.193313,35.016311
11.294647,120.494526,48.148835
17.454661,128.456953,63.363521
21.641789,140.720788,78.438666
24.945903,148.083244,91.865559
27.992851,160.545527,103.871883
30.784525,166.172957,113.246397
35.659477,176.512083,129.840975
37.619085,181.575659,139.754113
40.428610,191.086622,157.601757
43.426707,198.824179,169.691893
45.275857,208.508385,184.708000
44.042476,215.075827,195.288974
45.045222,221.492695,205.986856
46.580902,226.712757,212.336679
44.547050,227.665967,214.273161
239.182170,132.410854,15.075314
236.193387,132.073577,15.931138
233.821638,129.356393,16.119125
225.274210,129.376221,17.242035
213.333363,125.373311,17.377527
200.688093,126.650614,18.096561
190.176628,123.627601,17.310699
176.237289,116.634995,16.476754
160.629810,113.500234,14.916054
148.446461,113.341346,13.719114
132.252803,106.584483,9.336487
117.758445,107.372497,9.463895
99.087654,107.341443,9.020246
77.077053,108.226367,7.532095
58.471503,108.379754,6.846274
46.778068,109.053568,6.357100
35.822108,107.219497,5.578080
25.162846,111.803291,6.621750
19.383718,109.485747,7.746869
13.605449,113.321683,9.672897
12.233388,115.645859,13.215467
9.657841,118.277073,16.280860
8.002354,123.871158,19.521577
7.795727,128.146551,22.364134
9.830764,132.065056,28.971749
12.213581,141.668002,40.223867
12.428042,143.815796,51.201753
19.373409,152.689531,69.735759
22.696204,159.481544,86.158399
27.491904,166.202670,100.953602
30.514340,171.361118,112.137947
33.979980,182.896097,124.579544
34.437972,188.524823,133.860316
38.938204,193.788212,146.663717
40.283824,201.486392,160.718952
40.475001,208.679680,173.430208
40.694132,218.782800,187.246401
40.411620,226.368085,197.403957
41.700617,230.435465,202.490499
41.465827,229.979631,205.870270
239.628696,143.298639,18.410224
236.412443,143.988896,20.382641
233.680275,143.157734,21.045361
226.248915,145.675145,19.424671
215.328582,144.403809,19.623836
201.283840,138.697562,20.205935
192.018829,134.690459,19.429341
181.873106,133.577308,18.790376
168.573681,128.515962,16.882627
149.987816,121.957022,14.056104
132.374816,124.919898,12.446629
114.974711,120.257671,10.249613
97.893217,120.052905,8.399105
74.822441,120.507439,7.923528
62.853254,120.785601,6.900900
48.822785,121.649791,6.326813
37.659538,123.129747,5.303828
29.087873,122.588852,5.730553
19.510818,120.817949,7.431945
14.268966,127.279305,8.536602
11.278106,132.554636,10.578703
10.391830,136.020079,15.086456
7.610328,139.824881,17.757002
7.283828,145.082308,19.873509
8.893460,149.966511,25.447067
10.716913,152.513845,34.876197
11.525742,162.590318,46.413982
14.347560,161.561324,55.376676
19.843458,167.722733,79.236024
25.249586,175.902315,91.723593
28.412446,180.906676,106.465585
32.586493,188.358956,117.159887
31.997976,193.090020,127.973148
33.433083,199.729025,141.461272
35.833512,202.026942,150.755274
35.659817,213.340584,166.973341
38.085273,223.593180,180.145208
40.606012,227.541788,188.658608
42.304563,229.347922,195.533817
44.220222,230.746662,197.000799
239.135095,159.015089,22.545299
236.519356,158.886978,23.537374
233.540914,158.597706,24.272504
227.501417,158.694321,22.951388
215.253818,155.721762,24.488954
204.734905,149.223034,24.061345
194.690381,147.026160,21.614585
182.222282,141.031882,20.300524
171.783845,140.399853,19.056823
152.746859,140.109230,14.646031
135.949556,137.805222,13.683788
121.264981,136.483778,12.865146
103.004480,135.201671,10.355837
77.407731,132.582070,8.582941
60.695849,134.535396,6.731790
49.581213,138.170868,6.522465
39.276042,140.789824,5.185008
31.305812,143.568339,5.371483
20.424018,143.749915,6.313132
13.196965,145.905034,7.823270
11.601823,149.652869,9.234133
10.353181,152.546466,13.163543
7.484677,153.212922,16.454722
7.217288,155.712134,18.169242
8.298458,160.665959,22.205046
9.743433,167.160320,29.033839
9.368661,175.448286,38.114891
11.213313,174.766432,47.323245
14.740544,178.877221,66.569636
21.148486,186.084594,80.929598
26.023226,188.486963,96.426975
29.118373,192.624319,111.424107
28.891191,197.014225,118.725561
31.473673,203.731805,133.797926
32.359782,209.483931,143.370358
34.185682,217.173495,157.229627
36.579390,224.537301,171.905034
38.510957,228.285084,177.174541
42.444446,231.773440,186.385439
43.708257,232.005309,189.584932
239.826110,167.902772,24.378246
235.858935,167.443717,27.587201
232.144472,167.013527,28.067253
224.624911,166.356734,26.748882
219.823827,165.759200,27.967376
208.262477,165.892144,27.379867
193.701739,161.845335,27.277744
185.285676,156.579431,22.905990
169.329492,155.948788,21.620910
154.138572,152.761812,17.941274
137.237945,151.114843,16.269838
125.245430,152.030650,14.714954
101.139699,149.628870,11.604924
80.349538,152.507794,9.230425
63.428828,150.395347,8.541058
51.459887,148.323976,6.320434
39.657507,151.853944,4.694383
31.150548,153.833151,5.041043
20.729740,156.634128,4.919865
15.510283,159.577616,6.445391
11.807870,161.017792,8.635294
9.646802,163.059053,10.968614
7.583502,168.460926,13.008270
7.956321,169.534118,16.801121
7.656153,172.272767,19.543222
7.466056,179.841014,25.015360
8.850604,184.069905,31.353741
9.323455,183.842497,40.562592
10.204793,186.457580,55.946031
16.064679,192.363048,70.065352
20.100157,195.426760,82.940717
25.334501,200.422343,103.445349
27.398169,203.160991,113.499520
27.349180,210.471952,122.780639
29.354674,217.271652,137.017169
29.574802,222.226214,145.972425
32.284954,226.794100,157.036360
35.991826,231.335462,164.262112
37.979824,233.247062,170.226437
39.615546,233.496985,173.721620
239.021080,178.542389,31.608677
235.965096,177.847991,34.922883
231.042058,178.595238,32.660704
224.608591,178.069630,30.152139
219.201703,176.116358,32.095876
207.522805,174.549168,30.739336
198.899593,172.610730,28.485086
185.838308,171.035471,26.183373
173.131404,170.073665,22.788063
160.772118,168.356878,20.480110
142.528302,167.194099,18.029835
124.241295,168.493113,17.022970
103.258755,169.950816,13.708902
85.198416,172.938268,10.824385
67.453434,166.093775,8.176078
54.772392,164.884586,7.708051
39.543797,166.103825,4.630927
30.611076,164.558249,4.532933
21.859136,168.796266,3.878566
14.931130,168.503605,5.715359
11.236597,174.745089,6.569733
8.877880,175.734576,8.248367
7.557388,176.660739,10.191919
6.790436,180.064174,13.966424
7.515225,183.258869,17.962966
7.211964,189.642206,23.673220
7.140093,190.425172,27.818344
8.721237,193.500314,36.127171
9.644306,197.022191,44.306588
13.450450,198.036099,60.139941
19.344182,205.450463,75.024179
19.641341,206.162638,89.381145
26.387032,210.883381,104.800395
27.402837,214.255734,117.034895
26.241638,221.472143,127.940392
29.201985,227.918894,141.076950
30.444528,232.489872,147.941353
32.797395,234.716499,156.753202
32.183433,236.437190,160.046543
34.434590,238.055027,165.845095
240.543939,192.470130,36.590823
237.505462,191.298467,36.411913
231.678719,190.200638,37.946164
226.587332,187.797498,38.352549
218.253508,187.840886,37.766053
207.997998,186.348541,34.612864
195.563637,184.494865,34.139443
186.793886,185.572047,30.400076
172.616840,184.063759,27.357729
159.470748,182.420764,23.207289
144.340614,181.170999,20.821119
121.706690,183.406541,17.717375
103.085641,185.488717,15.136951
85.481930,183.275119,13.294564
72.734062,183.533532,8.831747
57.854133,180.679808,6.458308
46.593176,178.228011,6.281671
32.429513,176.994570,4.503178
23.700853,181.522454,3.833705
16.771828,183.506817,3.762591
12.530283,185.103698,5.941574
9.582656,185.008288,6.463268
6.957809,186.672742,7.880823
7.378695,191.951637,11.521954
6.743639,198.034885,15.150645
7.037199,199.241659,17.962312
6.643059,198.650216,25.381827
7.798804,200.242369,32.366674
8.591113,207.063699,39.543577
11.289512,209.542050,50.782053
12.191780,212.919409,65.115183
17.240443,214.881975,80.861139
17.247285,220.419302,91.491062
22.907448,222.076335,107.955215
26.934299,226.268359,122.216916
28.559414,230.303855,132.419155
29.372308,232.515086,139.543747
29.834544,235.820258,146.015283
30.056992,237.316484,149.373863
33.053525,240.098111,154.925320
240.694981,199.474205,42.548841
237.785775,198.662301,41.718068
233.585843,200.464958,41.945076
227.211017,199.377133,43.392586
217.137916,199.558790,42.063060
208.608476,197.233244,40.430535
198.319555,196.800089,35.978121
184.414649,195.883296,33.496147
175.885469,197.074051,29.150495
161.514646,195.423882,25.429564
143.482812,198.152044,20.844586
123.725776,198.095844,19.821018
108.144086,198.788837,17.717935
91.138765,195.641894,13.947268
74.567314,192.874909,10.320935
59.804647,192.652568,8.793532
47.646288,192.311927,7.727965
36.369690,194.548604,4.159744
24.038821,191.019244,3.612477
17.430995,192.576538,3.488721
13.289151,194.344493,4.124819
9.633548,198.517967,5.137190
7.024394,203.472054,5.744956
5.585101,209.754307,8.187428
5.170960,213.122859,11.202250
5.087640,213.524337,12.623376
4.872669,211.144354,20.166749
5.864109,213.088577,27.233836
6.381520,216.115520,35.795671
8.299341,221.539424,45.672853
8.320982,220.718783,55.116265
9.727393,222.799074,67.366689
16.109065,224.183775,84.137124
18.869348,227.346437,99.574616
23.093546,231.204638,110.698741
25.023192,234.402394,122.452871
27.761918,235.690381,133.332513
28.227485,238.291434,138.379027
27.849460,239.690296,141.461937
28.721004,241.194786,146.044151
239.795114,208.170558,43.401665
236.080399,208.147888,43.913632
231.652336,208.687144,44.255633
224.850745,210.660645,45.699995
217.760190,211.524149,43.735959
211.606828,210.810299,43.246350
199.726987,209.094797,39.239567
184.246696,207.837480,33.042475
172.923199,208.963966,28.842101
161.634832,209.244570,25.354037
140.726522,209.173008,21.224763
129.021589,210.299897,20.391443
108.758169,205.069378,18.277782
94.847263,206.334824,14.053850
78.451713,205.954585,11.103031
65.234664,206.237769,9.549564
50.106242,205.622243,6.395967
36.717223,207.018769,5.964126
29.624258,206.052855,4.444060
20.435193,205.016967,3.612944
14.094995,208.573461,3.739801
8.979649,214.436023,3.989955
6.250079,218.126932,4.345491
5.351963,220.950068,5.615808
4.007947,222.518041,8.242548
4.042540,224.843481,9.470605
3.758559,226.687335,13.868501
4.514259,226.468587,22.654619
4.750127,226.123553,29.689399
7.503246,226.759123,40.570696
7.867398,226.703745,49.074851
8.935582,228.149195,59.199300
10.792905,229.445977,75.031558
15.804507,233.751037,89.595779
19.218230,235.249103,103.567040
19.818360,237.143692,113.183975
23.109315,240.000583,121.651817
24.584520,240.467007,130.202369
25.107834,241.721496,133.557867
26.550546,242.913180,139.689329
239.009723,217.762087,42.416054
236.271515,218.230654,43.204680
228.999097,217.575251,44.419925
223.114864,217.270017,42.388474
218.085617,218.632745,42.981582
208.771626,219.553890,42.799351
200.258641,218.384453,42.478122
186.911967,215.864920,35.853380
172.510591,215.949411,30.481643
161.032503,216.334269,26.402802
142.087476,215.949364,21.778064
132.213852,213.417445,20.149026
114.123719,214.917433,18.504643
91.990994,218.883282,12.794019
79.144764,217.208215,10.506270
66.551992,217.423013,8.481956
50.645837,217.885963,6.104710
39.174118,217.160666,5.934046
33.262462,217.313855,5.086624
22.844040,217.940297,3.492951
12.796285,221.974741,3.252747
9.160487,223.420813,2.946022
6.496638,226.975805,3.215912
5.001216,228.358485,4.809809
3.697967,230.046251,6.067761
3.650826,232.703685,8.104540
3.659244,235.565596,11.486909
3.324277,236.213157,16.841622
3.142295,235.910680,22.742267
5.523111,233.447711,32.380662
7.301826,234.386818,42.432263
8.437752,236.165683,51.014792
9.071518,239.400002,63.664135
11.358659,238.565824,76.644371
12.208839,239.331706,90.806202
16.831523,240.159875,106.164643
17.736803,240.319591,112.403416
20.608642,241.330782,123.147829
21.737008,242.647061,130.409449
22.628772,244.391860,134.631419
239.481621,225.674162,42.795818
236.834792,225.341521,43.550136
228.661370,224.641158,44.835721
223.767218,224.235195,41.612549
217.762041,223.814049,43.059357
210.408490,223.488709,41.557443
199.709643,223.726016,41.786850
185.411250,224.024625,38.656929
170.802337,222.781502,32.059063
158.017493,222.188104,26.663597
144.245987,223.184137,21.075594
131.898394,223.206228,18.403784
113.102084,224.370668,15.292219
94.250772,227.259300,12.441752
82.120306,226.159081,12.449399
66.217984,225.703899,8.577819
51.839334,225.712045,6.927487
43.127686,223.416563,5.958999
33.505399,224.485647,5.336899
22.590549,229.341025,3.716342
14.580427,230.012718,2.771369
9.522238,231.188925,3.069361
6.326686,233.489744,2.830547
4.987082,234.770911,4.187960
4.148756,237.994389,5.258521
3.611667,240.045655,7.236429
3.688222,242.402313,9.359465
3.207281,242.846158,13.648820
3.153057,243.089558,18.832713
4.704146,242.738944,27.596909
6.470681,241.970446,35.612486
7.465021,241.751162,45.738128
9.315983,242.296632,56.813038
10.208138,242.673279,70.518171
10.618904,243.090484,83.752793
11.280048,241.191486,92.798988
13.501208,241.655045,101.343184
14.799536,242.823892,108.674729
15.846551,244.375717,119.404167
16.001782,244.661332,124.436698
240.077280,232.482745,40.152154
235.499694,231.684854,44.971120
228.558428,230.387074,45.326781
223.610949,230.090553,46.033652
216.477561,229.017381,40.853818
208.696209,228.798442,41.541344
199.670345,230.156077,41.417296
186.660617,229.545146,41.771713
171.126471,227.922744,33.424104
157.210383,230.181791,27.589993
147.066337,230.110587,21.549070
129.563320,229.946380,18.287881
114.004129,230.471081,16.989298
92.464972,232.516094,13.274203
83.330122,232.681786,11.379410
67.354616,233.185359,9.743574
56.524693,232.850953,7.998111
46.250514,232.319482,6.082236
32.309155,233.301756,5.547641
22.513066,237.662046,4.154767
15.677684,238.966100,3.165523
10.587641,240.350951,2.687659
6.783725,241.196196,2.639526
4.950852,242.459458,3.321954
4.125030,244.825105,4.729995
3.365336,246.132988,6.904326
3.389015,246.628370,8.694458
3.385317,247.738262,11.552232
2.877077,247.415807,17.097062
4.185637,246.505743,23.389328
5.812464,245.107955,32.686253
7.112686,244.160959,40.949429
8.317668,244.950229,52.181893
9.433440,244.972630,61.319222
9.500613,244.407475,75.160357
10.086907,243.532190,84.557807
11.633063,243.756585,94.858325
12.265165,244.048969,104.256976
13.281012,245.392485,112.201033
14.274405,245.664502,118.204052
238.564276,234.775323,45.327726
235.681640,235.114814,46.681392
229.782064,234.683949,49.332405
224.266260,234.300863,46.728022
216.577755,235.362430,43.825388
209.721688,234.586342,40.647855
198.026448,234.882700,38.873706
187.999534,233.868862,40.481945
172.724549,233.398652,33.731407
155.374953,234.503033,27.228187
145.607892,235.163045,22.356917
129.154988,235.888566,18.860550
112.844350,237.080981,16.851875
93.481948,239.350954,14.041266
83.940253,238.143686,12.514755
66.458998,237.501179,10.174976
56.881292,238.911088,8.779857
45.060099,240.207631,6.480048
30.976780,242.254835,5.592222
23.653963,242.852600,4.266730
16.993427,243.266846,2.887915
10.582233,244.625265,2.538888
6.950669,245.638648,2.593942
4.952069,247.370137,3.064194
3.757490,249.727313,4.548860
3.286744,249.557056,5.685422
3.408448,249.990124,7.805040
3.441847,249.935200,11.036083
3.539577,249.521388,14.943166
3.411649,248.570402,21.027756
4.754627,247.139644,27.999591
6.697129,245.470092,37.334371
7.500758,245.369129,49.281763
8.720753,246.008786,60.813573
9.404653,244.611904,69.885977
9.289564,244.027912,78.893135
9.853086,244.199909,88.144105
10.557363,245.926433,97.445624
11.648955,247.148645,102.498759
12.322354,246.818966,108.154892
236.385735,238.485525,48.876444
233.563846,239.089795,50.049239
227.168752,239.033613,53.018505
224.383519,238.251618,46.673087
216.484094,238.148893,42.424556
209.792729,237.713816,39.731008
199.274179,238.308524,39.401452
188.438848,237.811585,38.398845
172.331961,238.888318,33.031688
155.495896,239.265288,27.281044
143.657669,240.066414,21.308600
128.055010,239.530685,19.468881
112.302404,240.579595,17.404417
91.924126,242.222090,15.457079
82.902800,242.627259,13.063607
64.933244,242.180781,10.724451
56.611872,243.247575,8.993942
45.107481,244.441016,6.694931
31.263131,246.157712,5.739553
24.399429,246.734641,4.368664
18.507666,248.132195,3.295325
10.668219,248.283076,2.533337
6.743649,249.329750,2.710256
4.913440,250.816153,3.030279
2.791981,251.691091,3.261950
3.225054,251.099626,5.230810
3.329258,251.248787,7.404427
3.071537,250.668417,10.132142
3.156471,250.342778,13.788906
3.452563,249.283247,19.607382
3.884242,247.971071,26.407318
6.667866,246.440767,36.133178
7.344393,245.989054,48.696866
7.882700,246.381704,55.505442
9.136969,245.092518,68.243253
9.670534,243.912112,75.377874
9.925780,245.563579,82.160637
10.142594,246.497510,91.916825
10.434107,247.131834,98.580966
10.583110,246.451992,103.689111
